0.1	88.94083276402255
0.10023052380778996	88.8337955727239
0.10046157902783952	88.72674799176345
0.10069316688518042	88.61969004344647
0.10092528860766845	88.51262174310153
0.10115794542598985	88.40554309898177
0.10139113857366794	88.29845411216522
0.10162486928706957	88.19135477645419
0.1018591388054117	88.08424507827364
0.102093948370768	87.9771249965685
0.10232929922807542	87.86999450270034
0.10256519262514076	87.76285356034242
0.10280162981264736	87.6557021253744
0.10303861204416162	87.54854014577559
0.10327614057613975	87.44136756151744
0.10351421666793438	87.3341843044547
0.10375284158180126	87.22699029821592
0.10399201658290592	87.11978545809258
0.10423174293933042	87.01256969092731
0.10447202192208001	86.90534289500111
0.10471285480508996	86.7981049599193
0.10495424286523224	86.6908557664965
0.1051961873823223	86.58359518664061
0.1054386896391259	86.4763230832355
0.10568175092136585	86.36903931002271
0.10592537251772889	86.26174371148204
0.10616955571987247	86.15443612271088
0.10641430182243161	86.04711636930257
0.10665961212302578	85.93978426722354
0.1069054879222658	85.83243962268925
0.10715193052376065	85.72508223203897
0.10739894123412448	85.61771188160957
0.1076465213629835	85.51023074615426
0.10789467222298288	85.40264573694986
0.1081433951297938	85.29504645300067
0.10839269140212036	85.18743309326018
0.10864256236170655	85.07980585233956
0.10889300933334335	84.97216492043482
0.10914403364487565	84.86451048325311
0.10939563662720939	84.75684272193844
0.1096478196143185	84.64916181299658
0.10990058394325211	84.54146792821915
0.11015393095414151	84.43376123460699
0.11040786199020733	84.32604189429281
0.11066237839776664	84.21831006446295
0.11091748152624012	84.11056589727842
0.11117317272815914	84.00280953979512
0.11142945335917301	83.89504113388342
0.11168632477805612	83.78726081614661
0.11194378834671516	83.6794687178388
0.11220184543019636	83.5716649647819
0.11246049739669266	83.46384967728191
0.11271974561755105	83.35602297004412
0.11297959146727979	83.24818495208761
0.11324003632355571	83.14033572665909
0.11350108156723152	83.03247539114548
0.1137627285823431	82.92460403698604
0.11402497875611688	82.81672174958328
0.11428783347897718	82.70882860821327
0.11455129414455358	82.60092468593488
0.1148153621496883	82.49301004949831
0.11508003889444356	82.38508475925248
0.11534532578210924	82.27714886905167
0.11561122421920987	82.16920242616139
0.11587773561551262	82.06124547116293
0.11614486138403426	81.95327803785739
0.11641260294104915	81.84530015316844
0.11668096170609624	81.73731183704452
0.11694993910198712	81.62931310235956
0.11721953655481303	81.52130395481339
0.11748975549395298	81.41328439283049
0.11776059735208072	81.30525440745838
0.11803206356517298	81.19721398226454
0.11830415557251646	81.08916309323276
0.118576874816716	80.98110170865804
0.11885022274370183	80.87302978904096
0.11912420080273747	80.7649472869806
0.1193988104464273	80.65685414706672
0.11967405313072434	80.54875030577081
0.11994993031493788	80.44063569133607
0.12022644346174129	80.33251022366638
0.12050359403717974	80.22437381421413
0.120781383510678	80.11616976204874
0.12105981335504823	80.00790210530204
0.12133888504649772	79.89962283396179
0.12161860006463679	79.79133208777897
0.12189895989248664	79.68303000113592
0.12217996601648717	79.57471670296277
0.12246161992650487	79.46639231665331
0.12274392311584072	79.35805695997983
0.12302687708123815	79.24971074500723
0.1233104833228909	79.14135377800619
0.12359474334445104	79.0329861593656
0.1238796586530369	78.924607983504
0.1241652307592411	78.81621933878019
0.1244514611771385	78.70782030740298
0.12473835142429429	78.59941096534006
0.125025903021772	78.49099138222591
0.1253141174941416	78.38256162126888
0.1256029963694875	78.27412173915734
0.12589254117941673	78.1656717859649
0.12618275345906707	78.0572118050546
0.12647363474711512	77.94874183298242
0.12676518658578456	77.84026189939965
0.12705741052085415	77.73177202695429
0.12735030810166617	77.62327223119163
0.12764388088113438	77.51476252045384
0.12793813041575247	77.40624289577838
0.12823305826560213	77.29771335079577
0.12852866599436155	77.1891738716261
0.1288249551693134	77.0806244367746
0.12912192736135342	76.97206501702632
0.1294195841449986	76.86349557533971
0.12971792709839558	76.75491606673911
0.13001695780332903	76.64632643820624
0.13031667784522993	76.53772662857087
0.13061708881318415	76.42911656840006
0.1309181922999407	76.32049617988666
0.13121998990192033	76.21186537673657
0.13152248321922383	76.103224064055
0.1318256738556407	75.99457213823159
0.1321295634186575	75.88590948682452
0.13243415351946647	75.77723598844346
0.13273944577297395	75.66855151263134
0.1330454417978091	75.5598559197452
0.1333521432163324	75.45114906083569
0.13365955165464422	75.34243077752555
0.1339676687425935	75.23370090188695
0.1342764961137864	75.12495925631762
0.13458603540559483	75.01620565341582
0.13489628825916536	74.90743989585417
0.13520725631942773	74.79866177625226
0.1355189412351036	74.68978628979183
0.1358313446587154	74.58081941581057
0.136144468246595	74.47183896379757
0.13645831365889247	74.36284507918174
0.13677288255958492	74.25383790216544
0.13708817661648537	74.14481756764258
0.13740419750125152	74.03578420511577
0.13772094688939465	73.92673793861293
0.1380384264602885	73.8176788866027
0.1383566378971781	73.7086071619094
0.13867558288718884	73.59952287162669
0.13899526312133534	73.49042611703086
0.13931568029453031	73.38131699349297
0.13963683610559377	73.27219559039003
0.13995873225726183	73.16306199101572
0.14028137045619582	73.05391627248977
0.1406047524129914	72.94475850566668
0.14092887984218747	72.8355887550436
0.14125375446227545	72.72640707866707
0.14157937799570816	72.61721352803917
0.14190575216890922	72.50800814802243
0.142232878712282	72.398790976744
0.14256075936021884	72.28956204549887
0.1428893958511103	72.18032137865211
0.14321878992735435	72.07106899354008
0.1435489433353656	71.96180490037095
0.14387985782558455	71.8525291021239
0.14421153515248689	71.74324159444758
0.14454397707459277	71.63394236555756
0.14487718535447616	71.52463139613273
0.14521116175877424	71.41530865921064
0.14554590805819662	71.3059741200821
0.14588142602753484	71.19662773618437
0.14621771744567183	71.08726945699368
0.14655478409559117	70.97789922391651
0.1468926277643867	70.86851697017995
0.1472312502432719	70.75912262072086
0.14757065332758945	70.64971609207413
0.14791083881682077	70.54029729225977
0.14825180851459538	70.43086612066897
0.1485935642287007	70.32142246794906
0.14893610777109154	70.21196621588739
0.14927944095789963	70.10249723729402
0.14962356560944334	69.99301539588352
0.1499684835502373	69.88352054615531
0.15031419660900225	69.77401253327315
0.15066070661867417	69.66449119294353
0.15100801541641484	69.55495635129246
0.1513561248436208	69.44540782474172
0.1517050367459337	69.33584541988343
0.15205475297324955	69.22612673800558
0.15240527537972914	69.116261975675
0.15275660582380723	69.00638180195448
0.15310874616820302	68.89648664414847
0.15346169827992942	68.78657692828104
0.1538154640303035	68.67665307905159
0.15417004529495593	68.56671551979076
0.1545254439538414	68.45676467241522
0.1548816618912481	68.3468009573824
0.15523870099580825	68.23682479364444
0.15559656316050743	68.12683659860187
0.15595525028269538	68.01683678805635
0.15631476426409538	67.90682577616336
0.15667510701081494	67.79680397538402
0.15703628043335524	67.6867717964366
0.15739828644662196	67.5767296482472
0.15776112696993486	67.46667793790023
0.15812480392703834	67.35661707058799
0.15848931924611134	67.24654744956011
0.15885467485977792	67.13646947607185
0.159220872705117	67.02638354933254
0.15958791472367329	66.91629006645267
0.15995580286146688	66.80618942239117
0.16032453906900418	66.69608200990147
0.1606941253012877	66.58596821947744
0.16106456351782708	66.47584843929835
0.16143585568264862	66.36572305517359
0.16180800376430657	66.2555924504865
0.16218100973589297	66.1454570061378
0.16255487557504839	66.03531710048819
0.16292960326397224	65.92517310930056
0.16330519478943342	65.81502540568147
0.16368165214278085	65.70487436002193
0.16405897731995392	65.59472033993764
0.16443717232149316	65.48456371020858
0.1648162391525508	65.37440483271787
0.1651961798229015	65.26424406639019
0.1655769963469528	65.15408176712918
0.16595869074375605	65.04391828775458
0.16634126503701693	64.9337539779384
0.16672472125510626	64.8235891841405
0.16710906143107074	64.71342424954365
0.16749428760264373	64.6032595139876
0.16788040181225602	64.49309531390271
0.16826740610704674	64.38293198224282
0.16865530253887412	64.27276984841727
0.16904409316432642	64.16260923822243
0.16943378004473283	64.05245047377235
0.16982436524617442	63.942293873428795
0.17021585083949506	63.83213975173041
0.17060823890031235	63.72191182090828
0.17100153150902875	63.61161599535183
0.17139573075084252	63.50132308756371
0.17179083871575881	63.391033752303564
0.1721868574986007	63.28074864509522
0.17258378919902034	63.170468422198994
0.17298163592151014	63.06019374058389
0.17338039977541378	62.94992525789911
0.17378008287493754	62.83966363244543
0.17418068733916142	62.72940952314607
0.17458221529205037	62.619163589517164
0.1749846688624657	62.50892649163784
0.1753880501841761	62.398698890119974
0.17579236139586926	62.28848144607743
0.1761976046411629	62.17827482109498
0.17660378206861643	62.06807967719676
0.17701089583174212	61.95789667681432
0.17741894808901656	61.84772648275428
0.1778279410038923	61.73756975816551
0.17823787674480895	61.627427166505974
0.17864875748520506	61.51729937150903
0.17906058540352943	61.40718703714938
0.17947336268325265	61.29709082760852
0.1798870915128788	61.18701140723985
0.1803017740859569	61.07694944053318
0.1807174126010927	60.96690559207891
0.18113400926196024	60.85688052653169
0.18155156627731356	60.746874908573695
0.18197008586099836	60.63688940287733
0.18238957023196378	60.52692467406752
0.1828100216142743	60.41698138668359
0.18323144223712115	60.307060205140516
0.18365383433483465	60.19716179368984
0.18407720014689558	60.087286816380036
0.18450154191794738	59.97743593701639
0.18492686189780783	59.86760981912037
0.18535316234148114	59.757809125888556
0.18578044550916986	59.648034520150965
0.18620871366628675	59.53828666432898
0.186637969083467	59.42856622039268
0.18706821403658005	59.31887384981771
0.18749945080674188	59.20921021354157
0.18793168168032684	59.09957597191946
0.18836490894898006	58.989971784679454
0.18879913490962935	58.880398310877354
0.18923436186449755	58.77085620885076
0.18967059212111465	58.661346136172774
0.19010782799233	58.55186874960506
0.19054607179632474	58.442424705050385
0.1909853258566238	58.333014657504556
0.19142559250210858	58.22367133134374
0.19186687406702896	58.11439303175838
0.19230917289101584	58.005150889555985
0.1927524913190936	57.89594540646369
0.1931968317016924	57.78677708097957
0.19364219639466074	57.677646408301186
0.19408858775927784	57.56855388025332
0.19453600816226624	57.459499985215004
0.19498445997580455	57.35048520804567
0.19543394557753943	57.24151003001068
0.195884467350599	57.13257492870585
0.19633602768360464	57.02368037798144
0.1967886289706845	56.914826847865
0.19724227361148533	56.80601480448382
0.19769696401118608	56.697244709986144
0.1981527025805098	56.58851702246188
0.19860949173573716	56.479832195862265
0.19906733389871864	56.371190679918904
0.19952623149688797	56.26259292006165
0.1999861869632744	56.154039357335996
0.20044720273651614	56.04553042831929
0.2009092812608728	55.937066565036325
0.20137242498623883	55.82864819487385
0.20183663636815607	55.720275740494316
0.2023019178678272	55.611949619748735
0.20276827195212818	55.503670245588644
0.20323570109362218	55.395438025976965
0.2037042077705718	55.28725336379834
0.20417379446695297	55.17911665676809
0.20464446367246739	55.07102829734069
0.20511621788255657	54.962988672616866
0.20558905959841414	54.854998164250205
0.20606299132700007	54.7470571483523
0.20653801558105292	54.63916599539748
0.20701413487910425	54.53132507012604
0.20749135174549097	54.423534731446985
0.2079696687103696	54.31579533233934
0.20844908830972886	54.20810721975284
0.20892961308540398	54.10047073450727
0.20941124558508925	53.9928862111912
0.20989398836235246	53.88535397805921
0.21037784397664752	53.7778743569286
0.21086281499332898	53.670447663074555
0.21134890398366465	53.563074205124785
0.2118361135248502	53.455754284952576
0.21232444620002192	53.34848819756923
0.21281390459827124	53.24127623101511
0.21330449131465762	53.13411866624986
0.21379620895022325	53.02701577704126
0.21428906011200585	52.91996782985326
0.21478304741305343	52.8129277868999
0.21527817347243727	52.70589936226206
0.21577444091526668	52.59892633717615
0.21627185237270202	52.49200916771014
0.21677041048196952	52.38514830510842
0.21727011788637443	52.27834419570254
0.2177709772353159	52.17159728082054
0.21827299118430013	52.064907996695986
0.2187761623949553	51.95827677437537
0.21928049353504486	51.85170403962516
0.21978598727848253	51.74519021283747
0.2202926463053456	51.638735708935094
0.22080047330189004	51.53234093727522
0.22130947096056375	51.42600630155258
0.22181964198002194	51.31973219970116
0.2223309890651403	51.21351902379538
0.22284351492703042	51.10736715994977
0.22335722228305316	51.001276988218166
0.223872113856834	50.89524888249139
0.22438819237827662	50.789283210394274
0.2249054605835781	50.68338033318138
0.22542392121524293	50.57754060563188
0.22594357702209775	50.47176437594321
0.22646443075930595	50.36605198562376
0.2269864851883822	50.2604037693845
0.22750974307720706	50.154820055029425
0.2280342072000418	50.04930116334497
0.22855988033754301	49.943847407988365
0.2290867652767773	49.838459095374766
0.2296148648112362	49.73313652456339
0.23014418174085083	49.627879987142414
0.2306747188720069	49.5226897671128
0.23120647901755947	49.417566140770944
0.23173946499684786	49.31250937659017
0.2322736796357107	49.20751973510107
0.23280912576650079	49.10259746877061
0.23334580622810028	48.99774282188014
0.23388372386593548	48.89295603040212
0.2344228815319922	48.78823732187568
0.23496328208483072	48.68358691528094
0.23550492838960096	48.57900502091215
0.2360478233180577	48.47449184024951
0.23659196974857583	48.37004756582978
0.23713737056616552	48.265672381115685
0.23768402866248767	48.16136646036394
0.23823194693586902	48.057129968492106
0.23878112829131776	47.95296306094404
0.23933157564053875	47.84886588355414
0.23988329190194904	47.74483857241021
0.24043628000069334	47.64088125371509
0.24099054286865948	47.5369101164979
0.24154608344449405	47.432931411014124
0.2421029046736178	47.329022489032084
0.24266100950824154	47.22518382612259
0.24322040090738153	47.121415892684965
0.24378108183687525	47.01771915385265
0.2443430552693972	46.914094069397905
0.24490632418447456	46.81054109363545
0.24547089156850305	46.707060675325195
0.24603676041476275	46.603653257573946
0.24660393372343392	46.500319277736075
0.24717241450161304	46.39705916731327
0.24774220576332856	46.29387335185316
0.24831331052955705	46.19076225084698
0.2488857318282391	46.08772627762619
0.24945947269429547	45.98476583925797
0.25003453616964316	45.88188133643983
0.2506109253032114	45.779073163393
0.251188643150958	45.67634170775477
0.25176769277588557	45.57368735046983
0.25234807724805747	45.47111046568046
0.2529297996446145	45.368611420615565
0.25351286304979076	45.26619057547878
0.25409727055493053	45.163848283335234
0.2546830252585041	45.06158488999734
0.2552701302661247	44.959400733909376
0.2558585886905646	44.857296146030976
0.25644840365177174	44.75527144971939
0.2570395782768864	44.65332696061063
0.25763211570025757	44.55146298649941
0.25822601906345966	44.449679827217984
0.2588212915153092	44.3479777745136
0.2594179362118814	44.246357111925
0.2600159563165272	44.144818114657426
0.2606153549998896	44.043361049456664
0.26121613543992067	43.941986174481656
0.2618183008218985	43.84069373917602
0.26242185433844417	43.73948398413806
0.26302679918953814	43.638357140989896
0.263633138582538	43.537313432244936
0.2642408757321946	43.436353071174295
0.2648500138606701	43.335476261671786
0.2654605561975539	43.23468319811772
0.26607250597988097	43.13397406524121
0.2666858664521479	43.03334903798138
0.26730064086633115	42.932808281346915
0.2679168324819031	42.832351950274706
0.26853444456585074	42.731980189486514
0.26915348039269155	42.63169313334492
0.26977394324449205	42.53149090570733
0.2703958364108843	42.431278840952636
0.2710191631890843	42.33106398017165
0.2716439268839082	42.23093365999694
0.2722701308077913	42.13088840156682
0.272897778280804	42.03092872089207
0.27352687263067127	41.93105512876035
0.27415741719278824	41.83126813064014
0.2747894153102397	41.73156822658319
0.2754228703338166	41.631955911126404
0.27605778562203465	41.53243167319231
0.27669416454115114	41.43299599598899
0.2773320104651841	41.333649356908445
0.27797132677592884	41.234392227424394
0.2786121168629771	41.13522507298873
0.27925438412373377	41.036148352927164
0.2798981319634363	40.93716252033346
0.2805433637951713	40.83826802196307
0.28119008303989407	40.739465298125225
0.28183829312644537	40.64075478257434
0.2824879974915708	40.54213690240002
0.2831391995799379	40.4436120779161
0.2837919028441557	40.34518072254857
0.28444611074479154	40.24684324272236
0.285101826750391	40.14860003774695
0.28575905433749466	40.05045149970094
0.2864177969906581	39.95239801331531
0.28707805820246907	39.854439955855696
0.28773984147356696	39.75657769700334
0.28840315031266056	39.65881159873498
0.2890679882365476	39.56114201520142
0.28973435877013226	39.46356929260507
0.2904022654464451	39.36609376907602
0.2910717118066605	39.26871577454727
0.29174270140011677	39.17143563062822
0.29241523778433354	39.07425365047747
0.2930893245250321	38.97717013867389
0.2937649651961531	38.88018539108675
0.29444216337987617	38.78329969474438
0.29512092266663853	38.68651332770172
0.29580124665515467	38.5898265589063
0.2964831389524342	38.49323964806336
0.29716660317380267	38.39675284549903
0.29785164294291894	38.30036639202286
0.298538261891796	38.20408051878842
0.2992264636608189	38.10789544715306
0.29991625189876514	38.01181138853577
0.30060763026282306	37.91582854427423
0.3013006024186122	37.819947105479976
0.3019951720402016	37.72416725289254
0.30269134281013055	37.62848915673197
0.30338911841942706	37.53281461372801
0.3040885025676279	37.43715097368186
0.3047894989627983	37.341588918651325
0.3054921113215513	37.2461290327309
0.3061963433690677	37.15077189509614
0.30690219883911574	37.055518079908836
0.3076096814740708	36.96036815622113
0.3083187950249354	36.86532268787864
0.30902954325135906	36.770382233422595
0.309741929921658	36.67554734599102
0.31045595881283555	36.580818573218785
0.31117163371060175	36.486196457136764
0.3118889584093937	36.39168153406981
0.3126079367123955	36.297274334533846
0.31332857243155854	36.202975383131786
0.3140508693876217	36.10878519844843
0.3147748314101316	36.01470429294431
0.31550046233746265	35.92073317284842
0.31622776601683794	35.8268723380499
0.3169567463043491	35.7331222819886
0.31768740706497706	35.639483491544496
0.3184197521726125	35.54595644692606
0.31915378551007617	35.452541621557515
0.3198895109691398	35.35923948196483
0.3206269324505466	35.26605048766068
0.3213660538640317	35.17297509102828
0.32210687912834346	35.08001373720394
0.32284941217126356	34.98716686395852
0.32359365692962827	34.894434901577704
0.32433961734934924	34.80181827274103
0.3250872973854344	34.70931739239974
0.3258367010020088	34.61693266765351
0.32658783217233583	34.52466449762574
0.3273406948788382	34.43251327333786
0.328095293113119	34.340479377582156
0.32885163087598307	34.24856318479352
0.32960971217745777	34.156765060919874
0.3303695410368148	34.065085363291246
0.3311311214825911	33.97352444048771
0.3318944575526104	33.88208263220583
0.33265955329400454	33.790760269124014
0.333426412763235	33.69955767276634
0.3341950400261143	33.60847515536522
0.33496543915782767	33.517513019722614
0.3357376142429547	33.42667155906993
0.33651156937549076	33.33595105692654
0.3372873086588689	33.245351786956974
0.3380648362059816	33.15487401282664
0.33884415613920255	33.06451798805621
0.3396252725904084	32.97428395587458
0.3404081897010009	32.8840548216383
0.34119291162192855	32.793839396998735
0.3419794425137089	32.70374589488545
0.3427677865464504	32.61377506151481
0.34355794789987465	32.523927639639815
0.34434993076333853	32.43420436846744
0.3451437393358563	32.34460598357502
0.345939377826122	32.25513321682571
0.34673685045253166	32.16578679628313
0.34753616144320587	32.076567446124976
0.34833731503601184	31.98747588655583
0.34914031547858615	31.898512833719018
0.3499451670283573	31.8096789996074
0.350751873952568	31.720975091973447
0.35156044052829816	31.632401814238158
0.35237087104248715	31.54395986539916
0.353183169791957	31.45564993993773
0.3539973410834347	31.36747272772497
0.35481338923357547	31.279428913926843
0.3556313185689854	31.191519178908333
0.3564511334262443	31.10374419813658
0.35727283815192895	31.016104642082972
0.35809643710263606	30.928601176124214
0.35892193464500527	30.841234460442458
0.35974933515574237	30.754005149924257
0.36057864302164244	30.666913894058606
0.36140986263961333	30.579961336833836
0.36224299841669866	30.4931481166335
0.3630780547701014	30.40647486613115
0.36391503612720716	30.319942212184067
0.36475394692560786	30.23355077572587
0.36559479161312497	30.147301171658054
0.36643757464783333	30.06119400874036
0.3672823004980847	29.975229889480133
0.3681289736425315	29.889409410020438
0.3689775985701504	29.803733160027114
0.3698281797802663	29.71820172257463
0.37068072178257605	29.63281567403084
0.37153522909717257	29.547575583940503
0.3723917062545686	29.4624820149077
0.3732501577957206	29.377535522477004
0.3741105882720534	29.29273665501346
0.3749730022454836	29.20808595358142
0.3758374042884442	29.12358395182207
0.37670379898390893	29.039231175829784
0.377572190925416	28.95502814402726
0.37844258471709324	28.870975367039318
0.3793149849736819	28.787073347565542
0.38018939632056115	28.703322580251612
0.381065823393773	28.619723551559332
0.3819442708400465	28.536237448501378
0.38282474331682265	28.452867617251083
0.38370724549227875	28.369650686941046
0.38459178204535355	28.286587292702983
0.38547835766577176	28.20367806335564
0.38636697705406914	28.12092362129129
0.3872576449216172	28.038324582361245
0.3881503659906482	27.95588155576013
0.38904514499428056	27.873595143908915
0.3899419866765434	27.791465942336952
0.390840895792402	27.70949453956261
0.3917418771077831	27.627681516972828
0.3926449353995998	27.546027448701444
0.3935500754557774	27.464532901506264
0.3944573020752784	27.383198434644896
0.3953666200681279	27.302024599749398
0.39627803425543945	27.221011940699587
0.3971915494694403	27.14016099349515
0.3981071705534972	27.059472286126425
0.39902490236214205	26.978946338443937
0.39994474976109745	26.89858366202665
0.4008667176273028	26.81838476004881
0.4017908108489399	26.738350127145587
0.4027170343254591	26.658480249277314
0.40364539296760493	26.578775603592426
0.4045758916974427	26.499236658288982
0.40550853544838383	26.4198638724749
0.40644332916521275	26.340657696026767
0.40738027780411273	26.261618569447254
0.4083193863326921	26.182746923721183
0.40926065973001086	26.104043180170102
0.4102041029866068	26.02550775030553
0.41114972110452225	25.947141035680666
0.4120975190973302	25.868943427740767
0.4130475019901614	25.790915307671934
0.41399967481973043	25.713057046248554
0.4149540426343629	25.635369003679155
0.41591061049402206	25.557851529450833
0.4168693834703354	25.480504962172137
0.41783036664662176	25.40332962941445
0.4187935651179184	25.32632584755181
0.41975898399100753	25.24949392159923
0.4207266283844441	25.172834145049396
0.4216965034285822	25.096346799707852
0.422668614265603	25.02003215552655
0.4236429660495411	24.943890470435875
0.4246195639463129	24.86792199017493
0.4255984131337431	24.79212694812035
0.42657951880159267	24.71650556511336
0.4275628861515862	24.641058049285217
0.4285485203974395	24.56576352671892
0.4295364267648873	24.490623722052952
0.43052661049171065	24.415658198670574
0.43151907682776525	24.3408672100703
0.43251383103500873	24.26625099750484
0.4335108783875289	24.191809789809373
0.43451022417157154	24.11754380322829
0.4355118736855686	24.043453241240265
0.436515832240166	23.969538294381646
0.4375221051582521	23.895799140068146
0.4385306977749857	23.822235942414878
0.4395416154378245	23.74884885205465
0.4405548635065533	23.675638005954543
0.4415704473533125	23.602603527230773
0.44258837236262655	23.529745524961754
0.44360864393143257	23.457064093999406
0.4446312674691087	23.38455931477877
0.4456562483975033	23.312231253125645
0.44668359215096315	23.240079960062598
0.44771330417636257	23.168105471613053
0.4487453899331322	23.096307808603527
0.449779854893288	23.024686976464082
0.45081670454146017	22.953242965026817
0.4518559443749224	22.88197574832256
0.4528975799036208	22.810885284375583
0.4539416166502032	22.73997151499645
0.4549880601500486	22.66923436557292
0.4560369159512962	22.598673744858864
0.4570881896148751	22.52828954476127
0.4581418867145335	22.458081640125254
0.4591980128368686	22.38804988851704
0.4602565735813561	22.31819413000494
0.4613175745603794	22.248514186938362
0.46238102139926035	22.179009863724662
0.46344691973628804	22.10968094660404
0.46451527522274944	22.04052720342227
0.465586093522959	21.97154838340139
0.46665938031428866	21.90274421690827
0.46773514128719823	21.834114415221016
0.46881338214526524	21.765658670293238
0.46989410860521547	21.69737665451618
0.47097732639695294	21.62926802047865
0.47206304126359055	21.561332400724716
0.4731512589614805	21.493569407509227
0.4742419852602447	21.425978632551082
0.47533522594280536	21.358559646784226
0.47643098680541573	21.291312000106394
0.47752927365769093	21.22423522112556
0.4786300923226384	21.157328816904066
0.47973344863668915	21.090592272700423
0.4808393484497286	21.02386269513797
0.4819477976251274	20.957151411085743
0.4830588020397727	20.890607290215776
0.48417236758409943	20.82423048301226
0.4852885001621211	20.758021127325435
0.4864072056914617	20.691979348199972
0.4875284901033864	20.626105257701944
0.48865235934283363	20.560398954744
0.48977881936844625	20.494860524908958
0.4909078761526032	20.429490040271734
0.492039535681451	20.364287559219562
0.49317380395493593	20.29925312627057
0.4943106869868355	20.234386771890566
0.4954501908047903	20.169688512308223
0.49659232145033616	20.10515834932842
0.49773708497893604	20.04079627014388
0.4988844874600123	19.97660224714507
0.5000345349769786	19.91257623772829
0.5011872336272724	19.848718184101962
0.5023425895223872	19.785028013091136
0.5035006087879049	19.721505635940204
0.5046612975635284	19.658150948113686
0.505824662003114	19.59496382909525
0.5069907082747043	19.53194414218483
0.5081594425605604	19.469091734293897
0.5093308710571953	19.406406435738766
0.5105049999754062	19.343888060032054
0.5116818355403077	19.28153640367218
0.5128613839913648	19.219351245930934
0.514043651582426	19.157332348639084
0.5152286445817564	19.095479455969986
0.5164163692720709	19.03379229422125
0.5176068319505677	18.972270571594343
0.5188000389289611	18.910913977972225
0.5199959965335159	18.849722184694883
0.5211947111050804	18.788694844332866
0.5223961889991198	18.727831590458713
0.5236004365857502	18.6671320374163
0.5248074602497725	18.606595780088064
0.5260172663907061	18.54622239366015
0.5272298614228227	18.48601143338535
0.5284452517751804	18.425962434343926
0.5296634438916578	18.36607491120228
0.5308844442309884	18.306348357969334
0.5321082592667942	18.24678224775083
0.5333348954876209	18.187376032501277
0.5345643593969717	18.128129142773748
0.5357966575133416	18.06904098746734
0.5370317963702527	18.0101109535724
0.5382697825162883	17.95133840591341
0.5395106225151276	17.892561489671788
0.5407543229455808	17.833791325686533
0.5420008904016238	17.77517559491653
0.5432503314924332	17.71671432058363
0.5445026528424212	17.658407512844636
0.5457578610912709	17.600255168620347
0.5470159628939716	17.542257271422972
0.5482769649208538	17.484413791181975
0.5495408738576245	17.426724684068308
0.5508076964054034	17.369189892316893
0.5520774392807574	17.31180934404762
0.5533501092157367	17.254582953084537
0.5546257129579107	17.197510618773393
0.5559042572704036	17.14059222579755
0.5571857489319298	17.08382764399212
0.5584701947368308	17.027216728156382
0.5597576014951101	16.97075931786448
0.5610479760324705	16.914455237274403
0.5623413251903491	16.858304294935145
0.5636376558259545	16.80230628359208
0.5649369748123025	16.746460979990637
0.5662392890382533	16.690768144678017
0.5675446054085471	16.63522752180325
0.5688529308438415	16.579838838915272
0.5701642722807475	16.524601806759257
0.571478636671867	16.46951611907101
0.5727960309858292	16.41458145236949
0.5741164622073276	16.359797465747484
0.5754399373371569	16.30516380066032
0.5767664633922508	16.250680080712623
0.5780960474057181	16.196345911443238
0.5794286964268811	16.142160880108033
0.580764417521312	16.08812455546089
0.5821032177708715	16.03423648753257
0.5834451042737447	15.980496207407654
0.5847900841444807	15.926903226999416
0.5861381645140288	15.873457038822684
0.5874893525297767	15.820157115764607
0.588843655355589	15.767002910853384
0.5902010801718444	15.713993857024901
0.591561634175474	15.661129366887206
0.5929253245799998	15.608408832482944
0.5942921586155727	15.555831625049564
0.5956621435290105	15.503397094777464
0.5970352865838369	15.451104570565837
0.5984115950603197	15.398953359776453
0.5997910762555094	15.346942747985127
0.6011737374832781	15.295071998731009
0.6025595860743578	15.243340353263617
0.6039486293763798	15.191747030287612
0.6053408747539136	15.140094314659319
0.6067363295885054	15.08839579492808
0.6081350012787179	15.03683187986456
0.6095368972401692	14.985402611168102
0.610942024905572	14.9341080194128
0.6123503917247736	14.882948123900823
0.6137620051647943	14.831922932514452
0.6151768727098682	14.781032441566657
0.6165950018614822	14.730276635650304
0.618016400138416	14.67965548748597
0.6194410750767815	14.629168957768306
0.6208690342300636	14.578816995010973
0.6223002851691596	14.52859953539015
0.6237348354824193	14.478516502586569
0.6251726927756859	14.428567807626074
0.6266138646723355	14.378753348718735
0.628058358813318	14.329073011096428
0.6295061828571976	14.27952666684892
0.6309573444801934	14.230114174758459
0.6324118513762195	14.180835380132821
0.633869711256927	14.131690114636791
0.6353309318517437	14.08267819612213
0.6367955209079159	14.033799428455948
0.6382634861905487	13.985053601347506
0.6397348354826482	13.936440490173421
0.6412095765851616	13.887959855801274
0.6426877173170197	13.839611444411574
0.6441692655151774	13.791394987318132
0.6456542290346556	13.743310200786746
0.6471426157485832	13.695356785852264
0.6486344335482385	13.647534428133937
0.6501296903430908	13.599842797649126
0.6516283940608427	13.552281548625281
0.6531305526474724	13.504850319310211
0.654636174067275	13.457548731780653
0.6561452663029055	13.410376391749061
0.6576578373554206	13.363332888368651
0.6591738952443215	13.316417794036713
0.6606934480075961	13.269630664196079
0.662216503701762	13.222971037134855
0.6637430704019089	13.176438433784275
0.6652731562017414	13.1300323575148
0.6668067692136223	13.08375229393031
0.6683439175686147	13.037597710660485
0.6698846094165265	12.991568057151282
0.6714288529259524	12.945662764453559
0.6729766562843179	12.899881245009759
0.6745280276979221	12.854222892438715
0.6760829753919819	12.80868708131849
0.6776415076106752	12.763273166967291
0.6792036326171846	12.71779788623758
0.6807693586937414	12.672273923196741
0.6823386941416696	12.626868658860152
0.6839116472814293	12.581582218487615
0.6854882264526615	12.536414718758918
0.6870684400142321	12.491366267656431
0.688652296344276	12.446436964346514
0.6902398038402419	12.401626899059863
0.6918309709189364	12.356936152970661
0.6934258060165691	12.31236479807465
0.6950243175887968	12.267912897066022
0.6966265141107687	12.22358050321312
0.6982324040771714	12.179367660233018
0.6998419960022735	12.135274402164889
0.7014552984199712	12.091300753242205
0.7030723198838335	12.047446727763711
0.7046930689671469	12.003712329963205
0.7063175542629619	11.960097553878091
0.7079457843841379	11.91660238321672
0.7095777679633888	11.873226791224464
0.711213513653329	11.829970740548559
0.7128530301265195	11.786834183101675
0.7144963260755133	11.743817059924242
0.716143410212902	11.700919301045454
0.7177942912713617	11.658140825343008
0.7194489780036994	11.615481540401547
0.7211074791828996	11.572941342369763
0.7227698036021702	11.53052011581622
0.72443596007499	11.488217733583774
0.7261059574351547	11.44603405664273
0.727779804536824	11.403968933942584
0.7294575102545687	11.362022202262418
0.7311390834834174	11.32019368605992
0.732824533138904	11.278483197319005
0.734513868157115	11.236890535396057
0.7362070974947361	11.19541548686472
0.737904230129101	11.154057825359306
0.7396052750582378	11.112817311416743
0.7413102413009175	11.071693692317082
0.7430191378967014	11.030686701922559
0.744731973905989	10.98979606051516
0.7464487584100665	10.949021474632737
0.7481695005111544	10.908362636903595
0.7498942093324559	10.867819225879598
0.7516228940182055	10.827390905867759
0.7533555637337174	10.787077326760258
0.7550922276654339	10.746878123862986
0.7568328950209744	10.706792917722474
0.7585775750291838	10.666821313951276
0.7603262769401818	10.626962903051774
0.762079010025412	10.587090880044515
0.7638357835776907	10.547214056875298
0.7655966069112563	10.507448312303827
0.7673614893618189	10.467793762353008
0.7691304402866096	10.428250515200935
0.7709034690644301	10.38881867107365
0.7726805850957024	10.349498322136832
0.7744617978025188	10.310289552386466
0.7762471166286917	10.271192437538506
0.7780365510398041	10.23220704491744
0.7798301105232588	10.193333433343868
0.7816278045883297	10.154571653020987
0.7834296427662119	10.115921745419985
0.7852356346100718	10.077383743164415
0.7870457896950986	10.038957669913414
0.7888601176185545	10.000643540243889
0.7906786279998251	9.962441359531555
0.7925013304804718	9.924351123830885
0.7943282347242815	9.886372819753907
0.7961593504173188	9.848506424347919
0.7979946872679766	9.810751904972014
0.7998342550070284	9.773109219172465
0.8016780633876791	9.735578314556982
0.8035261221856173	9.69815912866776
0.8053784411990667	9.660851588853363
0.8072350302488382	9.623655612139437
0.8090958991783823	9.586571105098185
0.8109610578538409	9.54959796371667
0.8128305161640993	9.512736073263884
0.8147042840208396	9.475985308156599
0.8165823713585925	9.43934553182396
0.81846478813479	9.402816596570855
0.8203515443298183	9.366398343440009
0.8222426499470712	9.330090602072817
0.8241381150130024	9.293893190568896
0.8260379495771788	9.257805915344363
0.8279421637123342	9.221828570988775
0.8298507675144225	9.185960940120795
0.8317637711026711	9.150202793242542
0.8336811846196344	9.114553888592576
0.835603018231248	9.079013971997552
0.8375292821268826	9.043582776722547
0.8394599865193975	9.00826002332
0.8413951416451951	8.97304541947726
0.8433347577642755	8.937938659862807
0.84527884516029	8.902939425971
0.8472274141405965	8.868047385965468
0.8491804750363139	8.833262194521074
0.8511380382023765	8.798583492664433
0.8531001140175896	8.76401090761299
0.8550667128846834	8.729436142626033
0.8570378452303697	8.694866696822881
0.8590135215053958	8.660401487601282
0.8609937521846007	8.626040587159592
0.8629785477669704	8.59178406003679
0.8649679187756933	8.55763196300983
0.8669618757582167	8.523584344990033
0.8689604292863019	8.489641246918474
0.8709635899560808	8.455802701660435
0.8729713683881117	8.422068733898826
0.8749837752274362	8.388439360026625
0.8770008211436349	8.354914588038298
0.8790225168308845	8.321494417420208
0.8810488730080143	8.288178839040018
0.8830799004185629	8.254967835035025
0.8851156098308356	8.221861378699476
0.887156012037961	8.188859434370835
0.8892011178579485	8.15596195731498
0.8912509381337457	8.123168893610345
0.8933054837332954	8.090480180030964
0.895364765549594	8.057895743928476
0.8974287945007486	8.025415503112965
0.8994975815300353	7.993039365732777
0.9015711376059571	7.960767230153167
0.9036494737223016	7.928598984833846
0.9057326008982003	7.896534508205409
0.9078205301781859	7.864573668544598
0.9099132726322517	7.8327163238484525
0.9120108393559097	7.8009623217072654
0.9141132414702502	7.76931149917638
0.9162204901219997	7.737763682646859
0.9183325964835808	7.706318687714887
0.9204495717531712	7.674976319050033
0.9225714271547631	7.643736370262305
0.9246981739382225	7.612598623767965
0.9268298233793492	7.58156285065413
0.9289663867799363	7.550628810542154
0.9311078754678302	7.519796251449736
0.933254300796991	7.489064909651803
0.9354056741475518	7.458434509540107
0.9375620069258802	7.427904763481557
0.9397233105646378	7.397475371675256
0.9418895965228413	7.367146022008261
0.9440608762859233	7.33691638991001
0.946237161365793	7.306786138205458
0.9484184633008971	7.276754916966869
0.9506047936562815	7.246822363364279
0.9527961640236519	7.216988101514603
0.9549925860214359	7.18725174232938
0.9571940712948444	7.157612883361166
0.9594006315159331	7.127962664480782
0.9616122783836646	7.098308595172192
0.9638290236239705	7.068750056284136
0.9660508789898133	7.039287094709527
0.9682778562612491	7.0099197502042
0.9705099672454897	6.980648055292339
0.9727472237769651	6.9514720351710215
0.9749896377173869	6.922391707613867
0.9772372209558107	6.893407082873775
0.9794899854086988	6.864518163584759
0.9817479430199844	6.835724944662864
0.9840111057611337	6.807027413206153
0.9862794856312105	6.77842554839376
0.9885530946569389	6.74991932138402
0.9908319448927676	6.721508695211622
0.9931160484209338	6.693193624683827
0.995405417351527	6.664974056275722
0.9977000638225533	6.636849928024487
1.	6.608821169422699
1.0023052380778998	6.580887701310637
1.0046157902783952	6.553049435767614
1.0069316688518044	6.525306276002251
1.0092528860766845	6.497658116241822
1.0115794542598988	6.470104841620489
1.0139113857366795	6.442646328066593
1.016248692870696	6.41528244218883
1.0185913880541169	6.388013041161456
1.0209394837076802	6.360837972608365
1.023292992280754	6.333757074486182
1.0256519262514079	6.306770174966208
1.0280162981264735	6.279877092315354
1.0303861204416165	6.253077634775925
1.0327614057613974	6.226371600444379
1.0351421666793441	6.199758777148879
1.0375284158180127	6.173238942325862
1.0399201658290596	6.146811862895343
1.0423174293933042	6.120477295135213
1.0447202192208003	6.094234984554289
1.0471285480508996	6.0680846657642995
1.0495424286523225	6.042026062350636
1.051961873823223	6.016058886742005
1.0543868963912593	5.9901828400788295
1.0568175092136585	5.96439761208053
1.0592537251772887	5.93870288091154
1.0616955571987248	5.913098313046163
1.064143018224316	5.887583563132217
1.066596121230258	5.862158273853378
1.0690548792226577	5.8368220757903995
1.0715193052376064	5.811574587280964
1.0739894123412446	5.786415414278383
1.076465213629835	5.761242564978599
1.0789467222298286	5.736063057115168
1.081433951297938	5.710969969192429
1.0839269140212033	5.685963328628668
1.0864256236170655	5.661043156299348
1.0889300933334332	5.636209466451256
1.0914403364487566	5.611462266615799
1.0939563662720937	5.586801557521569
1.096478196143185	5.562227333005986
1.0990058394325208	5.537739579926231
1.101539309541415	5.513338278069238
1.104078619902073	5.489023400060947
1.1066237839776665	5.464794911274621
1.1091748152624008	5.440652769738416
1.1117317272815914	5.416596926041971
1.1142945335917298	5.392627323242253
1.1168632477805611	5.368743896768427
1.1194378834671515	5.344946574325933
1.1220184543019636	5.321235275799608
1.1246049739669264	5.297609913155962
1.1271974561755105	5.274070390344518
1.1297959146727976	5.250616603198282
1.1324003632355573	5.227248439333244
1.1350108156723149	5.203965778047027
1.137627285823431	5.180768490216524
1.1402497875611686	5.15765643819468
1.1428783347897717	5.134629475706242
1.1455129414455354	5.111687447742651
1.1481536214968828	5.088830190455869
1.1508003889444356	5.066057531051342
1.1534532578210923	5.043369287679892
1.1561122421920986	5.020765269328701
1.1587773561551262	4.998245275711232
1.1614486138403426	4.975809097156231
1.1641260294104914	4.953456514495627
1.1668096170609623	4.931187298951504
1.1694993910198712	4.909001212021968
1.1721953655481303	4.886898005366068
1.1748975549395297	4.864877420687569
1.1776059735208073	4.842939189617794
1.1803206356517297	4.821083033597283
1.1830415557251646	4.799308663756506
1.1857687481671602	4.7776157807953945
1.1885022274370183	4.7560040748618775
1.1912420080273751	4.734473225429239
1.193988104464273	4.713022901172473
1.1967405313072437	4.691652759843411
1.1994993031493788	4.67036244814484
1.2022644346174132	4.649151601603418
1.2050359403717974	4.62801984444149
1.2078138351067804	4.606874147872119
1.2105981335504823	4.585720895339755
1.2133888504649775	4.564644954184142
1.2161860006463678	4.5436463329526635
1.2189895989248667	4.522725034219306
1.2217996601648717	4.5018810545071615
1.2246161992650488	4.481114384210113
1.2274392311584073	4.460425007513875
1.2302687708123818	4.439812902316222
1.233104833228909	4.419278040146557
1.2359474334445106	4.3988203860846316
1.238796586530369	4.37843989867863
1.2416523075924113	4.358136529862384
1.244514611771385	4.337910224871908
1.2473835142429432	4.317760922161084
1.2502590302177201	4.297688553316659
1.2531411749414163	4.27769304297236
1.2560299636948749	4.257774308722306
1.2589254117941675	4.237932261033541
1.2618275345906707	4.218166803157847
1.2647363474711515	4.198477831042671
1.2676518658578455	4.178865233241287
1.270574105208542	4.15932889082209
1.2735030810166617	4.13986867727713
1.276438808811344	4.120484458429707
1.2793813041575246	4.1011760923412215
1.2823305826560218	4.081943429217101
1.2852866599436155	4.062786311311931
1.2882495516931343	4.043704572833649
1.2912192736135342	4.024698039846945
1.2941958414499863	4.005766530175713
1.297179270983956	3.98690985330468
1.3001695780332907	3.9681278102800777
1.3031667784522993	3.9494201936094813
1.3061708881318417	3.930786787160672
1.309181922999407	3.9122273660596534
1.3121998990192034	3.8937416965876848
1.3152248321922384	3.875329536077431
1.3182567385564075	3.8569906328081385
1.3212956341865751	3.8387247258999158
1.324341535194665	3.820531545206982
1.3273944577297394	3.8024108112100596
1.3304544179780915	3.7843622349076913
1.333521432163324	3.7663855177066856
1.3365955165464425	3.748480351311482
1.3396766874259352	3.7306464176126073
1.3427649611378643	3.7128833885740704
1.3458603540559484	3.6951909261197997
1.348962882591654	3.67756868201902
1.3520725631942772	3.6600162977706487
1.3551894123510364	3.6424473578346652
1.3583134465871542	3.6248677822288906
1.3614446824659503	3.607356388032698
1.3645831365889245	3.5899131746631476
1.3677288255958495	3.5725381362361652
1.3708817661648536	3.5552312614982022
1.3740419750125157	3.537992533757193
1.3772094688939465	3.5208219308129385
1.3803842646028852	3.50371942488678
1.383566378971781	3.4866849825506776
1.3867558288718889	3.469718564655574
1.3899526312133532	3.4528201262591582
1.3931568029453036	3.435989616552893
1.3963683610559376	3.4192269787884397
1.3995873225726185	3.4025321502033328
1.4028137045619582	3.385905061946035
1.4060475241299144	3.369345639000246
1.4092887984218747	3.352853800108565
1.4125375446227548	3.3364294576954037
1.4157937799570817	3.320072517789244
1.4190575216890926	3.3037828799441216
1.4223287871228198	3.28756043716046
1.425607593602188	3.2714050758051103
1.428893958511103	3.255316675530717
1.432187899273543	3.2392951091943227
1.435489433353656	3.2233402427752136
1.4387985782558452	3.2074519352920676
1.4421153515248688	3.191630038719279
1.4454397707459272	3.175874397902595
1.4487718535447618	3.1601848504739154
1.452111617587742	3.1445612267653926
1.455459080581966	3.1290033497226717
1.4588142602753482	3.1135110348174275
1.4621771744567182	3.098084089959039
1.4655478409559113	3.0827223154055194
1.468926277643867	3.0674255036735985
1.4723125024327186	3.0521934394480383
1.4757065332758947	3.0370258994900774
1.4791083881682072	3.0219226525451157
1.4825180851459536	3.0068834592494973
1.4859356422870067	2.991908072036527
1.4893610777109154	2.976996235041578
1.492794409578996	2.9621476840064074
1.4962356560944337	2.9473621461825554
1.4996848355023733	2.9326393402339397
1.5031419660900225	2.91797897613852
1.5066070661867417	2.9033807550891386
1.5100801541641484	2.8888443693934254
1.513561248436208	2.8743695023728555
1.5170503674593367	2.8599558282608655
1.5205475297324955	2.8455268478030025
1.5240527537972914	2.8310877926782068
1.5275660582380723	2.8167084194910657
1.5310874616820302	2.802388719302627
1.5346169827992941	2.7881286784869075
1.5381546403030348	2.7739282786708648
1.5417004529495593	2.7597874966738605
1.545254439538414	2.745706304446521
1.5488166189124812	2.7316846690090646
1.5523870099580825	2.7177225523890307
1.5559656316050743	2.703819911558461
1.559552502826954	2.6899766983704634
1.5631476426409538	2.6761928594952424
1.5667510701081493	2.662468336355479
1.5703628043335522	2.6488030650611756
1.5739828644662197	2.6351969763438516
1.5776112696993485	2.6216499954901753
1.5812480392703834	2.608162042274951
1.5848931924611134	2.594733030893525
1.5885467485977791	2.5813628698935425
1.59220872705117	2.5680514621061117
1.5958791472367329	2.554798704576301
1.5995580286146687	2.5416044884930438
1.6032453906900417	2.5284686991183665
1.6069412530128773	2.515391215716003
1.6106456351782708	2.502371911479331
1.6143585568264862	2.489410653458683
1.6180800376430662	2.4765073024879642
1.6218100973589298	2.463661713110642
1.6255487557504842	2.450873733505023
1.6292960326397223	2.4381432054088954
1.6330519478943346	2.425469964043455
1.6368165214278085	2.4128538380365714
1.6405897731995396	2.400294649345332
1.6443717232149315	2.3877922131779235
1.6481623915255086	2.3753463379147686
1.651961798229015	2.362956825028999
1.6557699634695284	2.3506234690061607
1.6595869074375604	2.338346057263252
1.6634126503701698	2.3261243700669825
1.6672472125510627	2.313958180451353
1.6710906143107078	2.30184725413444
1.6749428760264373	2.2897913494344895
1.6788040181225607	2.2777902171852116
1.6826740610704674	2.2658436006503666
1.6865530253887415	2.2539512354375373
1.690440931643264	2.242112849411185
1.6943378004473288	2.230328162604878
1.6982436524617444	2.2185968871327937
1.7021585083949509	2.206918727100376
1.7060823890031234	2.1952281747460143
1.710015315090288	2.1835296914053233
1.7139573075084253	2.171882977555665
1.7179083871575884	2.160288007601085
1.721868574986007	2.14874475169377
1.725837891990204	2.1372531756804523
1.7298163592151015	2.125813241048345
1.7338039977541384	2.114424904870552
1.7378008287493754	2.10308811975101
1.7418068733916146	2.091802833768882
1.7458221529205038	2.0805689904224796
1.7498466886246573	2.069386528572636
1.7538805018417611	2.0582553823855885
1.7579236139586931	2.04717548127531
1.7619760464116292	2.0361467498453414
1.7660378206861649	2.0251691078300555
1.770108958317421	2.0142424700354304
1.7741894808901661	2.0033667462792297
1.7782794100389228	1.9925418413306928
1.78237876744809	1.9817676548496153
1.7864875748520508	1.9710440813249401
1.7906058540352947	1.9603710100127254
1.7947336268325265	1.9497483248736078
1.7988709151287883	1.9391759045096464
1.803017740859569	1.92865362210064
1.8071741260109275	1.9181813453398278
1.8113400926196026	1.9077589363690435
1.8155156627731361	1.8973862517132494
1.8197008586099834	1.8870631422145152
1.8238957023196385	1.8767894529653588
1.8281002161427427	1.866565023241539
1.832314422371212	1.8563896864341842
1.8365383433483464	1.8462632699813655
1.8407720014689564	1.8361855952990096
1.8450154191794736	1.8261564777112287
1.8492686189780787	1.8161757263799927
1.8535316234148114	1.8062431442342024
1.857804455091699	1.7963585278980927
1.8620871366628675	1.7865216676190383
1.8663796908346704	1.7767323471946657
1.8706821403658007	1.766990343899362
1.8749945080674193	1.7572954284100857
1.8793168168032686	1.7476473647315534
1.883649089489801	1.7380459101207253
1.8879913490962936	1.7284908150106548
1.892343618644976	1.718981822933626
1.8967059212111463	1.7095186704436403
1.9010782799233006	1.700101087038184
1.9054607179632472	1.6907287950793402
1.9098532585662378	1.6814015097141575
1.914255925021086	1.672057327495547
1.9186687406702891	1.6627004594156196
1.9230917289101586	1.6533873125173193
1.9275249131909356	1.6441178588124699
1.9319683170169242	1.6348920666723379
1.936421963946607	1.6257099007820868
1.9408858775927782	1.6165713220947713
1.9453600816226624	1.6074762877849416
1.9498445997580456	1.5984247512017984
1.9543394557753944	1.589416661821938
1.95884467350599	1.5804519652016362
1.9633602768360463	1.5715306029287268
1.967886289706845	1.5626525125740103
1.9724227361148534	1.553817627642246
1.976969640111861	1.5450258775226642
1.9815270258050979	1.536277187439063
1.9860949173573716	1.5275714783994128
1.9906733389871865	1.5189086671450385
1.9952623149688797	1.5102886660993036
1.9998618696327437	1.5017113833158602
2.0044720273651615	1.4931767224264003
2.0090928126087277	1.4846845825879629
2.0137242498623884	1.4762348584297267
2.0183663636815607	1.4678274399993625
2.023019178678272	1.459462212708863
2.0276827195212817	1.4511390572799123
2.032357010936222	1.4428578496887359
2.037042077705718	1.4346184611104809
2.0417379446695296	1.4264207578630683
2.046444636724674	1.4182646013505638
2.0511621788255656	1.410149848006015
2.0558905959841414	1.4020763492338013
2.0606299132700006	1.3940439513514384
2.065380155810529	1.386052495530892
2.0701413487910423	1.3781018177393307
2.0749135174549096	1.3701917486793833
2.079696687103696	1.3623221137288304
2.084490883097289	1.3544927328797862
2.0892961308540396	1.3467034206773099
2.0941124558508926	1.3389539861574928
2.0989398836235242	1.3312442327849763
2.1037784397664754	1.3235739583899269
2.1086281499332897	1.3159429551044397
2.1134890398366464	1.3083510092983874
2.1183611352485023	1.3007979015146827
2.123244462000219	1.2932834064039964
2.1281390459827123	1.2858072926588553
2.133044913146576	1.2783693229472006
2.1379620895022327	1.2709692538453181
2.1428906011200586	1.2636068357702146
2.1478304741305343	1.2562289557773954
2.1527817347243725	1.2488392213909
2.157744409152667	1.2414860198376996
2.16271852372702	1.2341693220313845
2.167704104819695	1.2268890957962044
2.1727011788637443	1.2196453058286938
2.1777097723531593	1.2124379136589065
2.1827299118430012	1.2052668776113222
2.187761623949553	1.1981321527653706
2.1928049353504484	1.1910336909156223
2.197859872784825	1.183971440531582
2.202926463053456	1.1769453467171445
2.2080047330189	1.1699553511696588
2.2130947096056377	1.163001392138632
2.2181964198002193	1.1560834043840467
2.223309890651403	1.1492013191343102
2.2284351492703043	1.142355064043804
2.2335722228305315	1.135544563150074
2.23872113856834	1.1287697368305973
2.2438819237827663	1.1220305017591923
2.2490546058357817	1.1153267708620047
2.254239212152429	1.1086584532731194
2.259435770220978	1.1020254542897439
2.2646443075930596	1.0954276753270182
2.2698648518838223	1.088865013872388
2.2750974307720706	1.082337363439588
2.2803420720004186	1.0758446135221948
2.28559880337543	1.0693866495467743
2.2908676527677736	1.0629633528255948
2.296148648112362	1.0565746005089345
2.301441817408509	1.0502202655369364
2.306747188720069	1.0439002165910536
2.312064790175595	1.0376143180450441
2.3173946499684783	1.0313624299155408
2.3227367963571073	1.0251444078121603
2.328091257665008	1.0189601028871935
2.3334580622810033	1.012809361784816
2.338837238659355	1.006692026589872
2.344228815319923	1.000607934776184
2.3496328208483073	0.9945569191544169
2.35504928389601	0.9885388078194607
2.360478233180577	0.9825534240973677
2.365919697485759	0.976600586491796
2.371373705661655	0.9706801086299994
2.3768402866248772	0.964791799208316
2.38231946935869	0.9589354619372021
2.3878112829131783	0.9531108954857468
2.3933157564053875	0.9473178934257289
2.3988329190194912	0.9415562441751535
2.4043628000069335	0.9358257309413103
2.4099054286865957	0.9300813323640501
2.41546083444494	0.9243261007792943
2.421029046736179	0.9186010417703732
2.4266100950824154	0.9129061254697919
2.432204009073816	0.907241319403262
2.4378108183687526	0.901606588457576
2.4434305526939726	0.8960018948481657
2.4490632418447453	0.8904271980863907
2.454708915685031	0.884882454946497
2.4603676041476272	0.8793676194323042
2.46603933723434	0.8738826427435593
2.4717241450161302	0.8684274732420123
2.4774220576332864	0.8630020564171553
2.4831331052955705	0.8576063348516747
2.4888573182823914	0.8522402481865672
2.494594726942955	0.8469037330859593
2.500345361696432	0.8415967232015884
2.506109253032114	0.83631914913698
2.511886431509581	0.8310709384112833
2.5176769277588558	0.8258520154227973
2.5234807724805757	0.8206623014121482
2.529297996446145	0.8155017144251546
2.5351286304979084	0.8103701692753372
2.540972705549305	0.8052675775061093
2.5468302525850417	0.8001938473526123
2.552701302661247	0.7951488837032193
2.5585858869056453	0.7901325880606841
2.5644840365177175	0.7851448585029434
2.5703957827688635	0.7801855896435756
2.5763211570025755	0.7752546725918913
2.582260190634596	0.7703519949126794
2.588212915153092	0.7654774405855821
2.5941793621188136	0.760630889964121
2.6001595631652723	0.7558122197343368
2.6061535499988953	0.7510213028730852
2.6121613543992064	0.7462580086059375
2.6181830082189848	0.7415222023647237
2.624218543384442	0.7368137457446873
2.6302679918953813	0.7321324964612665
2.6363313858253803	0.727478308306485
2.642408757321946	0.7228510311049634
2.648500138606701	0.7182505106695307
2.654605561975539	0.7136765887564566
2.6607250597988097	0.7091291030202717
2.666858664521479	0.7046078869682021
2.6730064086633116	0.7001127699141906
2.6791683248190314	0.6956435769325249
2.6853444456585076	0.6912001288110389
2.691534803926915	0.6867822420039223
2.6977394324449206	0.6823897285840947
2.703958364108843	0.6779841325668707
2.7101916318908432	0.6735680583695026
2.7164392688390824	0.6691765268135281
2.7227013080779128	0.6648095099145331
2.7289777828080406	0.6604669775361742
2.7352687263067126	0.6561488973638089
2.741574171927882	0.651855234877904
2.7478941531023975	0.6475859533271833
2.7542287033381663	0.6433410137015481
2.7605778562203462	0.6391203747047322
2.7669416454115114	0.6349239927267242
2.773320104651841	0.6307518218159279
2.7797132677592886	0.6266038136510756
2.7861211686297707	0.6224799175128825
2.792543841237338	0.6183800802554485
2.798981319634363	0.6143042462773941
2.805433637951713	0.610252357492744
2.811900830398941	0.6062243533015359
2.8183829312644537	0.6022201705601776
2.8248799749157074	0.598239743551522
2.831391995799379	0.5942830039546851
2.8379190284415565	0.5903498808145803
2.8444611074479154	0.5864403005111909
2.85101826750391	0.582554186728553
2.8575905433749464	0.5786914604234731
2.8641779699065815	0.5748520397939509
2.8707805820246906	0.571035840247336
2.8773984147356697	0.5672427743681777
2.8840315031266055	0.5634727518858104
2.8906798823654762	0.5597256796416287
2.897343587701323	0.5560014615560868
2.904022654464451	0.5522999985953876
2.910717118066605	0.5486211887378905
2.9174270140011673	0.5449649269402059
2.924152377843335	0.541331105103
2.9308932452503216	0.5377196120364824
2.9376496519615305	0.5341303334256036
2.9444216337987617	0.5305631517949231
2.9512092266663856	0.5270179464731879
2.9580124665515464	0.5234945935575772
2.9648313895243423	0.5199929658776461
2.971666031738027	0.5165129329589379
2.9785164294291895	0.5130543609862859
2.9853826189179604	0.5096171127667802
2.992264636608189	0.5062010476924196
2.9991625189876516	0.5028060217024193
3.0060763026282307	0.4994318872452046
3.013006024186122	0.49607849324005204
3.019951720402016	0.4927456850384084
3.0269134281013064	0.48943330438485655
3.0338911841942706	0.486109619605699
3.04088502567628	0.48277677631256033
3.047894989627983	0.4794636655898171
3.054921113215514	0.4761702611786986
3.061963433690677	0.4728965350542427
3.069021988391158	0.46964245740381944
3.076096814740708	0.4664079966054685
3.083187950249355	0.4631931192060279
3.0902954325135905	0.45999778989907597
3.097419299216581	0.45682197150266035
3.1045595881283554	0.45366562493683665
3.1117163371060186	0.45052870920099036
3.118889584093937	0.4474111813509685
3.126079367123956	0.4443129964759877
3.1332857243155856	0.44123410767534754
3.1405086938762183	0.4381744660349223
3.1477483141013156	0.43513402060345086
3.1550046233746274	0.4321127183686004
3.1622776601683795	0.42911050423282837
3.169567463043492	0.426127320989013
3.1768740706497707	0.42316310929587786
3.1841975217261256	0.42021780765318256
3.1915378551007616	0.4172913523767039
3.198895109691399	0.4143836775729794
3.206269324505466	0.41149471511383684
3.213660538640318	0.40862439461068495
3.2210687912834346	0.4057726433885832
3.2284941217126364	0.4029393864600714
3.2359365692962827	0.40012454649877466
3.2433961734934935	0.3973280438127629
3.250872973854344	0.3945497963176836
3.2583670100200885	0.3917897195096442
3.265878321723358	0.3890477264378635
3.273406948788383	0.3863237276770711
3.2809529311311905	0.3836176312996712
3.2885163087598315	0.3809293428476476
3.2960971217745776	0.37825876530423197
3.303695410368149	0.3756057990653103
3.311311214825911	0.372970341910586
3.3189445755261047	0.37035228897447875
3.326595532940045	0.3677515327167748
3.3342641276323506	0.36516796289301034
3.3419504002611427	0.3626014665246017
3.3496543915782775	0.36005192786870305
3.3573761424295467	0.3575192283878094
3.365115693754908	0.3550032467190807
3.372873086588689	0.35250385864340783
3.380648362059817	0.3500209370541958
3.3884415613920256	0.34755435192588363
3.3962527259040853	0.3451039702821781
3.404081897010009	0.34264412742173
3.4119291162192864	0.3401765533103695
3.4197944251370886	0.33772460547542726
3.4276778654645046	0.3352882575407726
3.4355794789987466	0.33286748166696645
3.443499307633384	0.3304622485336852
3.451437393358563	0.32807252732199055
3.459393778261219	0.3256982856964388
3.4673685045253166	0.323339489787022
3.4753616144320576	0.32099610417095314
3.483373150360118	0.31866809185428
3.4914031547858606	0.3163554142533389
3.499451670283573	0.3140580311760343
3.5075187395256795	0.31177590080295725
3.5156044052829816	0.30950897966832525
3.523708710424871	0.30725722264075905
3.53183169791957	0.30502058290387823
3.5399734108343464	0.3027990119367308
3.548133892335755	0.30059245949403857
3.5563131856898527	0.29840087358627376
3.5645113342624426	0.2962242004595489
3.5727283815192883	0.294062384575335
3.5809643710263606	0.29191536858998984
3.5892193464500517	0.2897830933341114
3.5974933515574232	0.28766549779169986
3.6057864302164235	0.2855625190791402
3.6140986263961334	0.28347409242399085
3.6224299841669856	0.28140015114359096
3.630780547701014	0.27934062662346915
3.639150361272071	0.2772954482955689
3.6475394692560785	0.27526454361627234
3.6559479161312485	0.2732478380442366
3.664375746478333	0.2712452550180269
3.672823004980846	0.26925671593355816
3.681289736425315	0.2672821401213301
3.6897759857015027	0.2653214448234686
3.6982817978026628	0.26337454517055625
3.7068072178257596	0.2614413541582663
3.715352290971726	0.25952178262378356
3.7239170625456848	0.25761573922202347
3.732501577957206	0.2557231304016366
3.741105882720533	0.2538438603808072
3.7497300224548358	0.25197783112283395
3.758374042884441	0.2501249423115017
3.767037989839089	0.24828509132623064
3.77572190925416	0.24645817321701535
3.7844258471709336	0.2446440806791363
3.793149849736819	0.24284270402765765
3.801893963205613	0.2410539311716945
3.81065823393773	0.23927764758846332
3.8194427084004663	0.23749186433155428
3.8282474331682264	0.23569806316572559
3.8370724549227884	0.23391625555169826
3.8459178204535354	0.23214641869474462
3.8547835766577188	0.23038852864906326
3.8636697705406915	0.22864256030405747
3.8725764492161727	0.2269084873704834
3.8815036599064823	0.225186282366478
3.8904514499428067	0.2234759166034558
3.899419866765434	0.22177736017188354
3.908408957924021	0.220090581926921
3.9174187710778305	0.21841554947393726
3.926449353995999	0.2167522291538921
3.9355007545577743	0.21510058602859072
3.944573020752785	0.21346058386579986
3.953666200681279	0.21183218512423754
3.9627803425543955	0.21021535093842025
3.971915494694403	0.208610041103382
3.981071705534973	0.20701621405924903
3.9902490236214203	0.20543382687568398
3.9994474976109755	0.20386283523618404
4.008667176273028	0.20230319342224484
4.0179081084894	0.20075485429737788
4.027170343254591	0.19921776929098994
4.036453929676051	0.19769188838211516
4.045758916974426	0.19617716008300592
4.055085354483839	0.19467353142257363
4.0644332916521275	0.19318094792968754
4.073802778041128	0.1916993536163198
4.083193863326921	0.1902286909605465
4.09260659730011	0.18876890088939244
4.1020410298660686	0.18731992276153056
4.111497211045223	0.1858816943498216
4.120975190973302	0.18445415182370503
4.130475019901614	0.18303722973143036
4.139996748197304	0.18163086098213585
4.149540426343631	0.18023497682776432
4.1591061049402205	0.17884950684482506
4.168693834703355	0.17747437891598974
4.178303666466218	0.1761095192115323
4.187935651179185	0.17475485217060016
4.1975898399100755	0.1734103004823264
4.207266283844442	0.1720757850667707
4.216965034285822	0.17075122505569948
4.226686142656031	0.16943653777319118
4.2364296604954115	0.1681316387160786
4.24619563946313	0.16683644153421393
4.2559841313374305	0.16555085801056674
4.265795188015928	0.16427479804114367
4.275628861515862	0.16300816961473819
4.285485203974396	0.16173351570168681
4.295364267648873	0.16045201155367855
4.3052661049171075	0.15917954227220055
4.3151907682776525	0.1579160887614768
4.325138310350088	0.15666163103710737
4.335108783875289	0.1554161482155447
4.345102241715717	0.1541796185034736
4.355118736855686	0.1529520191870972
4.365158322401661	0.1517333266213234
4.375221051582521	0.1505235162188579
4.385306977749858	0.14932256243919492
4.395416154378245	0.14813043877751164
4.405548635065534	0.14694711775346153
4.4157044735331255	0.1457725708998682
4.425883723626267	0.14460676875131634
4.436086439314326	0.14344968083264226
4.446312674691089	0.14230127564731876
4.456562483975033	0.14116152066574006
4.466835921509633	0.14003038231339768
4.477133041763626	0.1389078259589541
4.487453899331323	0.13779381590220818
4.49779854893288	0.13668831536195433
4.508167045414603	0.13559128646373275
4.518559443749224	0.13450269022747216
4.528975799036209	0.1334224865550202
4.539416166502032	0.13235063421756627
4.549880601500488	0.13128709084294946
4.560369159512962	0.13023181290285807
4.570881896148752	0.12918475569991017
4.581418867145335	0.1281458733546265
4.591980128368688	0.12711511879228185
4.6025657358135605	0.12609244372964548
4.613175745603796	0.1250777986616005
4.623810213992603	0.12407113284764879
4.634469197362879	0.12307239429829332
4.645152752227495	0.12208152976130413
4.6558609352295885	0.12109848470786164
4.666593803142887	0.12012320331857748
4.677351412871981	0.1191556284693955
4.688133821452653	0.11819570171736453
4.698941086052153	0.11724336328629223
4.709773263969529	0.11629855205226688
4.720630412635905	0.11536120552905862
4.731512589614805	0.11443125985338776
4.7424198526024455	0.11350864977006861
4.753352259428054	0.11259330861701995
4.7643098680541565	0.11168516831014838
4.775292736576909	0.1107841593280961
4.786300923226383	0.10989021069685978
4.797334486366892	0.10900324997427166
4.808393484497285	0.10810964596382519
4.819477976251274	0.10721031575749093
4.830588020397726	0.10631766206324018
4.841723675840994	0.1054316694590439
4.8528850016212095	0.10455232185156364
4.864072056914616	0.10367960246824659
4.875284901033862	0.10281349384935329
4.886523593428336	0.1019539778399096
4.897788193684462	0.10110103558158949
4.909078761526032	0.10025464750452252
4.920395356814509	0.09941479331902954
4.9317380395493595	0.09858145200728212
4.943106869868354	0.09775460181488983
4.954501908047903	0.0969342202424094
4.96592321450336	0.09612028403678059
4.97737084978936	0.09531276918268257
4.9888448746001215	0.09451165089381607
5.000345349769786	0.09371690360410528
5.011872336272722	0.09292850095882313
5.0234258952238715	0.09214641580563558
5.035006087879047	0.09137062018556869
5.046612975635284	0.09060108532389254
5.05824662003114	0.08983778162092686
5.0699070827470445	0.08908067864276267
5.081594425605605	0.08832974511190363
5.093308710571955	0.08758494889782263
5.105049999754062	0.08684625700743667
5.116818355403078	0.08611363557549559
5.1286138399136485	0.08538704985488743
5.140436515824262	0.08466646420685696
5.152286445817564	0.08395184209113915
5.16416369272071	0.08324314605600383
5.176068319505676	0.08254033772821516
5.188000389289612	0.08184337780290014
5.199959965335159	0.08115222603333022
5.211947111050805	0.08046684122061121
5.223961889991197	0.0797871812032848
5.236004365857504	0.07911320284683636
5.248074602497725	0.07844486203311338
5.2601726639070625	0.07778211364964886
5.2722986142282275	0.07712491157889355
5.284452517751805	0.07647320868735176
5.296634438916578	0.07582695681462448
5.308844442309884	0.07518610676235478
5.321082592667942	0.07455060828307881
5.333348954876211	0.07392041006897762
5.345643593969716	0.07329545974053324
5.357966575133418	0.07267570383508327
5.370317963702527	0.07206108779527952
5.382697825162884	0.07145155595744233
5.3951062251512765	0.07083668252930511
5.4075432294558095	0.07021716870663637
5.420008904016238	0.06960250024893506
5.432503314924333	0.06899266517179536
5.445026528424211	0.06838765099509277
5.4575786109127105	0.0677874447371754
5.470159628939716	0.06719203290900597
5.482769649208539	0.06660140150824828
5.495408738576246	0.06601553601330314
5.508076964054036	0.06543442137728836
5.520774392807573	0.06485804202196717
5.533501092157368	0.06428638183161971
5.546257129579107	0.06371942414686217
5.559042572704037	0.06315715175840843
5.5718574893192985	0.06259954690077793
5.584701947368309	0.06204659124594548
5.597576014951102	0.06149826589693627
5.610479760324706	0.06095455138136223
5.623413251903491	0.06041542764490212
5.6363765582595455	0.059880874044722594
5.649369748123025	0.05935086934284165
5.6623928903825345	0.05882539169943244
5.675446054085471	0.05830441866606855
5.688529308438416	0.05778792717890814
5.701642722807475	0.05727589355181942
5.714786366718672	0.05676829346944338
5.727960309858292	0.0562651019801972
5.741164622073277	0.05576629348921388
5.7543993733715695	0.05527184175122155
5.767664633922509	0.05478171986335802
5.780960474057181	0.05429590025792387
5.794286964268812	0.053814354695070316
5.807644175213121	0.053337054255423705
5.821032177708716	0.05286396933264453
5.834451042737448	0.052395069625922
5.847900841444809	0.05193032413240134
5.861381645140288	0.051469701139546645
5.874893525297769	0.05101316821743468
5.88843655355589	0.05056069221098347
5.902010801718445	0.050112239232110764
5.91561634175474	0.04966777465182602
5.9292532458	0.04922726309225155
5.942921586155727	0.04879066841857558
5.956621435290106	0.04835795373093392
5.970352865838369	0.0479290813562222
5.984115950603199	0.04750401283983539
5.997910762555095	0.047082708937337056
6.011737374832782	0.046665129606054824
6.025595860743578	0.04625123399660396
6.0394862937638	0.04584098044433668
6.0534087475391365	0.04542666521499697
6.067363295885055	0.045008805861488074
6.08135001278718	0.044594410500617895
6.095368972401694	0.04418346974977934
6.109420249055721	0.043775973862530126
6.123503917247737	0.04337191272435778
6.137620051647943	0.04297127584840736
6.151768727098683	0.04257405237116998
6.165950018614822	0.04218023104813373
6.180164001384161	0.04178980024939443
6.1944107507678146	0.04140274795522844
6.208690342300634	0.04101906175162459
6.223002851691596	0.04063872882577714
6.237348354824191	0.04026173596153853
6.251726927756859	0.03988806953483058
6.266138646723353	0.039517715509016324
6.2805835881331795	0.03915065943022917
6.295061828571975	0.03878688642266183
6.309573444801933	0.03842638118381237
6.324118513762193	0.03806912797968897
6.33869711256927	0.03771511063997116
6.353309318517436	0.037364312553129435
6.367955209079159	0.0370167166615003
6.382634861905486	0.036672305456319096
6.397348354826482	0.03633106097270774
6.412095765851615	0.03599296478461934
6.4268771731701975	0.03565799799973696
6.441692655151772	0.035326141254329
6.456542290346556	0.03499737470805749
6.471426157485831	0.03467167803874251
6.486344335482385	0.03434903043707882
6.501296903430906	0.034029410601307764
6.516283940608428	0.03371279673184102
6.531305526474723	0.03339916652583823
6.546361740672751	0.03308849717173626
6.561452663029053	0.03278076534373153
6.576578373554206	0.03247594719621303
6.591738952443213	0.03217401835814767
6.606934480075961	0.03187495392741565
6.622165037017619	0.03157872846509743
6.637430704019089	0.03128531598970978
6.652731562017413	0.03099468997139272
6.668067692136222	0.03070682332604479
6.6834391756861455	0.030421688409408287
6.698846094165265	0.030139257011102257
6.714288529259523	0.0298595003486044
6.729766562843179	0.029582389061180003
6.745280276979219	0.02930789320375909
6.760829753919819	0.029035982240759536
6.77641507610675	0.02876662503985774
6.792036326171846	0.028494156239432484
6.807693586937414	0.028218955928304538
6.823386941416698	0.027946176974437104
6.839116472814292	0.027675811995412487
6.8548822645266165	0.02740785334432112
6.870684400142321	0.02714229310670966
6.886522963442762	0.02687912309750049
6.902398038402419	0.026618334857884677
6.918309709189366	0.026359919652186294
6.934258060165691	0.026103868464699597
6.9502431758879695	0.025850171996497185
6.966265141107686	0.025598820662210434
6.982324040771715	0.025349804586780565
6.998419960022734	0.025103113602181603
7.014552984199714	0.024858737244113322
7.030723198838334	0.024616664748665727
7.046930689671471	0.02437688504895313
7.06317554262962	0.02413938677171907
7.07945784384138	0.023904158233910556
7.095777679633888	0.023671187439222606
7.112135136533292	0.023440462074611642
7.128530301265195	0.023211969506778694
7.1449632607551345	0.022985696778620855
7.16143410212902	0.02276163060565224
7.177942912713619	0.02253975737239266
7.194489780036995	0.022320063128725205
7.211074791828998	0.022102533586221013
7.227698036021702	0.02188715411443261
7.2443596007499025	0.021673909737153843
7.261059574351547	0.021462785128647834
7.277798045368242	0.021253764609840988
7.294575102545687	0.021046832144484575
7.311390834834176	0.020841971335281817
7.3282453313890406	0.020639165419981998
7.345138681571151	0.02043839726743956
7.362070974947361	0.020239649373639614
7.379042301291012	0.0200429038576881
7.396052750582378	0.0198481424577675
7.413102413009177	0.01965534652705691
7.430191378967014	0.01946449702961705
7.447319739059893	0.019275574536238963
7.464487584100665	0.019088559220257227
7.481695005111545	0.018903430853326155
7.498942093324558	0.018720168801160127
7.516228940182057	0.018538752019236132
7.533555637337174	0.018359159048459944
7.550922276654341	0.018181368010793966
7.568328950209744	0.018005356604848023
7.58577575029184	0.01783110210143134
7.603262769401819	0.017658581339066788
7.620790100254123	0.017483547292249737
7.638357835776907	0.01730628511523992
7.655966069112566	0.01713065804371038
7.67361489361819	0.016956660783253415
7.691304402866098	0.01678428785720375
7.709034690644301	0.016613533604545077
7.726805850957025	0.01644439217779719
7.744617978025188	0.01627685754088485
7.76247116628692	0.016110923466987146
7.78036551039804	0.015946583536368165
7.798301105232589	0.015783831134187767
7.816278045883297	0.015622659448293559
7.83429642766212	0.015463061466992611
7.852356346100718	0.015305029976803868
7.870457896950989	0.015148557560190224
7.888601176185544	0.01499363659327092
7.906786279998253	0.014840259243513143
7.925013304804718	0.014688417467403849
7.943282347242818	0.01453810300810029
7.961593504173188	0.014389307393060465
7.979946872679768	0.014242021931652062
7.9983425500702845	0.014096237712740814
8.016780633876794	0.013951945602257172
8.035261221856173	0.01380913624074195
8.05378441199067	0.013667800040869989
8.072350302488383	0.013527927184952505
8.090958991783825	0.01338950762241694
8.109610578538408	0.01325253106726532
8.128305161640995	0.013116986995509755
8.147042840208396	0.01298286464258599
8.165823713585926	0.012850153000743804
8.1846478813479	0.012718840816415087
8.203515443298185	0.01258891658755849
8.222426499470712	0.012460368560981231
8.241381150130026	0.012333184729637197
8.260379495771788	0.012207352829901907
8.279421637123345	0.012082860338823227
8.298507675144226	0.011959694471348712
8.317637711026709	0.011837842177528314
8.336811846196344	0.011717290139693146
8.356030182312479	0.011598024769609649
8.375292821268827	0.011480032205608903
8.394599865193973	0.011363298309691358
8.413951416451951	0.011247808664606115
8.433347577642753	0.011133548570905302
8.452788451602899	0.011020503043972634
8.472274141405963	0.010908656811026552
8.491804750363139	0.010797994308097254
8.511380382023763	0.010688499676977867
8.531001140175896	0.010580156762149075
8.550667128846833	0.0104700174594475
8.570378452303697	0.01035827963315452
8.590135215053957	0.010247624838554462
8.609937521846007	0.010138049333783235
8.629785477669701	0.010029549253418833
8.649679187756934	0.009922120607068827
8.669618757582166	0.00981575927794556
8.689604292863018	0.009710461021428212
8.709635899560805	0.009606221463612492
8.729713683881117	0.00950303609984708
8.74983775227436	0.009400900293257363
8.770008211436348	0.00929980927325575
8.790225168308842	0.009199758134039083
8.810488730080142	0.009100741833072424
8.830799004185627	0.009002755189559727
8.851156098308357	0.008905792882900634
8.871560120379607	0.008809849451134012
8.892011178579486	0.008714919289367302
8.912509381337454	0.008620996648192452
8.933054837332953	0.008528075632087502
8.953647655495937	0.008436150197804372
8.974287945007486	0.008345214152742215
8.994975815300352	0.008255261153306711
9.01571137605957	0.008166284703254655
9.036494737223014	0.00807827815202432
9.057326008982002	0.007991234693050872
9.078205301781857	0.007905147362067265
9.099132726322518	0.00782000903539004
9.120108393559097	0.00773581242819033
9.141132414702504	0.007652550092749502
9.162204901219997	0.007570214416699856
9.183325964835811	0.007488797621249612
9.204495717531712	0.007408291759392769
9.225714271547634	0.00732868871410301
9.246981739382225	0.007249980196512239
9.268298233793494	0.007172157744072855
9.289663867799362	0.007095212718704492
9.311078754678306	0.007019136304924202
9.33254300796991	0.006943919507960828
9.354056741475521	0.006869553151852636
9.375620069258803	0.006796027877528759
9.39723310564638	0.006723334140873802
9.418895965228414	0.00665146221077585
9.440608762859236	0.006580402167157448
9.462371613657929	0.00651014389898975
9.484184633008974	0.006440677102289242
9.506047936562814	0.006371991278097522
9.527961640236521	0.006304075730443296
9.549925860214358	0.0062369195642871505
9.571940712948447	0.0061705116834483145
9.594006315159332	0.006102830879053347
9.616122783836648	0.006034012790304938
9.638290236239705	0.005965895853557329
9.660508789898136	0.005898477494442887
9.68277856261249	0.005831755056758477
9.7050996724549	0.0057657258015342844
9.727472237769652	0.00570038690609463
9.749896377173872	0.005635735463110178
9.772372209558107	0.005571768479641907
9.79489985408699	0.005508482876176455
9.817479430199844	0.00544587548565304
9.84011105761134	0.005383943052481598
9.862794856312105	0.0053226822315523845
9.885530946569391	0.005262089587236661
9.908319448927676	0.005202161592378686
9.93116048420934	0.005142894627278664
9.954054173515269	0.005084284978666866
9.977000638225535	0.005026328838668526
10.	0.004969022303759832
10.023052380778994	0.004912361373714502
10.046157902783957	0.004856341950541213
10.069316688518045	0.004800959837411801
10.092528860766844	0.004746210737579737
10.115794542598982	0.0046920902532894175
10.1391138573668	0.004638593884675726
10.16248692870696	0.004585717028654099
10.18591388054117	0.004533454977800631
10.209394837076797	0.004481802919222637
10.232929922807546	0.00443075593341918
10.256519262514079	0.004380308993131834
10.280162981264736	0.004330456962185132
10.303861204416158	0.004281194594317187
10.32761405761398	0.004232516531999925
10.351421666793442	0.0041844173052492835
10.375284158180126	0.004136891330424736
10.39920165829059	0.004089932909018652
10.423174293933046	0.004043536226435045
10.447202192208003	0.0039976953507577725
10.471285480508996	0.003952404231507934
10.495424286523221	0.00390765669839064
10.519618738232236	0.0038634464600308506
10.543868963912592	0.0038197671026983884
10.568175092136585	0.003776612089021719
10.592537251772887	0.0037339747566908508
10.616955571987253	0.00369184831714889
10.641430182243164	0.003650225854272449
10.665961212302578	0.003609100323040477
10.690548792226577	0.0035684645481918204
10.71519305237607	0.00352831122287114
10.739894123412451	0.0034886329072632634
10.76465213629835	0.003448069833042481
10.789467222298287	0.0034067132834459603
10.814339512979387	0.0033658001243126318
10.83926914021204	0.003325328658732048
10.864256236170656	0.003285297137247385
10.889300933334333	0.0032457037572597605
10.91440336448757	0.003206546662427167
10.939563662720943	0.003167823942058164
10.964781961431852	0.0031295336305000054
10.990058394325208	0.0030916737065215336
11.015393095414156	0.0030542420926904608
11.040786199020735	0.0030172366547453018
11.066237839776663	0.002980655200961519
11.091748152624008	0.002944495481512278
11.117317272815919	0.0029087551878234316
11.142945335917304	0.002873431951922926
11.168632477805613	0.0028385233457843047
11.194378834671515	0.0028040268806645867
11.220184543019629	0.002769940006436251
11.24604973966927	0.0027362601109133192
11.271974561755105	0.0027029845191716435
11.297959146727976	0.002670110492863012
11.324003632355566	0.0026376352295234425
11.350108156723154	0.002605555861875306
11.37627285823431	0.002573869457123404
11.402497875611685	0.002542573016244795
11.428783347897712	0.0025116634732724884
11.45512941445536	0.002481137694572862
11.481536214968829	0.0024509924781168035
11.508003889444357	0.0024212245527443902
11.534532578210918	0.0023918305774232916
11.561122421920993	0.0023628071405006087
11.587773561551263	0.0023341507589483283
11.614486138403427	0.00230585787760204
11.641260294104908	0.002277924868393202
11.66809617060963	0.002250348029574651
11.694993910198711	0.002223123584939473
11.721953655481304	0.0021962476830329875
11.748975549395292	0.0021697163963580127
11.776059735208078	0.0021435257205731986
11.803206356517299	0.0021176715736844847
11.830415557251646	0.0020921497952294723
11.857687481671597	0.002066956145454852
11.88502227437019	0.0020420863044866757
11.91242008027375	0.0020175358714935396
11.93988104464273	0.001993300363842449
11.967405313072431	0.001969375216247532
11.994993031493793	0.0019457557799113488
12.02264434617413	0.0019224373216589045
12.050359403717973	0.0018994150230641031
12.078138351067798	0.0018758111205667556
12.10598133550483	0.0018516845239378286
12.133888504649775	0.00182783363208321
12.161860006463678	0.0018042573360845097
12.189895989248662	0.0017809544937219734
12.217996601648723	0.0017579239290984876
12.246161992650489	0.0017351644322602922
12.274392311584071	0.001712674758814243
12.30268770812381	0.0016904536295417815
12.331048332289097	0.001668499730009412
12.359474334445107	0.001646811710175809
12.387965865303691	0.00162538818399534
12.416523075924106	0.0016042277290182004
12.445146117713856	0.0015833288859869355
12.473835142429433	0.0015626901584294914
12.5025903021772	0.001542310012248571
12.531411749414156	0.001522186875307461
12.560299636948754	0.0015023191370121865
12.589254117941675	0.001482705147890021
12.618275345906707	0.001463343219164219
12.64736347471151	0.0014442316223251166
12.67651865857846	0.0014253685886973925
12.705741052085418	0.0014067523090036172
12.735030810166617	0.0013883809329238864
12.764388088113435	0.001370252568651687
12.793813041575252	0.001352365282445836
12.823305826560219	0.0013347170981785517
12.852866599436155	0.0013173059968795192
12.882495516931336	0.0013001299162760298
12.912192736135347	0.001283186750329103
12.941958414499863	0.0012664743487655937
12.971792709839558	0.001249990516606167
13.001695780332899	0.001233733013689243
13.031667784523	0.0012176995541907647
13.061708881318419	0.001201887806139843
13.09181922999407	0.0011862953909301318
13.121998990192028	0.0011709198828270416
13.15224832192239	0.001155758808470649
13.182567385564074	0.0011408096463743434
13.212956341865752	0.0011260698264190748
13.243415351946643	0.0011115367293433073
13.273944577297401	0.0010972076862285206
13.304544179780914	0.0010830799779803222
13.33521432163324	0.0010691508348050277
13.365955165464419	0.0010554174356817872
13.396766874259358	0.001041876907830141
13.427649611378643	0.0010285263261730366
13.458603540559483	0.0010153627127951622
13.489628825916533	0.0010023830363967011
13.52072563194278	0.0009895842117423573
13.551894123510364	0.0009764152311812796
13.583134465871542	0.0009629130089332465
13.614446824659497	0.0009495786143652122
13.645831365889252	0.0009364112888598557
13.677288255958494	0.0009234102524579245
13.708817661648537	0.0009105747036193951
13.740419750125149	0.000897903818982587
13.772094688939474	0.0008853967531211081
13.803842646028853	0.0008730526382986908
13.83566378971781	0.0008608705842218012
13.867558288718882	0.0008488496777901312
13.89952631213354	0.0008369889828448568
13.931568029453036	0.0008252875399147039
13.963683610559377	0.0008137443659597423
13.995873225726179	0.0008023584541129679
14.028137045619589	0.0007911287734195943
14.060475241299143	0.0007800542685740781
14.092887984218748	0.0007691338596547942
14.12537544622754	0.0007583664418564415
14.157937799570824	0.0007477508852200646
14.190575216890926	0.0007372860343607547
14.223287871228198	0.0007269707081929171
14.25607593602188	0.000716803699653191
14.288939585111036	0.0007067837754209252
14.321878992735439	0.0006969096756362342
14.35489433353656	0.0006871801136155716
14.387985782558452	0.0006775937755648528
14.421153515248696	0.0006681493202900765
14.45439770745928	0.0006588453789054379
14.487718535447618	0.0006496805545388795
14.52111617587742	0.0006406534220351256
14.554590805819668	0.0006317625276561123
14.58814260275349	0.0006230063887788538
14.621771744567184	0.0006143834935906495
14.655478409559112	0.000605892300781697
14.689262776438676	0.0005975312392350207
14.723125024327194	0.0005892987077137504
14.757065332758946	0.0005811930745456626
14.791083881682072	0.0005732126773050349
14.825180851459544	0.0005653558224917413
14.859356422870075	0.0005576207852076048
14.893610777109155	0.0005500058088299293
14.92794409578996	0.0005425091046822593
14.962356560944343	0.0005351288517022923
14.99684835502374	0.0005278631961069573
15.031419660900225	0.0005207102510545896
15.066070661867418	0.0005136680963042412
15.100801541641477	0.0005067347778720569
15.135612484362087	0.0004999083076847066
15.170503674593368	0.0004931866632298727
15.205475297324954	0.0004862029529750015
15.240527537972907	0.00047898179370813173
15.275660582380732	0.0004718568922664126
15.310874616820303	0.0004648277815574519
15.346169827992941	0.0004578939818436213
15.381546403030342	0.00045105500060137747
15.4170045294956	0.00044431033237931895
15.452544395384141	0.0004376594586550147
15.488166189124811	0.00043110184769053444
15.523870099580817	0.0004246369543867412
15.55965631605075	0.00041826422013628215
15.595525028269538	0.0004119830726753036
15.631476426409538	0.0004057929259338369
15.667510701081484	0.00039969317988489806
15.70362804333553	0.00039368322039224577
15.739828644662197	0.0003877624190568261
15.776112696993485	0.0003819301330618403
15.812480392703826	0.00037618570501648835
15.848931924611142	0.0003705284627983283
15.88546748597779	0.00036495771939427533
15.9220872705117	0.0003594727727401866
15.95879147236732	0.00035407290555907465
15.995580286146694	0.0003487573851978926
16.032453906900418	0.000343525463462917
16.069412530128773	0.00033837637645367177
16.106456351782697	0.00033330934439543324
16.143585568264868	0.00032832357147026504
16.18080037643066	0.0003234182456466036
16.218100973589298	0.00031859253850733917
16.255487557504836	0.00031384560507643117
16.292960326397232	0.00030917658364401114
16.330519478943348	0.00030458459558997946
16.368165214278086	0.00030006874520606213
16.40589773199539	0.00029562811951634786
16.443717232149325	0.0002912617880962634
16.481623915255085	0.00028696880289000065
16.51961798229015	0.000282748198026349
16.557699634695275	0.0002785989896329626
16.595869074375614	0.0002745201756490149
16.634126503701697	0.00027051073563625586
16.672472125510627	0.0002665696305884243
16.71090614310707	0.0002626958027390444
16.749428760264383	0.0002588881753675587
16.788040181225607	0.0002551456526038131
16.82674061070467	0.00025146711923084407
16.865530253887407	0.00024785144048599837
16.90440931643265	0.0002442974618603402
16.94337800447329	0.0002408040088963499
16.982436524617444	0.0002373698869838811
17.0215850839495	0.00023399388115439025
17.060823890031244	0.00023045540802231357
17.10015315090288	0.000226769269568804
17.139573075084254	0.0002231361011324026
17.179083871575877	0.0002195556243369727
17.21868574986008	0.0002160275535734146
17.25837891990204	0.0002125515959196986
17.298163592151013	0.0002091274510601793
17.338039977541374	0.00020575481120421515
17.378008287493763	0.00020243336100406423
17.418068733916144	0.00019916277747206518
17.458221529205037	0.00019594272989707787
17.498466886246565	0.00019277287976020576
17.53880501841762	0.00018965288064977265
17.579236139586932	0.0001865823781755576
17.619760464116293	0.0001835610098822744
17.66037820686164	0.000180588405162299
17.70108958317422	0.00017766418516763352
17.741894808901662	0.0001747879627211065
17.78279410038923	0.00017195934222678642
17.82378767448089	0.00016917791957962632
17.864875748520518	0.0001664432820743164
17.906058540352948	0.0001637550083133494
17.947336268325266	0.00016111266811427296
17.988709151287875	0.00015851582241615254
18.030177408595698	0.00015596402318521105
18.071741260109274	0.00015345681331965924
18.113400926196025	0.00015099372655368964
18.15515662773135	0.00014857428736064966
18.197008586099845	0.00014619801085537104
18.238957023196384	0.00014386440269566016
18.281002161427427	0.000141572958982927
18.323144223712113	0.00013932316616196752
18.365383433483473	0.00013711450091987408
18.407720014689563	0.00013494643008407964
18.450154191794738	0.0001328184105195171
18.492686189780777	0.00013072988902489887
18.535316234148123	0.00012868030222810126
18.57804455091699	0.00012666907648065508
18.620871366628677	0.00012469562775131873
18.663796908346693	0.0001227593615187502
18.706821403658015	0.00012085967266324969
18.74994508067419	0.00011899594535758222
18.793168168032686	0.00011716755295685545
18.836490894898002	0.0001153738578874638
18.879913490962945	0.00011361421153507728
18.92343618644976	0.0001118879541316788
18.967059212111465	0.00011019441464162785
19.010782799232995	0.0001085329106467608
19.054607179632484	0.00010690274823050486
19.098532585662387	0.00010530322186101131
19.14255925021086	0.00010360506834786275
19.18668740670289	0.00010181696932436619
19.230917289101594	0.00010005651194753674
19.275249131909366	0.00009832354086306703
19.31968317016924	0.00009661789681247907
19.364219639466068	0.00009493941659018813
19.408858775927794	0.00009328793300018577
19.453600816226633	0.00009166327481234656
19.498445997580454	0.00009006526671834306
19.543394557753942	0.00008849372928718359
19.58844673505991	0.00008694847892035438
19.633602768360475	0.00008542932780657396
19.67886289706845	0.00008393608387614464
19.724227361148536	0.00008246855075491209
19.76969640111862	0.00008102652771781929
19.81527025805099	0.00007960980964205781
19.860949173573715	0.00007821818695980555
19.906733389871864	0.00007685144561055852
19.952623149688808	0.00007550936699304412
19.998618696327448	0.00007419172791671931
20.044720273651613	0.00007289830055284214
20.090928126087277	0.00007162885238512356
20.137242498623895	0.00007038314615994798
20.183663636815616	0.00006916093983616524
20.23019178678272	0.0000679619865344424
20.276827195212817	0.00006678603448618212
20.32357010936221	0.00006563282698199692
20.37042077705719	0.00006450210231973755
20.417379446695296	0.00006339359375207559
20.46444636724674	0.00006230702943362795
20.511621788255646	0.00006124213236763083
20.558905959841425	0.000060198620352150646
20.606299132700006	0.00005917620592583552
20.65380155810529	0.00005817459631319411
20.701413487910415	0.00005719349336940906
20.749135174549107	0.000056232593524674124
20.79696687103696	0.00005529158772805451
20.844908830972887	0.000054370161390862754
20.892961308540386	0.00005346799432955208
20.941124558508935	0.00005258476070811895
20.989398836235246	0.00005172012898001456
21.03778439766475	0.000050873761829555
21.086281499332888	0.00005004531611283467
21.134890398366476	0.00004923444279813315
21.183611352485023	0.00004844078690581431
21.23244462000219	0.000047663987447710277
21.28139045982711	0.000046903677365991125
21.330449131465773	0.000046159483471512516
21.379620895022324	0.00004543102638163995
21.428906011200585	0.000044717920457540746
21.47830474130533	0.00004394921172728314
21.527817347243737	0.00004312966764122423
21.57744409152667	0.00004232383668894249
21.6271852372702	0.000041531635731160314
21.67704104819694	0.000040752979612658155
21.727011788637455	0.00003998778114023268
21.77709772353159	0.000039235951060462826
21.827299118430012	0.00003849739803727815
21.87761623949552	0.000037772028629334225
21.9280493535045	0.000037059747267187655
21.978598727848254	0.0000363604562302738
22.02926463053456	0.000035674055623680186
22.080047330188993	0.00003500044335472042
22.13094709605639	0.00003433951510930205
22.181964198002195	0.00003369116432808994
22.23309890651403	0.00003305528218245953
22.28435149270303	0.000032431757550243633
22.335722228305325	0.00003182047699126697
22.3872113856834	0.00003122132472266928
22.438819237827662	0.00003063418259401217
22.490546058357804	0.000030058930062172442
22.542392121524305	0.00002949544416601638
22.59435770220978	0.00002894359950085617
22.646443075930595	0.000028403268192682742
22.698648518838212	0.000027874319872178635
22.750974307720718	0.000027356621648504663
22.803420720004187	0.000026850038082861577
22.8559880337543	0.00002635443116182164
22.908676527677724	0.00002586966027043237
22.961486481123632	0.00002539558216508742
23.01441817408509	0.000024932050946165202
23.06747188720069	0.000024478918030430095
23.12064790175594	0.000024036032123198292
23.173946499684796	0.000023603239190264055
23.227367963571073	0.00002318038242958529
23.280912576650078	0.000022767302242725145
23.33458062281002	0.000022363836206050383
23.38837238659356	0.0000219698190416822
23.442288153199225	0.00002158508258819933
23.49632820848307	0.000021209455771089075
23.55049283896009	0.000020842764572947388
23.604782331805783	0.000020484832003423675
23.65919697485759	0.000020135478068909942
23.71373705661655	0.0000197945197419699
23.76840286624876	0.00001946177093050917
23.823194693586913	0.000019137042446682213
23.878112829131783	0.000018820141975535074
23.933157564053875	0.000018510874043380655
23.9883291901949	0.000018209039985906145
24.043628000069347	0.000017914437916009097
24.099054286865954	0.000017589927034655265
24.154608344449404	0.00001723800294316756
24.210290467361776	0.000016892453657016416
24.266100950824168	0.00001655323584714224
24.32204009073816	0.000016220305184647113
24.378108183687527	0.00001589361632995337
24.434305526939713	0.000015573122921868893
24.49063241844747	0.00001525877756655589
24.547089156850312	0.000014950531826404461
24.603676041476273	0.000014648336208807616
24.660393372343385	0.000014352140154839803
24.717241450161318	0.000014061892027836296
24.774220576332862	0.000013777539101873694
24.831331052955704	0.000013499027550149276
24.888573182823905	0.000013226302433260437
24.94594726942956	0.000012959307687382021
25.003453616964322	0.0000126979861123413
25.06109253032114	0.000012442279359589053
25.118864315095795	0.000012192127920067117
25.17676927758857	0.000011947471111970625
25.234807724805755	0.000011708247068404944
25.29297996446145	0.000011474392724934886
25.35128630497907	0.000011245843807027635
25.409727055493065	0.000011022534817386546
25.46830252585042	0.000010804399023176516
25.527013026612472	0.000010591368443138213
25.58585886905645	0.000010383373834592523
25.64484036517719	0.00001018034468033241
25.703957827688647	9.982209175402978e-6
25.763211570025756	9.788894213766837e-6
25.82260190634596	9.600325374856032e-6
25.88212915153093	9.416426910008164e-6
25.94179362118815	9.23712172878662e-6
26.001595631652723	9.062331385183036e-6
26.06153549998895	8.891976063702387e-6
26.12161354399208	8.725974565328557e-6
26.18183008218986	8.564244293370595e-6
26.24218543384442	8.406701239187206e-6
26.302679918953814	8.253259967790283e-6
26.363313858253814	8.103833603325157e-6
26.424087573219474	7.958333814427591e-6
26.485001386067008	7.816670799455376e-6
26.54605561975539	7.678753271594912e-6
26.607250597988113	7.544488443840814e-6
26.668586645214805	7.413782013848137e-6
26.730064086633117	7.286538148655438e-6
26.791683248190314	7.162659469278793e-6
26.85344445658509	7.042047035174742e-6
26.915348039269166	6.924600328571972e-6
26.977394324449207	6.81021723866965e-6
27.039583641088434	6.6795186947833865e-6
27.101916318908415	6.533810486027221e-6
27.164392688390837	6.390728845031417e-6
27.227013080779127	6.250254771877713e-6
27.289777828080403	6.112368838744952e-6
27.35268726306711	5.977051185289128e-6
27.415741719278834	5.844281513982779e-6
27.478941531023974	5.714039085413975e-6
27.542287033381662	5.586302713543913e-6
27.605778562203447	5.4610507609236956e-6
27.669416454115126	5.338261133869182e-6
27.73320104651841	5.21791127759423e-6
27.797132677592884	5.099978171301136e-6
27.861211686297693	4.9844383232289906e-6
27.925438412373392	4.871267765658737e-6
27.98981319634363	4.760442049875339e-6
28.05433637951713	4.65193624108572e-6
28.119008303989396	4.5457249132932864e-6
28.18382931264455	4.4417821441278715e-6
28.248799749157076	4.34008150963121e-6
28.31391995799379	4.240596078996971e-6
28.37919028441555	4.143298409265949e-6
28.44461107447917	4.048160539975112e-6
28.510182675039097	3.955153987760965e-6
28.575905433749465	3.86424974091592e-6
28.641779699065797	3.7754182538983466e-6
28.70780582024692	3.688629441795148e-6
28.773984147356696	3.603852674737063e-6
28.84031503126606	3.5210567722655545e-6
28.906798823654746	3.440209997651927e-6
28.973435877013245	3.361280052167357e-6
29.04022654464451	3.2842340693042424e-6
29.10717118066605	3.209038608947605e-6
29.17427014001166	3.1356596514970874e-6
29.24152377843337	3.064062591938502e-6
29.308932452503214	2.9942122338649162e-6
29.376496519615305	2.9260727834464248e-6
29.4442163379876	2.8596078433488186e-6
29.51209226666387	2.794780406600237e-6
29.580124665515466	2.7315528504057695e-6
29.648313895243422	2.6698869299091374e-6
29.716660317380253	2.6097437719015944e-6
29.78516429429191	2.5510838684772327e-6
29.853826189179603	2.4938670706345214e-6
29.92264636608189	2.4380525818233332e-6
29.9916251898765	2.3835989514374417e-6
30.060763026282324	2.33046406825179e-6
30.13006024186122	2.278605153804255e-6
30.19951720402016	2.2279787557211878e-6
30.269134281013045	2.17854074098673e-6
30.338911841942718	2.1302462891551117e-6
30.4088502567628	2.0830498855057153e-6
30.47894989627983	2.036905314140181e-6
30.549211132155122	1.9917656510214386e-6
30.61963433690679	1.947583256953986e-6
30.69021988391158	1.9043097705051037e-6
30.76096814740708	1.861896100866278e-6
30.831879502493535	1.820292420654765e-6
30.90295432513592	1.7794481586544959e-6
30.97419299216581	1.7393119924960808e-6
31.045595881283557	1.6998318412751807e-6
31.11716337106017	1.660954858109066e-6
31.188895840939384	1.6226274226306631e-6
31.260793671239558	1.5847951334197655e-6
31.332857243155857	1.5474028003706828e-6
31.405086938762164	1.5103944369961327e-6
31.477483141013174	1.4737132526666587e-6
31.550046233746276	1.4373016447852432e-6
31.622776601683793	1.401101190896354e-6
31.6956746304349	1.365052640729255e-6
31.768740706497724	1.3290959081747997e-6
31.841975217261254	1.2931700631954042e-6
31.915378551007617	1.2572133236673827e-6
31.988951096913972	1.2211630471555224e-6
32.062693245054675	1.1849557226190102e-6
32.13660538640318	1.1485269620484756e-6
32.210687912834345	1.1118114920333048e-6
32.284941217126345	1.0747431452589994e-6
32.35936569296285	1.0372548519338284e-6
32.43396173493493	9.992786311443952e-7
32.50872973854344	9.607455821392718e-7
32.58367010020087	9.215858755405639e-7
32.6587832172336	8.817287444825034e-7
32.73406948788383	8.411024756767375e-7
32.809529311311906	7.996344004034981e-7
32.88516308759829	7.572508854283732e-7
32.960971217745794	7.138773238438736e-7
33.03695410368149	6.694381258354317e-7
33.11311214825911	6.238567093709034e-7
33.18944575526103	5.770554908134246e-7
33.26595532940047	5.289558754566825e-7
33.342641276323505	4.79478247982248e-7
33.419504002611426	4.285419628380853e-7
33.49654391578276	3.760653345379721e-7
33.57376142429548	3.2196562788095305e-7
33.65115693754908	2.6615904809044293e-7
33.72873086588689	2.0856073087200002e-7
33.80648362059815	1.490847323896125e-7
33.884415613920275	8.764401915948598e-8
33.962527259040854	2.415045786103861e-8