0.1	15.399448866757384
0.10023052380778996	15.382883868267085
0.10046157902783952	15.366312292422464
0.10069316688518042	15.349734150052177
0.10092528860766845	15.333149451298643
0.10115794542598985	15.316558205607398
0.10139113857366794	15.2999604217164
0.10162486928706957	15.283356107645158
0.1018591388054117	15.266745270683819
0.102093948370768	15.250127917382047
0.10232929922807542	15.233504053537953
0.10256519262514076	15.216873684186735
0.10280162981264736	15.20023681358932
0.10303861204416162	15.183585000003525
0.10327614057613975	15.166921050086122
0.10351421666793438	15.150250563800387
0.10375284158180126	15.133573576220545
0.10399201658290592	15.11689012206074
0.10423174293933042	15.100200235667543
0.10447202192208001	15.083503951012307
0.10471285480508996	15.066801301683489
0.10495424286523224	15.050092320878889
0.1051961873823223	15.033377041397797
0.1054386896391259	15.01665549563304
0.10568175092136585	14.99992771556298
0.10592537251772889	14.983193732743409
0.10616955571987247	14.966453578299351
0.10641430182243161	14.949707282916778
0.10665961212302578	14.93295487683427
0.1069054879222658	14.916196389834536
0.10715193052376065	14.899431851235898
0.10739894123412448	14.882661289883645
0.1076465213629835	14.865884734141323
0.10789467222298288	14.849102211881908
0.1081433951297938	14.832313750478932
0.10839269140212036	14.815519376797457
0.10864256236170655	14.798719117185016
0.10889300933334335	14.781912997462404
0.10914403364487565	14.765101042914427
0.10939563662720939	14.7482832782805
0.1096478196143185	14.731459727745207
0.10990058394325211	14.714630414928717
0.11015393095414151	14.697795362877123
0.11040786199020733	14.68095459405268
0.11066237839776664	14.66410813032395
0.11091748152624012	14.647255992955802
0.11117317272815914	14.630398202599398
0.11142945335917301	14.61353477928199
0.11168632477805612	14.596665742396654
0.11194378834671516	14.579791110691916
0.11220184543019636	14.562910902261288
0.11246049739669266	14.54602513453264
0.11271974561755105	14.529133824257558
0.11297959146727979	14.512236987500504
0.11324003632355571	14.495334639627902
0.11350108156723152	14.478426795297166
0.1137627285823431	14.46151346844552
0.11402497875611688	14.444594672278772
0.11428783347897718	14.427670419259961
0.11455129414455358	14.410740721097904
0.1148153621496883	14.393805588735574
0.11508003889444356	14.376865032338452
0.11534532578210924	14.359919061282676
0.11561122421920987	14.342957674262578
0.11587773561551262	14.325984202517828
0.11614486138403426	14.309005288249901
0.11641260294104915	14.292020977887812
0.11668096170609624	14.275031317570862
0.11694993910198712	14.25803635314149
0.11721953655481303	14.241036130138074
0.11748975549395298	14.224030693787604
0.11776059735208072	14.207020088998352
0.11803206356517298	14.190004360352361
0.11830415557251646	14.172983552097984
0.118576874816716	14.155957708142196
0.11885022274370183	14.13892687204293
0.11912420080273747	14.121891087001302
0.1193988104464273	14.1048503958537
0.11967405313072434	14.087804841063882
0.11994993031493788	14.070754464714918
0.12022644346174129	14.05369930850105
0.12050359403717974	14.03663941371949
0.120781383510678	14.019574821262152
0.12105981335504823	14.002505571607202
0.12133888504649772	13.985431704810633
0.12161860006463679	13.968353260497677
0.12189895989248664	13.951270277854157
0.12217996601648717	13.934182795617712
0.12246161992650487	13.91709085206898
0.12274392311584072	13.899994485022653
0.12302687708123815	13.882893731818442
0.1233104833228909	13.86578862931196
0.12359474334445104	13.848679213865495
0.1238796586530369	13.8315655213387
0.1241652307592411	13.814447587079156
0.1244514611771385	13.797325445912897
0.12473835142429429	13.78019913213476
0.125025903021772	13.763068679498689
0.1253141174941416	13.745934121207927
0.1256029963694875	13.728795489905087
0.12589254117941673	13.71165281766215
0.12618275345906707	13.694506135970334
0.12647363474711512	13.677355475729868
0.12676518658578456	13.660200867239661
0.12705741052085415	13.643042340186868
0.12735030810166617	13.625879923636353
0.12764388088113438	13.608713646020034
0.12793813041575247	13.591543535126101
0.12823305826560213	13.574369618088177
0.12852866599436155	13.557191921374315
0.1288249551693134	13.54001047077593
0.12912192736135342	13.522825291396552
0.1294195841449986	13.505636407640543
0.12971792709839558	13.488434662917822
0.13001695780332903	13.471223128235588
0.13031667784522993	13.454007911180861
0.13061708881318415	13.43678907023397
0.1309181922999407	13.419566663631727
0.13121998990192033	13.40234074936036
0.13152248321922383	13.385111385148369
0.1318256738556407	13.367878628459279
0.1321295634186575	13.35064253648435
0.13243415351946647	13.333403166135154
0.13273944577297395	13.316160574036122
0.1330454417978091	13.298914816516975
0.1333521432163324	13.281665949605083
0.13365955165464422	13.264414029017715
0.1339676687425935	13.247159110154277
0.1342764961137864	13.22990124808836
0.13458603540559483	13.21264049755979
0.13489628825916536	13.195376912966532
0.13520725631942773	13.17811054835654
0.1355189412351036	13.160841457419515
0.1358313446587154	13.14356969347854
0.136144468246595	13.12629530948168
0.13645831365889247	13.109018357993438
0.13677288255958492	13.091738891186141
0.13708817661648537	13.074456960831256
0.13740419750125152	13.057172618290565
0.13772094688939465	13.03988591450727
0.1380384264602885	13.02259689999703
0.1383566378971781	13.00530562483884
0.13867558288718884	12.988012138665868
0.13899526312133534	12.970716490656159
0.13931568029453031	12.953418729523277
0.13963683610559377	12.936118903506799
0.13995873225726183	12.918817060362757
0.14028137045619582	12.90151324735393
0.1406047524129914	12.884207511240081
0.14092887984218747	12.866899898268075
0.14125375446227545	12.849590454161858
0.14157937799570816	12.832279224112394
0.14190575216890922	12.81496625276744
0.142232878712282	12.797651584221242
0.14256075936021884	12.780335262004131
0.1428893958511103	12.76301732907199
0.14321878992735435	12.745697827795611
0.1435489433353656	12.728376799949958
0.14387985782558455	12.71105428670332
0.14421153515248689	12.693730328606323
0.14454397707459277	12.676404965580856
0.14487718535447616	12.659078236908902
0.14521116175877424	12.641750181221177
0.14554590805819662	12.624414336466426
0.14588142602753484	12.607072898073326
0.14621771744567183	12.589730211327922
0.14655478409559117	12.572386338329673
0.1468926277643867	12.555041340832425
0.1472312502432719	12.53769528023585
0.14757065332758945	12.520348217576885
0.14791083881682077	12.503000213520993
0.14825180851459538	12.485651328353379
0.1485935642287007	12.46830162197007
0.14893610777109154	12.450951153868951
0.14927944095789963	12.43359998314064
0.14962356560944334	12.416248168459324
0.1499684835502373	12.398895768073473
0.15031419660900225	12.381542839796413
0.15066070661867417	12.364189440996897
0.15100801541641484	12.346835628589451
0.1513561248436208	12.329481459024736
0.1517050367459337	12.312126988279717
0.15205475297324955	12.294772271847764
0.15240527537972914	12.277417364728658
0.15275660582380723	12.260062321418486
0.15310874616820302	12.242707195899385
0.15346169827992942	12.22535204162925
0.1538154640303035	12.207996911531284
0.15417004529495593	12.190641857983467
0.1545254439538414	12.173286932807848
0.1548816618912481	12.155932187259856
0.15523870099580825	12.138577672017341
0.15559656316050743	12.121223437169633
0.15595525028269538	12.10386953220641
0.15631476426409538	12.086516006006464
0.15667510701081494	12.069162906826364
0.15703628043335524	12.051810282289026
0.15739828644662196	12.03445817937208
0.15776112696993486	12.017106644396215
0.15812480392703834	11.999755723013344
0.15848931924611134	11.98240546019466
0.15885467485977792	11.96505590021857
0.159220872705117	11.947707086658536
0.15958791472367329	11.930359062370714
0.15995580286146688	11.91301186948156
0.16032453906900418	11.895665549375229
0.1606941253012877	11.878320142680922
0.16106456351782708	11.860975689260012
0.16143585568264862	11.843632228193144
0.16180800376430657	11.8262897977671
0.16218100973589297	11.80894843546163
0.16255487557504839	11.79160817793606
0.16292960326397224	11.77426906101584
0.16330519478943342	11.75692382897023
0.16368165214278085	11.739574936575206
0.16405897731995392	11.722227249875843
0.16443717232149316	11.704880830599336
0.1648162391525508	11.687535739977692
0.1651961798229015	11.670192038737378
0.1655769963469528	11.652849787088773
0.16595869074375605	11.635509044715599
0.16634126503701693	11.61816987076418
0.16672472125510626	11.600832323832595
0.16710906143107074	11.58349646195976
0.16749428760264373	11.566162342614328
0.16788040181225602	11.54883002268354
0.16826740610704674	11.531499558461896
0.16865530253887412	11.514171005639763
0.16904409316432642	11.496844419291818
0.16943378004473283	11.479519853865412
0.16982436524617442	11.462197363168775
0.17021585083949506	11.44487700035912
0.17060823890031235	11.427558817930649
0.17100153150902875	11.410242867702344
0.17139573075084252	11.392929200805751
0.17179083871575881	11.375617867672565
0.1721868574986007	11.358308918022077
0.17258378919902034	11.341002400848552
0.17298163592151014	11.32369836440843
0.17338039977541378	11.3063968562074
0.17378008287493754	11.28909792298736
0.17418068733916142	11.271801610713236
0.17458221529205037	11.254507964559668
0.1749846688624657	11.237217028897541
0.1753880501841761	11.21992884728043
0.17579236139586926	11.202643462430837
0.1761976046411629	11.185360916226333
0.17660378206861643	11.168081249685578
0.17701089583174212	11.15080450295416
0.17741894808901656	11.13353071529028
0.1778279410038923	11.11625992505036
0.17823787674480895	11.098992169674439
0.17864875748520506	11.081727485671461
0.17906058540352943	11.064465908604392
0.17947336268325265	11.04720747307521
0.1798870915128788	11.029952212709723
0.1803017740859569	11.012700160142277
0.1807174126010927	10.995451347000229
0.18113400926196024	10.978205803888368
0.18155156627731356	10.960963560373123
0.18197008586099836	10.943724644966599
0.18238957023196378	10.926489085110495
0.1828100216142743	10.909256907159865
0.18323144223712115	10.892016563486619
0.18365383433483465	10.874771920647897
0.18407720014689558	10.857530672972945
0.18450154191794738	10.840292888932543
0.18492686189780783	10.823058636475075
0.18535316234148114	10.805827983015508
0.18578044550916986	10.78860099542429
0.18620871366628675	10.771377740016131
0.186637969083467	10.75415828253861
0.18706821403658005	10.736942688160747
0.18749945080674188	10.719731021461365
0.18793168168032684	10.702523346417424
0.18836490894898006	10.685319726392136
0.18879913490962935	10.668120224123042
0.18923436186449755	10.650924901709892
0.18967059212111465	10.633733820602464
0.19010782799233	10.61654704158818
0.19054607179632474	10.59936462477969
0.1909853258566238	10.582186629602234
0.19142559250210858	10.56501311478093
0.19186687406702896	10.547844138327914
0.19230917289101584	10.530679757529343
0.1927524913190936	10.51352002893227
0.1931968317016924	10.496365008331379
0.19364219639466074	10.479214750755597
0.19408858775927784	10.462069310454547
0.19453600816226624	10.444928740884883
0.19498445997580455	10.427793094696462
0.19543394557753943	10.410662423718426
0.195884467350599	10.393536778945046
0.19633602768360464	10.376416210521556
0.1967886289706845	10.359300767729696
0.19724227361148533	10.342190498973242
0.19769696401118608	10.325085451763277
0.1981527025805098	10.307985672703422
0.19860949173573716	10.29089120747481
0.19906733389871864	10.273802100821003
0.19952623149688797	10.256718396532667
0.1999861869632744	10.239640137432202
0.20044720273651614	10.222567365358092
0.2009092812608728	10.205500121149225
0.20137242498623883	10.188438444628947
0.20183663636815607	10.171382374589031
0.2023019178678272	10.154331948773452
0.20276827195212818	10.137287203862014
0.20323570109362218	10.1202481754538
0.2037042077705718	10.103214898050483
0.20417379446695297	10.086187405039434
0.20464446367246739	10.069165728676708
0.20511621788255657	10.052149900069827
0.20558905959841414	10.03512834117716
0.20606299132700007	10.018104934836634
0.20653801558105292	10.001087403207508
0.20701413487910425	9.984075819397301
0.20749135174549097	9.96707025592637
0.2079696687103696	9.950070784715866
0.20844908830972886	9.933077477075667
0.20892961308540398	9.916090403692108
0.20941124558508925	9.899109634615636
0.20989398836235246	9.882135239248282
0.21037784397664752	9.86516728633107
0.21086281499332898	9.848205843931234
0.21134890398366465	9.83125097942933
0.2118361135248502	9.814302759506198
0.21232444620002192	9.797361250129832
0.21281390459827124	9.780426516542036
0.21330449131465762	9.763498623245036
0.21379620895022325	9.74657763398786
0.21428906011200585	9.72966361175267
0.21478304741305343	9.71275661874085
0.21527817347243727	9.695856716359074
0.21577444091526668	9.678963965205096
0.21627185237270202	9.662078425053531
0.21677041048196952	9.645200154841369
0.21727011788637443	9.62832921265342
0.2177709772353159	9.611465655707581
0.21827299118430013	9.594609540339976
0.2187761623949553	9.577760921989894
0.21928049353504486	9.560919855184634
0.21978598727848253	9.544086393524156
0.2202926463053456	9.527260589665614
0.22080047330189004	9.510442495307679
0.22130947096056375	9.493632161174766
0.22181964198002194	9.476829637001044
0.2223309890651403	9.460034971514345
0.22284351492703042	9.443248212419844
0.22335722228305316	9.426469406383662
0.223872113856834	9.409698599016194
0.22438819237827662	9.392935834855388
0.2249054605835781	9.376181157349764
0.22542392121524293	9.359434608841326
0.22594357702209775	9.342696230548265
0.22646443075930595	9.325966062547511
0.2269864851883822	9.309244143757114
0.22750974307720706	9.292530511918432
0.2280342072000418	9.275825203578156
0.22855988033754301	9.259128254070166
0.2290867652767773	9.242439697497199
0.2296148648112362	9.225759566712325
0.23014418174085083	9.209087893300264
0.2306747188720069	9.19241316379815
0.23120647901755947	9.175739239953693
0.23173946499684786	9.159073801463252
0.2322736796357107	9.142416921158354
0.23280912576650079	9.12576867115225
0.23334580622810028	9.109129122826348
0.23388372386593548	9.092498346816463
0.2344228815319922	9.075876412998936
0.23496328208483072	9.059263390476637
0.23550492838960096	9.042659347564783
0.2360478233180577	9.02606435177663
0.23659196974857583	9.009478469809023
0.23713737056616552	8.992901767527787
0.23768402866248767	8.97633430995298
0.23823194693586902	8.959776161243978
0.23878112829131776	8.943227384684423
0.23933157564053875	8.926688042667017
0.23988329190194904	8.91015819667815
0.24043628000069334	8.893637907282384
0.24099054286865948	8.87712723410678
0.24154608344449405	8.86062623582504
0.2421029046736178	8.844134970141544
0.24266100950824154	8.827653493775157
0.24322040090738153	8.811181862442938
0.24378108183687525	8.794720130843636
0.2443430552693972	8.77826835264105
0.24490632418447456	8.761826580447204
0.24547089156850305	8.745394865805373
0.24603676041476275	8.728973259172916
0.24660393372343392	8.712561809903962
0.24717241450161304	8.69616056623189
0.24774220576332856	8.679769575251692
0.24831331052955705	8.663388882902094
0.2488857318282391	8.647018533947536
0.24945947269429547	8.63065857195999
0.25003453616964316	8.614309039300545
0.2506109253032114	8.597969977100865
0.251188643150958	8.581641425244433
0.25176769277588557	8.565323422347623
0.25234807724805747	8.549016005740572
0.2529297996446145	8.532719211447878
0.25351286304979076	8.516433074169123
0.25409727055493053	8.500157627259156
0.2546830252585041	8.48389290270823
0.2552701302661247	8.467638931121934
0.2558585886905646	8.451395741700923
0.25644840365177174	8.435163362220441
0.2570395782768864	8.418941819009673
0.25763211570025757	8.402731136930868
0.25822601906345966	8.386531339358282
0.2588212915153092	8.370328043358825
0.2594179362118814	8.354126051944288
0.2600159563165272	8.337934932427794
0.2606153549998896	8.321754760055041
0.26121613543992067	8.305585609281833
0.2618183008218985	8.28942755375952
0.26242185433844417	8.273280666320304
0.26302679918953814	8.257145018962387
0.263633138582538	8.241020682834968
0.2642408757321946	8.224907728223076
0.2648500138606701	8.20880622453227
0.2654605561975539	8.19271624027317
0.26607250597988097	8.176637843045814
0.2666858664521479	8.1605710995239
0.26730064086633115	8.144516075438805
0.2679168324819031	8.12847283556353
0.26853444456585074	8.112441443696367
0.26915348039269155	8.096421962644522
0.26977394324449205	8.080414454207473
0.2703958364108843	8.064418979160234
0.2710191631890843	8.048435597236391
0.2716439268839082	8.032464367111034
0.2722701308077913	8.016505346383422
0.272897778280804	8.000558591559606
0.27352687263067127	7.984624158034736
0.27415741719278824	7.968702100075316
0.2747894153102397	7.952792470801177
0.2754228703338166	7.936895322167367
0.27605778562203465	7.921010704945781
0.27669416454115114	7.905138668706664
0.2773320104651841	7.889279261799893
0.27797132677592884	7.873432531336099
0.2786121168629771	7.857598523167593
0.27925438412373377	7.8417772818691125
0.2798981319634363	7.825968850718351
0.2805433637951713	7.810173271676339
0.28119008303989407	7.794390585367584
0.28183829312644537	7.778620831060076
0.2824879974915708	7.762864046645025
0.2831391995799379	7.747120268616475
0.2837919028441557	7.731389532050641
0.28444611074479154	7.715671870585131
0.285101826750391	7.699967316397876
0.28575905433749466	7.684275900185943
0.2864177969906581	7.668597651144059
0.28707805820246907	7.6529325969430015
0.28773984147356696	7.637280763707717
0.28840315031266056	7.621642175995284
0.2890679882365476	7.606016856772602
0.28973435877013226	7.59040482739394
0.2904022654464451	7.574788576415875
0.2910717118066605	7.559173942591263
0.29174270140011677	7.543572563208607
0.29241523778433354	7.527984523576879
0.2930893245250321	7.512409908258229
0.2937649651961531	7.4968488010536225
0.29444216337987617	7.481301284988299
0.29512092266663853	7.465767442297137
0.29580124665515467	7.450247354409794
0.2964831389524342	7.43474110193578
0.29716660317380267	7.4192487646492955
0.29785164294291894	7.40377042147397
0.298538261891796	7.388306150467411
0.2992264636608189	7.3728560288056215
0.29991625189876514	7.357420132767232
0.30060763026282306	7.341998537717588
0.3013006024186122	7.326591318092674
0.3019951720402016	7.311198547382869
0.30269134281013055	7.295820298116534
0.30338911841942706	7.280456641843444
0.3040885025676279	7.265107649118053
0.3047894989627983	7.249773389482562
0.3054921113215513	7.234453931449861
0.3061963433690677	7.21914934248626
0.30690219883911574	7.2038596889940685
0.3076096814740708	7.189832412467312
0.3083187950249354	7.176380544329283
0.30902954325135906	7.162942968956001
0.309741929921658	7.149519692813186
0.31045595881283555	7.1361107206262
0.31117163371060175	7.122716055356612
0.3118889584093937	7.109335698178543
0.3126079367123955	7.095969648454782
0.31332857243155854	7.082617903712685
0.3140508693876217	7.069280459619842
0.3147748314101316	7.055957309959502
0.31550046233746265	7.042648446605802
0.31622776601683794	7.029353859498725
0.3169567463043491	7.01607353661883
0.31768740706497706	7.002807463961775
0.3184197521726125	6.989555625512557
0.31915378551007617	6.9763180032195375
0.3198895109691398	6.9630945769682295
0.3206269324505466	6.949885324554821
0.3213660538640317	6.936690221659448
0.32210687912834346	6.923509241819256
0.32284941217126356	6.910342356401165
0.32359365692962827	6.897189534574411
0.32433961734934924	6.8840507432828115
0.3250872973854344	6.870925947216795
0.3258367010020088	6.8577914417307015
0.32658783217233583	6.844655044852848
0.3273406948788382	6.83153240256086
0.328095293113119	6.818423565603223
0.32885163087598307	6.805328583656312
0.32960971217745777	6.792247505307575
0.3303695410368148	6.77918037803856
0.3311311214825911	6.7661272482077734
0.3318944575526104	6.753088161033354
0.33265955329400454	6.740063160575589
0.333426412763235	6.727052289719271
0.3341950400261143	6.714055590155852
0.33496543915782767	6.7010731023654415
0.3357376142429547	6.688104865598622
0.33651156937549076	6.6751509178581
0.3372873086588689	6.6622112958801605
0.3380648362059816	6.6492860351159395
0.33884415613920255	6.636375169712534
0.3396252725904084	6.623478732493911
0.3404081897010009	6.610596754941637
0.34119291162192855	6.597729267175419
0.3419794425137089	6.584876297933454
0.3427677865464504	6.572037874552604
0.34355794789987465	6.559214022948357
0.34434993076333853	6.54640476759461
0.3451437393358563	6.533610131503256
0.345939377826122	6.5208301362035614
0.34673685045253166	6.508064801721364
0.34753616144320587	6.495314146558061
0.34833731503601184	6.482578187669398
0.34914031547858615	6.469856940444058
0.3499451670283573	6.4571504186820246
0.350751873952568	6.444458634572785
0.35156044052829816	6.431781598673264
0.35237087104248715	6.419119319885611
0.353183169791957	6.4064718054347285
0.3539973410834347	6.3938390608456
0.35481338923357547	6.381221089920416
0.3556313185689854	6.368617894715474
0.3564511334262443	6.356029475517847
0.35727283815192895	6.343455830821869
0.35809643710263606	6.330896957305339
0.35892193464500527	6.318352849805568
0.35974933515574237	6.305823501295146
0.36057864302164244	6.293308902857516
0.36140986263961333	6.280809043662299
0.36224299841669866	6.268323910940388
0.3630780547701014	6.255853489958832
0.36391503612720716	6.243397763995443
0.36475394692560786	6.230956714313208
0.36559479161312497	6.2185034964359
0.36643757464783333	6.206046993516932
0.3672823004980847	6.193604961286287
0.3681289736425315	6.181177480761812
0.3689775985701504	6.168764632316734
0.3698281797802663	6.15636649566704
0.37068072178257605	6.14398314985873
0.37153522909717257	6.131614673254961
0.3723917062545686	6.119261143523011
0.3732501577957206	6.106922637621169
0.3741105882720534	6.094599231785431
0.3749730022454836	6.082291001516109
0.3758374042884442	6.069998021564247
0.37670379898390893	6.057720365917974
0.377572190925416	6.045458107788636
0.37844258471709324	6.0332113195968375
0.3793149849736819	6.02098007295833
0.38018939632056115	6.008764438669746
0.381065823393773	5.996564486694205
0.3819442708400465	5.984380286146752
0.38282474331682265	5.972211905279663
0.38370724549227875	5.9600594114676095
0.38459178204535355	5.947922871192648
0.38547835766577176	5.935802350029082
0.38636697705406914	5.923697912628156
0.3872576449216172	5.911609622702605
0.3881503659906482	5.899537543011051
0.38904514499428056	5.887481735342225
0.3899419866765434	5.875442260499051
0.390840895792402	5.86341917828257
0.3917418771077831	5.851412547475686
0.3926449353995998	5.839422425826764
0.3935500754557774	5.827448870033074
0.3944573020752784	5.815491935724038
0.3953666200681279	5.803551677444351
0.39627803425543945	5.791628148636908
0.3971915494694403	5.7797214016255705
0.3981071705534972	5.76783148759776
0.39902490236214205	5.755958456586883
0.39994474976109745	5.744102357454586
0.4008667176273028	5.73226323787283
0.4017908108489399	5.720441144305791
0.4027170343254591	5.7086361219915815
0.40364539296760493	5.696848214923797
0.4045758916974427	5.685077465832887
0.40550853544838383	5.6733239161673215
0.40644332916521275	5.661587606074602
0.40738027780411273	5.6498685743820785
0.4083193863326921	5.638166858577565
0.40926065973001086	5.62648249478979
0.4102041029866068	5.614812062427683
0.41114972110452225	5.603156742083815
0.4120975190973302	5.591518856137705
0.4130475019901614	5.579898449004173
0.41399967481973043	5.56829556383174
0.4149540426343629	5.556710242483769
0.41591061049402206	5.545142525519405
0.4168693834703354	5.533592452174374
0.41783036664662176	5.5220600603415475
0.4187935651179184	5.510545386551347
0.41975898399100753	5.499048465951947
0.4207266283844441	5.487569332289301
0.4216965034285822	5.476108017886942
0.422668614265603	5.464664553625632
0.4236429660495411	5.45323896892278
0.4246195639463129	5.441831291711678
0.4255984131337431	5.4304415484205375
0.42657951880159267	5.419069763951314
0.4275628861515862	5.407715961658346
0.4285485203974395	5.39638016332677
0.4295364267648873	5.385062389150743
0.43052661049171065	5.3737626577114534
0.43151907682776525	5.362480985954916
0.43251383103500873	5.3512173891695705
0.4335108783875289	5.339971880963646
0.43451022417157154	5.328744473242332
0.4355118736855686	5.317535176184708
0.436515832240166	5.306343998220487
0.4375221051582521	5.295170946006505
0.4385306977749857	5.284016024403009
0.4395416154378245	5.272879236449722
0.4405548635065533	5.261760583341659
0.4415704473533125	5.250660064404754
0.44258837236262655	5.23957767707122
0.44360864393143257	5.2285134168546925
0.4446312674691087	5.217467277325151
0.4456562483975033	5.206439250083585
0.44668359215096315	5.195429324736438
0.44771330417636257	5.184437488869799
0.4487453899331322	5.1734637280233695
0.449779854893288	5.16250802566417
0.45081670454146017	5.151570363160018
0.4518559443749224	5.140650719752742
0.4528975799036208	5.129749072531156
0.4539416166502032	5.118865396403796
0.4549880601500486	5.107999664071363
0.4560369159512962	5.097151845998963
0.4570881896148751	5.086321910388044
0.4581418867145335	5.075509823148108
0.4591980128368686	5.064715547868131
0.4602565735813561	5.053925890707716
0.4613175745603794	5.043145178274528
0.46238102139926035	5.0323820871506975
0.46344691973628804	5.0216366243551676
0.46451527522274944	5.0109087951761
0.465586093522959	5.000198603147777
0.46665938031428866	4.989506050027319
0.46773514128719823	4.9788311357711255
0.46881338214526524	4.9681738585111574
0.46989410860521547	4.957534214530954
0.47097732639695294	4.946912198241439
0.47206304126359055	4.936307802156496
0.4731512589614805	4.925721016868327
0.4742419852602447	4.915151831022564
0.47533522594280536	4.904600231293152
0.47643098680541573	4.8940662023570045
0.47752927365769093	4.88354972686842
0.4786300923226384	4.873050785433254
0.47973344863668915	4.86256935658286
0.4808393484497286	4.852105416747778
0.4819477976251274	4.841658940231188
0.4830588020397727	4.831229899182118
0.48417236758409943	4.820818263568382
0.4852885001621211	4.810424001149312
0.4864072056914617	4.800047077448182
0.4875284901033864	4.78968745572443
0.48865235934283363	4.779345096945582
0.48977881936844625	4.769019959758951
0.4909078761526032	4.758712000463044
0.492039535681451	4.748421172978736
0.49317380395493593	4.738147428820154
0.4943106869868355	4.727890717065314
0.4954501908047903	4.717650984326471
0.49659232145033616	4.7074281747202145
0.49773708497893604	4.697222229837278
0.4988844874600123	4.687033088712078
0.5000345349769786	4.676860687791974
0.5011872336272724	4.666704960906246
0.5023425895223872	4.656565839234796
0.5035006087879049	4.646443251276554
0.5046612975635284	4.636337122817612
0.505824662003114	4.62624737689905
0.5069907082747043	4.616173933784488
0.5081594425605604	4.606116710927328
0.5093308710571953	4.596075622937708
0.5105049999754062	4.586050581549168
0.5116818355403077	4.576041495584984
0.5128613839913648	4.566048270924232
0.514043651582426	4.556070810467523
0.5152286445817564	4.546109014102438
0.5164163692720709	4.536128365616561
0.5176068319505677	4.526140184579652
0.5188000389289611	4.51616717306403
0.5199959965335159	4.506209357206478
0.5211947111050804	4.4962667618799985
0.5223961889991198	4.486339410675892
0.5236004365857502	4.4764273258856555
0.5248074602497725	4.466530528482731
0.5260172663907061	4.456649038104047
0.5272298614228227	4.446782873031417
0.5284452517751804	4.4369320501727305
0.5296634438916578	4.427096585042992
0.5308844442309884	4.417276491745152
0.5321082592667942	4.407471782950777
0.5333348954876209	4.397682469880525
0.5345643593969717	4.38790856228443
0.5357966575133416	4.3781500684220225
0.5370317963702527	4.368406995042228
0.5382697825162883	4.358679347363109
0.5395106225151276	4.348967129051393
0.5407543229455808	4.339270342201807
0.5420008904016238	4.329588987316236
0.5432503314924332	4.319923063282669
0.5445026528424212	4.310272567353943
0.5457578610912709	4.30063749512631
0.5470159628939716	4.291017840517774
0.5482769649208538	4.281413595746243
0.5495408738576245	4.271824751307482
0.5508076964054034	4.262251295952831
0.5520774392807574	4.252693216666752
0.5533501092157367	4.243150498644138
0.5546257129579107	4.233623125267424
0.5559042572704036	4.224111078083475
0.5571857489319298	4.214614336780283
0.5584701947368308	4.205132879163404
0.5597576014951101	4.195666681132226
0.5610479760324705	4.186215716655976
0.5623413251903491	4.176779957749539
0.5636376558259545	4.167359374449015
0.5649369748123025	4.157953934787094
0.5662392890382533	4.148563604768162
0.5675446054085471	4.13918834834321
0.5688529308438415	4.12982812738449
0.5701642722807475	4.120482901659954
0.571478636671867	4.111152628807441
0.5727960309858292	4.101837264308647
0.5741164622073276	4.092536761462831
0.5754399373371569	4.083251071360317
0.5767664633922508	4.073980142855707
0.5780960474057181	4.06472392254089
0.5794286964268811	4.055456443625712
0.580764417521312	4.046186251089094
0.5821032177708715	4.0369304602968805
0.5834451042737447	4.027689112913137
0.5847900841444807	4.018462249651192
0.5861381645140288	4.009249910259099
0.5874893525297767	4.000052133504938
0.588843655355589	3.9908689571619718
0.5902010801718444	3.9817004179936752
0.591561634175474	3.9725465517386023
0.5929253245799998	3.963407393095105
0.5942921586155727	3.9542829757059166
0.5956621435290105	3.9451733321425757
0.5970352865838369	3.936078493889692
0.5984115950603197	3.9269984913290785
0.5997910762555094	3.9179333537237127
0.6011737374832781	3.9088831092015486
0.6025595860743578	3.899847784739175
0.6039486293763798	3.8908274061453128
0.6053408747539136	3.881821998044152
0.6067363295885054	3.872831583858539
0.6081350012787179	3.8638561857929785
0.6095368972401692	3.8548958248165
0.610942024905572	3.845950520645348
0.6123503917247736	3.8370202917254947
0.6137620051647943	3.828105155215005
0.6151768727098682	3.819205126966226
0.6165950018614822	3.8103202215078054
0.618016400138416	3.8014504520265273
0.6194410750767815	3.792595830349005
0.6208690342300636	3.7837563669231664
0.6223002851691596	3.7749320707995833
0.6237348354824193	3.766122949612626
0.6251726927756859	3.7573290095614214
0.6266138646723355	3.7485502553906467
0.628058358813318	3.7397866903711416
0.6295061828571976	3.731038316280328
0.6309573444801934	3.7223051333824486
0.6324118513762195	3.7135871404086345
0.633869711256927	3.704884334536748
0.6353309318517437	3.6961967113710896
0.6367955209079159	3.6875242649218625
0.6382634861905487	3.67886698758448
0.6397348354826482	3.670224870118663
0.6412095765851616	3.6615979016273474
0.6426877173170197	3.652986069535392
0.6441692655151774	3.6443893595680925
0.6456542290346556	3.635807755729492
0.6471426157485832	3.6272412402804854
0.6486344335482385	3.6186897937167335
0.6501296903430908	3.6101419739380747
0.6516283940608427	3.601601549776573
0.6531305526474724	3.593076066826813
0.654636174067275	3.5845655443138775
0.6561452663029055	3.576070000223484
0.6576578373554206	3.567589451284788
0.6591738952443215	3.559123912953026
0.6606934480075961	3.550673399391994
0.662216503701762	3.5422379234563577
0.6637430704019089	3.5338174966737914
0.6652731562017414	3.5254121292269542
0.6668067692136223	3.5170218299352873
0.6683439175686147	3.5086466062366495
0.6698846094165265	3.5002864641687617
0.6714288529259524	3.491941408350499
0.6729766562843179	3.483611441962983
0.6745280276979221	3.475296566730516
0.6760829753919819	3.466996782901316
0.6776415076106752	3.4587120892280927
0.6792036326171846	3.4504424829484206
0.6807693586937414	3.4421879597649347
0.6823386941416696	3.433948513825354
0.6839116472814293	3.4257241377022947
0.6854882264526615	3.417514822372913
0.6870684400142321	3.4093205571983445
0.688652296344276	3.401141329902967
0.6902398038402419	3.3929771265534554
0.6918309709189364	3.3848279315376493
0.6934258060165691	3.3766937275432207
0.6950243175887968	3.368574495536151
0.6966265141107687	3.360470214738994
0.6982324040771714	3.3523808626089524
0.6998419960022735	3.344306414815744
0.7014552984199712	3.3362468452192635
0.7030723198838335	3.3282021258470387
0.7046930689671469	3.320172226871478
0.7063175542629619	3.3121571165869117
0.7079457843841379	3.3041567613864165
0.7095777679633888	3.2961711257384296
0.711213513653329	3.2882001721631506
0.7128530301265195	3.2802438612087186
0.7144963260755133	3.272302151427186
0.716143410212902	3.264374999350251
0.7177942912713617	3.2564623594647886
0.7194489780036994	3.2485641841881456
0.7211074791828996	3.2406804238432123
0.7227698036021702	3.2328110266332697
0.72443596007499	3.224955938616607
0.7261059574351547	3.217115103680905
0.727779804536824	3.2092884635173875
0.7294575102545687	3.2014535955553
0.7311390834834174	3.1936178616533675
0.732824533138904	3.1857960199165083
0.734513868157115	3.1779880930855695
0.7362070974947361	3.170194102824198
0.737904230129101	3.1624140697036114
0.7396052750582378	3.154648013187222
0.7413102413009175	3.1468959516151105
0.7430191378967014	3.1391579021883524
0.744731973905989	3.1314338809532014
0.7464487584100665	3.1237239027851107
0.7481695005111544	3.1160279813726093
0.7498942093324559	3.1083461292010206
0.7516228940182055	3.1006783575360317
0.7533555637337174	3.0930246764070994
0.7550922276654339	3.0853850945907055
0.7568328950209744	3.077759619593449
0.7585775750291838	3.070148257634978
0.7603262769401818	3.062551013630764
0.762079010025412	3.054967891174714
0.7638357835776907	3.0473988925216084
0.7655966069112563	3.03984401856939
0.7673614893618189	3.03230326884127
0.7691304402866096	3.0247766414676773
0.7709034690644301	3.017264133168036
0.7726805850957024	3.009765739232366
0.7744617978025188	3.0022814535027185
0.7762471166286917	2.9948112683544355
0.7780365510398041	2.9873551746772327
0.7798301105232588	2.9799131618561083
0.7816278045883297	2.9724852177520686
0.7834296427662119	2.9650713286826873
0.7852356346100718	2.9576714794024626
0.7870457896950986	2.9502856530830153
0.7888601176185545	2.942913831293083
0.7906786279998251	2.935555993978345
0.7925013304804718	2.928212119441049
0.7943282347242815	2.9208821843194532
0.7961593504173188	2.9135661635670824
0.7979946872679766	2.906264030431784
0.7998342550070284	2.898975756434602
0.8016780633876791	2.891701311348444
0.8035261221856173	2.884440663176564
0.8053784411990667	2.87719377813084
0.8072350302488382	2.869960620609848
0.8090958991783823	2.862741153176755
0.8109610578538409	2.855535336536982
0.8128305161640993	2.8483431295156807
0.8147042840208396	2.841164489035003
0.8165823713585925	2.8339993700911545
0.81846478813479	2.82682803660726
0.8203515443298183	2.8196569768361313
0.8222426499470712	2.8124991912171913
0.8241381150130024	2.805354706138471
0.8260379495771788	2.798223547046582
0.8279421637123342	2.791105738433091
0.8298507675144225	2.784001303820794
0.8317637711026711	2.7769102657498324
0.8336811846196344	2.769832645763695
0.835603018231248	2.762768464395074
0.8375292821268826	2.7557177411515843
0.8394599865193975	2.7486804945013548
0.8413951416451951	2.7416567418584723
0.8433347577642755	2.7346464995682958
0.84527884516029	2.7276497828926183
0.8472274141405965	2.7206666059946976
0.8491804750363139	2.7136969819241417
0.8511380382023765	2.7067409226016443
0.8531001140175896	2.699798438803585
0.8550667128846834	2.6928695401464777
0.8570378452303697	2.6859542350712666
0.8590135215053958	2.679052530827488
0.8609937521846007	2.6721644334572647
0.8629785477669704	2.6652899477791636
0.8649679187756933	2.6584290773718946
0.8669618757582167	2.651581824557851
0.8689604292863019	2.6447481903865078
0.8709635899560808	2.6379281746176497
0.8729713683881117	2.631121775704456
0.8749837752274362	2.62432899077641
0.8770008211436349	2.617549815622066
0.8790225168308845	2.610784244671637
0.8810488730080143	2.60403227097944
0.8830799004185629	2.5972938862061583
0.8851156098308356	2.5905690806009467
0.887156012037961	2.583857842983377
0.8892011178579485	2.577160160725199
0.8912509381337457	2.570476019731945
0.8933054837332954	2.5638054044243637
0.895364765549594	2.5571482977196713
0.8974287945007486	2.550504681012638
0.8994975815300353	2.5438745341564992
0.9015711376059571	2.5372578354436834
0.9036494737223016	2.5306545615863714
0.9057326008982003	2.5240646876968684
0.9078205301781859	2.5174881872678005
0.9099132726322517	2.510925032152122
0.9120108393559097	2.5043751925429523
0.9141132414702502	2.4978386369532073
0.9162204901219997	2.491315332195068
0.9183325964835808	2.484789747493421
0.9204495717531712	2.478266991130175
0.9225714271547631	2.4717572964592476
0.9246981739382225	2.4652606857148465
0.9268298233793492	2.4587771801924805
0.9289663867799363	2.4523068002356134
0.9311078754678302	2.4458495652221974
0.933254300796991	2.4394054935510674
0.9354056741475518	2.4329746026282146
0.9375620069258802	2.4265569088529184
0.9397233105646378	2.4201524276037576
0.9418895965228413	2.4137611732244753
0.9440608762859233	2.407383159009723
0.946237161365793	2.4010183971906525
0.9484184633008971	2.3946668989203905
0.9506047936562815	2.3883286742593532
0.9527961640236519	2.3820037321604457
0.9549925860214359	2.3756920804540966
0.9571940712948444	2.36939372583317
0.9594006315159331	2.363108673837725
0.9616122783836646	2.356836928839638
0.9638290236239705	2.350578494027069
0.9660508789898133	2.344333371388798
0.9682778562612491	2.3381015616983953
0.9705099672454897	2.3318830644982613
0.9727472237769651	2.3256778780835035
0.9749896377173869	2.319485999485667
0.9772372209558107	2.313307424456313
0.9794899854086988	2.3071421474504454
0.9817479430199844	2.300990161609776
0.9840111057611337	2.2948514587458417
0.9862794856312105	2.288726029322962
0.9885530946569389	2.2826138624410315
0.9908319448927676	2.276514945818163
0.9931160484209338	2.2704292657731604
0.995405417351527	2.264356807207834
0.9977000638225533	2.258297553589151
1.	2.252251486931219
1.0023052380778998	2.246218587777103
1.0046157902783952	2.240198835180484
1.0069316688518044	2.2341922066871263
1.0092528860766845	2.2281986783161987
1.0115794542598988	2.2222182245414084
1.0139113857366795	2.2162508182719693
1.016248692870696	2.210296430833384
1.0185913880541169	2.204355031948069
1.0209394837076802	2.198426589715778
1.023292992280754	2.1925110705938704
1.0256519262514079	2.18660843937738
1.0280162981264735	2.180718659178911
1.0303861204416165	2.17482832129677
1.0327614057613974	2.1689418245588463
1.0351421666793441	2.1630679895750093
1.0375284158180127	2.1572068263927626
1.0399201658290596	2.151358344022459
1.0423174293933042	2.1455225504232853
1.0447202192208003	2.139699452489096
1.0471285480508996	2.1338890560341417
1.0495424286523225	2.128091365778626
1.051961873823223	2.122306385334162
1.0543868963912593	2.116534117189063
1.0568175092136585	2.1107745626935186
1.0592537251772887	2.1050277220446096
1.0616955571987248	2.099293594271198
1.064143018224316	2.093572177218674
1.066596121230258	2.0878634675335457
1.0690548792226577	2.082167460647908
1.0715193052376064	2.0764841507637426
1.0739894123412446	2.0708135308370914
1.076465213629835	2.0651555925620646
1.0789467222298286	2.05951032635472
1.081433951297938	2.0538777213367716
1.0839269140212033	2.0482577653191614
1.0864256236170655	2.042650444785472
1.0889300933334332	2.037055744875191
1.0914403364487566	2.0314736493668093
1.0939563662720937	2.025904140660781
1.096478196143185	2.020347199762305
1.0990058394325208	2.0148028062639685
1.101539309541415	2.0092709383282084
1.104078619902073	2.003751572669636
1.1066237839776665	1.9982446845371744
1.1091748152624008	1.992750247696054
1.1117317272815914	1.9872682344096209
1.1142945335917298	1.9817986154210028
1.1168632477805611	1.9763413599345805
1.1194378834671515	1.9708964355973149
1.1220184543019636	1.9654638084798841
1.1246049739669264	1.9600434430576608
1.1271974561755105	1.9546353021915053
1.1297959146727976	1.949239347108399
1.1324003632355573	1.9438555373818787
1.1350108156723149	1.9384838309123231
1.137627285823431	1.9331241839070241
1.1402497875611686	1.9277765508601157
1.1428783347897717	1.922440884532284
1.1455129414455354	1.9171171359303274
1.1481536214968828	1.9118052542865012
1.1508003889444356	1.9065051870377012
1.1534532578210923	1.9012168798044384
1.1561122421920986	1.8959218007687098
1.1587773561551262	1.8906260261189847
1.1614486138403426	1.8853417428494899
1.1641260294104914	1.8800689635410774
1.1668096170609623	1.8748076998847227
1.1694993910198712	1.8695579626692953
1.1721953655481303	1.8643197617692366
1.1748975549395297	1.859093106132098
1.1776059735208073	1.853878003765985
1.1803206356517297	1.848674461726858
1.1830415557251646	1.8434824861057337
1.1857687481671602	1.8383020820157487
1.1885022274370183	1.8331332535791174
1.1912420080273751	1.8279760039139485
1.193988104464273	1.8228303351209603
1.1967405313072437	1.8176962482700418
1.1994993031493788	1.8125737433867202
1.2022644346174132	1.8074628194384719
1.2050359403717974	1.8023634743209282
1.2078138351067804	1.7972757048439332
1.2105981335504823	1.7921995067174907
1.2133888504649775	1.7871348745375577
1.2161860006463678	1.7820818017717275
1.2189895989248667	1.7770402807447623
1.2217996601648717	1.7720103026240013
1.2246161992650488	1.7669918574046268
1.2274392311584073	1.7619849338948017
1.2302687708123818	1.756989519700655
1.233104833228909	1.7520056012111487
1.2359474334445106	1.7470331635827807
1.238796586530369	1.7420721907241687
1.2416523075924113	1.7371226652804754
1.244514611771385	1.7321845686176993
1.2473835142429432	1.7272578808068153
1.2502590302177201	1.722342580607776
1.2531411749414163	1.717438645453353
1.2560299636948749	1.7125460514328512
1.2589254117941675	1.7076647732756478
1.2618275345906707	1.7027947843346025
1.2647363474711515	1.6979360565692998
1.2676518658578455	1.6930885605291535
1.270574105208542	1.6882522653363385
1.2735030810166617	1.6834271386685855
1.276438808811344	1.678613146741801
1.2793813041575246	1.6738102542925484
1.2823305826560218	1.6690184245603465
1.2852866599436155	1.6642376192698312
1.2882495516931343	1.6594677986127369
1.2912192736135342	1.654708921229723
1.2941958414499863	1.6499609441920342
1.297179270983956	1.645208292718474
1.3001695780332907	1.6404560770404173
1.3031667784522993	1.6357145439801941
1.3061708881318417	1.6309837067174597
1.309181922999407	1.6262635776377807
1.3121998990192034	1.6215541683216452
1.3152248321922384	1.616855489533376
1.3182567385564075	1.6121675512099336
1.3212956341865751	1.6074903624496177
1.324341535194665	1.6028239315006534
1.3273944577297394	1.5981682657496814
1.3304544179780915	1.5935233717101236
1.333521432163324	1.5888892550104563
1.3365955165464425	1.5842659203823546
1.3396766874259352	1.5796533716487402
1.3427649611378643	1.5750516117117084
1.3458603540559484	1.5704606425403433
1.348962882591654	1.565880465158416
1.3520725631942772	1.5613110796319758
1.3551894123510364	1.556752485056811
1.3583134465871542	1.55220467954581
1.3614446824659503	1.5476676602161838
1.3645831365889245	1.5431414231765879
1.3677288255958495	1.5386259635141115
1.3708817661648536	1.5341212752811537
1.3740419750125157	1.5296273514821668
1.3772094688939465	1.5251441840602915
1.3803842646028852	1.5206717638838503
1.383566378971781	1.5162100807327334
1.3867558288718889	1.511759123284641
1.3899526312133532	1.5073188791012166
1.3931568029453036	1.5028893346140297
1.3963683610559376	1.4984704751104556
1.3995873225726185	1.4940622847193972
1.4028137045619582	1.489664746396899
1.4060475241299144	1.4852778419116108
1.4092887984218747	1.4809015518301325
1.4125375446227548	1.4765358555022066
1.4157937799570817	1.4721807310457973
1.4190575216890926	1.4678361553320076
1.4223287871228198	1.4635021039698828
1.425607593602188	1.459178551291052
1.428893958511103	1.4548654703342485
1.432187899273543	1.4505628328296776
1.435489433353656	1.446270609183242
1.4387985782558452	1.4419887684606323
1.4421153515248688	1.4377172783712575
1.4454397707459272	1.433456105252049
1.4487718535447618	1.429205214051095
1.452111617587742	1.4249645683111494
1.455459080581966	1.4207224847498487
1.4588142602753482	1.416482790553069
1.4621771744567182	1.4122531643538299
1.4655478409559113	1.4080336108258509
1.468926277643867	1.4038241338047521
1.4723125024327186	1.399624736276924
1.4757065332758947	1.3954354203682702
1.4791083881682072	1.3912561873328646
1.4825180851459536	1.3870870375414863
1.4859356422870067	1.3829279704700594
1.4893610777109154	1.378778984687973
1.492794409578996	1.3746400778463033
1.4962356560944337	1.370511246665914
1.4996848355023733	1.36639248692546
1.5031419660900225	1.3622837934492593
1.5066070661867417	1.3581851600950765
1.5100801541641484	1.354096579741767
1.513561248436208	1.3500180442768304
1.5170503674593367	1.345949544583826
1.5205475297324955	1.3418910705296945
1.5240527537972914	1.337842610951937
1.5275660582380723	1.333804153645701
1.5310874616820302	1.3297756853507254
1.5346169827992941	1.325757191738181
1.5381546403030348	1.3217486573973782
1.5417004529495593	1.3177500658223595
1.545254439538414	1.313761399398365
1.5488166189124812	1.309782639388175
1.5523870099580825	1.305813765918326
1.5559656316050743	1.3018547579652042
1.559552502826954	1.2979055933410009
1.5631476426409538	1.293966248679557
1.5667510701081493	1.290036699422058
1.5703628043335522	1.2861169198026166
1.5739828644662197	1.2822068828337065
1.5776112696993485	1.2783065602914816
1.5812480392703834	1.2744159227009446
1.5848931924611134	1.2705349393209922
1.5885467485977791	1.266663578129317
1.59220872705117	1.2628018058071804
1.5958791472367329	1.2589495877240364
1.5995580286146687	1.2551068879220295
1.6032453906900417	1.2512736691003357
1.6069412530128773	1.247449892599382
1.6106456351782708	1.243635518384903
1.6143585568264862	1.2398305050318694
1.6180800376430662	1.2360348097082596
1.6218100973589298	1.2322483881586976
1.6255487557504842	1.228471194687929
1.6292960326397223	1.2247031821441632
1.6330519478943346	1.2209285938450019
1.6368165214278085	1.2171525950603281
1.6405897731995396	1.2133855465920247
1.6443717232149315	1.2096274585816413
1.6481623915255086	1.2058783405080868
1.651961798229015	1.2021382011785222
1.6557699634695284	1.1984070487191563
1.6595869074375604	1.1946848905659608
1.6634126503701698	1.1909717334552905
1.6672472125510627	1.1872675834144246
1.6710906143107078	1.1835724457520067
1.6749428760264373	1.1798863250484048
1.6788040181225607	1.1762092251459724
1.6826740610704674	1.172541149139225
1.6865530253887415	1.1688820993649163
1.690440931643264	1.1652320773920297
1.6943378004473288	1.1615910840116643
1.6982436524617444	1.1579591192268426
1.7021585083949509	1.1543361822422027
1.7060823890031234	1.1507222714536138
1.710015315090288	1.1471173844376759
1.7139573075084253	1.143521517941139
1.7179083871575884	1.1399346678702094
1.721868574986007	1.1363568292797646
1.725837891990204	1.1327879963624639
1.7298163592151015	1.1292281624377636
1.7338039977541384	1.125677319940818
1.7378008287493754	1.1221354604112945
1.7418068733916146	1.1186025744820651
1.7458221529205038	1.115078651867817
1.7498466886246573	1.1115636813535315
1.7538805018417611	1.1080576507828808
1.7579236139586931	1.1045605470464976
1.7619760464116292	1.1010723560701547
1.7660378206861649	1.0975930628028185
1.770108958317421	1.0941226512046083
1.7741894808901661	1.0906611042346308
1.7782794100389228	1.0872084038387164
1.78237876744809	1.0837645309370305
1.7864875748520508	1.080329465411583
1.7906058540352947	1.076903186093612
1.7947336268325265	1.073485670750865
1.7988709151287883	1.0700768960747484
1.803017740859569	1.0666768376673788
1.8071741260109275	1.0632854700284953
1.8113400926196026	1.0599027665422722
1.8155156627731361	1.0565286994639982
1.8197008586099834	1.0531632399066404
1.8238957023196385	1.049806357827285
1.8281002161427427	1.0464580220134574
1.832314422371212	1.0431078809254186
1.8365383433483464	1.039759327129673
1.8407720014689564	1.0364191660889772
1.8450154191794736	1.033087403350045
1.8492686189780787	1.0297640437975057
1.8535316234148114	1.026449091645036
1.857804455091699	1.023142550426389
1.8620871366628675	1.0198444229863568
1.8663796908346704	1.0165547114716327
1.8706821403658007	1.0132734173215998
1.8749945080674193	1.010000541259023
1.8793168168032686	1.0067360832806618
1.883649089489801	1.0034800426477881
1.8879913490962936	1.0002324178766242
1.892343618644976	0.9969932067286782
1.8967059212111463	0.9937624062010059
1.9010782799233006	0.9905400125163641
1.9054607179632472	0.9873260211132909
1.9098532585662378	0.9841204266360728
1.914255925021086	0.9809232229246378
1.9186687406702891	0.9777344030043459
1.9230917289101586	0.9745539590756802
1.9275249131909356	0.9713818825038538
1.9319683170169242	0.96821816380831
1.936421963946607	0.9650627926521339
1.9408858775927782	0.9619157578313587
1.9453600816226624	0.9587770472641809
1.9498445997580456	0.9556466479800679
1.9543394557753944	0.952524546108775
1.95884467350599	0.9494107268692495
1.9633602768360463	0.9463051745584481
1.967886289706845	0.9432078725400325
1.9724227361148534	0.9401188032329841
1.976969640111861	0.9370379481000921
1.9815270258050979	0.9339652876363537
1.9860949173573716	0.9309008013572562
1.9906733389871865	0.9278444677869618
1.9952623149688797	0.9247962644463773
1.9998618696327437	0.9217561678411192
2.0044720273651615	0.9187241534493659
2.0090928126087277	0.9157001957096074
2.0137242498623884	0.912684268008269
2.0183663636815607	0.909676342667242
2.023019178678272	0.9066763909312824
2.0276827195212817	0.9036843829553106
2.032357010936222	0.900700287791585
2.037042077705718	0.8977240733767695
2.0417379446695296	0.8947557065188749
2.046444636724674	0.891795152884091
2.0511621788255656	0.8888423769834914
2.0558905959841414	0.8858882809594083
2.0606299132700006	0.8829358354698303
2.065380155810529	0.8799910078916904
2.0701413487910423	0.8770537944886768
2.0749135174549096	0.8741241908084382
2.079696687103696	0.8712021916734418
2.084490883097289	0.868287791171753
2.0892961308540396	0.8653809826477246
2.0941124558508926	0.8624817586926018
2.0989398836235242	0.8595901111350417
2.1037784397664754	0.8567060310315426
2.1086281499332897	0.8538295086567858
2.1134890398366464	0.8509605334938894
2.1183611352485023	0.8480990942245684
2.123244462000219	0.8452451787192128
2.1281390459827123	0.8423987740268604
2.133044913146576	0.8395598663650937
2.1379620895022327	0.8367284411098289
2.1428906011200586	0.8339044827850268
2.1478304741305343	0.8310879750522908
2.1527817347243725	0.8282789007003897
2.157744409152667	0.8254772416346672
2.16271852372702	0.8226829788663688
2.167704104819695	0.8198960925018591
2.1727011788637443	0.8171165617317528
2.1777097723531593	0.814344364819934
2.1827299118430012	0.8115794790924898
2.187761623949553	0.8088218809265274
2.1928049353504484	0.8060715457389076
2.197859872784825	0.803328447974856
2.202926463053456	0.8005925610964926
2.2080047330189	0.7978638575712379
2.2130947096056377	0.7951423088601288
2.2181964198002193	0.7924278854060184
2.223309890651403	0.7897205566216793
2.2284351492703043	0.7870202908777885
2.2335722228305315	0.7843270554908168
2.23872113856834	0.7816408167107942
2.2438819237827663	0.7789615397089822
2.2490546058357817	0.7762891885654191
2.254239212152429	0.7736237262563675
2.259435770220978	0.7709651146416369
2.2646443075930596	0.7683133144518046
2.2698648518838223	0.7656682852753115
2.2750974307720706	0.7630299855454518
2.2803420720004186	0.760398372527238
2.28559880337543	0.7577734023041569
2.2908676527677736	0.7551550297647993
2.296148648112362	0.7525432085893804
2.301441817408509	0.7499378912361278
2.306747188720069	0.747326310314377
2.312064790175595	0.7447126386279431
2.3173946499684783	0.742105255693524
2.3227367963571073	0.7395041601873479
2.328091257665008	0.7369093502059204
2.3334580622810033	0.7343208232585289
2.338837238659355	0.7317385762596865
2.344228815319923	0.7291626055215007
2.3496328208483073	0.7265929067459755
2.35504928389601	0.7240294750172347
2.360478233180577	0.7214723047936823
2.365919697485759	0.7189213899000809
2.371373705661655	0.7163767235195656
2.3768402866248772	0.7138382981855748
2.38231946935869	0.7113061057737156
2.3878112829131783	0.7087801374935448
2.3933157564053875	0.706260383880285
2.3988329190194912	0.7037468347864507
2.4043628000069335	0.7012394793734122
2.4099054286865957	0.6987383061028684
2.41546083444494	0.6962433027282529
2.421029046736179	0.6937544562860495
2.4266100950824154	0.6912717530870415
2.432204009073816	0.6887951787074668
2.4378108183687526	0.6863247179801043
2.4434305526939726	0.6838603549852702
2.4490632418447453	0.6814020730417378
2.454708915685031	0.6789498546975689
2.4603676041476272	0.6765036817208699
2.46603933723434	0.6740635350904525
2.4717241450161302	0.6716293949864217
2.4774220576332864	0.669201240780668
2.4831331052955705	0.6667790510272807
2.4888573182823914	0.6643628034528686
2.494594726942955	0.6619524749467982
2.500345361696432	0.6595480415513385
2.506109253032114	0.6571494784517232
2.511886431509581	0.6547567599661136
2.5176769277588558	0.6523698595354834
2.5234807724805757	0.6499887497133987
2.529297996446145	0.6476134021557195
2.5351286304979084	0.6452437876101951
2.540972705549305	0.6428798759059796
2.5468302525850417	0.6405216359430412
2.552701302661247	0.6381690356814851
2.5585858869056453	0.635822042130775
2.5644840365177175	0.6334806213388618
2.5703957827688635	0.6311447383812148
2.5763211570025755	0.6288143573497503
2.582260190634596	0.6264894413416698
2.588212915153092	0.6241576926973923
2.5941793621188136	0.6218231429702621
2.6001595631652723	0.6194938788457514
2.6061535499988953	0.6171699087241462
2.6121613543992064	0.6148512406400948
2.6181830082189848	0.612537882257443
2.624218543384442	0.6102298408640148
2.6302679918953813	0.6079271233663491
2.6363313858253803	0.6056297362843777
2.642408757321946	0.6033376857460607
2.648500138606701	0.6010509774819645
2.654605561975539	0.5987696168197941
2.6607250597988097	0.596493608678865
2.666858664521479	0.594222957564534
2.6730064086633116	0.5919576675625638
2.6791683248190314	0.5896977423334491
2.6853444456585076	0.5874431851066731
2.691534803926915	0.5851939986749244
2.6977394324449206	0.5829501853882469
2.703958364108843	0.5807117471481462
2.7101916318908432	0.5784786854016285
2.7164392688390824	0.5762510011351945
2.7227013080779128	0.5740286948687674
2.7289777828080406	0.5718117666495721
2.7352687263067126	0.5696002160459501
2.741574171927882	0.5673940421411229
2.7478941531023975	0.5651932435268894
2.7542287033381663	0.5629978182972734
2.7605778562203462	0.5608077640421029
2.7669416454115114	0.5586230778405378
2.773320104651841	0.5564437562545294
2.7797132677592886	0.5542697953222268
2.7861211686297707	0.5521011905513155
2.792543841237338	0.5499379369122984
2.798981319634363	0.5477800288317116
2.805433637951713	0.5456274601852817
2.811900830398941	0.5434802242910131
2.8183829312644537	0.541338313902219
2.8248799749157074	0.5392017212004812
2.831391995799379	0.5370704377885513
2.8379190284415565	0.53494445468318
2.8444611074479154	0.5328237623078874
2.85101826750391	0.5307083504856592
2.8575905433749464	0.5285982084315852
2.8641779699065815	0.5264933247454191
2.8707805820246906	0.5243936874040813
2.8773984147356697	0.522299283754084
2.8840315031266055	0.5202101005038942
2.8906798823654762	0.5181261237162197
2.897343587701323	0.5160473388002335
2.904022654464451	0.51396685333899
2.910717118066605	0.5118869347655216
2.9174270140011673	0.5098121251580686
2.924152377843335	0.5077424349411321
2.9308932452503216	0.5056778742307504
2.9376496519615305	0.5036184528299956
2.9444216337987617	0.50156418022442
2.9512092266663856	0.49951506557746334
2.9580124665515464	0.49747111772581143
2.9648313895243423	0.49543234517471507
2.971666031738027	0.4933987560932589
2.9785164294291895	0.4913703583095889
2.9853826189179604	0.4893471593060906
2.992264636608189	0.4873291662145252
2.9991625189876516	0.48531638581111397
3.0060763026282307	0.48330882451158114
3.013006024186122	0.48130648836614437
3.019951720402016	0.4793093830544629
3.0269134281013064	0.47731751388053056
3.0338911841942706	0.475330885767529
3.04088502567628	0.4733495032526229
3.047894989627983	0.47137337048171385
3.054921113215514	0.4694024912041375
3.061963433690677	0.467436868767318
3.069021988391158	0.46547650611136326
3.076096814740708	0.46352140576361844
3.083187950249355	0.46157156983315867
3.0902954325135905	0.45962700000523976
3.097419299216581	0.45768769753568694
3.1045595881283554	0.4557536632452397
3.1117163371060186	0.45382489751383537
3.118889584093937	0.45190140027484743
3.126079367123956	0.4499831710092616
3.1332857243155856	0.44807020873980613
3.1405086938762183	0.4461625120250173
3.1477483141013156	0.4442600789532601
3.1550046233746274	0.44236290713668397
3.1622776601683795	0.44047099370512965
3.169567463043492	0.4385843352999733
3.1768740706497707	0.43670292806791866
3.1841975217261256	0.43482676765472655
3.1915378551007616	0.4329558491988923
3.198895109691399	0.43109016732525746
3.206269324505466	0.4292297161385698
3.213660538640318	0.42737448921697735
3.2210687912834346	0.42552447960546796
3.2284941217126364	0.42367967980924287
3.2359365692962827	0.4218400817870361
3.2433961734934935	0.42000567694436375
3.250872973854344	0.4181764561267209
3.2583670100200885	0.4163468218690523
3.265878321723358	0.4145186191174207
3.273406948788383	0.4126955409522601
3.2809529311311905	0.41087759842315175
3.2885163087598315	0.40906480229752323
3.2960971217745776	0.40725716305647347
3.303695410368149	0.4054546908905517
3.311311214825911	0.4036573956955004
3.3189445755261047	0.401865287067951
3.326595532940045	0.4000783743010851
3.3342641276323506	0.3982966663802469
3.3419504002611427	0.39652017197851974
3.3496543915782775	0.39474889945225394
3.3573761424295467	0.39298285683655754
3.365115693754908	0.39122205184073855
3.372873086588689	0.38946649184370785
3.380648362059817	0.3877161838893345
3.3884415613920256	0.3859711346817605
3.3962527259040853	0.38423135058066527
3.404081897010009	0.38249683759649217
3.4119291162192864	0.38076760138562243
3.4197944251370886	0.37904364724550926
3.4276778654645046	0.3773249801097598
3.4355794789987466	0.3756116045431775
3.443499307633384	0.37390352473674987
3.451437393358563	0.37220074450259455
3.459393778261219	0.3705032672688552
3.4673685045253166	0.3688110960745495
3.4753616144320576	0.36712423356436896
3.483373150360118	0.36544268198342805
3.4914031547858606	0.36376644317196766
3.499451670283573	0.362095518560004
3.5075187395256795	0.3604299091619325
3.5156044052829816	0.3587696155710749
3.523708710424871	0.357114637954182
3.53183169791957	0.3554649760458794
3.5399734108343464	0.353820629143066
3.548133892335755	0.3521815960992549
3.5563131856898527	0.35054787531886805
3.5645113342624426	0.34891946475147106
3.5727283815192883	0.34729636188596064
3.5809643710263606	0.34567856374469236
3.5892193464500517	0.3440660668775592
3.5974933515574232	0.3424588673560102
3.6057864302164235	0.34085696076701877
3.6140986263961334	0.3392603422069899
3.6224299841669856	0.33766900627561686
3.630780547701014	0.3360829470696749
3.639150361272071	0.3345021581767646
3.6475394692560785	0.3329266326689904
3.6559479161312485	0.3313523881655723
3.664375746478333	0.32978073644406863
3.672823004980846	0.3282143038604304
3.681289736425315	0.3266530973757878
3.6897759857015027	0.3250971236258653
3.6982817978026628	0.32354638891644705
3.7068072178257596	0.32200089921880687
3.715352290971726	0.3204606601650871
3.7239170625456848	0.3189256770436394
3.732501577957206	0.31739595479431776
3.741105882720533	0.31587149800372943
3.7497300224548358	0.3143523109004385
3.758374042884441	0.31283839735012586
3.767037989839089	0.311329760850702
3.77572190925416	0.3098264045273758
3.7844258471709336	0.30832833112767416
3.793149849736819	0.30683554301641736
3.801893963205613	0.3053480421706442
3.81065823393773	0.3038658301744939
3.8194427084004663	0.3023889082140343
3.8282474331682264	0.30091727707204724
3.8370724549227884	0.2994509371227603
3.8459178204535354	0.2979898883265335
3.8547835766577188	0.2965341302244926
3.8636697705406915	0.29508366193311597
3.8725764492161727	0.29363848213876736
3.8815036599064823	0.2921985890921817
3.8904514499428067	0.2907639806028952
3.899419866765434	0.2893346540336289
3.908408957924021	0.28791060629461435
3.9174187710778305	0.28649183383787336
3.926449353995999	0.2850783326514373
3.9355007545577743	0.2836700982535203
3.944573020752785	0.28226712568663287
3.953666200681279	0.2808694095116456
3.9627803425543955	0.27947694380179366
3.971915494694403	0.27808972213663197
3.981071705534973	0.27670773759592765
3.9902490236214203	0.2753309827535043
3.9994474976109755	0.2739594496710218
4.008667176273028	0.27259312989170603
4.0179081084894	0.27123201443401623
4.027170343254591	0.2698760937852578
4.036453929676051	0.2685253578951342
4.045758916974426	0.2671797961692423
4.055085354483839	0.2658393974625057
4.0644332916521275	0.2645041500725516
4.073802778041128	0.2631740417330245
4.083193863326921	0.26184905960684085
4.09260659730011	0.26052919027938065
4.1020410298660686	0.25921010983107917
4.111497211045223	0.257893234650346
4.120975190973302	0.25658140647234773
4.130475019901614	0.2552746268680609
4.139996748197304	0.2539728970372682
4.149540426343631	0.25267621780369515
4.1591061049402205	0.25138458961010435
4.168693834703355	0.2500980125133402
4.178303666466218	0.24881648617933144
4.187935651179185	0.24754000987804403
4.1975898399100755	0.24626858247838854
4.207266283844442	0.24500220244307913
4.216965034285822	0.24374086782344684
4.226686142656031	0.2424845762542012
4.2364296604954115	0.24123332494814773
4.24619563946313	0.2399871106908521
4.2559841313374305	0.23874592983525877
4.265795188015928	0.23750977829625639
4.275628861515862	0.23627865154519734
4.285485203974396	0.23505254460436106
4.295364267648873	0.23383145204137262
4.3052661049171075	0.2326153679635647
4.3151907682776525	0.23140428601229143
4.325138310350088	0.23019819935718722
4.335108783875289	0.22899710069037565
4.345102241715717	0.2278009822206229
4.355118736855686	0.2266098356674398
4.365158322401661	0.22542365225512712
4.375221051582521	0.22424242270677064
4.385306977749858	0.2230661372381768
4.395416154378245	0.22189478555175712
4.405548635065534	0.22072835683035366
4.4157044735331255	0.21956683973101138
4.425883723626267	0.2184102223786908
4.436086439314326	0.2172584923599269
4.446312674691089	0.21611163671642655
4.456562483975033	0.21496964193861265
4.466835921509633	0.21383249395910514
4.477133041763626	0.21270017814614747
4.487453899331323	0.2115726792969691
4.49779854893288	0.21044998163109313
4.508167045414603	0.20933206878357857
4.518559443749224	0.20821892379820656
4.528975799036209	0.2071105291206002
4.539416166502032	0.20600686659128836
4.549880601500488	0.20490791743870104
4.560369159512962	0.20381366227210784
4.570881896148752	0.20272408107448725
4.581418867145335	0.20163915319533784
4.591980128368688	0.20055885734342024
4.6025657358135605	0.19947739584540217
4.613175745603796	0.1983966637643518
4.623810213992603	0.19732046641259998
4.634469197362879	0.19624880313304055
4.645152752227495	0.19518167291395175
4.6558609352295885	0.19411907438445758
4.666593803142887	0.1930610058099439
4.677351412871981	0.19200746508743757
4.688133821452653	0.190958449740936
4.698941086052153	0.18991395691670093
4.709773263969529	0.1888739833785012
4.720630412635905	0.18783852550281804
4.731512589614805	0.18680757927400152
4.7424198526024455	0.18578114027938553
4.753352259428054	0.18475920370435492
4.7643098680541565	0.18374176432737105
4.775292736576909	0.18272881651494688
4.786300923226383	0.1817203542165809
4.797334486366892	0.18071637095963997
4.808393484497285	0.1797168598441999
4.819477976251274	0.17872181353783453
4.830588020397726	0.17773122427036084
4.841723675840994	0.1767450838285328
4.8528850016212095	0.1757633835506906
4.864072056914616	0.17478611432135652
4.875284901033862	0.17381326656578694
4.886523593428336	0.1728448302444694
4.897788193684462	0.17188079484757446
4.909078761526032	0.17092114938935374
4.920395356814509	0.16996588240248947
4.9317380395493595	0.169014981932391
4.943106869868354	0.16806843553144213
4.954501908047903	0.16712623025319295
4.96592321450336	0.16618835264650395
4.97737084978936	0.16525478874963204
4.9888448746001215	0.16432552408426815
5.000345349769786	0.1634005436495172
5.011872336272722	0.16247983191582727
5.0234258952238715	0.161563372818861
5.035006087879047	0.16065114975331518
5.046612975635284	0.1597431455666822
5.05824662003114	0.1588393425529577
5.0699070827470445	0.15793972244628965
5.081594425605605	0.157044266414574
5.093308710571955	0.15615295505298862
5.105049999754062	0.15526576837747433
5.116818355403078	0.15438268581815323
5.1286138399136485	0.1535036862126928
5.140436515824262	0.15262874779960678
5.152286445817564	0.1517578482114997
5.16416369272071	0.15088475390998166
5.176068319505676	0.1500115033233722
5.188000389289612	0.14914218902799772
5.199959965335159	0.14827681118693975
5.211947111050805	0.14741536967040578
5.223961889991197	0.14655786405195426
5.236004365857504	0.14570429360468132
5.248074602497725	0.1448546572973761
5.2601726639070625	0.14400895379063589
5.2722986142282275	0.14316718143294946
5.284452517751805	0.142329338256741
5.296634438916578	0.14149542197437906
5.308844442309884	0.1406654299741481
5.321082592667942	0.1398393593161834
5.333348954876211	0.13901720672836693
5.345643593969716	0.13819896860218797
5.357966575133418	0.13738464098856265
5.370317963702527	0.13657421959361815
5.382697825162884	0.13576769977443504
5.3951062251512765	0.13496507653475354
5.4075432294558095	0.13416634452063814
5.420008904016238	0.1333714980161041
5.432503314924333	0.13258053093870237
5.445026528424211	0.1317934368350666
5.4575786109127105	0.13101020887641626
5.470159628939716	0.1302308398540222
5.482769649208539	0.12945532217462785
5.495408738576246	0.12868364785583147
5.508076964054036	0.12791580852142378
5.520774392807573	0.12715179539668603
5.533501092157368	0.12639159930364263
5.546257129579107	0.12563521065627348
5.559042572704037	0.12488261945568023
5.5718574893192985	0.12413381528521163
5.584701947368309	0.12338878730554217
5.597576014951102	0.12264752424970855
5.610479760324706	0.12191001441809968
5.623413251903491	0.12117624567340286
5.6363765582595455	0.1204462054355032
5.649369748123025	0.11971988067633883
5.6623928903825345	0.11899725791470768
5.675446054085471	0.1182783232110303
5.688529308438416	0.11756306216206297
5.701642722807475	0.1168514598955662
5.714786366718672	0.1161435010649226
5.727960309858292	0.1154391698437097
5.741164622073277	0.11473844992022143
5.7543993733715695	0.11404132449194307
5.767664633922509	0.11334777625997496
5.780960474057181	0.11265778742340848
5.794286964268812	0.11196692331422642
5.807644175213121	0.1112766314290067
5.821032177708716	0.11058981990572421
5.834451042737448	0.10990648667207902
5.847900841444809	0.10922662937215002
5.861381645140288	0.10855024536284472
5.874893525297769	0.10787733171031479
5.88843655355589	0.10720788518634106
5.902010801718445	0.10654190226468202
5.91561634175474	0.10587937911739255
5.9292532458	0.10522031161110518
5.942921586155727	0.10456469530328033
5.956621435290106	0.10391252543841982
5.970352865838369	0.10326379694424784
5.984115950603199	0.102618504427855
5.997910762555095	0.1019766421718094
6.011737374832782	0.10133820413022954
6.025595860743578	0.1007031839248245
6.0394862937638	0.10007157484089527
6.0534087475391365	0.09944336982330207
6.067363295885055	0.09881856147239307
6.08135001278718	0.09819714203989786
6.095368972401694	0.09757910342478229
6.109420249055721	0.09696443716906711
6.123503917247737	0.09635313445360737
6.137620051647943	0.09574518609383519
6.151768727098683	0.0951405825354625
6.165950018614822	0.09453931385014674
6.180164001384161	0.09394136973111573
6.1944107507678146	0.09334673948875505
6.208690342300634	0.09275541204615363
6.223002851691596	0.09216737593461112
6.237348354824191	0.09158261928910455
6.251726927756859	0.09100112984371282
6.266138646723353	0.09042289492700294
6.2805835881331795	0.08984790145737198
6.295061828571975	0.08927613593835004
6.309573444801933	0.08870758445385911
6.324118513762193	0.0881422326634314
6.33869711256927	0.08758006579738296
6.353309318517436	0.08702106865194707
6.367955209079159	0.08646522558436132
6.382634861905486	0.08591252050791327
6.397348354826482	0.0853629368869408
6.412095765851615	0.08481645773178896
6.4268771731701975	0.08427306559372078
6.441692655151772	0.08373274255978498
6.456542290346556	0.08319547024763589
6.471426157485831	0.08266122980030982
6.486344335482385	0.08213000188095311
6.501296903430906	0.08159745698177352
6.516283940608428	0.08106500569094767
6.531305526474723	0.08053548396806773
6.546361740672751	0.08000888786718346
6.561452663029053	0.07948521317669537
6.576578373554206	0.07896445541612104
6.591738952443213	0.07844660983283444
6.606934480075961	0.0779316713987726
6.622165037017619	0.077419634807115
6.637430704019089	0.07691049446893065
6.652731562017413	0.0764042445097964
6.668067692136222	0.07590087876638273
6.6834391756861455	0.07540039078301064
6.698846094165265	0.07490277380817531
6.714288529259523	0.07440802079104018
6.729766562843179	0.0739161243778973
6.745280276979219	0.07342707690859793
6.760829753919819	0.07294087041294868
6.77641507610675	0.07245749660707733
6.792036326171846	0.07197694688976385
6.807693586937414	0.07149921233874006
6.823386941416698	0.07102428370695488
6.839116472814292	0.07055215141880705
6.8548822645266165	0.07008280556634258
6.870684400142321	0.06961623590542011
6.886522963442762	0.06915243185183965
6.902398038402419	0.06869138247743899
6.918309709189366	0.06823307650615286
6.934258060165691	0.06777750231003919
6.9502431758879695	0.06732464790526789
6.966265141107686	0.06687450094807541
6.982324040771715	0.066427048730682
6.998419960022734	0.06598227817717392
7.014552984199714	0.06554017583934765
7.030723198838334	0.06510072789251849
7.046930689671471	0.06466392013129076
7.06317554262962	0.06422973796529162
7.07945784384138	0.06379816641486598
7.095777679633888	0.06336919010673436
7.112135136533292	0.06294279326961125
7.128530301265195	0.0625189597297859
7.1449632607551345	0.06209767290666289
7.16143410212902	0.06167891580826456
7.177942912713619	0.061262671026692576
7.194489780036995	0.060848920733550756
7.211074791828998	0.06043764667532632
7.227698036021702	0.06002883016873182
7.2443596007499025	0.059622452096004835
7.261059574351547	0.059218492900167945
7.277798045368242	0.05881693258024527
7.294575102545687	0.058412990024702224
7.311390834834176	0.0580082249638034
7.3282453313890406	0.05760577174284867
7.345138681571151	0.05720562771733148
7.362070974947361	0.05680779004075017
7.379042301291012	0.05641225566213446
7.396052750582378	0.056019021323550966
7.413102413009177	0.05562808355758445
7.430191378967014	0.05523943868479751
7.447319739059893	0.05485308281116552
7.464487584100665	0.05446901182548997
7.481695005111545	0.05408722139678662
7.498942093324558	0.05370770697165131
7.516228940182057	0.053330463771600584
7.533555637337174	0.05295548679038959
7.550922276654341	0.052582770791304134
7.568328950209744	0.05221231030442977
7.58577575029184	0.0518440996238947
7.603262769401819	0.05147813280508936
7.620790100254123	0.051114403661859056
7.638357835776907	0.05075290576367336
7.655966069112566	0.050393632432767906
7.67361489361819	0.05003657674126252
7.691304402866098	0.04968173150825147
7.709034690644301	0.04932908929686931
7.726805850957025	0.04897864241132907
7.744617978025188	0.04863038289393479
7.76247116628692	0.04828430252206668
7.78036551039804	0.04794039280513997
7.798301105232589	0.04759864498153551
7.816278045883297	0.04725905001550439
7.83429642766212	0.04692159859404353
7.852356346100718	0.04658628112374447
7.870457896950989	0.04625308772761327
7.888601176185544	0.04592200824186306
7.906786279998253	0.04559303221267676
7.925013304804718	0.04526614889294259
7.943282347242818	0.044941347238959144
7.961593504173188	0.04461861590711245
7.979946872679768	0.04429794325052252
7.9983425500702845	0.04397931731566127
8.016780633876794	0.04366272583893945
8.035261221856173	0.04334815624326453
8.05378441199067	0.04303559563456705
8.072350302488383	0.042725030798297446
8.090958991783825	0.04241644819589089
8.109610578538408	0.042109833961202055
8.128305161640995	0.04180517389690757
8.147042840208396	0.041502453470877713
8.165823713585926	0.041201657812515335
8.1846478813479	0.04089937532900704
8.203515443298185	0.04059671812699086
8.222426499470712	0.04029592166200867
8.241381150130026	0.03999698335665887
8.260379495771788	0.03969990046644656
8.279421637123345	0.03940467007775669
8.298507675144226	0.03911128910580964
8.317637711026709	0.03881975429259737
8.336811846196344	0.0385300622048014
8.356030182312479	0.03824220923169184
8.375292821268827	0.037956191583006636
8.394599865193973	0.037672005286812776
8.413951416451951	0.037389646187346866
8.433347577642753	0.037109109942837296
8.452788451602899	0.036830392023305694
8.472274141405963	0.03655348770834944
8.491804750363139	0.036278392084903396
8.511380382023763	0.03600510004498219
8.531001140175896	0.03573360628340129
8.550667128846833	0.035463905295478645
8.570378452303697	0.03519599137471456
8.590135215053957	0.034929858610451676
8.609937521846007	0.03466550088551327
8.629785477669701	0.034402911873820836
8.649679187756934	0.03414208503799003
8.669618757582166	0.03388301362690546
8.689604292863018	0.03362569067327325
8.709635899560805	0.03337010899115233
8.729713683881117	0.0331162611734633
8.74983775227436	0.03286413958947543
8.770008211436348	0.032613736382270726
8.790225168308842	0.0323650434661862
8.810488730080142	0.032118052524232554
8.830799004185627	0.03187275500549085
8.851156098308357	0.03162914212248514
8.871560120379607	0.03138720484853261
8.892011178579486	0.03114693391506954
8.912509381337454	0.030908319808954372
8.933054837332953	0.030671352769746137
8.953647655495937	0.0304360227869595
8.974287945007486	0.030202319597294944
8.994975815300352	0.029970232681845232
9.01571137605957	0.029739751263276583
9.036494737223014	0.029510864302985492
9.057326008982002	0.02928356049823019
9.078205301781857	0.029057828279237335
9.099132726322518	0.028833655806282634
9.120108393559097	0.028611030966746654
9.141132414702504	0.028389941372143904
9.162204901219997	0.02817037435512688
9.183325964835811	0.027949532197534495
9.204495717531712	0.02772832626350237
9.225714271547634	0.02750858897504358
9.246981739382225	0.027290317738950597
9.268298233793494	0.027073509823693068
9.289663867799362	0.026858162357762463
9.311078754678306	0.02664427232800073
9.33254300796991	0.026431836577914862
9.354056741475521	0.026220851805975127
9.375620069258803	0.026011314563898817
9.39723310564638	0.025803221254917883
9.418895965228414	0.025596568132031303
9.440608762859236	0.025391351296241333
9.462371613657929	0.025187566694774413
9.484184633008974	0.024985210119285266
9.506047936562814	0.024784277204045774
9.527961640236521	0.02458476342411664
9.549925860214358	0.024386664093503582
9.571940712948447	0.024189974363296042
9.594006315159332	0.023994689219790165
9.616122783836648	0.02380080348259406
9.638290236239705	0.023608311802716962
9.660508789898136	0.023417208660640572
9.68277856261249	0.023227488364373904
9.7050996724549	0.023039145047490037
9.727472237769652	0.022852172667146113
9.749896377173872	0.02266656500208505
9.772372209558107	0.022482315650620015
9.79489985408699	0.022299418028600568
9.817479430199844	0.02211786536736114
9.84011105761134	0.021937650711650904
9.862794856312105	0.021758766917545712
9.885530946569391	0.021581206650341127
9.908319448927676	0.021404962382427277
9.93116048420934	0.02123002639114437
9.954054173515269	0.021056390756619907
9.977000638225535	0.020884047359586193
10.	0.02071298787917911
10.023052380778994	0.020543203790717134
10.046157902783957	0.020374686363460903
10.069316688518045	0.02020742665835349
10.092528860766844	0.020041415525739976
10.115794542598982	0.01987664360306777
10.1391138573668	0.019713101312566313
10.16248692870696	0.01955077885890699
10.18591388054117	0.019389666226841556
10.209394837076797	0.019229753178821002
10.232929922807546	0.01907102925259276
10.256519262514079	0.01891348375877764
10.280162981264736	0.01875710577842482
10.303861204416158	0.01859946524910846
10.32761405761398	0.01844135391170268
10.351421666793442	0.01828436357131642
10.375284158180126	0.018128492111847205
10.39920165829059	0.017973737310510204
10.423174293933046	0.017820096836566986
10.447202192208003	0.017667568250043102
10.471285480508996	0.01751614900043347
10.495424286523221	0.01736583642539672
10.519618738232236	0.017216627749437326
10.543868963912592	0.017068520082576238
10.568175092136585	0.01692151041900888
10.592537251772887	0.016775595635751758
10.616955571987253	0.016630772491276494
10.641430182243164	0.016487037624131885
10.665961212302578	0.016344387551553135
10.690548792226577	0.01620281866805897
10.71519305237607	0.01606232724403613
10.739894123412451	0.015922909424311325
10.76465213629835	0.015784561226709844
10.789467222298287	0.01564727854060201
10.814339512979387	0.01551105712543614
10.83926914021204	0.015375892609258878
10.864256236170656	0.015241780487221716
10.889300933334333	0.01510871612007479
10.91440336448757	0.014976694732647006
10.939563662720943	0.014845711412312858
10.964781961431852	0.014715761107445238
10.990058394325208	0.014586838625854893
11.015393095414156	0.014458938633215911
11.040786199020735	0.01433205565147742
11.066237839776663	0.014206184057260802
11.091748152624008	0.014081318080243235
11.117317272815919	0.013957451801526605
11.142945335917304	0.01383457915199243
11.168632477805613	0.01371269391064163
11.194378834671515	0.013591789702920291
11.220184543019629	0.013471859999030408
11.24604973966927	0.013352898112225666
11.271974561755105	0.01323489719709275
11.297959146727976	0.013117850247816702
11.324003632355566	0.01300175009643189
11.350108156723154	0.012886589411057182
11.37627285823431	0.012772360694115907
11.402497875611685	0.012659056280539926
11.428783347897712	0.012546668335958298
11.45512941445536	0.012435188854869926
11.481536214968829	0.012324609658800568
11.508003889444357	0.012214922394443155
11.534532578210918	0.012106118531782556
11.561122421920993	0.011996373426109716
11.587773561551263	0.011886281114961351
11.614486138403427	0.011777036259215083
11.641260294104908	0.011668636919507168
11.66809617060963	0.011561081071814961
11.694993910198711	0.011454366606460577
11.721953655481304	0.011348491327105008
11.748975549395292	0.011243452949733715
11.776059735208078	0.011139249101632796
11.803206356517299	0.011035877320356163
11.830415557251646	0.010933335052683102
11.857687481671597	0.01083161965356685
11.88502227437019	0.010730728385073473
11.91242008027375	0.010630658415311555
11.93988104464273	0.010531406817351792
11.967405313072431	0.010432970568137481
11.994993031493793	0.0103353465473849
12.02264434617413	0.010238531536474176
12.050359403717973	0.010142522217329863
12.078138351067798	0.010047315171291938
12.10598133550483	0.009952906877976512
12.133888504649775	0.009859293714126657
12.161860006463678	0.00976647195245259
12.189895989248662	0.009674437760462002
12.217996601648723	0.009583187199279778
12.246161992650489	0.009492716222457464
12.274392311584071	0.009403020674771775
12.30268770812381	0.009314096291012998
12.331048332289097	0.009225938694762256
12.359474334445107	0.009138543397158404
12.387965865303691	0.009051905795653506
12.416523075924106	0.008966021172757828
12.445146117713856	0.008880884694773484
12.473835142429433	0.008796491410517204
12.5025903021772	0.00871283625003149
12.531411749414156	0.008629914023284786
12.560299636948754	0.00854771941886009
12.589254117941675	0.00846624700263218
12.618275345906707	0.008385491216432988
12.64736347471151	0.008305446376705604
12.67651865857846	0.008226106673146242
12.705741052085418	0.008147466167334642
12.735030810166617	0.008069518791352077
12.764388088113435	0.007992258346387698
12.793813041575252	0.007915678501332481
12.823305826560219	0.007839772791361126
12.852866599436155	0.007764534616501341
12.882495516931336	0.0076899572401909
12.912192736135347	0.0076160337878220285
12.941958414499863	0.0075427572452733595
12.971792709839558	0.007468635563607645
13.001695780332899	0.0073941544593056005
13.031667784523	0.007320290784686264
13.061708881318419	0.007247042935404139
13.09181922999407	0.007174409243205162
13.121998990192028	0.007102387975181083
13.15224832192239	0.007030977333017015
13.182567385564074	0.006960175452232346
13.212956341865752	0.006889980401414542
13.243415351946643	0.0068203901814464585
13.273944577297401	0.006751402724726439
13.304544179780914	0.0066830158943817115
13.33521432163324	0.006615227483474408
13.365955165464419	0.0065480352142007975
13.396766874259358	0.006481436737083224
13.427649611378643	0.006415429630154973
13.458603540559483	0.006350011398137612
13.489628825916533	0.006285179471611327
13.52072563194278	0.006220931206177652
13.551894123510364	0.006157263881614982
13.583134465871542	0.0060941747010262925
13.614446824659497	0.006031660789979575
13.645831365889252	0.005969719195640531
13.677288255958494	0.00590834688589767
13.708817661648537	0.0058475407484795
13.740419750125149	0.00578729759006413
13.772094688939474	0.005727614135380847
13.803842646028853	0.0056684870263039675
13.83566378971781	0.005609912820938404
13.867558288718882	0.005551887992697448
13.89952631213354	0.005494408929372308
13.931568029453036	0.005437471932193602
13.963683610559377	0.005381073214884343
13.995873225726179	0.00532520890270489
14.028137045619589	0.005269875031489372
14.060475241299143	0.005215067546673788
14.092887984218748	0.005160782302315391
14.12537544622754	0.005107015060103739
14.157937799570824	0.0050537614883629095
14.190575216890926	0.005001017161045206
14.223287871228198	0.004948777556715802
14.25607593602188	0.004897038057528781
14.288939585111036	0.0048457939481941536
14.321878992735439	0.004795040414935936
14.35489433353656	0.004744772544441023
14.387985782558452	0.004694985322799104
14.421153515248696	0.0046456736344332615
14.45439770745928	0.004596832261021404
14.487718535447618	0.00454845588040813
14.52111617587742	0.00450053906550741
14.554590805819668	0.0044519095218837
14.58814260275349	0.004402948997066271
14.621771744567184	0.004354425155415756
14.655478409559112	0.004306336839943087
14.689262776438676	0.004258682848424498
14.723125024327194	0.004211461932875055
14.757065332758946	0.004164672799017169
14.791083881682072	0.004118314105744605
14.825180851459544	0.004072384464581545
14.859356422870075	0.00402688243913691
14.893610777109155	0.003981806544553639
14.92794409578996	0.00393715524695321
14.962356560944343	0.0038929269628750966
14.99684835502374	0.0038491200587113398
15.031419660900225	0.0038057328501358927
15.066070661867418	0.003762763601529056
15.100801541641477	0.0037202105253967186
15.135612484362087	0.0036780717817844195
15.170503674593368	0.0036363454776863198
15.205475297324954	0.0035950296664487083
15.240527537972907	0.0035541223471684505
15.275660582380732	0.003513621464085951
15.310874616820303	0.003473524905972891
15.346169827992941	0.0034338305055143467
15.381546403030342	0.0033945360386856437
15.4170045294956	0.0033556392241235905
15.452544395384141	0.003317137722492276
15.488166189124811	0.003279029135843117
15.523870099580817	0.0032413110069694218
15.55965631605075	0.003203980818755193
15.595525028269538	0.0031670359935182836
15.631476426409538	0.0031304738923476423
15.667510701081484	0.0030942918144349
15.70362804333553	0.003058486996399989
15.739828644662197	0.0030230566116109525
15.776112696993485	0.0029879977694976557
15.812480392703826	0.0029533075148596238
15.848931924611142	0.002918982827167769
15.88546748597779	0.0028850206198600885
15.9220872705117	0.0028514177396310693
15.95879147236732	0.002818170965715069
15.995580286146694	0.002785277009163321
16.032453906900418	0.0027527325121147798
16.069412530128773	0.002720534047060453
16.106456351782697	0.0026886781161014938
16.143585568264868	0.0026571611502007393
16.18080037643066	0.0026259795084278966
16.218100973589298	0.002595129477197978
16.255487557504836	0.002564607269503318
16.292960326397232	0.0025344090241388516
16.330519478943348	0.0025037166620461714
16.368165214278086	0.0024727964827936343
16.40589773199539	0.002442184070045166
16.443717232149325	0.0024118785381782946
16.481623915255085	0.002381878968982114
16.51961798229015	0.0023521844112803546
16.557699634695275	0.0023227938805512557
16.595869074375614	0.002293706358543915
16.634126503701697	0.0022649207928913152
16.672472125510627	0.002236436096719753
16.71090614310707	0.0022082511482549093
16.749428760264383	0.0021803647904243373
16.788040181225607	0.0021527758304564883
16.82674061070467	0.0021254830394760197
16.865530253887407	0.0020984851520956635
16.90440931643265	0.002071780866004379
16.94337800447329	0.0020453688415519033
16.982436524617444	0.00201924770132954
17.0215850839495	0.001993416029747317
17.060823890031244	0.0019678723726073316
17.10015315090288	0.0019426152366734254
17.139573075084254	0.0019176430892369014
17.179083871575877	0.0018929543576785396
17.21868574986008	0.0018685474290266815
17.25837891990204	0.0018444206495114824
17.298163592151013	0.0018205723241151222
17.338039977541374	0.0017970007161181828
17.378008287493763	0.0017737040466419577
17.418068733916144	0.0017506804941868118
17.458221529205037	0.0017279281941663719
17.498466886246565	0.0017054452384377644
17.53880501841762	0.0016832296748276415
17.579236139586932	0.0016612795066541382
17.619760464116293	0.0016395926922445397
17.66037820686164	0.0016181671444488383
17.70108958317422	0.001597000730148967
17.741894808901662	0.00157609126976383
17.78279410038923	0.0015554365367499
17.82378767448089	0.0015350342570975763
17.864875748520518	0.0015148821088230863
17.906058540352948	0.0014949777214560334
17.947336268325266	0.001475318675522393
17.988709151287875	0.0014559025020231076
18.030177408595698	0.001436726681908112
18.071741260109274	0.0014177886455458283
18.113400926196025	0.0013990857721880021
18.15515662773135	0.0013806153894299815
18.197008586099845	0.0013623747726662597
18.238957023196384	0.0013443611445413807
18.281002161427427	0.0013265716743960133
18.323144223712113	0.0013084529635507438
18.365383433483473	0.0012901848546344077
18.407720014689563	0.0012721292738963228
18.450154191794738	0.0012542853898972113
18.492686189780777	0.001236652345875437
18.535316234148123	0.0012192292594606312
18.57804455091699	0.0012020152223847992
18.620871366628677	0.001185009300190793
18.663796908346693	0.0011682105319382819
18.706821403658015	0.0011516179299070556
18.74994508067419	0.0011352304792977626
18.793168168032686	0.0011190471379299179
18.836490894898002	0.001103066835937322
18.879913490962945	0.0010872884754607357
18.92343618644976	0.0010717109303378972
18.967059212111465	0.001056333045790739
19.010782799232995	0.0010411536381099038
19.054607179632484	0.0010261714943364576
19.098532585662387	0.001011385371940843
19.14255925021086	0.0009967939984989371
19.18668740670289	0.0009823960713653418
19.230917289101594	0.000968190257343763
19.275249131909366	0.0009541751923545417
19.31968317016924	0.0009403494810992131
19.364219639466068	0.0009267116967221934
19.408858775927794	0.0009132603804694622
19.453600816226633	0.0008999940413443191
19.498445997580454	0.0008869111557600547
19.543394557753942	0.000874010167189673
19.58844673505991	0.0008612894858125035
19.633602768360475	0.0008487474881577972
19.67886289706845	0.0008363825167451404
19.724227361148536	0.0008241928797218095
19.76969640111862	0.0008121768504969562
19.81527025805099	0.0008003326673726171
19.860949173573715	0.0007886585331715071
19.906733389871864	0.000777152614861609
19.952623149688808	0.000765813043177503
19.998618696327448	0.0007546379122384376
20.044720273651613	0.0007436252791630533
20.090928126087277	0.0007327731636808237
20.137242498623895	0.0007220795477401199
20.183663636815616	0.0007115423751129121
20.23019178678272	0.000701159550996027
20.276827195212817	0.0006909289416090083
20.32357010936221	0.0006808483737885004
20.37042077705719	0.0006709156345791357
20.417379446695296	0.000661128470820937
20.46444636724674	0.0006514845887331213
20.511621788255646	0.0006419816534943873
20.558905959841425	0.0006321538665935871
20.606299132700006	0.00062215267518948
20.65380155810529	0.0006122828082094897
20.701413487910415	0.000602543629569768
20.749135174549107	0.0005929344859397858
20.79696687103696	0.0005834547065504006
20.844908830972887	0.000574103603000199
20.892961308540386	0.0005648804690601627
20.941124558508935	0.0005557845804765925
20.989398836235246	0.0005468151947723228
21.03778439766475	0.0005379715510461408
21.086281499332888	0.0005292528697704864
21.134890398366476	0.0005206583525873502
21.183611352485023	0.0005121871821023999
21.23244462000219	0.0005038385216772697
21.28139045982711	0.000495611515220057
21.330449131465773	0.0004875052869739754
21.379620895022324	0.00047951894130416657
21.428906011200585	0.0004716515624826211
21.47830474130533	0.00046390221447125643
21.527817347243737	0.00045626994070307233
21.57744409152667	0.00044875376386143095
21.6271852372702	0.0004413526856573664
21.67704104819694	0.000434065686604998
21.727011788637455	0.00042689172579496595
21.77709772353159	0.00041982974066591904
21.827299118430012	0.0004128786467739801
21.87761623949552	0.0004060373375602486
21.9280493535045	0.00039930468411626625
21.978598727848254	0.0003926795349474628
22.02926463053456	0.00038616071573453146
22.080047330188993	0.00037974702909276275
22.13094709605639	0.0003734372543292844
22.181964198002195	0.00036723014719821674
22.23309890651403	0.00036112443965368937
22.28435149270303	0.0003551188396007521
22.335722228305325	0.0003492120306441263
22.3872113856834	0.00034340267183480093
22.438819237827662	0.0003376893974144295
22.490546058357804	0.00033207081655754766
22.542392121524305	0.0003265455131115614
22.59435770220978	0.0003211120453345213
22.646443075930595	0.0003157689456306125
22.698648518838212	0.0003105147202834115
22.750974307720718	0.00030534784918683226
22.803420720004187	0.0003002667855737899
22.8559880337543	0.00029526995574251364
22.908676527677724	0.0002903557587805446
22.961486481123632	0.0002855225662863617
23.01441817408509	0.00028076872208864293
23.06747188720069	0.0002757583482820883
23.12064790175594	0.00027060069120858453
23.173946499684796	0.00026551553717344073
23.227367963571073	0.00026050246256646595
23.280912576650078	0.00025556103327915825
23.33458062281002	0.00025069080458946393
23.38837238659356	0.00024589132104550575
23.442288153199225	0.0002411621163483077
23.49632820848307	0.00023650271323346744
23.55049283896009	0.00023191262335181442
23.604782331805783	0.00022739134714901008
23.65919697485759	0.00022293837374410684
23.71373705661655	0.00021855318080702527
23.76840286624876	0.00021423523443498107
23.823194693586913	0.00020998398902782387
23.878112829131783	0.00020579888716229524
23.933157564053875	0.00020167935946517927
23.9883291901949	0.00019762482448536125
24.043628000069347	0.00019363468856476576
24.099054286865954	0.00018970834570818186
24.154608344449404	0.00018584517745194126
24.210290467361776	0.0001820445527314736
24.266100950824168	0.00017830582774770344
24.32204009073816	0.00017462834583229704
24.378108183687527	0.0001710114373117293
24.434305526939713	0.00016745441937018933
24.49063241844747	0.0001639565959112895
24.547089156850312	0.00016051725741859246
24.603676041476273	0.0001571356808149155
24.660393372343385	0.00015381112932043816
24.717241450161318	0.000150542852309578
24.774220576332862	0.00014733008516664144
24.831331052955704	0.0001441720491402175
24.888573182823905	0.00014106795119633468
24.94594726942956	0.00013801698387034696
25.003453616964322	0.00013501832511755483
25.06109253032114	0.0001320711381625327
25.118864315095795	0.00012917457134717638
25.17676927758857	0.00012632775797743987
25.234807724805755	0.00012352981616876974
25.29297996446145	0.0001207798486902016
25.35128630497907	0.0001180769428071374
25.409727055493065	0.00011542017012277122
25.46830252585042	0.00011280858641816867
25.527013026612472	0.00011024123149096896
25.58585886905645	0.0001077171289927248
25.64484036517719	0.00010523528626484704
25.703957827688647	0.00010279469417316126
25.763211570025756	0.00010039432694104393
25.82260190634596	0.00009803314198115146
25.88212915153093	0.00009571007972571181
25.94179362118815	0.00009342406345538228
26.001595631652723	0.0000911739991266441
26.06153549998895	0.00008895877519774337
26.12161354399208	0.00008677726245314992
26.18183008218986	0.00008462831382653798
26.24218543384442	0.00008251076422225539
26.302679918953814	0.00008042343033529513
26.363313858253814	0.00007836511046973775
26.424087573219474	0.0000763345843556669
26.485001386067008	0.00007433061296452934
26.54605561975539	0.00007235193832294652
26.607250597988113	0.00007039728332495158
26.668586645214805	0.00006846535154264909
26.730064086633117	0.00006655482703527188
26.791683248190314	0.00006466437415664056
26.85344445658509	0.00006279263736099756
26.915348039269166	0.00006093824100721606
26.977394324449207	0.0000590997891613541
27.039583641088434	0.00005727586539756265
27.101916318908415	0.0000554650325973162
27.164392688390837	0.00005366583274696314
27.227013080779127	0.00005187678673358296
27.289777828080403	0.000050096394139125745
27.35268726306711	0.0000483231330328383
27.415741719278834	0.000046555459761948995
27.478941531023974	0.0000447918087406082
27.542287033381662	0.00004303059223705836
27.605778562203447	0.00004127020015903468
27.669416454115126	0.00003950899983737174
27.73320104651841	0.000037745335807810614
27.797132677592884	0.00003597752959097956
27.861211686297693	0.00003420387947055116
27.925438412373392	0.00003242266026954799
27.98981319634363	0.00003063212312479267
28.05433637951713	0.0000288304952594755
28.119008303989396	0.000027015979753839783
28.18382931264455	0.000025186755313959546
28.248799749157076	0.0000233409760386024
28.31391995799379	0.00002147677118415098
28.37919028441555	0.00001959224492758552
28.44461107447917	0.00001768547612749541
28.510182675039097	0.00001575451808312044
28.575905433749465	0.000013797398291386844
28.641779699065797	0.00001181211820194495
28.70780582024692	9.796652970175413e-6
28.773984147356696	7.748951208161705e-6
28.84031503126606	5.666934733596981e-6
28.906798823654746	3.548498316628615e-6
28.973435877013245	1.3915094246090502e-6