0.1	9.778618489743925
0.10023052380778996	9.766933981924907
0.10046157902783952	9.755248748232875
0.10069316688518042	9.743562786107114
0.10092528860766845	9.731876092132167
0.10115794542598985	9.720188662026107
0.10139113857366794	9.708500490628678
0.10162486928706957	9.696811571889304
0.1018591388054117	9.68512189885504
0.102093948370768	9.673431463658336
0.10232929922807542	9.661740257504745
0.10256519262514076	9.650044439021293
0.10280162981264736	9.638334399977461
0.10303861204416162	9.62662348925664
0.10327614057613975	9.614911735781527
0.10351421666793438	9.603199168062895
0.10375284158180126	9.591485814192094
0.10399201658290592	9.57977170183354
0.10423174293933042	9.568056858217062
0.10447202192208001	9.556341310130236
0.10471285480508996	9.544625083910583
0.10495424286523224	9.532908205437716
0.1051961873823223	9.5211907001254
0.1054386896391259	9.509472592913546
0.10568175092136585	9.497753908260087
0.10592537251772889	9.486034670132804
0.10616955571987247	9.474314902001062
0.10641430182243161	9.462594626827457
0.10665961212302578	9.45087386705936
0.1069054879222658	9.439152644620435
0.10715193052376065	9.427430980901988
0.10739894123412448	9.415708896754294
0.1076465213629835	9.403986412477822
0.10789467222298288	9.392263547814338
0.1081433951297938	9.38054032193797
0.10839269140212036	9.36881675344614
0.10864256236170655	9.357092860350443
0.10889300933334335	9.345368660067388
0.10914403364487565	9.333644169409098
0.10939563662720939	9.321919404573874
0.1096478196143185	9.310194381136707
0.10990058394325211	9.298469114039639
0.11015393095414151	9.2867436175821
0.11040786199020733	9.275017905411085
0.11066237839776664	9.263291990511258
0.11091748152624012	9.251565885194985
0.11117317272815914	9.239839601092216
0.11142945335917301	9.228113149140315
0.11168632477805612	9.216386539573756
0.11194378834671516	9.204659781913747
0.11220184543019636	9.192932884957719
0.11246049739669266	9.18120585676874
0.11271974561755105	9.169478704664824
0.11297959146727979	9.157751435208104
0.11324003632355571	9.14602405419395
0.11350108156723152	9.134296566639927
0.1137627285823431	9.122568976774698
0.11402497875611688	9.110841288026766
0.11428783347897718	9.099113503013157
0.11455129414455358	9.087385623527961
0.1148153621496883	9.075657650530767
0.11508003889444356	9.063925892740187
0.11534532578210924	9.052181103152932
0.11561122421920987	9.040436151670539
0.11587773561551262	9.02869107582625
0.11614486138403426	9.016945912816505
0.11641260294104915	9.00520069949402
0.11668096170609624	8.99345547236087
0.11694993910198712	8.981710267561434
0.11721953655481303	8.969965120875331
0.11748975549395298	8.958220067710213
0.11776059735208072	8.94647514309455
0.11803206356517298	8.934730381670272
0.11830415557251646	8.922985817685403
0.118576874816716	8.911241484986547
0.11885022274370183	8.899497417011371
0.11912420080273747	8.887753646780931
0.1193988104464273	8.87601020689199
0.11967405313072434	8.86426712950921
0.11994993031493788	8.852524446357279
0.12022644346174129	8.840782188712947
0.12050359403717974	8.829040387397008
0.120781383510678	8.817299072766167
0.12105981335504823	8.805558274704824
0.12133888504649772	8.793818022616826
0.12161860006463679	8.782078345417029
0.12189895989248664	8.770339271522914
0.12217996601648717	8.758600828845976
0.12246161992650487	8.746863044783144
0.12274392311584072	8.73512594620802
0.12302687708123815	8.7233895594621
0.1233104833228909	8.711653910345856
0.12359474334445104	8.699919024109763
0.1238796586530369	8.68818492544521
0.1241652307592411	8.676451638475333
0.1244514611771385	8.664719186745755
0.12473835142429429	8.65298759321522
0.125025903021772	8.641256880246168
0.1253141174941416	8.62952706959515
0.1256029963694875	8.617798182403227
0.12589254117941673	8.606070239186204
0.12618275345906707	8.59434325982482
0.12647363474711512	8.582617263554795
0.12676518658578456	8.570892268956811
0.12705741052085415	8.55916829394639
0.12735030810166617	8.547445355763633
0.12764388088113438	8.535723470962925
0.12793813041575247	8.524002655402468
0.12823305826560213	8.512282924233768
0.12852866599436155	8.500564291890976
0.1288249551693134	8.488846772080155
0.12912192736135342	8.477127545743746
0.1294195841449986	8.465399531402898
0.12971792709839558	8.453672615494007
0.13001695780332903	8.44194683941165
0.13031667784522993	8.430222244194438
0.13061708881318415	8.418498870517721
0.1309181922999407	8.406776758686254
0.13121998990192033	8.395055948626752
0.13152248321922383	8.38333647988039
0.1318256738556407	8.371618391595211
0.1321295634186575	8.359901722518455
0.13243415351946647	8.348186510988816
0.13273944577297395	8.336472794928614
0.1330454417978091	8.32476061183588
0.1333521432163324	8.313049998776364
0.13365955165464422	8.301340992375469
0.1339676687425935	8.289633628810073
0.1342764961137864	8.277927943800298
0.13458603540559483	8.266223972601184
0.13489628825916536	8.25452174999426
0.13520725631942773	8.242821310279048
0.1355189412351036	8.23112268726448
0.1358313446587154	8.219425914260214
0.136144468246595	8.207731024067868
0.13645831365889247	8.196038048972166
0.13677288255958492	8.184347020731991
0.13708817661648537	8.172657970571338
0.13740419750125152	8.160970929170205
0.13772094688939465	8.149285926655354
0.1380384264602885	8.137602992590988
0.1383566378971781	8.12592215596937
0.13867558288718884	8.114243445201284
0.13899526312133534	8.102566888106448
0.13931568029453031	8.09089251190383
0.13963683610559377	8.079220343201815
0.13995873225726183	8.067550407988357
0.14028137045619582	8.05588273162094
0.1406047524129914	8.044217338816518
0.14092887984218747	8.032554253641305
0.14125375446227545	8.020893499500477
0.14157937799570816	8.00923509912778
0.14190575216890922	7.997579074575025
0.142232878712282	7.985925447201471
0.14256075936021884	7.97427423766313
0.1428893958511103	7.962625465901935
0.14321878992735435	7.950979151134818
0.1435489433353656	7.9393353118426795
0.14387985782558455	7.927693965759235
0.14421153515248689	7.916055129859785
0.14454397707459277	7.904418820349815
0.14487718535447616	7.892782592001294
0.14521116175877424	7.881140295968426
0.14554590805819662	7.8695005261206745
0.14588142602753484	7.857863322151815
0.14621771744567183	7.846228723298717
0.14655478409559117	7.834596768332892
0.1468926277643867	7.82296749555191
0.1472312502432719	7.811340942770786
0.14757065332758945	7.799717147313215
0.14791083881682077	7.788096146002763
0.14825180851459538	7.7764779751539574
0.1485935642287007	7.764862670563257
0.14893610777109154	7.753250267499987
0.14927944095789963	7.7416408006971125
0.14962356560944334	7.730034304341976
0.1499684835502373	7.71843081206691
0.15031419660900225	7.706830356939754
0.15066070661867417	7.695232971454301
0.15100801541641484	7.683638687520607
0.1513561248436208	7.672047536455243
0.1517050367459337	7.660459548971411
0.15205475297324955	7.6488747551689995
0.15240527537972914	7.637293184524496
0.15275660582380723	7.625714865880843
0.15310874616820302	7.614139827437152
0.15346169827992942	7.602568096738337
0.1538154640303035	7.5909997006646455
0.15417004529495593	7.57943466542107
0.1545254439538414	7.567873016526664
0.1548816618912481	7.556314778803755
0.15523870099580825	7.544759976367034
0.15559656316050743	7.533208632612568
0.15595525028269538	7.521660770206658
0.15631476426409538	7.510116411074633
0.15667510701081494	7.498575576389485
0.15703628043335524	7.48703828656047
0.15739828644662196	7.475504561221475
0.15776112696993486	7.463974419219409
0.15812480392703834	7.45244787860236
0.15848931924611134	7.4409249566077165
0.15885467485977792	7.429405669650136
0.159220872705117	7.417890033309405
0.15958791472367329	7.406378062318163
0.15995580286146688	7.394869770549549
0.16032453906900418	7.3833651710046855
0.1606941253012877	7.3718642758000525
0.16106456351782708	7.360367096154746
0.16143585568264862	7.3488736423776135
0.16180800376430657	7.337383923854259
0.16218100973589297	7.325897949033915
0.16255487557504839	7.314412198987677
0.16292960326397224	7.3029178472033465
0.16330519478943342	7.291427195536432
0.16368165214278085	7.279940286797568
0.16405897731995392	7.268457163325767
0.16443717232149316	7.256977866979644
0.1648162391525508	7.245502439128575
0.1651961798229015	7.234030920643727
0.1655769963469528	7.222563351889021
0.16595869074375605	7.211099772711995
0.16634126503701693	7.1996402224345735
0.16672472125510626	7.18818473984374
0.16710906143107074	7.176733363182117
0.16749428760264373	7.1652861301384485
0.16788040181225602	7.153843077837985
0.16826740610704674	7.142404242832778
0.16865530253887412	7.130969661091858
0.16904409316432642	7.11953936799133
0.16943378004473283	7.108113398304366
0.16982436524617442	7.096691786191084
0.17021585083949506	7.085274565188339
0.17060823890031235	7.073861768199413
0.17100153150902875	7.062453427483578
0.17139573075084252	7.051049574645581
0.17179083871575881	7.0396502406250105
0.1721868574986007	7.028255455685559
0.17258378919902034	7.016865249404171
0.17298163592151014	7.0054796506601
0.17338039977541378	6.99409868762384
0.17378008287493754	6.982722387745946
0.17418068733916142	6.971350777745761
0.17458221529205037	6.959983883600014
0.1749846688624657	6.948621730531311
0.1753880501841761	6.937264342996506
0.17579236139586926	6.925911744674974
0.1761976046411629	6.914563958456749
0.17660378206861643	6.903221006430556
0.17701089583174212	6.891882909871719
0.17741894808901656	6.88054968922996
0.1778279410038923	6.869221364117065
0.17823787674480895	6.8578979532944375
0.17864875748520506	6.84657947466053
0.17906058540352943	6.835265945238153
0.17947336268325265	6.823957381161648
0.1798870915128788	6.812653797663963
0.1803017740859569	6.801355209063574
0.1807174126010927	6.790061628751285
0.18113400926196024	6.778773069176921
0.18155156627731356	6.767489541835864
0.18197008586099836	6.756211057255471
0.18238957023196378	6.744933982796996
0.1828100216142743	6.733649204014747
0.18323144223712115	6.722369428373363
0.18365383433483465	6.711094701885521
0.18407720014689558	6.699825070075725
0.18450154191794738	6.688560577971195
0.18492686189780783	6.677301270092702
0.18535316234148114	6.666047190445274
0.18578044550916986	6.654798382508827
0.18620871366628675	6.643554889228698
0.186637969083467	6.632316753006069
0.18706821403658005	6.6210840156883055
0.18749945080674188	6.609856718559184
0.18793168168032684	6.598634902329045
0.18836490894898006	6.587418607124798
0.18879913490962935	6.576207872479889
0.18923436186449755	6.565002737324108
0.18967059212111465	6.553803239973319
0.19010782799233	6.542609418119091
0.19054607179632474	6.531421308818216
0.1909853258566238	6.520238948482117
0.19142559250210858	6.50906237286616
0.19186687406702896	6.497891617058847
0.19230917289101584	6.486726715470914
0.1927524913190936	6.475567701824305
0.1931968317016924	6.464414609141049
0.19364219639466074	6.453267469732009
0.19408858775927784	6.442126315185544
0.19453600816226624	6.4309911763560335
0.19498445997580455	6.41986208335229
0.19543394557753943	6.408739065525887
0.195884467350599	6.397622151459325
0.19633602768360464	6.3865113689541175
0.1967886289706845	6.375406745018734
0.19724227361148533	6.364308305856447
0.19769696401118608	6.353216076853036
0.1981527025805098	6.342130082564387
0.19860949173573716	6.331050346703964
0.19906733389871864	6.31997689213016
0.19952623149688797	6.308909740833511
0.1999861869632744	6.297848913923814
0.20044720273651614	6.28679443161708
0.2009092812608728	6.275746313222403
0.20137242498623883	6.264704577128655
0.20183663636815607	6.253669240791091
0.2023019178678272	6.242640320717796
0.20276827195212818	6.2316178324560285
0.20323570109362218	6.2206017905783915
0.2037042077705718	6.209592208668914
0.20417379446695297	6.198589099308966
0.20464446367246739	6.187589014234471
0.20511621788255657	6.176583297750385
0.20558905959841414	6.16558402341246
0.20606299132700007	6.1545912371663505
0.20653801558105292	6.143604984404851
0.20701413487910425	6.1326253099579855
0.20749135174549097	6.121652258083065
0.2079696687103696	6.110685872454578
0.20844908830972886	6.099726196154032
0.20892961308540398	6.088773271659643
0.20941124558508925	6.077827140835972
0.20989398836235246	6.066887844923404
0.21037784397664752	6.055955424527567
0.21086281499332898	6.045029919608602
0.21134890398366465	6.0341113694703665
0.2118361135248502	6.023199812749488
0.21232444620002192	6.012295287404345
0.21281390459827124	6.001397830703904
0.21330449131465762	5.9905074792164745
0.21379620895022325	5.979624268798321
0.21428906011200585	5.9687482345822
0.21478304741305343	5.957879410965734
0.21527817347243727	5.947017831599715
0.21577444091526668	5.93616352937626
0.21627185237270202	5.925316536416868
0.21677041048196952	5.914476884060348
0.21727011788637443	5.903644602850629
0.2177709772353159	5.892819722524455
0.21827299118430013	5.882002271998954
0.2187761623949553	5.871192279359076
0.21928049353504486	5.860389771844935
0.21978598727848253	5.849594775838985
0.2202926463053456	5.838807316853107
0.22080047330189004	5.828027419515549
0.22130947096056375	5.817255107557757
0.22181964198002194	5.806490403801033
0.2223309890651403	5.795733330143131
0.22284351492703042	5.784983907544662
0.22335722228305316	5.774242156015397
0.223872113856834	5.763508094600426
0.22438819237827662	5.752781741366189
0.2249054605835781	5.74206311338637
0.22542392121524293	5.7313522267276475
0.22594357702209775	5.72064909643532
0.22646443075930595	5.709953736518774
0.2269864851883822	5.699266159936839
0.22750974307720706	5.6885863785829685
0.2280342072000418	5.677914403270305
0.22855988033754301	5.66725024371659
0.2290867652767773	5.656593908528934
0.2296148648112362	5.645941431262424
0.23014418174085083	5.635282864309689
0.2306747188720069	5.624632069526309
0.23120647901755947	5.613989094014861
0.23173946499684786	5.603353984288712
0.2322736796357107	5.59272678626168
0.23280912576650079	5.5821075452375695
0.23334580622810028	5.571496305899621
0.23388372386593548	5.560893112299831
0.2344228815319922	5.550298007848186
0.23496328208483072	5.53971103530177
0.23550492838960096	5.529132236753766
0.2360478233180577	5.518561653622365
0.23659196974857583	5.507999326639532
0.23713737056616552	5.497445295839679
0.23768402866248767	5.486899600548223
0.23823194693586902	5.476362279370029
0.23878112829131776	5.465833370177735
0.23933157564053875	5.455312910099948
0.23988329190194904	5.444800935509351
0.24043628000069334	5.434297482010671
0.24099054286865948	5.423802584428529
0.24154608344449405	5.413316276795173
0.2421029046736178	5.402838592338092
0.24266100950824154	5.392369563467496
0.24322040090738153	5.3819092217636895
0.24378108183687525	5.371457597964312
0.2443430552693972	5.361014721951441
0.24490632418447456	5.350580622738591
0.24547089156850305	5.340155328457567
0.24603676041476275	5.329738866345197
0.24660393372343392	5.319331262729929
0.24717241450161304	5.308932543018308
0.24774220576332856	5.298542731681306
0.24831331052955705	5.2881618522405285
0.2488857318282391	5.277789927254286
0.24945947269429547	5.267426978303522
0.25003453616964316	5.257073025977624
0.2506109253032114	5.246728089860063
0.251188643150958	5.236392188513932
0.25176769277588557	5.2260653394673175
0.25234807724805747	5.215747559198542
0.2529297996446145	5.205438863121259
0.25351286304979076	5.195139265569406
0.25409727055493053	5.184848779782023
0.2546830252585041	5.174567417887889
0.2552701302661247	5.164295190890069
0.2558585886905646	5.154032108650261
0.25644840365177174	5.14377817987302
0.2570395782768864	5.133533412089818
0.25763211570025757	5.123293117393845
0.25822601906345966	5.113045542699384
0.2588212915153092	5.102807060287781
0.2594179362118814	5.092577723740253
0.2600159563165272	5.0823575860915
0.2606153549998896	5.072146699819654
0.26121613543992067	5.061945116836146
0.2618183008218985	5.051752888475454
0.26242185433844417	5.041570065484735
0.26302679918953814	5.031396698013401
0.263633138582538	5.021232835602512
0.2642408757321946	5.011078527174139
0.2648500138606701	5.000933821020563
0.2654605561975539	4.990798764793387
0.26607250597988097	4.9806734054925395
0.2666858664521479	4.970557789455158
0.26730064086633115	4.960451962344364
0.2679168324819031	4.950355969137937
0.26853444456585074	4.940269854116839
0.26915348039269155	4.930193660853673
0.26977394324449205	4.92012743220098
0.2703958364108843	4.910071210279455
0.2710191631890843	4.900025036466012
0.2716439268839082	4.889988951381768
0.2722701308077913	4.87996299487986
0.272897778280804	4.8704002834735025
0.27352687263067127	4.8614457952890735
0.27415741719278824	4.8525010767015
0.2747894153102397	4.843566132228017
0.2754228703338166	4.834640965215356
0.27605778562203465	4.825725577823957
0.27669416454115114	4.816819971012091
0.2773320104651841	4.807924144519773
0.27797132677592884	4.799038096852572
0.2786121168629771	4.790161825265232
0.27925438412373377	4.781295325745163
0.2798981319634363	4.772438592995761
0.2805433637951713	4.76359162041959
0.28119008303989407	4.754754400101372
0.28183829312644537	4.745926922790856
0.2824879974915708	4.737109177885503
0.2831391995799379	4.728301153413013
0.2837919028441557	4.719502836013692
0.28444611074479154	4.710714210922656
0.285101826750391	4.701935261951849
0.28575905433749466	4.693165971471943
0.2864177969906581	4.684406320393997
0.28707805820246907	4.6756562881510115
0.28773984147356696	4.666915852679272
0.28840315031266056	4.658184990399541
0.2890679882365476	4.6494579303366335
0.28973435877013226	4.6407202535068866
0.2904022654464451	4.631991966900521
0.2910717118066605	4.623273102992656
0.29174270140011677	4.614563693513409
0.29241523778433354	4.605863769436381
0.2930893245250321	4.597173360966979
0.2937649651961531	4.588492497530694
0.29444216337987617	4.579821207761203
0.29512092266663853	4.571159519488388
0.29580124665515467	4.562507459726209
0.2964831389524342	4.55386505466051
0.29716660317380267	4.545232329636634
0.29785164294291894	4.536609309146985
0.298538261891796	4.527996016818419
0.2992264636608189	4.5193924753995445
0.29991625189876514	4.5107987067478765
0.30060763026282306	4.502214731816893
0.3013006024186122	4.493640570642931
0.3019951720402016	4.485076242331987
0.30269134281013055	4.47652176504637
0.30338911841942706	4.467977155991235
0.3040885025676279	4.459442431400993
0.3047894989627983	4.450917606525567
0.3054921113215513	4.4424026956165354
0.3061963433690677	4.433897711913145
0.30690219883911574	4.425402667628175
0.3076096814740708	4.416917573933673
0.3083187950249354	4.4084424409465575
0.30902954325135906	4.399977277714076
0.309741929921658	4.391522092199137
0.31045595881283555	4.383076891265476
0.31117163371060175	4.374641680662716
0.3118889584093937	4.366216465011258
0.3126079367123955	4.3578012477870365
0.31332857243155854	4.349396031306143
0.3140508693876217	4.341000816709274
0.3147748314101316	4.3326156039460635
0.31550046233746265	4.324240391759257
0.31622776601683794	4.315875177668718
0.3169567463043491	4.307519957955318
0.31768740706497706	4.29917472764464
0.3184197521726125	4.2908394804905585
0.31915378551007617	4.282514208958639
0.3198895109691398	4.274198904209399
0.3206269324505466	4.265893556081418
0.3213660538640317	4.257598153074261
0.32210687912834346	4.249312682331271
0.32284941217126356	4.24103712962219
0.32359365692962827	4.232771479325616
0.32433961734934924	4.224509256454203
0.3250872973854344	4.216234266567296
0.3258367010020088	4.207969007998602
0.32658783217233583	4.199713529413564
0.3273406948788382	4.191467878971039
0.328095293113119	4.183232104314147
0.32885163087598307	4.175006252561025
0.32960971217745777	4.166790370295492
0.3303695410368148	4.1585845035575995
0.3311311214825911	4.150388697834118
0.3318944575526104	4.142202998048895
0.33265955329400454	4.134027448553137
0.333426412763235	4.125862093115587
0.3341950400261143	4.117706974912595
0.33496543915782767	4.1095621365180985
0.3357376142429547	4.101427619893499
0.33651156937549076	4.0933034663774395
0.3372873086588689	4.085189716675468
0.3380648362059816	4.077086410849611
0.33884415613920255	4.068993588307838
0.3396252725904084	4.0609112877934175
0.3404081897010009	4.052839547374174
0.34119291162192855	4.044778404431628
0.3419794425137089	4.036727895650034
0.3427677865464504	4.028688057005314
0.34355794789987465	4.020658923753875
0.34434993076333853	4.012640530421312
0.3451437393358563	4.004632910791014
0.345939377826122	3.99663609789264
0.34673685045253166	3.9886501239904906
0.34753616144320587	3.9806750205717742
0.34833731503601184	3.972710818334734
0.34914031547858615	3.9647575471766805
0.3499451670283573	3.9568152361818996
0.350751873952568	3.9488839136094387
0.35156044052829816	3.940963606880776
0.35237087104248715	3.93305434256737
0.353183169791957	3.9251561463780926
0.3539973410834347	3.9172690431465282
0.35481338923357547	3.909393056818161
0.3556313185689854	3.9015282104374265
0.3564511334262443	3.8936745261346535
0.35727283815192895	3.885832025112866
0.35809643710263606	3.8780007276344572
0.35892193464500527	3.8701806530077483
0.35974933515574237	3.862371819573402
0.36057864302164244	3.85457424469072
0.36140986263961333	3.846787944723792
0.36224299841669866	3.8390129350275286
0.3630780547701014	3.8312492299335483
0.36391503612720716	3.823495075869985
0.36475394692560786	3.8157460594077937
0.36559479161312497	3.8080083526034505
0.36643757464783333	3.8002819847115132
0.3672823004980847	3.7925669841573337
0.3681289736425315	3.784863378524706
0.3689775985701504	3.7771711945433655
0.3698281797802663	3.7694904580763886
0.37068072178257605	3.761821194107457
0.37153522909717257	3.7541634267280015
0.3723917062545686	3.7465171791242247
0.3732501577957206	3.738882473563992
0.3741105882720534	3.7312593313835998
0.3749730022454836	3.7236477729744175
0.3758374042884442	3.716047817769397
0.37670379898390893	3.708459484229451
0.377572190925416	3.7008827898297096
0.37844258471709324	3.6933177510456283
0.3793149849736819	3.6857643833389817
0.38018939632056115	3.6782227011437123
0.381065823393773	3.670692717851643
0.3819442708400465	3.6631744457980533
0.38282474331682265	3.6556678962471296
0.38370724549227875	3.648173079377259
0.38459178204535355	3.640690004266192
0.38547835766577176	3.63321867887607
0.38636697705406914	3.6257591100382984
0.3872576449216172	3.6183113034382823
0.3881503659906482	3.610875263600024
0.38904514499428056	3.6034509938705592
0.3899419866765434	3.5960384964042635
0.390840895792402	3.588637772146994
0.3917418771077831	3.581248820820099
0.3926449353995998	3.5738716409042635
0.3935500754557774	3.566506229623203
0.3944573020752784	3.559152582927217
0.3953666200681279	3.551810695476575
0.39627803425543945	3.5444805606247525
0.3971915494694403	3.5371621704015075
0.3981071705534972	3.529855515495803
0.39902490236214205	3.522560585238565
0.39994474976109745	3.515277367585283
0.4008667176273028	3.5080058490984483
0.4017908108489399	3.5007460149298266
0.4027170343254591	3.4934978488025683
0.40364539296760493	3.4862613329931507
0.4045758916974427	3.4790364483131495
0.40550853544838383	3.471823174090859
0.40644332916521275	3.4646214881527118
0.40738027780411273	3.457431366804552
0.4083193863326921	3.4502493613628027
0.40926065973001086	3.4430668699286766
0.4102041029866068	3.43589580135162
0.41114972110452225	3.428736162788193
0.4120975190973302	3.421587960294792
0.4130475019901614	3.414451198812833
0.41399967481973043	3.407325882153791
0.4149540426343629	3.400212012984101
0.41591061049402206	3.3931095928099198
0.4168693834703354	3.3860186219617376
0.41783036664662176	3.3789390995788495
0.4187935651179184	3.3718710235936795
0.41975898399100753	3.3648143907159564
0.4207266283844441	3.3577691964167418
0.4216965034285822	3.350735434912308
0.422668614265603	3.343713099147865
0.4236429660495411	3.336702180781138
0.4246195639463129	3.3297026701657857
0.4255984131337431	3.322714556334669
0.42657951880159267	3.3157378269829625
0.4275628861515862	3.3087724684511057
0.4285485203974395	3.3018184657076
0.4295364267648873	3.2948758023316436
0.43052661049171065	3.2879444604956087
0.43151907682776525	3.281024420947343
0.43251383103500873	3.274115662992333
0.4335108783875289	3.2672181644756733
0.43451022417157154	3.2603319017638888
0.4355118736855686	3.253456849726584
0.436515832240166	3.2465929817179213
0.4375221051582521	3.239740269557927
0.4385306977749857	3.2328986835136315
0.4395416154378245	3.2260681922800325
0.4405548635065533	3.2192487629608815
0.4415704473533125	3.2124403610492998
0.44258837236262655	3.20564295040821
0.44360864393143257	3.198856493250592
0.4446312674691087	3.1920809501195633
0.4456562483975033	3.1853162798682644
0.44668359215096315	3.1785624396395744
0.44771330417636257	3.171819384845639
0.4487453899331322	3.1650870691471975
0.449779854893288	3.1583654444327456
0.45081670454146017	3.151654460797492
0.4518559443749224	3.1449540665221263
0.4528975799036208	3.138264208051399
0.4539416166502032	3.1315848299725078
0.4549880601500486	3.12491587499328
0.4560369159512962	3.118257283920169
0.4570881896148751	3.1116089956360393
0.4581418867145335	3.1049629555606453
0.4591980128368686	3.0982990813953815
0.4602565735813561	3.091645171719392
0.4613175745603794	3.085001244155143
0.46238102139926035	3.0783673154936544
0.46344691973628804	3.071743401682672
0.46451527522274944	3.065129517814752
0.465586093522959	3.058525678115206
0.46665938031428866	3.051931895929948
0.46773514128719823	3.0453481837132146
0.46881338214526524	3.0387745530151746
0.46989410860521547	3.0322110144694148
0.47097732639695294	3.0256575777803083
0.47206304126359055	3.019114251710262
0.4731512589614805	3.012581044066849
0.4742419852602447	3.006057961689804
0.47533522594280536	2.999545010437914
0.47643098680541573	2.993042195175767
0.47752927365769093	2.986549519760387
0.4786300923226384	2.980066987027736
0.47973344863668915	2.973594598779095
0.4808393484497286	2.967132355767309
0.4819477976251274	2.960680257682907
0.4830588020397727	2.9542383031400914
0.48417236758409943	2.9478064896625926
0.4852885001621211	2.9413848136693925
0.4864072056914617	2.9349732704603158
0.4875284901033864	2.9285718542014822
0.48865235934283363	2.922180557910626
0.48977881936844625	2.91579937344228
0.4909078761526032	2.909428291472809
0.492039535681451	2.903067301485326
0.49317380395493593	2.896716391754447
0.4943106869868355	2.890375549330907
0.4954501908047903	2.8840447600260473
0.49659232145033616	2.877724008396147
0.49773708497893604	2.8714132777266044
0.4988844874600123	2.865112550015986
0.5000345349769786	2.858821805959917
0.5011872336272724	2.852541024934826
0.5023425895223872	2.8462701849815453
0.5035006087879049	2.8400092627887434
0.5046612975635284	2.833758233676229
0.505824662003114	2.827517071578078
0.5069907082747043	2.821285749025621
0.5081594425605604	2.815064237130264
0.5093308710571953	2.808852505566164
0.5105049999754062	2.802650522552732
0.5116818355403077	2.796458254836985
0.5128613839913648	2.790275667675729
0.514043651582426	2.784096485897407
0.5152286445817564	2.7779050443874262
0.5164163692720709	2.7717230582996146
0.5176068319505677	2.7655505544034296
0.5188000389289611	2.759387558828279
0.5199959965335159	2.75323409705377
0.5211947111050804	2.7470901938998833
0.5223961889991198	2.740955873517042
0.5236004365857502	2.734831159376083
0.5248074602497725	2.728716074258135
0.5260172663907061	2.7226106402443913
0.5272298614228227	2.716514878705793
0.5284452517751804	2.7104288102925995
0.5296634438916578	2.704352454923869
0.5308844442309884	2.6982858317768295
0.5321082592667942	2.6922289592761515
0.5333348954876209	2.686181855083115
0.5345643593969717	2.680144536084672
0.5357966575133416	2.6741170183824052
0.5370317963702527	2.668099317281378
0.5382697825162883	2.6620914472788737
0.5395106225151276	2.6560934220530448
0.5407543229455808	2.6501052544514248
0.5420008904016238	2.644126956479355
0.5432503314924332	2.638158539288288
0.5445026528424212	2.6322000131639807
0.5457578610912709	2.62625138751458
0.5470159628939716	2.620312670858588
0.5482769649208538	2.6143838708127176
0.5495408738576245	2.6084649940796334
0.5508076964054034	2.6025560464355695
0.5520774392807574	2.5966570327178364
0.5533501092157367	2.5907679568122104
0.5546257129579107	2.5848888216401975
0.5559042572704036	2.579019629146181
0.5571857489319298	2.57316038028445
0.5584701947368308	2.5673110750061006
0.5597576014951101	2.5614717122458184
0.5610479760324705	2.5556422899085303
0.5623413251903491	2.5498228048559426
0.5636376558259545	2.5440132528929404
0.5649369748123025	2.5382136287538657
0.5662392890382533	2.532423926088667
0.5675446054085471	2.526644137448921
0.5688529308438415	2.520874254273714
0.5701642722807475	2.515114266875411
0.571478636671867	2.509364164425271
0.5727960309858292	2.50362393493894
0.5741164622073276	2.497893565261812
0.5754399373371569	2.4921730410542438
0.5767664633922508	2.486459324317376
0.5780960474057181	2.480744827597237
0.5794286964268811	2.4750400719151275
0.580764417521312	2.469345070816276
0.5821032177708715	2.4636598370410945
0.5834451042737447	2.457984382513966
0.5847900841444807	2.452318718331897
0.5861381645140288	2.4466628547530944
0.5874893525297767	2.4410168011854063
0.588843655355589	2.4353805661746657
0.5902010801718444	2.4297541573929218
0.591561634175474	2.4241375816265545
0.5929253245799998	2.418530844764287
0.5942921586155727	2.412933951785069
0.5956621435290105	2.4073469067458637
0.5970352865838369	2.4017697127693007
0.5984115950603197	2.3962023720312264
0.5997910762555094	2.390644885748131
0.6011737374832781	2.385097254164454
0.6025595860743578	2.3795594765397836
0.6039486293763798	2.374031551135916
0.6053408747539136	2.3685134752038066
0.6067363295885054	2.3630052449704007
0.6081350012787179	2.3575068556253296
0.6095368972401692	2.3520183013074925
0.610942024905572	2.3465395750915063
0.6123503917247736	2.3410706689740364
0.6137620051647943	2.3356115738599894
0.6151768727098682	2.3301622795485883
0.6165950018614822	2.3247227747193104
0.618016400138416	2.319293046917699
0.6194410750767815	2.3138730825410407
0.6208690342300636	2.3084628668239113
0.6223002851691596	2.303062383823587
0.6237348354824193	2.2976716164053226
0.6251726927756859	2.2922905462274916
0.6266138646723355	2.286919153726589
0.628058358813318	2.281557418102098
0.6295061828571976	2.276205317301216
0.6309573444801934	2.2708628280034358
0.6324118513762195	2.2655299256050005
0.633869711256927	2.260206584203188
0.6353309318517437	2.254892776580485
0.6367955209079159	2.249588474188585
0.6382634861905487	2.2442936471322628
0.6397348354826482	2.2390082641530893
0.6412095765851616	2.233732292613
0.6426877173170197	2.2284656984777165
0.6441692655151774	2.2232084463000112
0.6456542290346556	2.2179604992028303
0.6471426157485832	2.212716485419454
0.6486344335482385	2.2074630058777753
0.6501296903430908	2.202218616477559
0.6516283940608427	2.196983332286378
0.6531305526474724	2.1917571676602323
0.654636174067275	2.186540136233489
0.6561452663029055	2.1813322509087074
0.6576578373554206	2.1761335238463806
0.6591738952443215	2.1709439664545713
0.6606934480075961	2.1657635893784493
0.662216503701762	2.1605924024897316
0.6637430704019089	2.15543041487602
0.6652731562017414	2.150277634830038
0.6668067692136223	2.1451340698387624
0.6683439175686147	2.139999726572459
0.6698846094165265	2.134874610873603
0.6714288529259524	2.129758727745704
0.6729766562843179	2.124652081342023
0.6745280276979221	2.1195546749541787
0.6760829753919819	2.1144665110006486
0.6776415076106752	2.109387591015167
0.6792036326171846	2.104317915635
0.6807693586937414	2.0992574845891294
0.6823386941416696	2.094206296686305
0.6839116472814293	2.0891643498030015
0.6854882264526615	2.0841316408712536
0.6870684400142321	2.079108165866375
0.688652296344276	2.074093919794575
0.6902398038402419	2.0690888966804453
0.6918309709189364	2.0640930895543343
0.6934258060165691	2.0591064904396097
0.6950243175887968	2.0541290903397966
0.6966265141107687	2.049160879225596
0.6982324040771714	2.044201846021782
0.6998419960022735	2.039251978593984
0.7014552984199712	2.03431126373534
0.7030723198838335	2.0293796871530243
0.7046930689671469	2.0244572334546587
0.7063175542629619	2.0195438861345907
0.7079457843841379	2.014639627560051
0.7095777679633888	2.009744438957175
0.711213513653329	2.0048583003969074
0.7128530301265195	1.9999811907807634
0.7144963260755133	1.9951130878264738
0.716143410212902	1.9902539680534825
0.7177942912713617	1.9854038067683244
0.7194489780036994	1.9805625780498637
0.7211074791828996	1.9757302547343947
0.7227698036021702	1.9709068084006103
0.72443596007499	1.9660922093544326
0.7261059574351547	1.961281598138448
0.727779804536824	1.9564628480327941
0.7294575102545687	1.9516527618317019
0.7311390834834174	1.9468513569555301
0.732824533138904	1.9420586502027113
0.734513868157115	1.937274657740751
0.7362070974947361	1.9324993950971465
0.737904230129101	1.927732877150214
0.7396052750582378	1.9229751181198294
0.7413102413009175	1.9182261315580746
0.7430191378967014	1.9134859303398046
0.744731973905989	1.908754526653112
0.7464487584100665	1.9040319319897097
0.7481695005111544	1.8993181571352156
0.7498942093324559	1.8946132121593486
0.7516228940182055	1.889917106406027
0.7533555637337174	1.8852298484833743
0.7550922276654339	1.8805514462536317
0.7568328950209744	1.8758819068229726
0.7585775750291838	1.8712212365312204
0.7603262769401818	1.8665694409414697
0.762079010025412	1.8619265248296053
0.7638357835776907	1.8572924921737313
0.7655966069112563	1.8526673461434893
0.7673614893618189	1.8480510890892832
0.7691304402866096	1.8434437225313982
0.7709034690644301	1.8388452471490215
0.7726805850957024	1.8342556627691546
0.7744617978025188	1.829674968355428
0.7762471166286917	1.8251031619968026
0.7780365510398041	1.8205402408961706
0.7798301105232588	1.8159862013588535
0.7816278045883297	1.8114410387809803
0.7834296427662119	1.8069047476377718
0.7852356346100718	1.8023773214717034
0.7870457896950986	1.7978587528805647
0.7888601176185545	1.7933490335054063
0.7906786279998251	1.7888481540183723
0.7925013304804718	1.7843561041104243
0.7943282347242815	1.7798728724789465
0.7961593504173188	1.7753984468152384
0.7979946872679766	1.770932813791892
0.7998342550070284	1.766475959050054
0.8016780633876791	1.7620278671865637
0.8035261221856173	1.757588521740981
0.8053784411990667	1.7531579051824875
0.8072350302488382	1.7487359988966715
0.8090958991783823	1.74432278317219
0.8109610578538409	1.7399182371873065
0.8128305161640993	1.7355223389963108
0.8147042840208396	1.7311312498170217
0.8165823713585925	1.7267353877973997
0.81846478813479	1.7223480324881828
0.8203515443298183	1.7179691986868646
0.8222426499470712	1.7135989005730798
0.8241381150130024	1.7092371516998086
0.8260379495771788	1.7048839649844931
0.8279421637123342	1.700539352700067
0.8298507675144225	1.696203326465901
0.8317637711026711	1.691875897238662
0.8336811846196344	1.6875570753030846
0.835603018231248	1.6832468702626526
0.8375292821268826	1.6789452910301945
0.8394599865193975	1.6746523458183875
0.8413951416451951	1.6703680421301708
0.8433347577642755	1.6660923867490696
0.84527884516029	1.6618253857294278
0.8472274141405965	1.657567044386543
0.8491804750363139	1.6533173672867145
0.8511380382023765	1.6490763582371932
0.8531001140175896	1.644844020276038
0.8550667128846834	1.6406203556618784
0.8570378452303697	1.6364053658635735
0.8590135215053958	1.6321990515497846
0.8609937521846007	1.6280014125784388
0.8629785477669704	1.6238124479861034
0.8649679187756933	1.6196321559772517
0.8669618757582167	1.615460533913437
0.8689604292863019	1.6112975783023555
0.8709635899560808	1.6071432847868181
0.8729713683881117	1.6029976481336103
0.8749837752274362	1.5988606622222512
0.8770008211436349	1.5947323200336507
0.8790225168308845	1.5906126136386542
0.8810488730080143	1.5865015341864905
0.8830799004185629	1.5823990718931047
0.8851156098308356	1.5783052160293827
0.887156012037961	1.5742199549092752
0.8892011178579485	1.5701432758778002
0.8912509381337457	1.566075165298945
0.8933054837332954	1.5620156085434498
0.895364765549594	1.5579645899764794
0.8974287945007486	1.5539220929451873
0.8994975815300353	1.5498880997661553
0.9015711376059571	1.5458625917127264
0.9036494737223016	1.5418455490022187
0.9057326008982003	1.5378369507830194
0.9078205301781859	1.5338367751215636
0.9099132726322517	1.5298449989891925
0.9120108393559097	1.5258615982488932
0.9141132414702502	1.5218832276836536
0.9162204901219997	1.517901545020343
0.9183325964835808	1.513928099070761
0.9204495717531712	1.5099628971310661
0.9225714271547631	1.5060059458220187
0.9246981739382225	1.5020572510798087
0.9268298233793492	1.4981168181467888
0.9289663867799363	1.494184651562126
0.9311078754678302	1.4902607551523612
0.933254300796991	1.486345132021882
0.9354056741475518	1.4824377845433014
0.9375620069258802	1.4785387143477524
0.9397233105646378	1.4746479223150852
0.9418895965228413	1.4707654085639745
0.9440608762859233	1.4668911724419371
0.946237161365793	1.463025212515249
0.9484184633008971	1.459167526558774
0.9506047936562815	1.4553181115456957
0.9527961640236519	1.4514769636371512
0.9549925860214359	1.4476440781717705
0.9571940712948444	1.443819449655118
0.9594006315159331	1.4400030717490342
0.9616122783836646	1.4361949372608815
0.9638290236239705	1.4323950381326849
0.9660508789898133	1.4286033654301773
0.9682778562612491	1.424819909331739
0.9705099672454897	1.4210446591172388
0.9727472237769651	1.4172776031567673
0.9749896377173869	1.4135187288992692
0.9772372209558107	1.4097680228610714
0.9794899854086988	1.4060254706143007
0.9817479430199844	1.4022910567752007
0.9840111057611337	1.398564764992337
0.9862794856312105	1.3948465779346961
0.9885530946569389	1.3911364772796733
0.9908319448927676	1.3874344437009525
0.9931160484209338	1.3837404568562728
0.995405417351527	1.3800544953750846
0.9977000638225533	1.3763765368460927
1.	1.372706557804685
1.0023052380778998	1.3690445337202466
1.0046157902783952	1.3653904389833587
1.0069316688518044	1.3617442468928813
1.0092528860766845	1.3581059296429157
1.0115794542598988	1.3544754583096528
1.0139113857366795	1.3508528028380986
1.016248692870696	1.3472379320286794
1.0185913880541169	1.3436308135237311
1.0209394837076802	1.3400314137938538
1.023292992280754	1.3364396981241602
1.0256519262514079	1.3328511821300157
1.0280162981264735	1.3292546860912977
1.0303861204416165	1.3256656830137035
1.0327614057613974	1.3220841815395028
1.0351421666793441	1.3185101897262177
1.0375284158180127	1.314943715038575
1.0399201658290596	1.3113847643403698
1.0423174293933042	1.3078333438862626
1.0447202192208003	1.3042894593134877
1.0471285480508996	1.300753115633495
1.0495424286523225	1.2972243172234992
1.051961873823223	1.293703067817961
1.0543868963912593	1.2901893704999807
1.0568175092136585	1.2866832276926143
1.0592537251772887	1.2831846411501038
1.0616955571987248	1.2796936119490283
1.064143018224316	1.2762101404793738
1.066596121230258	1.27273422643551
1.0690548792226577	1.2692658688070968
1.0715193052376064	1.2658050658698878
1.0739894123412446	1.2623518151764677
1.076465213629835	1.258906113546884
1.0789467222298286	1.2554679570592078
1.081433951297938	1.2520373410399905
1.0839269140212033	1.2486142600546482
1.0864256236170655	1.2451987078977411
1.0889300933334332	1.2417906775831768
1.0914403364487566	1.2383901613343087
1.0939563662720937	1.2349971505739554
1.096478196143185	1.2316116359143165
1.0990058394325208	1.2282336071468063
1.101539309541415	1.2248630532317801
1.104078619902073	1.221499962288181
1.1066237839776665	1.2181443215830772
1.1091748152624008	1.2147961175211117
1.1117317272815914	1.2114553356338518
1.1142945335917298	1.2081219605690408
1.1168632477805611	1.204795976079751
1.1194378834671515	1.2014773650134383
1.1220184543019636	1.1981661093008944
1.1246049739669264	1.1948621899451008
1.1271974561755105	1.1915655870099757
1.1297959146727976	1.188276279609026
1.1324003632355573	1.1849942458938862
1.1350108156723149	1.1817194630427645
1.137627285823431	1.1784519072487676
1.1402497875611686	1.1751915537081385
1.1428783347897717	1.1719383766083697
1.1455129414455354	1.1686923491162213
1.1481536214968828	1.165453443365621
1.1508003889444356	1.1622178112286552
1.1534532578210923	1.1589758563077428
1.1561122421920986	1.1557408647827747
1.1587773561551262	1.1525128459488019
1.1614486138403426	1.1492918085823665
1.1641260294104914	1.1460777609342818
1.1668096170609623	1.1428707107223575
1.1694993910198712	1.139670665124038
1.1721953655481303	1.1364776307689906
1.1748975549395297	1.1332916137316007
1.1776059735208073	1.13011261952342
1.1803206356517297	1.1269406530855206
1.1830415557251646	1.1237757187807942
1.1857687481671602	1.120617820386165
1.1885022274370183	1.1174669610847414
1.1912420080273751	1.114323143457881
1.193988104464273	1.111186369477193
1.1967405313072437	1.1080566404964531
1.1994993031493788	1.1049339572434564
1.2022644346174132	1.101818319811777
1.2050359403717974	1.0987097276524682
1.2078138351067804	1.0956081795656687
1.2105981335504823	1.092513673692143
1.2133888504649775	1.0894262075047327
1.2161860006463678	1.0863457777997378
1.2189895989248667	1.0832723806882054
1.2217996601648717	1.0802060115871515
1.2246161992650488	1.0771466652106878
1.2274392311584073	1.0740943355610746
1.2302687708123818	1.0710490159196886
1.233104833228909	1.0680106988379052
1.2359474334445106	1.0649793761278963
1.238796586530369	1.0619550388533463
1.2416523075924113	1.058937677320077
1.244514611771385	1.0559272810665923
1.2473835142429432	1.0529238388545301
1.2502590302177201	1.0499273386590282
1.2531411749414163	1.0469377676590017
1.2560299636948749	1.0439551122273332
1.2589254117941675	1.0409793579209663
1.2618275345906707	1.038010489470917
1.2647363474711515	1.035048490772185
1.2676518658578455	1.0320933448735803
1.270574105208542	1.029145033967449
1.2735030810166617	1.0262035393793152
1.276438808811344	1.023268841557414
1.2793813041575246	1.0203409200621465
1.2823305826560218	1.0174197535554221
1.2852866599436155	1.0145053197899163
1.2882495516931343	1.0115975955982233
1.2912192736135342	1.0086936733583973
1.2941958414499863	1.0057863053388179
1.297179270983956	1.0028855200971636
1.3001695780332907	0.9999913219442187
1.3031667784522993	0.9971037146502012
1.3061708881318417	0.9942227014375014
1.309181922999407	0.9913482849733647
1.3121998990192034	0.9884804673624917
1.3152248321922384	0.9856192501395814
1.3182567385564075	0.9827646342617932
1.3212956341865751	0.9799166201011479
1.324341535194665	0.9770752074368484
1.3273944577297394	0.9742403954475366
1.3304544179780915	0.9714121827034694
1.333521432163324	0.9685905671586321
1.3365955165464425	0.9657755461427644
1.3396766874259352	0.9629671163533265
1.3427649611378643	0.9601652738473792
1.3458603540559484	0.9573700140333947
1.348962882591654	0.9545813316629874
1.3520725631942772	0.9517992208225718
1.3551894123510364	0.9490236749249386
1.3583134465871542	0.9462546867007562
1.3614446824659503	0.9434922481899929
1.3645831365889245	0.9407363507332577
1.3677288255958495	0.9379869849630622
1.3708817661648536	0.9352441407950057
1.3740419750125157	0.9325078074188696
1.3772094688939465	0.9297779732896428
1.3803842646028852	0.9270546261184498
1.383566378971781	0.9243377528634111
1.3867558288718889	0.921627339720404
1.3899526312133532	0.9189233721137532
1.3931568029453036	0.9162258346868234
1.3963683610559376	0.9135347112925376
1.3995873225726185	0.9108499849837969
1.4028137045619582	0.908171638003824
1.4060475241299144	0.9054996517764091
1.4092887984218747	0.9028340068960755
1.4125375446227548	0.9001746831181456
1.4157937799570817	0.89752165934873
1.4190575216890926	0.89487491363461
1.4223287871228198	0.8922344231530427
1.425607593602188	0.8896001642014617
1.428893958511103	0.8869721121870949
1.432187899273543	0.8843502416164808
1.435489433353656	0.8817345260848917
1.4387985782558452	0.8791249382656658
1.4421153515248688	0.8765214498994351
1.4454397707459272	0.8739240317832656
1.4487718535447618	0.8713289510502031
1.452111617587742	0.8687269019772853
1.455459080581966	0.866130763433712
1.4588142602753482	0.8635405424838589
1.4621771744567182	0.860956245751597
1.4655478409559113	0.8583778794142183
1.468926277643867	0.8558054491962926
1.4723125024327186	0.8532389603634754
1.4757065332758947	0.8506784177162486
1.4791083881682072	0.8481238255836094
1.4825180851459536	0.8455751878166918
1.4859356422870067	0.8430325077823368
1.4893610777109154	0.8404957883565907
1.492794409578996	0.8379650319181546
1.4962356560944337	0.8354402403417598
1.4996848355023733	0.832921414991491
1.5031419660900225	0.8304085567140389
1.5066070661867417	0.8279016658318971
1.5100801541641484	0.8254007421364856
1.513561248436208	0.8229057848812208
1.5170503674593367	0.8204167927745107
1.5205475297324955	0.8179337639726916
1.5240527537972914	0.8154566960728943
1.5275660582380723	0.812985586105848
1.5310874616820302	0.8105204305286107
1.5346169827992941	0.808061225217242
1.5381546403030348	0.8056079654593953
1.5417004529495593	0.8031606459468535
1.545254439538414	0.8007192607679853
1.5488166189124812	0.798283803400138
1.5523870099580825	0.7958542667019578
1.5559656316050743	0.7934306429056389
1.559552502826954	0.7910129236091001
1.5631476426409538	0.7886010997680938
1.5667510701081493	0.7861951616882334
1.5703628043335522	0.7837950990169589
1.5739828644662197	0.7814009007354166
1.5776112696993485	0.7790125551502759
1.5812480392703834	0.7766300498854595
1.5848931924611134	0.774253371873808
1.5885467485977791	0.7718825073486607
1.59220872705117	0.7695174418353643
1.5958791472367329	0.7671581601426998
1.5995580286146687	0.7648046463542368
1.6032453906900417	0.7624568838196009
1.6069412530128773	0.7601148551456708
1.6106456351782708	0.7577785421876863
1.6143585568264862	0.7554479260402845
1.6180800376430662	0.7531229870284447
1.6218100973589298	0.7508037046983608
1.6255487557504842	0.7484874887165572
1.6292960326397223	0.74616788194622
1.6330519478943346	0.7438538197012524
1.6368165214278085	0.7415453061789559
1.6405897731995396	0.7392423451386957
1.6443717232149315	0.7369449398960035
1.6481623915255086	0.7346530933166127
1.651961798229015	0.7323668078104469
1.6557699634695284	0.7300860853255431
1.6595869074375604	0.727810927341927
1.6634126503701698	0.7255413348654207
1.6672472125510627	0.7232773084214026
1.6710906143107078	0.7210188480484983
1.6749428760264373	0.7187659532922214
1.6788040181225607	0.7165186231985474
1.6826740610704674	0.7142768563074354
1.6865530253887415	0.7120406506462796
1.690440931643264	0.7098100037233094
1.6943378004473288	0.7075849125209196
1.6982436524617444	0.7053653734889465
1.7021585083949509	0.7031513825378739
1.7060823890031234	0.7009429350319818
1.710015315090288	0.6987400257824268
1.7139573075084253	0.6965426490402644
1.7179083871575884	0.6943507984893991
1.721868574986007	0.6921644672394762
1.725837891990204	0.6899836478187032
1.7298163592151015	0.6878083321666087
1.7338039977541384	0.6856385116267301
1.7378008287493754	0.6834741769392392
1.7418068733916146	0.6813153182334951
1.7458221529205038	0.6791619250205326
1.7498466886246573	0.6770139861854779
1.7538805018417611	0.6748714899798998
1.7579236139586931	0.672734424014084
1.7619760464116292	0.670602775249244
1.7660378206861649	0.6684765299896548
1.770108958317421	0.66635567387472
1.7741894808901661	0.6642401918709596
1.7782794100389228	0.6621300682639351
1.78237876744809	0.6600252866500886
1.7864875748520508	0.6579258299285191
1.7906058540352947	0.6558316802926757
1.7947336268325265	0.6537428192219822
1.7988709151287883	0.6516592274733781
1.803017740859569	0.6495808850727922
1.8071741260109275	0.647507771306529
1.8113400926196026	0.6454398647125877
1.8155156627731361	0.6433771430718913
1.8197008586099834	0.64131958339945
1.8238957023196385	0.6392648603505001
1.8281002161427427	0.6372071843383756
1.832314422371212	0.6351545554175573
1.8365383433483464	0.6331069724077443
1.8407720014689564	0.6310644336646806
1.8450154191794736	0.6290269370741772
1.8492686189780787	0.6269944800460633
1.8535316234148114	0.6249670595080955
1.857804455091699	0.6229446718997979
1.8620871366628675	0.6209273131662554
1.8663796908346704	0.6189149787518392
1.8706821403658007	0.6169076635938853
1.8749945080674193	0.6149053621163038
1.8793168168032686	0.6129080682231366
1.883649089489801	0.6109157752920518
1.8879913490962936	0.6089284761677797
1.892343618644976	0.6069461631554869
1.8967059212111463	0.6049688280140914
1.9010782799233006	0.6029964619495132
1.9054607179632472	0.6010290556078663
1.9098532585662378	0.5990665990685856
1.914255925021086	0.5971090818374908
1.9186687406702891	0.5951564928397904
1.9230917289101586	0.5932088204130153
1.9275249131909356	0.5912660522998944
1.9319683170169242	0.5893281756411595
1.936421963946607	0.5873951769682895
1.9408858775927782	0.5854670421961841
1.9453600816226624	0.583543756615774
1.9498445997580456	0.5816253048865613
1.9543394557753944	0.5797116710290962
1.95884467350599	0.5778028384173785
1.9633602768360463	0.5758987897711982
1.967886289706845	0.5739995071484
1.9724227361148534	0.5721049719370824
1.976969640111861	0.5702151648477235
1.9815270258050979	0.568330065905237
1.9860949173573716	0.5664496544409551
1.9906733389871865	0.5645739090845423
1.9952623149688797	0.5627028077558313
1.9998618696327437	0.5608363276565912
2.0044720273651615	0.5589744452622154
2.0090928126087277	0.5571171363133423
2.0137242498623884	0.5552643758073923
2.0183663636815607	0.5534161379900369
2.023019178678272	0.5515723963465856
2.0276827195212817	0.5497331235932995
2.032357010936222	0.547898291668623
2.037042077705718	0.5460678717243438
2.0417379446695296	0.5442418341166658
2.046444636724674	0.5424170743922508
2.0511621788255656	0.5405858614772739
2.0558905959841414	0.5387588820275369
2.0606299132700006	0.536936136460611
2.065380155810529	0.5351176248166476
2.0701413487910423	0.5333033467534324
2.0749135174549096	0.5314933015414021
2.079696687103696	0.5296874880586092
2.084490883097289	0.5278859047856429
2.0892961308540396	0.5260885498004993
2.0941124558508926	0.5242954207734067
2.0989398836235242	0.5225065149616016
2.1037784397664754	0.5207218292040557
2.1086281499332897	0.518941359916154
2.1134890398366464	0.5171651030843255
2.1183611352485023	0.515393054260619
2.123244462000219	0.5136252085572363
2.1281390459827123	0.5118615606410057
2.133044913146576	0.5101021047278147
2.1379620895022327	0.5083468345769802
2.1428906011200586	0.5065957434855777
2.1478304741305343	0.5048488242827084
2.1527817347243725	0.5031060693237219
2.157744409152667	0.5013674704843786
2.16271852372702	0.4996330191549653
2.167704104819695	0.49790270623435023
2.1727011788637443	0.4961765221239899
2.1777097723531593	0.49445445672187444
2.1827299118430012	0.4927364994164254
2.187761623949553	0.4910226390803279
2.1928049353504484	0.4893128640643187
2.197859872784825	0.48760716219090455
2.202926463053456	0.4859055207480351
2.2080047330189	0.4842079264827094
2.2130947096056377	0.4825143655945295
2.2181964198002193	0.48082482372919305
2.223309890651403	0.4791392859719288
2.2284351492703043	0.4774577368408693
2.2335722228305315	0.47578016028036857
2.23872113856834	0.474106539654254
2.2438819237827663	0.4724368577390211
2.2490546058357817	0.47077109671696504
2.254239212152429	0.46910923816925193
2.259435770220978	0.46745126306892326
2.2646443075930596	0.46579715177384484
2.2698648518838223	0.4641468840195844
2.2750974307720706	0.46250043891223114
2.2803420720004186	0.46085779492114703
2.28559880337543	0.4592189298716562
2.2908676527677736	0.4575838209376648
2.296148648112362	0.4559495397722505
2.301441817408509	0.45430878608410025
2.306747188720069	0.4526716640043286
2.312064790175595	0.4510381795264079
2.3173946499684783	0.4494083383929557
2.3227367963571073	0.4477821460921734
2.328091257665008	0.4461596078542566
2.3334580622810033	0.44454072864776534
2.338837238659355	0.44292551317596407
2.344228815319923	0.4413139658731238
2.3496328208483073	0.43970609090079155
2.35504928389601	0.4381018921440201
2.360478233180577	0.4365013732075673
2.365919697485759	0.4349045374120539
2.371373705661655	0.43331138779009
2.3768402866248772	0.4317219270823584
2.38231946935869	0.4301361577336691
2.3878112829131783	0.42855408188896715
2.3933157564053875	0.42697570138931196
2.3988329190194912	0.4254010177678099
2.4043628000069335	0.42383003224551746
2.4099054286865957	0.42226274572729616
2.41546083444494	0.4206991587976383
2.421029046736179	0.41913927171644466
2.4266100950824154	0.4175830844147699
2.432204009073816	0.41603059649052193
2.4378108183687526	0.41448180720412664
2.4434305526939726	0.41293671547414645
2.4490632418447453	0.4113953198728639
2.454708915685031	0.409857618621817
2.4603676041476272	0.4083236095873018
2.46603933723434	0.4067932902758231
2.4717241450161302	0.4052666578295122
2.4774220576332864	0.40374370902149453
2.4831331052955705	0.40222444025122017
2.4888573182823914	0.4007088475397465
2.494594726942955	0.3991969265249807
2.500345361696432	0.3976886724568751
2.506109253032114	0.39618408019258217
2.511886431509581	0.3946831441915593
2.5176769277588558	0.39318585851063514
2.5234807724805757	0.39169221679902316
2.529297996446145	0.3902022122932968
2.5351286304979084	0.38871583781231117
2.540972705549305	0.3872330857520852
2.5468302525850417	0.3857539480806303
2.552701302661247	0.3842784163327374
2.5585858869056453	0.3828064816047118
2.5644840365177175	0.3813381345490621
2.5703957827688635	0.3798733653691417
2.5763211570025755	0.37841044833548104
2.582260190634596	0.37694507578226794
2.588212915153092	0.37548321822983965
2.5941793621188136	0.37402488263299566
2.6001595631652723	0.3725700757287652
2.6061535499988953	0.3711188040332456
2.6121613543992064	0.36967107383840264
2.6181830082189848	0.3682268912088471
2.624218543384442	0.36678626197857594
2.6302679918953813	0.3653491917476837
2.6363313858253803	0.36391568587904166
2.642408757321946	0.36248574949494655
2.648500138606701	0.361059387473734
2.654605561975539	0.35963660444636447
2.6607250597988097	0.3582174047929712
2.666858664521479	0.35680179263937944
2.6730064086633116	0.35538977185358983
2.6791683248190314	0.3539813460422306
2.6853444456585076	0.3525765185469725
2.691534803926915	0.3511752924409146
2.6977394324449206	0.34977767052493064
2.703958364108843	0.3483836553239857
2.7101916318908432	0.34699324908341267
2.7164392688390824	0.3456064537651598
2.7227013080779128	0.344223271043996
2.7289777828080406	0.3428437023036872
2.7352687263067126	0.3414677486331297
2.741574171927882	0.3400954108224547
2.7478941531023975	0.33872668935908873
2.7542287033381663	0.33736158442378367
2.7605778562203462	0.33600009588660373
2.7669416454115114	0.3346422233028811
2.773320104651841	0.3332879659091266
2.7797132677592886	0.33193732261890957
2.7861211686297707	0.3305902920186926
2.792543841237338	0.3292468723636334
2.798981319634363	0.3279070615733419
2.805433637951713	0.3265708572276037
2.811900830398941	0.3252382565620577
2.8183829312644537	0.32390925646383983
2.8248799749157074	0.32258385346718094
2.831391995799379	0.3212620437489681
2.8379190284415565	0.31994382312426173
2.8444611074479154	0.31862918704177423
2.85101826750391	0.3173181305793036
2.8575905433749464	0.316010648439129
2.8641779699065815	0.31470673494335893
2.8707805820246906	0.3134063840292423
2.8773984147356697	0.31210958924443083
2.8840315031266055	0.31081634374220357
2.8906798823654762	0.3095251902652948
2.897343587701323	0.3082324891544758
2.904022654464451	0.30694328839195134
2.910717118066605	0.30565759522876806
2.9174270140011673	0.30437541671590107
2.924152377843335	0.30309675970131755
2.9308932452503216	0.30182163082700786
2.9376496519615305	0.30055003652599277
2.9444216337987617	0.29928198301929543
2.9512092266663856	0.29801747631289177
2.9580124665515464	0.29675652219462406
2.9648313895243423	0.29549912623109115
2.971666031738027	0.29424529376450353
2.9785164294291895	0.29299502990951315
2.9853826189179604	0.29174833955000756
2.992264636608189	0.29050522733587947
2.9991625189876516	0.28926569767975907
3.0060763026282307	0.28802975475372106
3.013006024186122	0.28679740248595553
3.019951720402016	0.28556864455741043
3.0269134281013064	0.28434348439839985
3.0338911841942706	0.28312192518518303
3.04088502567628	0.28190396983650606
3.047894989627983	0.2806896210101172
3.054921113215514	0.27947888109924257
3.061963433690677	0.27827175222903505
3.069021988391158	0.2770682362529835
3.076096814740708	0.27586833474929356
3.083187950249355	0.27467204901723
3.0902954325135905	0.27347938007342804
3.097419299216581	0.2722903286481675
3.1045595881283554	0.2711048951816144
3.1117163371060186	0.2699230798200238
3.118889584093937	0.26874488241191263
3.126079367123956	0.2675703025041904
3.1332857243155856	0.26639933933825866
3.1405086938762183	0.2652319918460713
3.1477483141013156	0.2640682586461607
3.1550046233746274	0.26290813803962276
3.1622776601683795	0.26175162800607016
3.169567463043492	0.26059872619954233
3.1768740706497707	0.259449429944383
3.1841975217261256	0.25830373623107417
3.1915378551007616	0.25716164171203637
3.198895109691399	0.25602314269738624
3.206269324505466	0.25488823515065817
3.213660538640318	0.2537569146844835
3.2210687912834346	0.2526291765562327
3.2284941217126364	0.2515050156636145
3.2359365692962827	0.2503844265402383
3.2433961734934935	0.24926632668685042
3.250872973854344	0.24814801305122128
3.2583670100200885	0.24703323326576326
3.265878321723358	0.24592199203781848
3.273406948788383	0.2448142938503194
3.2809529311311905	0.2437101429586662
3.2885163087598315	0.2426095433875713
3.2960971217745776	0.24151249892787718
3.303695410368149	0.24041901313334071
3.311311214825911	0.23932908931739097
3.3189445755261047	0.2382427305498512
3.326595532940045	0.237159939653635
3.3342641276323506	0.23608071920140636
3.3419504002611427	0.23500507151221323
3.3496543915782775	0.2339329986480837
3.3573761424295467	0.2328645024105954
3.365115693754908	0.23179958433740847
3.372873086588689	0.23073824569876922
3.380648362059817	0.2296804874939778
3.3884415613920256	0.22862631044782586
3.3962527259040853	0.22757571500699753
3.404081897010009	0.2265287013364409
3.4119291162192864	0.22548526931570037
3.4197944251370886	0.22444541853521993
3.4276778654645046	0.22340914829260772
3.4355794789987466	0.22237645758886943
3.443499307633384	0.22134734512460338
3.451437393358563	0.2203218092961618
3.459393778261219	0.21929984819177828
3.4673685045253166	0.2182814595876543
3.4753616144320576	0.21726664094401557
3.483373150360118	0.21625538940112657
3.4914031547858606	0.2152477017752728
3.499451670283573	0.21424357455470136
3.5075187395256795	0.21324300389552886
3.5156044052829816	0.21224598561760663
3.523708710424871	0.21125251520035332
3.53183169791957	0.21026258777854348
3.5399734108343464	0.20927619813806297
3.548133892335755	0.20829334071161992
3.5563131856898527	0.20731400957442234
3.5645113342624426	0.20633819843981005
3.5727283815192883	0.2053659006548519
3.5809643710263606	0.2043971091958992
3.5892193464500517	0.20343181666410048
3.5974933515574232	0.20247001528087435
3.6057864302164235	0.2015116968833421
3.6140986263961334	0.2005568529197172
3.6224299841669856	0.19960547444465496
3.630780547701014	0.19865755211455777
3.639150361272071	0.19771192588653122
3.6475394692560785	0.1967657043275047
3.6559479161312485	0.19582288783603236
3.664375746478333	0.19488347790153204
3.672823004980846	0.1939474757646776
3.681289736425315	0.19301488241411546
3.6897759857015027	0.19208569858315364
3.6982817978026628	0.19115992474641605
3.7068072178257596	0.19023756111646947
3.715352290971726	0.1893186076404151
3.7239170625456848	0.1884030639964521
3.732501577957206	0.1874909295904052
3.741105882720533	0.18658220355222385
3.7497300224548358	0.1856768847324453
3.758374042884441	0.18477497169862808
3.767037989839089	0.18387646273174876
3.77572190925416	0.18298135582256944
3.7844258471709336	0.18208964866796754
3.793149849736819	0.18120133866723515
3.801893963205613	0.18031642291834107
3.81065823393773	0.1794348982141615
3.8194427084004663	0.17855676103867268
3.8282474331682264	0.17768200756311162
3.8370724549227884	0.17681063364209862
3.8459178204535354	0.17594263480972702
3.8547835766577188	0.17507800627561404
3.8636697705406915	0.1742167429209185
3.8725764492161727	0.1733588392943191
3.8815036599064823	0.17250428960795855
3.8904514499428067	0.17165308773334803
3.899419866765434	0.170805227197237
3.908408957924021	0.16996070117744258
3.9174187710778305	0.16911950249864352
3.926449353995999	0.16828162362813334
3.9355007545577743	0.16744705667153742
3.944573020752785	0.1666157933684883
3.953666200681279	0.16578782508826517
3.9627803425543955	0.16496314282538993
3.971915494694403	0.16414173719518713
3.981071705534973	0.16332359842930053
3.9902490236214203	0.1625087163711717
3.9994474976109755	0.16169708047147538
4.008667176273028	0.1608886797835163
4.0179081084894	0.1600835029585817
4.027170343254591	0.15928153824125446
4.036453929676051	0.1584827734646822
4.045758916974426	0.15768719604580525
4.055085354483839	0.15689479298054038
4.0644332916521275	0.15610555083892297
4.073802778041128	0.15531945576020362
4.083193863326921	0.15453503384904968
4.09260659730011	0.1537486143440864
4.1020410298660686	0.15296527153417472
4.111497211045223	0.15218500561341955
4.120975190973302	0.1514078165402719
4.130475019901614	0.1506337040344793
4.139996748197304	0.14986266757400904
4.149540426343631	0.14909470639194147
4.1591061049402205	0.14832981947333607
4.168693834703355	0.1475680055520664
4.178303666466218	0.14680926310762812
4.187935651179185	0.14605359036191504
4.1975898399100755	0.14530098527596716
4.207266283844442	0.14455144554668709
4.216965034285822	0.14380496860352815
4.226686142656031	0.14306155160514927
4.2364296604954115	0.14232119143604202
4.24619563946313	0.1415838847031238
4.2559841313374305	0.14084962773230197
4.265795188015928	0.14011841656500457
4.275628861515862	0.13939024695468114
4.285485203974396	0.13866511436326923
4.295364267648873	0.1379430139576308
4.3052661049171075	0.13722394060595408
4.3151907682776525	0.13650788887412424
4.325138310350088	0.13579485302205918
4.335108783875289	0.13508482700001392
4.345102241715717	0.13437780444484929
4.355118736855686	0.13367377867626834
4.365158322401661	0.132972742693017
4.375221051582521	0.13227468916905233
4.385306977749858	0.1315796104496732
4.395416154378245	0.1308874985476187
4.405548635065534	0.13019834513912898
4.4157044735331255	0.12951214155997215
4.425883723626267	0.1288288788014341
4.436086439314326	0.12814854750627291
4.446312674691089	0.12747113796463572
4.456562483975033	0.12679664010994054
4.466835921509633	0.1261250435147189
4.477133041763626	0.12545633738642298
4.487453899331323	0.12479051056319346
4.49779854893288	0.12412755150959096
4.508167045414603	0.12346744831228769
4.518559443749224	0.12281018867572192
4.528975799036209	0.12215575991771169
4.539416166502032	0.12150414896503196
4.549880601500488	0.12085534234894893
4.560369159512962	0.12020932620071825
4.570881896148752	0.11956608624703895
4.581418867145335	0.11892408819731431
4.591980128368688	0.11827951061899997
4.6025657358135605	0.11763763671557351
4.613175745603796	0.11699846702789635
4.623810213992603	0.11636200189830599
4.634469197362879	0.11572824146803237
4.645152752227495	0.11509718567459196
4.6558609352295885	0.11446883424915759
4.666593803142887	0.11384318671390163
4.677351412871981	0.11322024237931788
4.688133821452653	0.11260000034151481
4.698941086052153	0.1119824594794876
4.709773263969529	0.11136761845236076
4.720630412635905	0.11075547569660947
4.731512589614805	0.11014602942325127
4.7424198526024455	0.1095392776150151
4.753352259428054	0.10893521802348136
4.7643098680541565	0.10833384816619865
4.775292736576909	0.10773516532377062
4.786300923226383	0.10713916653691918
4.797334486366892	0.10654584860351807
4.808393484497285	0.10595520807560145
4.819477976251274	0.10536724125634302
4.830588020397726	0.1047819441970095
4.841723675840994	0.10419931269388409
4.8528850016212095	0.10361934228516405
4.864072056914616	0.10304202824782782
4.875284901033862	0.1024673655944754
4.886523593428336	0.10189534907013822
4.897788193684462	0.10132597314906203
4.909078761526032	0.10075923203145792
4.920395356814509	0.10019511964022683
4.9317380395493595	0.0996336296176512
4.943106869868354	0.09907475532205956
4.954501908047903	0.09851848982445847
4.96592321450336	0.09796482590513605
4.97737084978936	0.09741375605023267
4.9888448746001215	0.09686527244828298
5.000345349769786	0.09631936698672454
5.011872336272722	0.095776031248377
5.0234258952238715	0.09523525650788749
5.035006087879047	0.09469703372814635
5.046612975635284	0.09416135355666815
5.05824662003114	0.09362820632194269
5.0699070827470445	0.09309758202975098
5.081594425605605	0.09256947035945029
5.093308710571955	0.09204386066022396
5.105049999754062	0.09152074194729959
5.116818355403078	0.09100010289813144
5.1286138399136485	0.09048193184855075
5.140436515824262	0.089965090783238
5.152286445817564	0.08944674690798168
5.16416369272071	0.08893081377672366
5.176068319505676	0.08841729053001447
5.188000389289612	0.08790617611696214
5.199959965335159	0.08739746929280917
5.211947111050805	0.08689116861648559
5.223961889991197	0.08638727244814091
5.236004365857504	0.08588577894665168
5.248074602497725	0.08538668606710778
5.2601726639070625	0.08488999155827372
5.2722986142282275	0.08439569296002855
5.284452517751805	0.08390378760078038
5.296634438916578	0.0834142725948588
5.308844442309884	0.0829271448398818
5.321082592667942	0.08244240101410023
5.333348954876211	0.08196003757371645
5.345643593969716	0.08148005075017967
5.357966575133418	0.08100243654745543
5.370317963702527	0.0805271907392717
5.382697825162884	0.08005430886633781
5.3951062251512765	0.07958378623354051
5.4075432294558095	0.07911561790711218
5.420008904016238	0.07864979871177513
5.432503314924333	0.07818632322785857
5.445026528424211	0.07772518578839097
5.4575786109127105	0.07726638047616413
5.470159628939716	0.07680990112077289
5.482769649208539	0.07635574129562592
5.495408738576246	0.07590389431493139
5.508076964054036	0.07545435323065387
5.520774392807573	0.07500711082944521
5.533501092157368	0.07456215962954642
5.546257129579107	0.07411949187766292
5.559042572704037	0.07367909954581055
5.5718574893192985	0.07324097432813455
5.584701947368309	0.07280510763769846
5.597576014951102	0.07237149060324576
5.610479760324706	0.07194011406593123
5.623413251903491	0.07151096857602425
5.6363765582595455	0.07108404438958135
5.649369748123025	0.0706593314650903
5.6623928903825345	0.07023681946008321
5.675446054085471	0.06981649772772043
5.688529308438416	0.06939835531334271
5.701642722807475	0.06898238095099439
5.714786366718672	0.06856856305991393
5.727960309858292	0.06815688974099482
5.741164622073277	0.0677473487732136
5.7543993733715695	0.06733992761002772
5.767664633922509	0.06693352372897773
5.780960474057181	0.06652539455868392
5.794286964268812	0.06611932604084472
5.807644175213121	0.06571531610630363
5.821032177708716	0.06531336250635351
5.834451042737448	0.06491346281052345
5.847900841444809	0.06451561440434365
5.861381645140288	0.06411981448709149
5.874893525297769	0.06372606006951537
5.88843655355589	0.0633343479715393
5.902010801718445	0.06294467481994495
5.91561634175474	0.06255703704603426
5.9292532458	0.06217143088326907
5.942921586155727	0.06178785236489073
5.956621435290106	0.06140629732151674
5.970352865838369	0.06102676137871698
5.984115950603199	0.06064923995456642
5.997910762555095	0.06027372825717703
6.011737374832782	0.05990022128220625
6.025595860743578	0.05952871381034376
6.0394862937638	0.05915920040477475
6.0534087475391365	0.058791675408621305
6.067363295885055	0.05842613294235923
6.08135001278718	0.05806256690121328
6.095368972401694	0.057700970952527526
6.109420249055721	0.05734133853311308
6.123503917247737	0.05698366284657113
6.137620051647943	0.056627936860592726
6.151768727098683	0.056274153304233764
6.165950018614822	0.055922304665165914
6.180164001384161	0.0555723831869025
6.1944107507678146	0.05522438086600039
6.208690342300634	0.05487828944923564
6.223002851691596	0.05453410043075504
6.237348354824191	0.05419180504920216
6.251726927756859	0.053851394284816466
6.266138646723353	0.05351285885650867
6.2805835881331795	0.053176189218908126
6.295061828571975	0.05284137555938549
6.309573444801933	0.05250840779504769
6.324118513762193	0.05217727556970746
6.33869711256927	0.051847968250824626
6.353309318517436	0.05152047492642187
6.367955209079159	0.05119478440197163
6.382634861905486	0.05087088519725681
6.397348354826482	0.05054876554320264
6.412095765851615	0.0502284133786817
6.4268771731701975	0.04990981634728941
6.441692655151772	0.04959296179409275
6.456542290346556	0.049277836762348544
6.471426157485831	0.048963251118028524
6.486344335482385	0.048646243444505924
6.501296903430906	0.04833090349242778
6.516283940608428	0.04801722982643127
6.531305526474723	0.04770522087013569
6.546361740672751	0.0473948749043956
6.561452663029053	0.04708619006553908
6.576578373554206	0.04677916434358854
6.591738952443213	0.046473795580466486
6.606934480075961	0.04617008146818371
6.622165037017619	0.0458680195470121
6.637430704019089	0.04556760720363939
6.652731562017413	0.04526884166930859
6.668067692136222	0.044971720017939094
6.6834391756861455	0.04467623916423171
6.698846094165265	0.0443823958617556
6.714288529259523	0.04409018670101873
6.729766562843179	0.043799608107519976
6.745280276979219	0.04351065633978419
6.760829753919819	0.04322332748737886
6.77641507610675	0.04293761746891365
6.792036326171846	0.042653522030020846
6.807693586937414	0.04237103674131867
6.823386941416698	0.042090156996354905
6.839116472814292	0.041810878009533474
6.8548822645266165	0.04153319481402095
6.870684400142321	0.04125710225963532
6.886522963442762	0.04098259501071489
6.902398038402419	0.04070966754396893
6.918309709189366	0.040438314146308045
6.934258060165691	0.04016852891265616
6.9502431758879695	0.03990030574374193
6.966265141107686	0.03963363834387125
6.982324040771715	0.03936852021867892
6.998419960022734	0.03910494467286135
7.014552984199714	0.03884290480788787
7.030723198838334	0.03858239351969266
7.046930689671471	0.03832340349634528
7.06317554262962	0.03806592721570127
7.07945784384138	0.03780995694303093
7.095777679633888	0.03755548472862812
7.112135136533292	0.03730250240539676
7.128530301265195	0.037051001586416846
7.1449632607551345	0.03680097366248817
7.16143410212902	0.03655240979965297
7.177942912713619	0.036305300936695935
7.194489780036995	0.03605963778262292
7.211074791828998	0.03581541081411659
7.227698036021702	0.035572610272970456
7.2443596007499025	0.03533122616349934
7.261059574351547	0.03509037153898423
7.277798045368242	0.034847839922759395
7.294575102545687	0.03460667759227428
7.311390834834176	0.034366883082639174
7.3282453313890406	0.03412845481052336
7.345138681571151	0.03389139107270069
7.362070974947361	0.03365569004458289
7.379042301291012	0.03342134977873852
7.396052750582378	0.03318836820339931
7.413102413009177	0.032956743120951905
7.430191378967014	0.032726472206416994
7.447319739059893	0.032497553005913275
7.464487584100665	0.032269982935108764
7.481695005111545	0.032043759277656986
7.498942093324558	0.031818879183619704
7.516228940182057	0.031595339667874686
7.533555637337174	0.03137313760850982
7.550922276654341	0.031152269745201903
7.568328950209744	0.03093273267758138
7.58577575029184	0.030714522863581905
7.603262769401819	0.03049763661777537
7.620790100254123	0.030282070109691455
7.638357835776907	0.030067819362122716
7.655966069112566	0.02985488024941347
7.67361489361819	0.029643248495734496
7.691304402866098	0.029432919673340985
7.709034690644301	0.029223889200815954
7.726805850957025	0.02901615234129708
7.744617978025188	0.028809704200688253
7.76247116628692	0.02860453972585466
7.78036551039804	0.028400653702802165
7.798301105232589	0.028198040754839983
7.816278045883297	0.02799669534072745
7.83429642766212	0.027796611752803735
7.852356346100718	0.027597784115101408
7.870457896950989	0.027400206381442756
7.888601176185544	0.02720387233351969
7.906786279998253	0.027008775578955924
7.925013304804718	0.02681490954935274
7.943282347242818	0.02662226749831667
7.961593504173188	0.026430842499470312
7.979946872679768	0.026240627444445063
7.9983425500702845	0.026051615040856575
8.016780633876794	0.02586379781026171
8.035261221856173	0.02567716808609824
8.05378441199067	0.025491718011605453
8.072350302488383	0.025307439537727405
8.090958991783825	0.025124324420996807
8.109610578538408	0.024942364221401
8.128305161640995	0.024761550300228655
8.147042840208396	0.02458114290757322
8.165823713585926	0.024399302206110855
8.1846478813479	0.024218567557422122
8.203515443298185	0.02403893743208534
8.222426499470712	0.02386041020124931
8.241381150130026	0.02368298413542706
8.260379495771788	0.02350665740327894
8.279421637123345	0.023331428070384005
8.298507675144226	0.023157294098001123
8.317637711026709	0.02298425334181787
8.336811846196344	0.022812303550688744
8.356030182312479	0.02264144236536185
8.375292821268827	0.022471667317193536
8.394599865193973	0.02230297582685224
8.413951416451951	0.02213536520300967
8.433347577642753	0.021968832641021098
8.452788451602899	0.021803375221592945
8.472274141405963	0.02163898990943891
8.491804750363139	0.021475673551923664
8.511380382023763	0.02131342287769458
8.531001140175896	0.02115223449530083
8.550667128846833	0.02099210489180066
8.570378452303697	0.020833030431355353
8.590135215053957	0.02067500735381142
8.609937521846007	0.020518031773269465
8.629785477669701	0.02036209967664063
8.649679187756934	0.020207206922189865
8.669618757582166	0.02005334923806653
8.689604292863018	0.019900522220821396
8.709635899560805	0.01974872133391093
8.729713683881117	0.019597941906187875
8.74983775227436	0.01944817913037874
8.770008211436348	0.01929942806154728
8.790225168308842	0.01915168361554494
8.810488730080142	0.01900494056744692
8.830799004185627	0.01885919354997494
8.851156098308357	0.018714437051905508
8.871560120379607	0.018570665416464596
8.892011178579486	0.018427872839707614
8.912509381337454	0.018286053368885634
8.933054837332953	0.018145200900796566
8.953647655495937	0.018005309180122393
8.974287945007486	0.017866371797751197
8.994975815300352	0.01772838218908496
9.01571137605957	0.01759133363233192
9.036494737223014	0.01745521924678442
9.057326008982002	0.01732003199108117
9.078205301781857	0.017185764661454685
9.099132726322518	0.017052409889962986
9.120108393559097	0.01691996014270614
9.141132414702504	0.016787770129528614
9.162204901219997	0.016654234938372356
9.183325964835811	0.016521569732442353
9.204495717531712	0.016389773209868883
9.225714271547634	0.016258843989904636
9.246981739382225	0.01612878061197279
9.268298233793494	0.01599958153470586
9.289663867799362	0.01587124513497639
9.311078754678306	0.01574376970691833
9.33254300796991	0.015617153460940008
9.354056741475521	0.015491394522727648
9.375620069258803	0.015366490932240422
9.39723310564638	0.015242440642695863
9.418895965228414	0.015119241519546625
9.440608762859236	0.014996891339447545
9.462371613657929	0.014875387789213802
9.484184633008974	0.01475472846476929
9.506047936562814	0.01463491087008598
9.527961640236521	0.014515932416113193
9.549925860214358	0.01439779041969789
9.571940712948447	0.014280482102494605
9.594006315159332	0.014164004589866261
9.616122783836648	0.014048354909774529
9.638290236239705	0.013933529991660762
9.660508789898136	0.013819526665316535
9.68277856261249	0.013706341659744466
9.7050996724549	0.013593971602008398
9.727472237769652	0.013482413016073912
9.749896377173872	0.013371662321637902
9.772372209558107	0.013261715832948261
9.79489985408699	0.013152569757612653
9.817479430199844	0.013044220195397053
9.84011105761134	0.012936663137013301
9.862794856312105	0.012829894462896198
9.885530946569391	0.012723909941969475
9.908319448927676	0.01261870523040113
9.93116048420934	0.01251427587034748
9.954054173515269	0.012410617288686364
9.977000638225535	0.01230772479573888
10.	0.012205593583980203
10.023052380778994	0.012104218726738634
10.046157902783957	0.012003595176883482
10.069316688518045	0.011903717765501419
10.092528860766844	0.011804581200560854
10.115794542598982	0.011706180065564937
10.1391138573668	0.01160850881819256
10.16248692870696	0.011511561788927639
10.18591388054117	0.011415333179675958
10.209394837076797	0.011319817062370327
10.232929922807546	0.011225007377563321
10.256519262514079	0.011130406367814103
10.280162981264736	0.011034776427085627
10.303861204416158	0.010939825130743605
10.32761405761398	0.01084555121003562
10.351421666793442	0.01075195333180185
10.375284158180126	0.010659030097706999
10.39920165829059	0.010566780043465701
10.423174293933046	0.010475201638060717
10.447202192208003	0.010384293282954243
10.471285480508996	0.010294053311291703
10.495424286523221	0.010204479987098803
10.519618738232236	0.010115571504471064
10.543868963912592	0.010027325986756326
10.568175092136585	0.009939741485729446
10.592537251772887	0.00985281598076006
10.616955571987253	0.009766547377972579
10.641430182243164	0.009680933509398871
10.665961212302578	0.009595972132123008
10.690548792226577	0.00951166092741869
10.71519305237607	0.00942799749987879
10.739894123412451	0.009344979376537272
10.76465213629835	0.009262604005982927
10.789467222298287	0.009180868757465606
10.814339512979387	0.009099770919994204
10.83926914021204	0.009019307701426862
10.864256236170656	0.008939476227552725
10.889300933334333	0.008860273541165866
10.91440336448757	0.008781696601130809
10.939563662720943	0.008703742281439917
10.964781961431852	0.00862640737026215
10.990058394325208	0.008549688568983683
11.015393095414156	0.008473582491239803
11.040786199020735	0.00839808566193856
11.066237839776663	0.00832319451627535
11.091748152624008	0.00824890539873917
11.117317272815919	0.00817521456210991
11.142945335917304	0.008102118166447021
11.168632477805613	0.00802961227806892
11.194378834671515	0.007957692868523773
11.220184543019629	0.007886355813551032
11.24604973966927	0.007815596892033889
11.271974561755105	0.007745411784942709
11.297959146727976	0.007675796074268795
11.324003632355566	0.00760674524194923
11.350108156723154	0.007538254668782079
11.37627285823431	0.007470319633332249
11.402497875611685	0.007402935310827578
11.428783347897712	0.007336096772045457
11.45512941445536	0.007269798982189683
11.481536214968829	0.007204036799757613
11.508003889444357	0.007138395673642392
11.534532578210918	0.00707184502057534
11.561122421920993	0.007005806565365519
11.587773561551263	0.006940279166626589
11.614486138403427	0.006875261632229947
11.641260294104908	0.0068107527187066105
11.66809617060963	0.006746751130643513
11.694993910198711	0.006683255520074566
11.721953655481304	0.006620264485865902
11.748975549395292	0.006557776573095935
11.776059735208078	0.0064957902724296175
11.803206356517299	0.006434304019487277
11.830415557251646	0.006373316194207537
11.857687481671597	0.0063128251202047405
11.88502227437019	0.006252829064120528
11.91242008027375	0.006193326234969719
11.93988104464273	0.0061343147834801055
11.967405313072431	0.006075792801426631
11.994993031493793	0.00601775832095945
12.02264434617413	0.005960209313926142
12.050359403717973	0.005903143691187672
12.078138351067798	0.0058465593019284825
12.10598133550483	0.005790453932960345
12.133888504649775	0.005734825308020112
12.161860006463678	0.0056796710870610735
12.189895989248662	0.005624988865538188
12.217996601648723	0.005570776173686932
12.246161992650489	0.00551703047579583
12.274392311584071	0.0054637491694723445
12.30268770812381	0.005410929584902541
12.331048332289097	0.005358568984104033
12.359474334445107	0.005306664560172524
12.387965865303691	0.005255213436521425
12.416523075924106	0.0052042126661150725
12.445146117713856	0.0051536592306949906
12.473835142429433	0.005103550039999566
12.5025903021772	0.005053881930976585
12.531411749414156	0.005004651666989103
12.560299636948754	0.004955855937014236
12.589254117941675	0.00490749135483503
12.618275345906707	0.004859554458225077
12.64736347471151	0.004812041708126192
12.67651865857846	0.004764949487818767
12.705741052085418	0.004718274102085041
12.735030810166617	0.004672011776364825
12.764388088113435	0.004626158655904107
12.793813041575252	0.004580710804896068
12.823305826560219	0.0045356642056148125
12.852866599436155	0.004491014757541302
12.882495516931336	0.004446758276481918
12.912192736135347	0.004402553962876393
12.941958414499863	0.004357554515317832
12.971792709839558	0.0043129289416893955
13.001695780332899	0.004268676363471622
13.031667784523	0.004224795864741632
13.061708881318419	0.004181286491734149
13.09181922999407	0.004138147252398341
13.121998990192028	0.004095377115950901
13.15224832192239	0.00405297501242498
13.182567385564074	0.004010939832215186
13.212956341865752	0.0039692704256183
13.243415351946643	0.003927965602370087
13.273944577297401	0.0038870241311778114
13.304544179780914	0.0038464447392487252
13.33521432163324	0.003806226111814108
13.365955165464419	0.003766366891649285
13.396766874259358	0.0037268656785892193
13.427649611378643	0.0036877210290399086
13.458603540559483	0.0036489314554852526
13.489628825916533	0.0036104954259896984
13.52072563194278	0.003572411363696374
13.551894123510364	0.0035346776463208527
13.583134465871542	0.0034972926056402592
13.614446824659497	0.00346025452697802
13.645831365889252	0.00342356164868395
13.677288255958494	0.0033872121616098047
13.708817661648537	0.0033512042085800837
13.740419750125149	0.003315535883858282
13.772094688939474	0.0032802052326083293
13.803842646028853	0.003245210250351409
13.83566378971781	0.003210548882417799
13.867558288718882	0.003176219023394039
13.89952631213354	0.0031422185165651843
13.931568029453036	0.0031085451533521876
13.963683610559377	0.0030751966727442393
13.995873225726179	0.0030421707607262297
14.028137045619589	0.0030094650497011505
14.060475241299143	0.0029770771179074805
14.092887984218748	0.0029450044888313463
14.12537544622754	0.002913244630613676
14.157937799570824	0.0028817949554520994
14.190575216890926	0.0028506528189976843
14.223287871228198	0.0028198155197462966
14.25607593602188	0.002789280298424762
14.288939585111036	0.0027590443373716367
14.321878992735439	0.002729104759912615
14.35489433353656	0.00269945862973042
14.387985782558452	0.0026701029502293203
14.421153515248696	0.0026410346638940613
14.45439770745928	0.0026122506516432927
14.487718535447618	0.0025835017150530335
14.52111617587742	0.0025541683827207365
14.554590805819668	0.0025251051834637907
14.58814260275349	0.002496311413168362
14.621771744567184	0.0024677863399693994
14.655478409559112	0.0024395292039274398
14.689262776438676	0.002411539216702449
14.723125024327194	0.0023838155612248193
14.757065332758946	0.0023563573913632746
14.791083881682072	0.0023291638315899358
14.825180851459544	0.0023022339766423094
14.859356422870075	0.002275566891182339
14.893610777109155	0.002249161609452284
14.92794409578996	0.0022230171349276345
14.962356560944343	0.002197132439966891
14.99684835502374	0.0021715064654582636
15.031419660900225	0.0021461381204631318
15.066070661867418	0.002121026281856447
15.100801541641477	0.0020961697939638666
15.135612484362087	0.002071567468195695
15.170503674593368	0.0020472180826776134
15.205475297324954	0.0020231203818780324
15.240527537972907	0.001999273076232263
15.275660582380732	0.001975674841763291
15.310874616820303	0.001952324319699265
15.346169827992941	0.00192922011608751
15.381546403030342	0.0019063608014052256
15.4170045294956	0.0018837449101667039
15.452544395384141	0.001861370940527153
15.488166189124811	0.0018392373538829105
15.523870099580817	0.0018173425744682742
15.55965631605075	0.0017956849889487062
15.595525028269538	0.0017742629460105398
15.631476426409538	0.0017530747559469817
15.667510701081484	0.0017321186902405947
15.70362804333553	0.0017113929811420564
15.739828644662197	0.0016908958212452974
15.776112696993485	0.0016706253630588235
15.812480392703826	0.001650579718573404
15.848931924611142	0.0016307569588259053
15.88546748597779	0.0016111551134594033
15.9220872705117	0.0015917721702793544
15.95879147236732	0.0015726060748060028
15.995580286146694	0.0015536547298228346
16.032453906900418	0.0015349159949211593
16.069412530128773	0.001516387686040657
16.106456351782697	0.0014980675750060168
16.143585568264868	0.0014799533890595018
16.18080037643066	0.001462042810389526
16.218100973589298	0.0014443334756550643
16.255487557504836	0.0014266497425077648
16.292960326397232	0.0014085552386023264
16.330519478943348	0.0013906515068498704
16.368165214278086	0.0013729378754929792
16.40589773199539	0.001355413650951937
16.443717232149325	0.0013380781175758652
16.481623915255085	0.001320930537391684
16.51961798229015	0.001303970149850756
16.557699634695275	0.001287196171573365
16.595869074375614	0.0012706077960908664
16.634126503701697	0.0012542041935855975
16.672472125510627	0.0012379845106284075
16.71090614310707	0.0012219478699139342
16.749428760264383	0.0012060933699934873
16.788040181225607	0.0011904200850056208
16.82674061070467	0.0011749270644042398
16.865530253887407	0.0011596133326843858
16.90440931643265	0.0011444778891055636
16.94337800447329	0.00112951970741265
16.982436524617444	0.001114737735554302
17.0215850839495	0.00110013089539893
17.060823890031244	0.001085698082448145
17.10015315090288	0.0010714381655477319
17.139573075084254	0.0010573499865960006
17.179083871575877	0.0010434323602496651
17.21868574986008	0.001029684073627088
17.25837891990204	0.001016103886008973
17.298163592151013	0.0010026905285363756
17.338039977541374	0.0009894427039061275
17.378008287493763	0.0009763590860635704
17.418068733916144	0.0009634383198926427
17.458221529205037	0.0009506790209031905
17.498466886246565	0.0009380797749156354
17.53880501841762	0.0009256391377428384
17.579236139586932	0.0009133556348692375
17.619760464116293	0.0009012277611271476
17.66037820686164	0.0008892539803702837
17.70108958317422	0.0008774327251444366
17.741894808901662	0.0008657623963553093
17.78279410038923	0.0008542413629334277
17.82378767448089	0.000842867961496202
17.864875748520518	0.0008316404960070227
17.906058540352948	0.0008205572374314537
17.947336268325266	0.0008096164233903848
17.988709151287875	0.0007988162578102581
18.030177408595698	0.0007881549105702308
18.071741260109274	0.0007776305171463308
18.113400926196025	0.0007672411782525012
18.15515662773135	0.0007569849594785957
18.197008586099845	0.000746859890925233
18.238957023196384	0.0007367188250193054
18.281002161427427	0.0007261961664688709
18.323144223712113	0.0007157959313428714
18.365383433483473	0.0007055175779890774
18.407720014689563	0.0006953605492999923
18.450154191794738	0.0006853242725395095
18.492686189780777	0.0006754081591680764
18.535316234148123	0.0006656116046662817
18.57804455091699	0.0006559339883569132
18.620871366628677	0.0006463746732254011
18.663796908346693	0.0006369330057387164
18.706821403658015	0.000627608315662646
18.74994508067419	0.0006183999158774895
18.793168168032686	0.0006093071021920834
18.836490894898002	0.0006003291531562386
18.879913490962945	0.0005914653298715001
18.92343618644976	0.0005827148758002674
18.967059212111465	0.0005740770165732071
19.010782799232995	0.0005655509597950131
19.054607179632484	0.0005571358948484378
19.098532585662387	0.0005488309926966391
19.14255925021086	0.0005406354056837531
19.18668740670289	0.0005325482673337703
19.230917289101594	0.0005245686921476247
19.275249131909366	0.000516695775398539
19.31968317016924	0.0005089285929255532
19.364219639466068	0.0005012662009252822
19.408858775927794	0.0004937076357418469
19.453600816226633	0.00048625191365499795
19.498445997580454	0.00047889803066635846
19.543394557753942	0.00047164496228385477
19.58844673505991	0.0004644916633042469
19.633602768360475	0.00045743706759380197
19.67886289706845	0.00045048008786702644
19.724227361148536	0.0004436196154635227
19.76969640111862	0.0004368545201228938
19.81527025805099	0.0004301836497577193
19.860949173573715	0.0004236058302245438
19.906733389871864	0.00041711986509291666
19.952623149688808	0.00041072453541242236
19.998618696327448	0.0004044185994777223
20.044720273651613	0.0003982007925915439
20.090928126087277	0.00039206982682565784
20.137242498623895	0.0003860243907797856
20.183663636815616	0.00038006314933845006
20.23019178678272	0.00037418474342571206
20.276827195212817	0.00036838778975783267
20.32357010936221	0.00036267088059379417
20.37042077705719	0.00035703258348369313
20.417379446695296	0.00035147144101498555
20.46444636724674	0.0003458749456621005
20.511621788255646	0.0003399634925668614
20.558905959841425	0.00033412268032821874
20.606299132700006	0.0003283521530562568
20.65380155810529	0.00032265154535441253
20.701413487910415	0.00031702048221386156
20.749135174549107	0.0003114585789069619
20.79696687103696	0.0003059654408797672
20.844908830972887	0.00030054066364357365
20.892961308540386	0.0002951838326655326
20.941124558508935	0.0002898945232582886
20.989398836235246	0.00028467230046866224
21.03778439766475	0.0002795167189653306
21.086281499332888	0.00027442732292554394
21.134890398366476	0.00026940364592084197
21.183611352485023	0.00026444521080177445
21.23244462000219	0.000259551529581597
21.28139045982711	0.00025472210331896697
21.330449131465773	0.0002499564219996057
21.379620895022324	0.00024525396441693777
21.428906011200585	0.00024061419805166743
21.47830474130533	0.00023603657895032913
21.527817347243737	0.00023152055160276358
21.57744409152667	0.00022706554881854433
21.6271852372702	0.00022267099160230646
21.67704104819694	0.0002183362890280122
21.727011788637455	0.00021406083811211456
21.77709772353159	0.00020984402368563103
21.827299118430012	0.0002056852182650887
21.87761623949552	0.0002015837819223726
21.9280493535045	0.0001975390621534334
21.978598727848254	0.00019355039374587186
22.02926463053456	0.00018961709864536222
22.080047330188993	0.00018573848582093601
22.13094709605639	0.00018191385112909848
22.181964198002195	0.00017814247717677715
22.23309890651403	0.000174423633183078
22.28435149270303	0.00017075657483986374
22.335722228305325	0.00016714054417112713
22.3872113856834	0.0001635747693911595
22.438819237827662	0.0001600584647614907
22.490546058357804	0.00015659083044661118
22.542392121524305	0.00015317105236845038
22.59435770220978	0.00014979830205961702
22.646443075930595	0.00014647173651536352
22.698648518838212	0.00014319049804430208
22.750974307720718	0.00013995371411783386
22.803420720004187	0.00013676049721829717
22.8559880337543	0.00013360994468580845
22.908676527677724	0.00013050113856380528
22.961486481123632	0.0001274331454432684
23.01441817408509	0.0001244050163056201
23.06747188720069	0.0001214157863642723
23.12064790175594	0.00011846447490483895
23.173946499684796	0.00011555008512398332
23.227367963571073	0.00011267160396689824
23.280912576650078	0.00010982800196339809
23.33458062281002	0.00010701823306262876
23.38837238659356	0.00010424123446636968
23.442288153199225	0.00010149592646092796
23.49632820848307	0.00009878121224759817
23.55049283896009	0.00009609597777169736
23.604782331805783	0.00009343909155014734
23.65919697485759	0.0000908094044976052
23.71373705661655	0.00008820574975111368
23.76840286624876	0.00008562694249328128
23.823194693586913	0.00008307177977396605
23.878112829131783	0.00008053904033045815
23.933157564053875	0.0000780274844061402
23.9883291901949	0.00007553585356762695
24.043628000069347	0.00007306287052036367
24.099054286865954	0.00007060723892267568
24.154608344449404	0.00006816764319824691
24.210290467361776	0.00006574274834703256
24.266100950824168	0.00006333119975457752
24.32204009073816	0.00006093162299974214
24.378108183687527	0.00005854262366080415
24.434305526939713	0.00005616278711994695
24.49063241844747	0.00005379067836610325
24.547089156850312	0.0000514248417961563
24.603676041476273	0.00004906380101446611
24.660393372343385	0.00004670605863073124
24.717241450161318	0.00004435009605615479
24.774220576332862	0.00004199437329791627
24.831331052955704	0.00003963732875191543
24.888573182823905	0.000037277378993800504
24.94594726942956	0.00003491291856824734
25.003453616964322	0.00003254231977648948
25.06109253032114	0.000030163932462069702
25.118864315095795	0.000027776083794819048
25.17676927758857	0.000025377078053032927
25.234807724805755	0.000022965196403844832
25.29297996446145	0.000020538696681763903
25.35128630497907	0.000018095813165385734
25.409727055493065	0.000015634756352244043
25.46830252585042	0.000013153712731802658
25.527013026612472	0.00001065084455655528
25.58585886905645	8.12428961124043e-6
25.64484036517719	5.572160980139222e-6
25.703957827688647	2.9925468124569757e-6