0.1	4.122934062823288
0.10023052380778996	4.119654337769688
0.10046157902783952	4.1163748676544305
0.10069316688518042	4.113095635375618
0.10092528860766845	4.109816623337608
0.10115794542598985	4.106537813445183
0.10139113857366794	4.103259187097686
0.10162486928706957	4.099976647480877
0.1018591388054117	4.096691209352767
0.102093948370768	4.0934058736011005
0.10232929922807542	4.090120636740403
0.10256519262514076	4.086835494988593
0.10280162981264736	4.083550444263087
0.10303861204416162	4.080265480176863
0.10327614057613975	4.076980598034494
0.10351421666793438	4.073695792828134
0.10375284158180126	4.070411059233477
0.10399201658290592	4.067126391605668
0.10423174293933042	4.063841783975184
0.10447202192208001	4.060557230043672
0.10471285480508996	4.0572727231797465
0.10495424286523224	4.053988256414752
0.1051961873823223	4.050703822438481
0.1054386896391259	4.047419413594859
0.10568175092136585	4.04413502187758
0.10592537251772889	4.040850638925706
0.10616955571987247	4.0375662560192325
0.10641430182243161	4.034281864074597
0.10665961212302578	4.030997453640157
0.1069054879222658	4.02771301489163
0.10715193052376065	4.024428537627474
0.10739894123412448	4.021144011264248
0.1076465213629835	4.017859424831902
0.10789467222298288	4.014574766969055
0.1081433951297938	4.011290025918206
0.10839269140212036	4.008005189520905
0.10864256236170655	4.004720245212888
0.10889300933334335	4.001435180019162
0.10914403364487565	3.998149980549039
0.10939563662720939	3.994864632991137
0.1096478196143185	3.9915791231083237
0.10990058394325211	3.988293436232621
0.11015393095414151	3.9850075572600567
0.11040786199020733	3.981721470645479
0.11066237839776664	3.978435160397307
0.11091748152624012	3.9751486100722553
0.11117317272815914	3.971861802769991
0.11142945335917301	3.9685747211277502
0.11168632477805612	3.9652873473149084
0.11194378834671516	3.961999663027496
0.11220184543019636	3.9587116494826646
0.11246049739669266	3.9554232874131072
0.11271974561755105	3.952134557061426
0.11297959146727979	3.9488454381744447
0.11324003632355571	3.9455559099974735
0.11350108156723152	3.9422659512685283
0.1137627285823431	3.9389755402124798
0.11402497875611688	3.9356790455358586
0.11428783347897718	3.932377867249791
0.11455129414455358	3.9290761375341945
0.1148153621496883	3.925773856156548
0.11508003889444356	3.9224710226699413
0.11534532578210924	3.9191676364100942
0.11561122421920987	3.9158636964923144
0.11587773561551262	3.912559201808452
0.11614486138403426	3.9092541510238163
0.11641260294104915	3.905948542574052
0.11668096170609624	3.902642374662008
0.11694993910198712	3.89933564525455
0.11721953655481303	3.896028352079369
0.11748975549395298	3.892720492621734
0.11776059735208072	3.889412064121234
0.11803206356517298	3.886103063568475
0.11830415557251646	3.8827934877017567
0.118576874816716	3.8794833330037037
0.11885022274370183	3.8761725956978825
0.11912420080273747	3.8728612717453674
0.1193988104464273	3.8695493568412895
0.11967405313072434	3.866236846411343
0.11994993031493788	3.8629237356082626
0.12022644346174129	3.8596100193082687
0.12050359403717974	3.8562956921074725
0.120781383510678	3.852980748318258
0.12105981335504823	3.8496651819656167
0.12133888504649772	3.8463489867834624
0.12161860006463679	3.8430321562108984
0.12189895989248664	3.839714683388454
0.12217996601648717	3.836396561154293
0.12246161992650487	3.8330777820403727
0.12274392311584072	3.8297583382685807
0.12302687708123815	3.8264382217468267
0.1233104833228909	3.823117424065099
0.12359474334445104	3.8197959364914893
0.1238796586530369	3.8164737499681736
0.1241652307592411	3.8131508551073607
0.1244514611771385	3.809827242187203
0.12473835142429429	3.806502901147661
0.125025903021772	3.8031778215863477
0.1253141174941416	3.799851992754308
0.1256029963694875	3.796525403551787
0.12589254117941673	3.7931980425239398
0.12618275345906707	3.789869897856507
0.12647363474711512	3.7865409573714555
0.12676518658578456	3.7832112085225704
0.12705741052085415	3.779880638391013
0.12735030810166617	3.7765492336808353
0.12764388088113438	3.773216980714454
0.12793813041575247	3.7698799041304403
0.12823305826560213	3.7665389943333207
0.12852866599436155	3.7631971712730494
0.1288249551693134	3.7598544364052273
0.12912192736135342	3.756510791012736
0.1294195841449986	3.7531662362031954
0.12971792709839558	3.749820772906385
0.13001695780332903	3.7464744018716596
0.13031667784522993	3.7431271236653214
0.13061708881318415	3.7397789386679747
0.1309181922999407	3.736429847071854
0.13121998990192033	3.7330798488781247
0.13152248321922383	3.7297289438941594
0.1318256738556407	3.726377131730782
0.1321295634186575	3.7230244117994986
0.13243415351946647	3.719670783309681
0.13273944577297395	3.716316245265741
0.1330454417978091	3.7129607964642735
0.1333521432163324	3.709604435491159
0.13365955165464422	3.706247160718657
0.1339676687425935	3.702888970302458
0.1342764961137864	3.6995298621787143
0.13458603540559483	3.6961698340610374
0.13489628825916536	3.692808883437469
0.13520725631942773	3.689447007567422
0.1355189412351036	3.6860842034785977
0.1358313446587154	3.68272046796386
0.136144468246595	3.6793557975780944
0.13645831365889247	3.6759901886350304
0.13677288255958492	3.6726236372040315
0.13708817661648537	3.66925613910686
0.13740419750125152	3.665887689914405
0.13772094688939465	3.6625182849433875
0.1380384264602885	3.6591479192530216
0.1383566378971781	3.6557765876416615
0.13867558288718884	3.6524042846433966
0.13899526312133534	3.6490310045246352
0.13931568029453031	3.645656741280636
0.13963683610559377	3.6422814886320225
0.13995873225726183	3.638905240021256
0.14028137045619582	3.635527988609079
0.1406047524129914	3.632149727270924
0.14092887984218747	3.6287704485932863
0.14125375446227545	3.6253901448700665
0.14157937799570816	3.6220088080988817
0.14190575216890922	3.618626429977331
0.142232878712282	3.615243001899234
0.14256075936021884	3.6118585149508378
0.1428893958511103	3.6084729599069805
0.14321878992735435	3.605086327227221
0.1435489433353656	3.6016948666514055
0.14387985782558455	3.5982995168211267
0.14421153515248689	3.5949030383708833
0.14454397707459277	3.5915054362339602
0.14487718535447616	3.588106715227705
0.14521116175877424	3.5847068800515505
0.14554590805819662	3.581305935285018
0.14588142602753484	3.577903885385699
0.14621771744567183	3.5745007346872084
0.14655478409559117	3.5710964873971336
0.1468926277643867	3.567691147594946
0.1472312502432719	3.564284719229902
0.14757065332758945	3.560877206118918
0.14791083881682077	3.557468611944426
0.14825180851459538	3.554058940252204
0.1485935642287007	3.5506481944491926
0.14893610777109154	3.5472363778012745
0.14927944095789963	3.5438234934310544
0.14962356560944334	3.5404095443155925
0.1499684835502373	3.5369945332841306
0.15031419660900225	3.53357846301579
0.15066070661867417	3.5301613360372524
0.15100801541641484	3.5267431547204047
0.1513561248436208	3.5233239212799745
0.1517050367459337	3.519903637771134
0.15205475297324955	3.5164823060870827
0.15240527537972914	3.513059927956604
0.15275660582380723	3.509636504941602
0.15310874616820302	3.506212038434607
0.15346169827992942	3.5027865296562677
0.1538154640303035	3.499359979652802
0.15417004529495593	3.4959323892934386
0.1545254439538414	3.4925037592678256
0.1548816618912481	3.489074090083415
0.15523870099580825	3.485643382062821
0.15559656316050743	3.4822116353411547
0.15595525028269538	3.478778849863328
0.15631476426409538	3.475345025381339
0.15667510701081494	3.471910161451519
0.15703628043335524	3.4684742574317706
0.15739828644662196	3.465037312478756
0.15776112696993486	3.4615993255450808
0.15812480392703834	3.4581602953764334
0.15848931924611134	3.454720220508707
0.15885467485977792	3.4512790992650846
0.159220872705117	3.447836929753111
0.15958791472367329	3.444393709861716
0.15995580286146688	3.440949437258227
0.16032453906900418	3.437504109385343
0.1606941253012877	3.4340577234580816
0.16106456351782708	3.4306076993743164
0.16143585568264862	3.4271546876118224
0.16180800376430657	3.4237005939656844
0.16218100973589297	3.4202454255773325
0.16255487557504839	3.416789189495855
0.16292960326397224	3.413331892676226
0.16330519478943342	3.409873541977504
0.16368165214278085	3.4064141441610194
0.16405897731995392	3.4029537058885424
0.16443717232149316	3.3994922337204256
0.1648162391525508	3.396029734113737
0.1651961798229015	3.392566213420359
0.1655769963469528	3.389101677885087
0.16595869074375605	3.38563613364369
0.16634126503701693	3.382169586720966
0.16672472125510626	3.37870204302876
0.16710906143107074	3.375233508363982
0.16749428760264373	3.3717639884065895
0.16788040181225602	3.3682934887175557
0.16826740610704674	3.364822014736812
0.16865530253887412	3.3613495717811777
0.16904409316432642	3.357876165042258
0.16943378004473283	3.354401799584332
0.16982436524617442	3.3509264803422063
0.17021585083949506	3.34745021211906
0.17060823890031235	3.3439729995842553
0.17100153150902875	3.340494847271138
0.17139573075084252	3.337015759574805
0.17179083871575881	3.3335357407498556
0.1721868574986007	3.3300547949081194
0.17258378919902034	3.3265729260163552
0.17298163592151014	3.3230901378939404
0.17338039977541378	3.3196064342105185
0.17378008287493754	3.316121818483641
0.17418068733916142	3.3126362940763743
0.17458221529205037	3.309149864194885
0.1749846688624657	3.305662531886005
0.1753880501841761	3.302174300034763
0.17579236139586926	3.298685171361909
0.1761976046411629	3.295195148421391
0.17660378206861643	3.291704233597825
0.17701089583174212	3.2882124291039325
0.17741894808901656	3.2847197369779537
0.1778279410038923	3.2812261590810334
0.17823787674480895	3.2777316970945845
0.17864875748520506	3.2742363525176215
0.17906058540352943	3.2707401266640734
0.17947336268325265	3.2672430206600627
0.1798870915128788	3.2637450354411657
0.1803017740859569	3.2602461717496367
0.1807174126010927	3.2567448595206643
0.18113400926196024	3.25324149751704
0.18155156627731356	3.2497372495000976
0.18197008586099836	3.246232122034246
0.18238957023196378	3.242726121568361
0.1828100216142743	3.239219254433741
0.18323144223712115	3.2357115268420387
0.18365383433483465	3.232202944883161
0.18407720014689558	3.22869351452316
0.18450154191794738	3.225183241602094
0.18492686189780783	3.2216721318318706
0.18535316234148114	3.2181601907940673
0.18578044550916986	3.2146474239377265
0.18620871366628675	3.211133836577135
0.186637969083467	3.207619433889568
0.18706821403658005	3.204104220913032
0.18749945080674188	3.2005882025439605
0.18793168168032684	3.1970713835348996
0.18836490894898006	3.1935537684921727
0.18879913490962935	3.1900353618735116
0.18923436186449755	3.1865161679856717
0.18967059212111465	3.18299619098202
0.19010782799233	3.179475434860099
0.19054607179632474	3.1759539034591686
0.1909853258566238	3.172431600457719
0.19142559250210858	3.168908529370962
0.19186687406702896	3.1653846935482934
0.19230917289101584	3.161860096170741
0.1927524913190936	3.1583347402483715
0.1931968317016924	3.1548086286176833
0.19364219639466074	3.1512817639389654
0.19408858775927784	3.147754148693641
0.19453600816226624	3.144225785181572
0.19498445997580455	3.140696675518344
0.19543394557753943	3.1371668216325275
0.195884467350599	3.1336362252629018
0.19633602768360464	3.130104887955665
0.1967886289706845	3.1265728110616022
0.19724227361148533	3.1230399957332367
0.19769696401118608	3.119506442921949
0.1981527025805098	3.115972153375071
0.19860949173573716	3.1124371276329454
0.19906733389871864	3.108901366025962
0.19952623149688797	3.105364868671562
0.1999861869632744	3.1018276354712153
0.20044720273651614	3.0982896661073687
0.2009092812608728	3.0947509600403618
0.20137242498623883	3.091211516505314
0.20183663636815607	3.0876713345089843
0.2023019178678272	3.0841304128265956
0.20276827195212818	3.080586210756489
0.20323570109362218	3.0770393707286505
0.2037042077705718	3.073491772048476
0.20417379446695297	3.069943423241351
0.20464446367246739	3.0663943327336276
0.20511621788255657	3.062844508850696
0.20558905959841414	3.059293959815037
0.20606299132700007	3.0557426937442496
0.20653801558105292	3.052190718649073
0.20701413487910425	3.048638042431363
0.20749135174549097	3.0450846728820733
0.2079696687103696	3.041530617679196
0.20844908830972886	3.037975884385691
0.20892961308540398	3.034420480447391
0.20941124558508925	3.030864413190889
0.20989398836235246	3.0273076898213893
0.21037784397664752	3.023750317420563
0.21086281499332898	3.020192302944349
0.21134890398366465	3.0166336532207616
0.2118361135248502	3.0130743749476543
0.21232444620002192	3.009514474690476
0.21281390459827124	3.0059539588799895
0.21330449131465762	3.0023928338099823
0.21379620895022325	2.998831105634942
0.21428906011200585	2.9952687803677143
0.21478304741305343	2.9917058638771303
0.21527817347243727	2.9881423618856244
0.21577444091526668	2.9845782799668066
0.21627185237270202	2.981013623543032
0.21677041048196952	2.9774483978829274
0.21727011788637443	2.973882608098909
0.2177709772353159	2.9703162591446586
0.21827299118430013	2.966749355812593
0.2187761623949553	2.963301472630256
0.21928049353504486	2.9610815115649456
0.21978598727848253	2.9588600716765447
0.2202926463053456	2.9566371121007378
0.22080047330189004	2.954412591330071
0.22130947096056375	2.952186467207336
0.22181964198002194	2.9499586969188814
0.2223309890651403	2.947729236987881
0.22284351492703042	2.9454980432675324
0.22335722228305316	2.943265070934211
0.223872113856834	2.9410302744805508
0.22438819237827662	2.9387936077084724
0.2249054605835781	2.936555023722157
0.22542392121524293	2.934314474920947
0.22594357702209775	2.9320719129921966
0.22646443075930595	2.9298272889040566
0.2269864851883822	2.927580552898199
0.22750974307720706	2.9253230576769673
0.2280342072000418	2.9230569327516083
0.22855988033754301	2.9207884952411325
0.2290867652767773	2.918517728662258
0.2296148648112362	2.9162446162717757
0.23014418174085083	2.9139691410637414
0.2306747188720069	2.9116912857666515
0.23120647901755947	2.9094110328405822
0.23173946499684786	2.907128364474315
0.2322736796357107	2.904843262582425
0.23280912576650079	2.902555708802355
0.23334580622810028	2.9002656844914534
0.23388372386593548	2.897973170723996
0.2344228815319922	2.8956781482881753
0.23496328208483072	2.8933805976830587
0.23550492838960096	2.891080499115534
0.2360478233180577	2.888777832497218
0.23659196974857583	2.8864725774413333
0.23713737056616552	2.8841647132595747
0.23768402866248767	2.881854218958929
0.23823194693586902	2.8795410732384807
0.23878112829131776	2.877225254486183
0.23933157564053875	2.8749067407756015
0.23988329190194904	2.872585509862634
0.24043628000069334	2.8702615391821924
0.24099054286865948	2.8679348058448664
0.24154608344449405	2.8656052866335497
0.2421029046736178	2.863272958000043
0.24266100950824154	2.8609377960616205
0.24322040090738153	2.8585997765975732
0.24378108183687525	2.8562588750457216
0.2443430552693972	2.8539150664988924
0.24490632418447456	2.8515683257013684
0.24547089156850305	2.8492186270453113
0.24603676041476275	2.8468659445671465
0.24660393372343392	2.8445102519439214
0.24717241450161304	2.842151522489629
0.24774220576332856	2.8397897291515046
0.24831331052955705	2.8374248445062844
0.2488857318282391	2.835056840756436
0.24945947269429547	2.832685689726354
0.25003453616964316	2.8303113628585277
0.2506109253032114	2.827933831209668
0.251188643150958	2.8255530654468064
0.25176769277588557	2.82316903584336
0.25234807724805747	2.820781712275161
0.2529297996446145	2.8183910642164522
0.25351286304979076	2.815997060735853
0.25409727055493053	2.81359967049228
0.2546830252585041	2.811198861730846
0.2552701302661247	2.808781516777208
0.2558585886905646	2.8063509224248455
0.25644840365177174	2.8039167402862715
0.2570395782768864	2.801478992094562
0.25763211570025757	2.7990376999148814
0.25822601906345966	2.7965928861475424
0.2588212915153092	2.7941445735310926
0.2594179362118814	2.791692785145427
0.2600159563165272	2.7892375444149233
0.2606153549998896	2.786778875111601
0.26121613543992067	2.784316801358311
0.2618183008218985	2.7818513476319455
0.26242185433844417	2.7793825387666757
0.26302679918953814	2.7769103999572176
0.263633138582538	2.7744349567621165
0.2642408757321946	2.77195623510707
0.2648500138606701	2.769474261288262
0.2654605561975539	2.76698906197574
0.26607250597988097	2.7645006642168033
0.2666858664521479	2.7620090954394327
0.26730064086633115	2.759514383455734
0.2679168324819031	2.7570165564654223
0.26853444456585074	2.754515643059322
0.26915348039269155	2.752011672222901
0.26977394324449205	2.749504673339836
0.2703958364108843	2.746994676195597
0.2710191631890843	2.744481710981067
0.2716439268839082	2.741965808296192
0.2722701308077913	2.739446999153651
0.272897778280804	2.7369253149825674
0.27352687263067127	2.7344007876322367
0.27415741719278824	2.7318734493758976
0.2747894153102397	2.729343332914518
0.2754228703338166	2.726810471380628
0.27605778562203465	2.724274898342163
0.27669416454115114	2.721736647806361
0.2773320104651841	2.7191957542236667
0.27797132677592884	2.716652252491685
0.2786121168629771	2.7141061779591533
0.27925438412373377	2.711557566429958
0.2798981319634363	2.7090064541671657
0.2805433637951713	2.706452877897103
0.28119008303989407	2.7038968748134593
0.28183829312644537	2.701338482581421
0.2824879974915708	2.6987777393418453
0.2831391995799379	2.69621468371546
0.2837919028441557	2.6936493548071017
0.28444611074479154	2.6910817922099812
0.285101826750391	2.688512036009989
0.28575905433749466	2.6859401267900327
0.2864177969906581	2.683372580620592
0.28707805820246907	2.6808077965873096
0.28773984147356696	2.678241019678209
0.28840315031266056	2.675672265201602
0.2890679882365476	2.673101548605504
0.28973435877013226	2.670528885478528
0.2904022654464451	2.667954291550774
0.2910717118066605	2.665377782694742
0.29174270140011677	2.662799374926223
0.29241523778433354	2.660219084405229
0.2930893245250321	2.6576369274368963
0.2937649651961531	2.6550529204724165
0.29444216337987617	2.6524670801099623
0.29512092266663853	2.649879423095624
0.29580124665515467	2.6472899663243457
0.2964831389524342	2.644698726840873
0.29716660317380267	2.642105721840703
0.29785164294291894	2.6395109686710434
0.298538261891796	2.6369144848317685
0.2992264636608189	2.634316287976395
0.29991625189876514	2.6317163959130476
0.30060763026282306	2.6291148266054454
0.3013006024186122	2.6265115981738822
0.3019951720402016	2.6239067288962215
0.30269134281013055	2.621300237208889
0.30338911841942706	2.6186921417078786
0.3040885025676279	2.6160824611497606
0.3047894989627983	2.613471214452696
0.3054921113215513	2.6108584206974577
0.3061963433690677	2.608244099128456
0.30690219883911574	2.6056282691547734
0.3076096814740708	2.603010950351202
0.3083187950249354	2.6003921624592907
0.30902954325135906	2.597771925388394
0.309741929921658	2.5951502592167324
0.31045595881283555	2.5925271841924533
0.31117163371060175	2.5899027207347043
0.3118889584093937	2.587276889434705
0.3126079367123955	2.5846497110568385
0.31332857243155854	2.582021206539731
0.3140508693876217	2.579391396997354
0.3147748314101316	2.576760303720122
0.31550046233746265	2.574127948176008
0.31622776601683794	2.5714943520116513
0.3169567463043491	2.568859537053486
0.31768740706497706	2.5662235253088648
0.3184197521726125	2.563586338967196
0.31915378551007617	2.5609480004010874
0.3198895109691398	2.5583085321674948
0.3206269324505466	2.555667957008873
0.3213660538640317	2.5530332477328823
0.32210687912834346	2.5504026644864846
0.32284941217126356	2.547771081630651
0.32359365692962827	2.545138493352091
0.32433961734934924	2.542504893621554
0.3250872973854344	2.5398702761911074
0.3258367010020088	2.5372346345913788
0.32658783217233583	2.534597962128789
0.3273406948788382	2.531960251882745
0.328095293113119	2.5293214967028126
0.32885163087598307	2.526681689205863
0.32960971217745777	2.524040821773193
0.3303695410368148	2.5213988865476136
0.3311311214825911	2.518755875430522
0.3318944575526104	2.5161117800789303
0.33265955329400454	2.513466591902485
0.333426412763235	2.510820302060445
0.3341950400261143	2.5081729014586367
0.33496543915782767	2.5055243807463845
0.3357376142429547	2.5028747303134047
0.33651156937549076	2.500223940286678
0.3372873086588689	2.497572000527292
0.3380648362059816	2.494918900627248
0.33884415613920255	2.49226462990625
0.3396252725904084	2.4896091774084543
0.3404081897010009	2.486952531899192
0.34119291162192855	2.4842946818616656
0.3419794425137089	2.48163561549361
0.3427677865464504	2.478975320703925
0.34355794789987465	2.4763137851092782
0.34434993076333853	2.4736509960306745
0.3451437393358563	2.4709869404899965
0.345939377826122	2.4683216052065124
0.34673685045253166	2.465654976593352
0.34753616144320587	2.4629870407539523
0.34833731503601184	2.4603177834784646
0.34914031547858615	2.4576471902401416
0.3499451670283573	2.454975246191677
0.350751873952568	2.4523019361615224
0.35156044052829816	2.449627244650167
0.35237087104248715	2.446951155826383
0.353183169791957	2.4442736535234397
0.3539973410834347	2.44159472123528
0.35481338923357547	2.438914342112667
0.3556313185689854	2.4362324989592907
0.3564511334262443	2.433549174227843
0.35727283815192895	2.4308643500160585
0.35809643710263606	2.4281780080627158
0.35892193464500527	2.4254901297436042
0.35974933515574237	2.4228006960674575
0.36057864302164244	2.4201031912737916
0.36140986263961333	2.4173992435608485
0.36224299841669866	2.4146936457870813
0.3630780547701014	2.4119864048485873
0.36391503612720716	2.409277527634278
0.36475394692560786	2.40656702102525
0.36559479161312497	2.4038548918941594
0.36643757464783333	2.401141147104575
0.3672823004980847	2.398425793510331
0.3681289736425315	2.3957088379548694
0.3689775985701504	2.3929902872705777
0.3698281797802663	2.390270148278114
0.37068072178257605	2.3875484277857253
0.37153522909717257	2.38482513258856
0.3723917062545686	2.382100269467968
0.3732501577957206	2.379373845190797
0.3741105882720534	2.376645866508677
0.3749730022454836	2.3739163401572956
0.3758374042884442	2.3711852728556693
0.37670379898390893	2.3684526713054006
0.377572190925416	2.3657185421899305
0.37844258471709324	2.362982892173779
0.3793149849736819	2.360245727901778
0.38018939632056115	2.357507055998298
0.381065823393773	2.3547668830664588
0.3819442708400465	2.352025215687339
0.38282474331682265	2.34928206041917
0.38370724549227875	2.346537423796524
0.38459178204535355	2.343791312329492
0.38547835766577176	2.3410437325028495
0.38636697705406914	2.338294690775219
0.3872576449216172	2.3355441935782157
0.3881503659906482	2.332792247315586
0.38904514499428056	2.3300388583623417
0.3899419866765434	2.327284033063872
0.390840895792402	2.324527777735058
0.3917418771077831	2.3217700986593695
0.3926449353995998	2.3190110020879535
0.3935500754557774	2.316250494238716
0.3944573020752784	2.313488581295384
0.3953666200681279	2.3107252694065687
0.39627803425543945	2.3079605646848105
0.3971915494694403	2.305194473205614
0.3981071705534972	2.3024270010064747
0.39902490236214205	2.2996581540858942
0.39994474976109745	2.2968879384023833
0.4008667176273028	2.2941163598734535
0.4017908108489399	2.2913434243745994
0.4027170343254591	2.2885691377382704
0.40364539296760493	2.285793505752826
0.4045758916974427	2.283014129895402
0.40550853544838383	2.2802316257512207
0.40644332916521275	2.277447780214646
0.40738027780411273	2.274662609026462
0.4083193863326921	2.2718761280189
0.40926065973001086	2.2690883531158907
0.4102041029866068	2.2662993003333023
0.41114972110452225	2.2635089857791866
0.4120975190973302	2.2607174256540223
0.4130475019901614	2.257924636250956
0.41399967481973043	2.2551306339560453
0.4149540426343629	2.252335435248495
0.41591061049402206	2.249539056700899
0.4168693834703354	2.24674151497948
0.41783036664662176	2.243942826844324
0.4187935651179184	2.2411430091496176
0.41975898399100753	2.2383420788438837
0.4207266283844441	2.2355400529702156
0.4216965034285822	2.2327369486665107
0.422668614265603	2.229932783165703
0.4236429660495411	2.227127573795992
0.4246195639463129	2.2243213379810762
0.4255984131337431	2.221514093240379
0.42657951880159267	2.218705857189279
0.4275628861515862	2.2158966475393345
0.4285485203974395	2.2130864820985106
0.4295364267648873	2.210275378771402
0.43052661049171065	2.207463355559457
0.43151907682776525	2.204650430561199
0.43251383103500873	2.201836621972446
0.4335108783875289	2.199021948086532
0.43451022417157154	2.196206427294521
0.4355118736855686	2.1933900780854274
0.436515832240166	2.1905729190464305
0.4375221051582521	2.187754968863082
0.4385306977749857	2.184936246319529
0.4395416154378245	2.182116770298716
0.4405548635065533	2.179296559782598
0.4415704473533125	2.176475633852346
0.44258837236262655	2.173654011688556
0.44360864393143257	2.170831712571451
0.4446312674691087	2.168008755881088
0.4456562483975033	2.1651851610975528
0.44668359215096315	2.162360947801167
0.44771330417636257	2.1595361356726825
0.4487453899331322	2.1567107444934783
0.449779854893288	2.1538847941457537
0.45081670454146017	2.1510583046127265
0.4518559443749224	2.148231295978818
0.4528975799036208	2.1454037884298462
0.4539416166502032	2.1425802048442817
0.4549880601500486	2.1397594488096265
0.4560369159512962	2.1369382790766513
0.4570881896148751	2.1341166976717383
0.4581418867145335	2.1312947064655403
0.4591980128368686	2.128472307170676
0.4602565735813561	2.125649501339397
0.4613175745603794	2.1228262903612385
0.46238102139926035	2.1200026754606442
0.46344691973628804	2.1171786576945686
0.46451527522274944	2.1143542379500495
0.465586093522959	2.111529416941771
0.46665938031428866	2.1087041952095884
0.46773514128719823	2.105878573116037
0.46881338214526524	2.1030525508438123
0.46989410860521547	2.100226128393232
0.47097732639695294	2.0973993055796654
0.47206304126359055	2.0945720820309432
0.4731512589614805	2.091744457184741
0.4742419852602447	2.0889164302859387
0.47533522594280536	2.0860880003839504
0.47643098680541573	2.083259166330034
0.47752927365769093	2.0804299267745696
0.4786300923226384	2.0776002801643183
0.47973344863668915	2.0747702247396465
0.4808393484497286	2.0719397585317294
0.4819477976251274	2.0691088793597285
0.4830588020397727	2.0662775848279376
0.48417236758409943	2.063445872322904
0.4852885001621211	2.060613739010521
0.4864072056914617	2.057781181833098
0.4875284901033864	2.054948197506395
0.48865235934283363	2.0521147825166315
0.48977881936844625	2.049280933117471
0.4909078761526032	2.0464466453269727
0.492039535681451	2.043611914924515
0.49317380395493593	2.040776737447693
0.4943106869868355	2.0379411081891776
0.4954501908047903	2.0351050221935623
0.49659232145033616	2.032268474254159
0.49773708497893604	2.029431458909779
0.4988844874600123	2.026593970441481
0.5000345349769786	2.0237560028692823
0.5011872336272724	2.0209175499488463
0.5023425895223872	2.018078605168135
0.5035006087879049	2.015239161744031
0.5046612975635284	2.012399212618929
0.505824662003114	2.0095587504572943
0.5069907082747043	2.0067177676421895
0.5081594425605604	2.003876256271769
0.5093308710571953	2.001029836052927
0.5105049999754062	1.998179607571092
0.5116818355403077	1.995328801200906
0.5128613839913648	1.9924774263034792
0.514043651582426	1.9896254921932486
0.5152286445817564	1.9867730081367414
0.5164163692720709	1.983919983351321
0.5176068319505677	1.9810664270039224
0.5188000389289611	1.9782123482097749
0.5199959965335159	1.9753577560311057
0.5211947111050804	1.9725026594758337
0.5223961889991198	1.9696470674962465
0.5236004365857502	1.9667909889876656
0.5248074602497725	1.9639344327870927
0.5260172663907061	1.9610774076718474
0.5272298614228227	1.9582199223581833
0.5284452517751804	1.9553619854998938
0.5296634438916578	1.952503605686902
0.5308844442309884	1.949644791443833
0.5321082592667942	1.946785551228574
0.5333348954876209	1.943925893430817
0.5345643593969717	1.9410658263705864
0.5357966575133416	1.9382053582967504
0.5370317963702527	1.935344497385517
0.5382697825162883	1.932483251738914
0.5395106225151276	1.9296216293832527
0.5407543229455808	1.9267596382675747
0.5420008904016238	1.923897286262082
0.5432503314924332	1.9210345811565523
0.5445026528424212	1.9181715306587384
0.5457578610912709	1.9153081423927423
0.5470159628939716	1.9124444238973861
0.5482769649208538	1.9095803826245532
0.5495408738576245	1.9067160259375184
0.5508076964054034	1.9038513611092616
0.5520774392807574	1.9009863953207584
0.5533501092157367	1.8981211356592567
0.5546257129579107	1.8952555891165364
0.5559042572704036	1.8923897625871475
0.5571857489319298	1.889523662866633
0.5584701947368308	1.886657296649731
0.5597576014951101	1.8837906705285605
0.5610479760324705	1.8809237909907848
0.5623413251903491	1.878056664417762
0.5636376558259545	1.8751892970826716
0.5649369748123025	1.8723216951486201
0.5662392890382533	1.869453864666736
0.5675446054085471	1.8665858115742342
0.5688529308438415	1.86371754169247
0.5701642722807475	1.8608490607249668
0.571478636671867	1.8579780802575259
0.5727960309858292	1.8551051876685856
0.5741164622073276	1.8522320878465819
0.5754399373371569	1.849358795677999
0.5767664633922508	1.8464853260557936
0.5780960474057181	1.8436116938785923
0.5794286964268811	1.8407379140498887
0.580764417521312	1.8378640014772187
0.5821032177708715	1.834989971071335
0.5834451042737447	1.8321158377453661
0.5847900841444807	1.8292416164139629
0.5861381645140288	1.8263673219924408
0.5874893525297767	1.8234929693959046
0.588843655355589	1.820618573538365
0.5902010801718444	1.817744149331846
0.591561634175474	1.8148697116854746
0.5929253245799998	1.8119952755045685
0.5942921586155727	1.8091208556897036
0.5956621435290105	1.806246467135775
0.5970352865838369	1.803372124731045
0.5984115950603197	1.8004978433561794
0.5997910762555094	1.7976236378832726
0.6011737374832781	1.7947495231748576
0.6025595860743578	1.7918755140829088
0.6039486293763798	1.7890016254478296
0.6053408747539136	1.7861278720974278
0.6067363295885054	1.783254268845879
0.6081350012787179	1.7803808304926787
0.6095368972401692	1.7775075718215778
0.610942024905572	1.774634507599512
0.6123503917247736	1.7717616525755109
0.6137620051647943	1.7688890214795996
0.6151768727098682	1.7660166290216857
0.6165950018614822	1.7631444898904307
0.618016400138416	1.7602726187521107
0.6194410750767815	1.7574010302494651
0.6208690342300636	1.7545297390005257
0.6223002851691596	1.7516587595974398
0.6237348354824193	1.7487881066052726
0.6251726927756859	1.7459177945607998
0.6266138646723355	1.7430478379712868
0.628058358813318	1.740178251313248
0.6295061828571976	1.7373090490311986
0.6309573444801934	1.734440245536389
0.6324118513762195	1.7315718552055233
0.633869711256927	1.7287038923794633
0.6353309318517437	1.7258363713619234
0.6367955209079159	1.7229693064181404
0.6382634861905487	1.720102711773537
0.6397348354826482	1.7172366016123655
0.6412095765851616	1.7143710047053167
0.6426877173170197	1.7115059314392544
0.6441692655151774	1.7086413850284872
0.6456542290346556	1.7057773794170317
0.6471426157485832	1.7029139284998673
0.6486344335482385	1.70005104612148
0.6501296903430908	1.6971887460743857
0.6516283940608427	1.6943270420976422
0.6531305526474724	1.6914659478753413
0.654636174067275	1.688605477035084
0.6561452663029055	1.6857456431464424
0.6576578373554206	1.6828864597193984
0.6591738952443215	1.6800279402027725
0.6606934480075961	1.6771700979826292
0.662216503701762	1.674312946380668
0.6637430704019089	1.6714564986525964
0.6652731562017414	1.668600767986485
0.6668067692136223	1.6657457675011027
0.6683439175686147	1.662891510244239
0.6698846094165265	1.6600380091910023
0.6714288529259524	1.6571852772421005
0.6729766562843179	1.6543333272221095
0.6745280276979221	1.6514821718777133
0.6760829753919819	1.6486318238759339
0.6776415076106752	1.6457822958023345
0.6792036326171846	1.64293360015921
0.6807693586937414	1.6400857493637555
0.6823386941416696	1.6372387557462122
0.6839116472814293	1.6343926315480002
0.6854882264526615	1.6315473889198238
0.6870684400142321	1.6287030399197644
0.688652296344276	1.6258595965113463
0.6902398038402419	1.6230170705615876
0.6918309709189364	1.620175473839025
0.6934258060165691	1.6173348180117233
0.6950243175887968	1.61449511464526
0.6966265141107687	1.6116563752006916
0.6982324040771714	1.6088186110324958
0.6998419960022735	1.605981833386495
0.7014552984199712	1.6031460533977535
0.7030723198838335	1.6003112820884613
0.7046930689671469	1.5974775303657853
0.7063175542629619	1.5946448090197058
0.7079457843841379	1.5918131287208295
0.7095777679633888	1.588982500018176
0.711213513653329	1.5861529333369464
0.7128530301265195	1.5833244389762633
0.7144963260755133	1.5804970271068943
0.716143410212902	1.5776707077689474
0.7177942912713617	1.5748454908695428
0.7194489780036994	1.5720217179017324
0.7211074791828996	1.5691993143521235
0.7227698036021702	1.5663780439528874
0.72443596007499	1.563557914656491
0.7261059574351547	1.5607389342509752
0.727779804536824	1.5579211103572939
0.7294575102545687	1.5551044504266278
0.7311390834834174	1.5522889617376694
0.732824533138904	1.5494746513938829
0.734513868157115	1.5466615263207353
0.7362070974947361	1.5438495932629028
0.737904230129101	1.5410388587814443
0.7396052750582378	1.5382293292509526
0.7413102413009175	1.5354210108566724
0.7430191378967014	1.532613909591594
0.744731973905989	1.5298080312535152
0.7464487584100665	1.5270033814420754
0.7481695005111544	1.5241999655557616
0.7498942093324559	1.5213977887888832
0.7516228940182055	1.5185968561285161
0.7533555637337174	1.5157971723514228
0.7550922276654339	1.5129987420209325
0.7568328950209744	1.5102015694838014
0.7585775750291838	1.507405658867033
0.7603262769401818	1.5046110140746765
0.762079010025412	1.5018176387845819
0.7638357835776907	1.4990255364451395
0.7655966069112563	1.4962347102719709
0.7673614893618189	1.4934451632446026
0.7691304402866096	1.4906568981030957
0.7709034690644301	1.487869917344652
0.7726805850957024	1.4850842232201813
0.7744617978025188	1.4822998177308386
0.7762471166286917	1.479516702624527
0.7780365510398041	1.4767348793923663
0.7798301105232588	1.4739543492651295
0.7816278045883297	1.471175113209644
0.7834296427662119	1.4683971719251578
0.7852356346100718	1.4656205258396717
0.7870457896950986	1.462845175106237
0.7888601176185545	1.4600711195992144
0.7906786279998251	1.4572983589105049
0.7925013304804718	1.454526892345735
0.7943282347242815	1.4517567189204137
0.7961593504173188	1.4489878373560467
0.7979946872679766	1.4462202460762208
0.7998342550070284	1.4434539432026434
0.8016780633876791	1.4406889265511509
0.8035261221856173	1.4379251936276762
0.8053784411990667	1.4351627416241781
0.8072350302488382	1.4323978851853185
0.8090958991783823	1.4296315549308136
0.8109610578538409	1.4268664751329538
0.8128305161640993	1.4241026572152529
0.8147042840208396	1.4213401124821423
0.8165823713585925	1.4185788521167417
0.81846478813479	1.4158188871786124
0.8203515443298183	1.413060228601481
0.8222426499470712	1.410302887190944
0.8241381150130024	1.4075468736221481
0.8260379495771788	1.4047921984374447
0.8279421637123342	1.4020388720440238
0.8298507675144225	1.3992869047115177
0.8317637711026711	1.3965363065695895
0.8336811846196344	1.393787087605488
0.835603018231248	1.391039257661582
0.8375292821268826	1.3882928264328704
0.8394599865193975	1.3855478034644626
0.8413951416451951	1.3828041981490402
0.8433347577642755	1.3800620197242848
0.84527884516029	1.3773212772702887
0.8472274141405965	1.3745819797069312
0.8491804750363139	1.371844135791234
0.8511380382023765	1.3691077541146883
0.8531001140175896	1.366372843100554
0.8550667128846834	1.3636394110011345
0.8570378452303697	1.3609074658950209
0.8590135215053958	1.358177015684312
0.8609937521846007	1.3554480680918033
0.8629785477669704	1.3527206306581503
0.8649679187756933	1.349994710739004
0.8669618757582167	1.3472703155021157
0.8689604292863019	1.3445474519244147
0.8709635899560808	1.3418261267890566
0.8729713683881117	1.3391063466824422
0.8749837752274362	1.3363881179912087
0.8770008211436349	1.3336714468991877
0.8790225168308845	1.3309563393843378
0.8810488730080143	1.3282428012156418
0.8830799004185629	1.3255308379499786
0.8851156098308356	1.3228204549289624
0.887156012037961	1.3201116572757483
0.8892011178579485	1.3174044498918114
0.8912509381337457	1.3146988374536914
0.8933054837332954	1.3119948244097062
0.895364765549594	1.309292414976634
0.8974287945007486	1.3065916131363613
0.8994975815300353	1.3038924226325022
0.9015711376059571	1.3011948469669803
0.9036494737223016	1.298498889396582
0.9057326008982003	1.295802058285482
0.9078205301781859	1.2931049892040054
0.9099132726322517	1.2904095328552547
0.9120108393559097	1.287715702000868
0.9141132414702502	1.285023509285807
0.9162204901219997	1.2823329672361194
0.9183325964835808	1.2796440882566633
0.9204495717531712	1.276956884628819
0.9225714271547631	1.2742713685081715
0.9246981739382225	1.2715875519221707
0.9268298233793492	1.2689054467677683
0.9289663867799363	1.2662250648090292
0.9311078754678302	1.263546417674718
0.933254300796991	1.260869516855862
0.9354056741475518	1.258194373703289
0.9375620069258802	1.2555209994251395
0.9397233105646378	1.2528494050843522
0.9418895965228413	1.2501796015961264
0.9440608762859233	1.2475115997253579
0.946237161365793	1.2448454100840478
0.9484184633008971	1.2421810431286846
0.9506047936562815	1.2395185091576024
0.9527961640236519	1.2368578183083112
0.9549925860214359	1.234198980554797
0.9571940712948444	1.2315420057048003
0.9594006315159331	1.228886903397063
0.9616122783836646	1.226233683098551
0.9638290236239705	1.223582354101643
0.9660508789898133	1.2209329255213008
0.9682778562612491	1.2182854062922015
0.9705099672454897	1.2156398051658468
0.9727472237769651	1.2129961307076411
0.9749896377173869	1.2103543912939436
0.9772372209558107	1.207714595109086
0.9794899854086988	1.2050767501423663
0.9817479430199844	1.2024408641850075
0.9840111057611337	1.199806944827091
0.9862794856312105	1.197174999454456
0.9885530946569389	1.1945450352455702
0.9908319448927676	1.1919170591683697
0.9931160484209338	1.189291077977067
0.995405417351527	1.1866670982089278
0.9977000638225533	1.1840451261810168
1.	1.1814251679869119
1.0023052380778998	1.1788072294933833
1.0046157902783952	1.176191316337047
1.0069316688518044	1.1735774339209752
1.0092528860766845	1.1709655874112852
1.0115794542598988	1.1683557817336858
1.0139113857366795	1.1657480215699971
1.016248692870696	1.1631408817160533
1.0185913880541169	1.1605347290105554
1.0209394837076802	1.1579306265563738
1.023292992280754	1.1553285840534133
1.0256519262514079	1.1527286110235513
1.0280162981264735	1.1501307168077575
1.0303861204416165	1.147534910563179
1.0327614057613974	1.1449412012602014
1.0351421666793441	1.1423495976794757
1.0375284158180127	1.1397601084089215
1.0399201658290596	1.137172741840693
1.0423174293933042	1.134587506168123
1.0447202192208003	1.1320044093826298
1.0471285480508996	1.1294234592705983
1.0495424286523225	1.1268446634102274
1.051961873823223	1.1242680291683478
1.0543868963912593	1.1216935636972085
1.0568175092136585	1.1191212739312317
1.0592537251772887	1.1165511665837327
1.0616955571987248	1.1139832481436136
1.064143018224316	1.1114175248720217
1.066596121230258	1.1088540027989724
1.0690548792226577	1.1062926877199442
1.0715193052376064	1.1037335851924364
1.0739894123412446	1.1011767005324975
1.076465213629835	1.098622038811215
1.0789467222298286	1.096069604851175
1.081433951297938	1.0935194032228859
1.0839269140212033	1.090971438241167
1.0864256236170655	1.0884257139615048
1.0889300933334332	1.0858822341763699
1.0914403364487566	1.0833410024115016
1.0939563662720937	1.080802021922158
1.096478196143185	1.0782652956893244
1.0990058394325208	1.0757308264158918
1.101539309541415	1.0731986165227938
1.104078619902073	1.0706686681451114
1.1066237839776665	1.0681409831281325
1.1091748152624008	1.0656155630233868
1.1117317272815914	1.0630924090846259
1.1142945335917298	1.0605715222637835
1.1168632477805611	1.0580529032068795
1.1194378834671515	1.0555365522499007
1.1220184543019636	1.0530224694146297
1.1246049739669264	1.0505106544044451
1.1271974561755105	1.0480011066000716
1.1297959146727976	1.0454938250552992
1.1324003632355573	1.0429888084926549
1.1350108156723149	1.0404860552990394
1.137627285823431	1.0379855635213162
1.1402497875611686	1.03548306053017
1.1428783347897717	1.0329796269305476
1.1455129414455354	1.0304784234759188
1.1481536214968828	1.0279794648172016
1.1508003889444356	1.0254827654929086
1.1534532578210923	1.0229883399268875
1.1561122421920986	1.020496202426055
1.1587773561551262	1.0180063671780908
1.1614486138403426	1.0155188482491202
1.1641260294104914	1.0130336595813627
1.1668096170609623	1.0105508149907658
1.1694993910198712	1.008070328164605
1.1721953655481303	1.0055922126590677
1.1748975549395297	1.003116481896803
1.1776059735208073	1.0006431491644558
1.1803206356517297	0.9981722276101671
1.1830415557251646	0.9957037302410561
1.1857687481671602	0.9932376699206684
1.1885022274370183	0.9907740593664078
1.1912420080273751	0.9883129111469318
1.193988104464273	0.9858542376795294
1.1967405313072437	0.9833980512274642
1.1994993031493788	0.9809443638972988
1.2022644346174132	0.9784931876361836
1.2050359403717974	0.9760445342291265
1.2078138351067804	0.973598415296226
1.2105981335504823	0.9711548422898868
1.2133888504649775	0.9687138264919963
1.2161860006463678	0.9662753790110831
1.2189895989248667	0.9638395107794366
1.2217996601648717	0.961406232550209
1.2246161992650488	0.9589755548944774
1.2274392311584073	0.9565474881982851
1.2302687708123818	0.9541220426596464
1.233104833228909	0.9516992282855294
1.2359474334445106	0.9492790548887986
1.238796586530369	0.9468615320851395
1.2416523075924113	0.9444466692899383
1.244514611771385	0.9420344757151462
1.2473835142429432	0.9396249603660991
1.2502590302177201	0.9372181320383148
1.2531411749414163	0.9348139993142536
1.2560299636948749	0.932412570560051
1.2589254117941675	0.930013853922213
1.2618275345906707	0.9276178573242865
1.2647363474711515	0.9252245884634872
1.2676518658578455	0.922834054807305
1.270574105208542	0.9204462635900672
1.2735030810166617	0.9180612218094765
1.276438808811344	0.9156789362231046
1.2793813041575246	0.9132980251385749
1.2823305826560218	0.9109188469677199
1.2852866599436155	0.908542436204481
1.2882495516931343	0.9061688044646609
1.2912192736135342	0.9037979631872827
1.2941958414499863	0.9014299236316634
1.297179270983956	0.8990646968744597
1.3001695780332907	0.8967022938066809
1.3031667784522993	0.89434272513068
1.3061708881318417	0.891986001357102
1.309181922999407	0.8896321328018164
1.3121998990192034	0.8872811295828066
1.3152248321922384	0.8849330016170371
1.3182567385564075	0.8825877586172846
1.3212956341865751	0.880245410088941
1.324341535194665	0.8779059653267807
1.3273944577297394	0.8755694334117027
1.3304544179780915	0.873235823207432
1.333521432163324	0.8709051433571973
1.3365955165464425	0.8685774022803672
1.3396766874259352	0.8662526081690632
1.3427649611378643	0.8639307689847299
1.3458603540559484	0.8616118924546791
1.348962882591654	0.8592959860685945
1.3520725631942772	0.8569830570750078
1.3551894123510364	0.8546731124777349
1.3583134465871542	0.8523661590322829
1.3614446824659503	0.8500622032422158
1.3645831365889245	0.847761251355493
1.3677288255958495	0.8454633093607627
1.3708817661648536	0.8431683829836312
1.3740419750125157	0.8408764776828815
1.3772094688939465	0.8385875986466719
1.3803842646028852	0.8363017507886821
1.383566378971781	0.8340189387442363
1.3867558288718889	0.8317391668663758
1.3899526312133532	0.8294624392219068
1.3931568029453036	0.8271887595873986
1.3963683610559376	0.8249181314451537
1.3995873225726185	0.8226505579791302
1.4028137045619582	0.8203860420708335
1.4060475241299144	0.8181245862951613
1.4092887984218747	0.8158661929162166
1.4125375446227548	0.813610863883072
1.4157937799570817	0.811358600825505
1.4190575216890926	0.8091094050496798
1.4223287871228198	0.8068632775338007
1.425607593602188	0.804620218923714
1.428893958511103	0.8023802295284753
1.432187899273543	0.8001433093158733
1.435489433353656	0.7979079505034172
1.4387985782558452	0.7956745347448217
1.4421153515248688	0.7934441777450486
1.4454397707459272	0.7912168844183122
1.4487718535447618	0.7889926594028827
1.452111617587742	0.7867715070572044
1.455459080581966	0.784553431455972
1.4588142602753482	0.7823384363861715
1.4621771744567182	0.7801265253430805
1.4655478409559113	0.7779177015262365
1.468926277643867	0.7757119678353565
1.4723125024327186	0.7735093268662289
1.4757065332758947	0.7713097809065578
1.4791083881682072	0.7691133319317734
1.4825180851459536	0.7669199816007968
1.4859356422870067	0.7647297312517719
1.4893610777109154	0.762542581897749
1.492794409578996	0.7603585342223363
1.4962356560944337	0.7581775885752998
1.4996848355023733	0.7559997449681329
1.5031419660900225	0.7538250030695737
1.5066070661867417	0.7516533622010896
1.5100801541641484	0.7494848213323103
1.513561248436208	0.747319379076427
1.5170503674593367	0.7451570336855402
1.5205475297324955	0.7429977830459704
1.5240527537972914	0.7408416246735191
1.5275660582380723	0.7386885557086914
1.5310874616820302	0.7365385729118681
1.5346169827992941	0.7343916726584391
1.5381546403030348	0.7322478509338842
1.5417004529495593	0.7301071033288156
1.545254439538414	0.7279694250339668
1.5488166189124812	0.7258348108351413
1.5523870099580825	0.7237032551081117
1.5559656316050743	0.7215747518134713
1.559552502826954	0.7194492944914367
1.5631476426409538	0.7173268762566075
1.5667510701081493	0.7152074897926707
1.5703628043335522	0.7130911273470625
1.5739828644662197	0.710977780725575
1.5776112696993485	0.7088674412869201
1.5812480392703834	0.706760099937236
1.5848931924611134	0.7046557471245483
1.5885467485977791	0.7025543728331792
1.59220872705117	0.7004559665781043
1.5958791472367329	0.6983605173992581
1.5995580286146687	0.696268013855789
1.6032453906900417	0.6941784440202579
1.6069412530128773	0.6920917954727901
1.6106456351782708	0.6900031659108223
1.6143585568264862	0.6879137821979552
1.6180800376430662	0.6858272527914304
1.6218100973589298	0.6837435838618403
1.6255487557504842	0.6816627813438443
1.6292960326397223	0.6795848509327542
1.6330519478943346	0.6775097980810773
1.6368165214278085	0.6754376279950338
1.6405897731995396	0.6733683456310351
1.6443717232149315	0.6713019556921318
1.6481623915255086	0.6692384626244245
1.651961798229015	0.6671778706134447
1.6557699634695284	0.6651201835804931
1.6595869074375604	0.6630654051789528
1.6634126503701698	0.6610135387905579
1.6672472125510627	0.6589645875216343
1.6710906143107078	0.6569185541992965
1.6749428760264373	0.6548754413676163
1.6788040181225607	0.6528352512837499
1.6826740610704674	0.6507979859140286
1.6865530253887415	0.6487636469300138
1.690440931643264	0.6467322357045148
1.6943378004473288	0.6447037533075657
1.6982436524617444	0.6426782005023706
1.7021585083949509	0.640655577741201
1.7060823890031234	0.6386358851612651
1.710015315090288	0.6366191225805284
1.7139573075084253	0.6346052894935036
1.7179083871575884	0.6325943850669923
1.721868574986007	0.6305864081357955
1.725837891990204	0.6285813571983754
1.7298163592151015	0.6265792304124838
1.7338039977541384	0.6245800255907431
1.7378008287493754	0.6225837401961931
1.7418068733916146	0.6205903713377876
1.7458221529205038	0.6185999157658579
1.7498466886246573	0.6166123698675261
1.7538805018417611	0.6146277296620821
1.7579236139586931	0.6126459907963127
1.7619760464116292	0.6106671485397908
1.7660378206861649	0.6086911977801185
1.770108958317421	0.6067181330181277
1.7741894808901661	0.6047479483630349
1.7782794100389228	0.6027806375275531
1.78237876744809	0.6008161938229547
1.7864875748520508	0.5988546101540956
1.7906058540352947	0.5968958790143846
1.7947336268325265	0.5949399924807153
1.7988709151287883	0.5929869422083435
1.803017740859569	0.5910367194257241
1.8071741260109275	0.5890838146005594
1.8113400926196026	0.5871296133558963
1.8155156627731361	0.5851781806277485
1.8197008586099834	0.5832295290810712
1.8238957023196385	0.5812836712498497
1.8281002161427427	0.5793406195347536
1.832314422371212	0.5774003862007533
1.8365383433483464	0.5754629833747251
1.8407720014689564	0.5735284230430225
1.8450154191794736	0.5715967170490297
1.8492686189780787	0.5696678770906839
1.8535316234148114	0.5677419147179796
1.857804455091699	0.5658188413304401
1.8620871366628675	0.5638986681745718
1.8663796908346704	0.5619814063412845
1.8706821403658007	0.5600670667632927
1.8749945080674193	0.5581556602124861
1.8793168168032686	0.556247197297278
1.883649089489801	0.5543416884599208
1.8879913490962936	0.552439143973804
1.892343618644976	0.5505395739407153
1.8967059212111463	0.5486429882880826
1.9010782799233006	0.5467493967661825
1.9054607179632472	0.5448588089453265
1.9098532585662378	0.5429712342130133
1.914255925021086	0.5410866817710593
1.9186687406702891	0.5392051606326969
1.9230917289101586	0.5373266796196424
1.9275249131909356	0.5354512473591425
1.9319683170169242	0.5335788722809813
1.936421963946607	0.5317095626144687
1.9408858775927782	0.5298433263853898
1.9453600816226624	0.5279801714129316
1.9498445997580456	0.5261201053065744
1.9543394557753944	0.5242631354629577
1.95884467350599	0.5224092690627101
1.9633602768360463	0.5205585130672546
1.967886289706845	0.5187108742155756
1.9724227361148534	0.5168663590209623
1.976969640111861	0.5150249737677133
1.9815270258050979	0.5131867245078154
1.9860949173573716	0.5113516170575849
1.9906733389871865	0.5095196569942815
1.9952623149688797	0.5076908496526846
1.9998618696327437	0.505865200121642
2.0044720273651615	0.5040427132405787
2.0090928126087277	0.502223393595981
2.0137242498623884	0.5004072455178366
2.0183663636815607	0.49859427307605
2.023019178678272	0.49678448007681636
2.0276827195212817	0.4949752621115533
2.032357010936222	0.49316728400391546
2.037042077705718	0.4913624808925693
2.0417379446695296	0.48956086649034564
2.046444636724674	0.48776245438058524
2.0511621788255656	0.4859672580147716
2.0558905959841414	0.484175290710147
2.0606299132700006	0.4823865656472974
2.065380155810529	0.48060109586771915
2.0701413487910423	0.47881889427135477
2.0749135174549096	0.47703997361410955
2.079696687103696	0.47526434650533717
2.084490883097289	0.47349202540530627
2.0892961308540396	0.4717230226226354
2.0941124558508926	0.4699573503117065
2.0989398836235242	0.4681950204700493
2.1037784397664754	0.4664360449357023
2.1086281499332897	0.46468043538454495
2.1134890398366464	0.46292820332760404
2.1183611352485023	0.4611793601083322
2.123244462000219	0.45943391689986307
2.1281390459827123	0.45769188470223154
2.133044913146576	0.45595327433957566
2.1379620895022327	0.454218096457302
2.1428906011200586	0.4524863615192302
2.1478304741305343	0.4507580798047029
2.1527817347243725	0.44903326140567285
2.157744409152667	0.44731191622375555
2.16271852372702	0.4455940539672595
2.167704104819695	0.44387968414817874
2.1727011788637443	0.44216881607916514
2.1777097723531593	0.4404614588704624
2.1827299118430012	0.4387576214268177
2.187761623949553	0.4370573124443547
2.1928049353504484	0.4353605404074258
2.197859872784825	0.4336673135854232
2.202926463053456	0.4319776400295687
2.2080047330189	0.4302915275696638
2.2130947096056377	0.42860898381081525
2.2181964198002193	0.4269300161301222
2.223309890651403	0.42525463167333843
2.2284351492703043	0.42358283735149393
2.2335722228305315	0.4219146398374934
2.23872113856834	0.42025004556267126
2.2438819237827663	0.41858906071332364
2.2490546058357817	0.41693169122719925
2.254239212152429	0.4152779427899614
2.259435770220978	0.41362782083161215
2.2646443075930596	0.41198133052288605
2.2698648518838223	0.4103384767716058
2.2750974307720706	0.40869703484318803
2.2803420720004186	0.40705757463250186
2.28559880337543	0.4054217519104005
2.2908676527677736	0.40378957989779196
2.296148648112362	0.4021610716646005
2.301441817408509	0.40053624012716404
2.306747188720069	0.3989150980456139
2.312064790175595	0.3972976580212203
2.3173946499684783	0.3956839324937181
2.3227367963571073	0.3940739337385999
2.328091257665008	0.3924676738643875
2.3334580622810033	0.3908651648098706
2.338837238659355	0.38926641834132336
2.344228815319923	0.38767144604968723
2.3496328208483073	0.3860802593477335
2.35504928389601	0.38449286946718836
2.360478233180577	0.382909287455839
2.365919697485759	0.3813295241746027
2.371373705661655	0.3797535902945733
2.3768402866248772	0.3781814962940333
2.38231946935869	0.37661325245544275
2.3878112829131783	0.37504886886239036
2.3933157564053875	0.37348835539652325
2.3988329190194912	0.3719317217344391
2.4043628000069335	0.37037897734455416
2.4099054286865957	0.36883013148393434
2.41546083444494	0.36728519319510244
2.421029046736179	0.365744171302806
2.4266100950824154	0.3642070744107631
2.432204009073816	0.3626739108983661
2.4378108183687526	0.3611446889173636
2.4434305526939726	0.3596194163885013
2.4490632418447453	0.3580981009981373
2.454708915685031	0.3565807501948192
2.4603676041476272	0.35506737118583304
2.46603933723434	0.3535579709337134
2.4717241450161302	0.35205255615272674
2.4774220576332864	0.3505511333053126
2.4831331052955705	0.3490537085984995
2.4888573182823914	0.3475602879802781
2.494594726942955	0.3460708771359464
2.500345361696432	0.34458548148441454
2.506109253032114	0.34310410617447934
2.511886431509581	0.3416267560810573
2.5176769277588558	0.34015343580138896
2.5234807724805757	0.3386841496511991
2.529297996446145	0.3372189016608277
2.5351286304979084	0.33575769557131824
2.540972705549305	0.33430053483047406
2.5468302525850417	0.33284742258887196
2.552701302661247	0.33139665803915225
2.5585858869056453	0.32994867589053695
2.5644840365177175	0.3285047405629575
2.5703957827688635	0.327064861162261
2.5763211570025755	0.3256290465764329
2.582260190634596	0.32419730547234493
2.588212915153092	0.32276964629246957
2.5941793621188136	0.32134607725156455
2.6001595631652723	0.31992660633332115
2.6061535499988953	0.3185112412869867
2.6121613543992064	0.31709998962394775
2.6181830082189848	0.3156928586142841
2.624218543384442	0.31428985528328796
2.6302679918953813	0.31289098640795227
2.6363313858253803	0.3114962585134201
2.642408757321946	0.3101056778694063
2.648500138606701	0.3087192504865784
2.654605561975539	0.307336982112909
2.6607250597988097	0.3059588782299879
2.666858664521479	0.3045849440493035
2.6730064086633116	0.30321518450848417
2.6791683248190314	0.30184960426750945
2.6853444456585076	0.30048820770487844
2.691534803926915	0.2991309989137483
2.6977394324449206	0.2977779816980308
2.703958364108843	0.29642915956845656
2.7101916318908432	0.2950845357385963
2.7164392688390824	0.2937441131208516
2.7227013080779128	0.2924078943224005
2.7289777828080406	0.291075881641111
2.7352687263067126	0.2897480770614112
2.741574171927882	0.2884244822501244
2.7478941531023975	0.28710509855226146
2.7542287033381663	0.2857899269867782
2.7605778562203462	0.28447896824228686
2.7669416454115114	0.2831722226727342
2.773320104651841	0.2818696902930329
2.7797132677592886	0.2805713707746576
2.7861211686297707	0.2792772634411951
2.792543841237338	0.2779873672638566
2.798981319634363	0.27670168085694563
2.805433637951713	0.27542020247328614
2.811900830398941	0.27414292999960527
2.8183829312644537	0.2728698609518769
2.8248799749157074	0.2716009924706172
2.831391995799379	0.2703363213161427
2.8379190284415565	0.26907584386377775
2.8444611074479154	0.267819556099024
2.85101826750391	0.2665674536126797
2.8575905433749464	0.26531953159591914
2.8641779699065815	0.2640733094046132
2.8707805820246906	0.2628294093562146
2.8773984147356697	0.2615896593812751
2.8840315031266055	0.2603540634618624
2.8906798823654762	0.2591226253002043
2.897343587701323	0.25789534831488725
2.904022654464451	0.2566722356370138
2.910717118066605	0.25545329010632906
2.9174270140011673	0.2542385142673058
2.924152377843335	0.253027910365197
2.9308932452503216	0.25182148034204666
2.9376496519615305	0.25061922583266794
2.9444216337987617	0.24942114816057848
2.9512092266663856	0.24822724833390286
2.9580124665515464	0.24703752704123144
2.9648313895243423	0.24585198464744515
2.971666031738027	0.24467062118949678
2.9785164294291895	0.24349343637215737
2.9853826189179604	0.24232042956371846
2.992264636608189	0.24115159979165873
2.9991625189876516	0.2399869457382656
3.0060763026282307	0.23882646573622132
3.013006024186122	0.23767015776414194
3.019951720402016	0.23651801944208228
3.0269134281013064	0.2353700480269911
3.0338911841942706	0.23422624040813197
3.04088502567628	0.23308659310245516
3.047894989627983	0.23195110224993223
3.054921113215514	0.2308197636088429
3.061963433690677	0.2296925725510231
3.069021988391158	0.22856952405706418
3.076096814740708	0.2274506127114732
3.083187950249355	0.22633583269778404
3.0902954325135905	0.22522517779362786
3.097419299216581	0.22411864136575432
3.1045595881283554	0.22301621636501126
3.1117163371060186	0.22191789532127384
3.118889584093937	0.22082367033833292
3.126079367123956	0.21973353308873075
3.1332857243155856	0.21864747480855518
3.1405086938762183	0.2175654862921816
3.1477483141013156	0.21648755788697116
3.1550046233746274	0.21541367948791673
3.1622776601683795	0.2143438405322448
3.169567463043492	0.21327802999396367
3.1768740706497707	0.21221623637836629
3.1841975217261256	0.21115844771647965
3.1915378551007616	0.21010465155946792
3.198895109691399	0.20905483497298102
3.206269324505466	0.20800898453145528
3.213660538640318	0.20696305589469557
3.2210687912834346	0.20591805703014898
3.2284941217126364	0.2048769590127476
3.2359365692962827	0.2038397633913545
3.2433961734934935	0.20280647143056507
3.250872973854344	0.20177708410696837
3.2583670100200885	0.2007516021053687
3.265878321723358	0.19973002581497618
3.273406948788383	0.19871235532555862
3.2809529311311905	0.19769859042355958
3.2885163087598315	0.1966887305881783
3.2960971217745776	0.19568277498741551
3.303695410368149	0.19468072247407925
3.311311214825911	0.19368257158175753
3.3189445755261047	0.19268832052074947
3.326595532940045	0.19169796717396212
3.3342641276323506	0.19071150909276674
3.3419504002611427	0.18972894349281957
3.3496543915782775	0.18875026724983998
3.3573761424295467	0.18777547689535393
3.365115693754908	0.18680456861239506
3.372873086588689	0.18583753823116775
3.380648362059817	0.18487438122466957
3.3884415613920256	0.1839150927042743
3.3962527259040853	0.18295966741527253
3.404081897010009	0.18200809973237472
3.4119291162192864	0.18106038365516863
3.4197944251370886	0.18011651280353977
3.4276778654645046	0.17917648041304568
3.4355794789987466	0.17824027933025186
3.443499307633384	0.17730790200802185
3.451437393358563	0.17637934050076637
3.459393778261219	0.17545458645964912
3.4673685045253166	0.17453363112774736
3.4753616144320576	0.17361646533517086
3.483373150360118	0.17270307949413397
3.4914031547858606	0.17179346359398584
3.499451670283573	0.17088760719619245
3.5075187395256795	0.1699854994292765
3.5156044052829816	0.1690871289837082
3.523708710424871	0.16819248410675314
3.53183169791957	0.16730155259727075
3.5399734108343464	0.16641432180046856
3.548133892335755	0.16553077860260634
3.5563131856898527	0.16465090942565555
3.5645113342624426	0.16377470022190804
3.5727283815192883	0.16290213646853882
3.5809643710263606	0.16203320316211722
3.5892193464500517	0.1611678848130724
3.5974933515574232	0.16030616544010523
3.6057864302164235	0.15944340524467462
3.6140986263961334	0.15858076003883398
3.6224299841669856	0.15772163760342436
3.630780547701014	0.1568660394311177
3.639150361272071	0.1560139667651524
3.6475394692560785	0.15516542059604868
3.6559479161312485	0.1543204016582962
3.664375746478333	0.15347891042700793
3.672823004980846	0.15264094711454565
3.681289736425315	0.15180651166711095
3.6897759857015027	0.15097560376130742
3.6982817978026628	0.15014822280066764
3.7068072178257596	0.14932436791215156
3.715352290971726	0.1485040379426083
3.7239170625456848	0.14768723145520904
3.732501577957206	0.14687394672584342
3.741105882720533	0.1460641817394855
3.7497300224548358	0.14525793418652325
3.758374042884441	0.14445520145905738
3.767037989839089	0.14365598064716217
3.77572190925416	0.14286026853511608
3.7844258471709336	0.14206806159759328
3.793149849736819	0.14127935599582436
3.801893963205613	0.1404941475737179
3.81065823393773	0.13971243185394985
3.8194427084004663	0.13893420403401385
3.8282474331682264	0.13815945898223878
3.8370724549227884	0.13738819123376594
3.8459178204535354	0.1366203949864937
3.8547835766577188	0.13585606409698103
3.8636697705406915	0.13509519207631726
3.8725764492161727	0.13433777208595118
3.8815036599064823	0.13358379693348454
3.8904514499428067	0.1328332590684254
3.899419866765434	0.1320861505779047
3.908408957924021	0.13134246318235196
3.9174187710778305	0.13060218823113384
3.926449353995999	0.12986531669815124
3.9355007545577743	0.12913183917739826
3.944573020752785	0.1284017458784795
3.953666200681279	0.1276750266220883
3.9627803425543955	0.12695167083544268
3.971915494694403	0.126231667547682
3.981071705534973	0.12551500538521948
3.9902490236214203	0.12480167256705635
3.9994474976109755	0.12409165690005028
4.008667176273028	0.12338494577414456
4.0179081084894	0.12268152615755167
4.027170343254591	0.12198138459189607
4.036453929676051	0.12128450718731142
4.045758916974426	0.12058738447031223
4.055085354483839	0.11989088828429244
4.0644332916521275	0.11919759285896768
4.073802778041128	0.11850749726855785
4.083193863326921	0.1178206003354758
4.09260659730011	0.11713690062712852
4.1020410298660686	0.11645639645269097
4.111497211045223	0.1157790858598472
4.120975190973302	0.11510496663150434
4.130475019901614	0.11443403628247359
4.139996748197304	0.11376629205612315
4.149540426343631	0.11310173092099775
4.1591061049402205	0.11244034956740978
4.168693834703355	0.11178214440399614
4.178303666466218	0.1111271115542465
4.187935651179185	0.11047524685299723
4.1975898399100755	0.10982654584289507
4.207266283844442	0.10918100377082673
4.216965034285822	0.10853861558431785
4.226686142656031	0.10789937592789665
4.2364296604954115	0.1072632791394274
4.24619563946313	0.10663031924640698
4.2559841313374305	0.1060004899622313
4.265795188015928	0.10537378468242448
4.275628861515862	0.1047501964808368
4.285485203974396	0.10412971810580539
4.295364267648873	0.10351234197628227
4.3052661049171075	0.1028980601779259
4.3151907682776525	0.10228686445915831
4.325138310350088	0.10167874622718569
4.335108783875289	0.1010736965439841
4.345102241715717	0.10047170612224782
4.355118736855686	0.09987276532130228
4.365158322401661	0.09927686414297901
4.375221051582521	0.09868399222745491
4.385306977749858	0.09809413884905242
4.395416154378245	0.09750729291200379
4.405548635065534	0.0969234429461756
4.4157044735331255	0.09634257710275651
4.425883723626267	0.09576468314990517
4.436086439314326	0.0951897484683601
4.446312674691089	0.09461776004700952
4.456562483975033	0.09404870447842259
4.466835921509633	0.0934825679543395
4.477133041763626	0.09291933626112293
4.487453899331323	0.09235899477516733
4.49779854893288	0.091801528458269
4.508167045414603	0.09124692185295331
4.518559443749224	0.09069515907776228
4.528975799036209	0.0901462238224984
4.539416166502032	0.0895964466254641
4.549880601500488	0.08904673688652208
4.560369159512962	0.08849978316341012
4.570881896148752	0.08795558278703901
4.581418867145335	0.08741413284925834
4.591980128368688	0.08687543019990325
4.6025657358135605	0.08633947144381651
4.613175745603796	0.08580625293784129
4.623810213992603	0.08527577078778822
4.634469197362879	0.084748020845373
4.645152752227495	0.08422299870512721
4.6558609352295885	0.08370069970128119
4.666593803142887	0.08318111890461664
4.677351412871981	0.08266425111929318
4.688133821452653	0.0821500908796434
4.698941086052153	0.08163863244694136
4.709773263969529	0.08112986980613925
4.720630412635905	0.08062379666257662
4.731512589614805	0.08012040643865817
4.7424198526024455	0.07961969227050267
4.753352259428054	0.07912164700456033
4.7643098680541565	0.07862626319420139
4.775292736576909	0.07813353309627155
4.786300923226383	0.07764344866761883
4.797334486366892	0.07715600156158708
4.808393484497285	0.07667118312447949
4.819477976251274	0.07618898439198879
4.830588020397726	0.07570939608559725
4.841723675840994	0.0752324086089424
4.8528850016212095	0.0747580120441518
4.864072056914616	0.0742861961481436
4.875284901033862	0.0738169503488955
4.886523593428336	0.07335026374167869
4.897788193684462	0.07288612508525971
4.909078761526032	0.07242452279806708
4.920395356814509	0.0719654449543249
4.9317380395493595	0.07150887928015091
4.943106869868354	0.07105481314962103
4.954501908047903	0.07060323358079754
4.96592321450336	0.07015412723172344
4.97737084978936	0.0697074803963797
4.9888448746001215	0.06926327900060819
5.000345349769786	0.06882150859799724
5.011872336272722	0.06838215436573167
5.0234258952238715	0.0679452011004052
5.035006087879047	0.0675106332137971
5.046612975635284	0.06707843472861007
5.05824662003114	0.0666485892741719
5.0699070827470445	0.06622108008209807
5.081594425605605	0.06579588998191727
5.093308710571955	0.06536895508535558
5.105049999754062	0.06494128382896049
5.116818355403078	0.06451585559331256
5.1286138399136485	0.06409266861941794
5.140436515824262	0.06367172096089804
5.152286445817564	0.0632530104816628
5.16416369272071	0.06283653485356157
5.176068319505676	0.062422291554013465
5.188000389289612	0.062010277863614995
5.199959965335159	0.06160049086372659
5.211947111050805	0.06119292743403633
5.223961889991197	0.06078758425010226
5.236004365857504	0.060384457780871044
5.248074602497725	0.05998354428617565
5.2601726639070625	0.059584839814208215
5.2722986142282275	0.05918834019897194
5.284452517751805	0.05879404105770819
5.296634438916578	0.05840193778830139
5.308844442309884	0.0580120255666592
5.321082592667942	0.057624299344070415
5.333348954876211	0.05723875384453726
5.345643593969716	0.056855383562085235
5.357966575133418	0.056474182758046866
5.370317963702527	0.056095145458322934
5.382697825162884	0.055718265450616755
5.3951062251512765	0.055343536281645754
5.4075432294558095	0.05497095125432611
5.420008904016238	0.05460050342493325
5.432503314924333	0.054232185600235995
5.445026528424211	0.053865990334606
5.4575786109127105	0.0535019099270998
5.470159628939716	0.053139936418516436
5.482769649208539	0.05278006158842702
5.495408738576246	0.05242227695217911
5.508076964054036	0.052066573757873366
5.520774392807573	0.05171294298331396
5.533501092157368	0.05136137533293084
5.546257129579107	0.051011861234675784
5.559042572704037	0.05066439083688944
5.5718574893192985	0.05031895400514197
5.584701947368309	0.049975540319044
5.597576014951102	0.049634139069030844
5.610479760324706	0.04929473925311676
5.623413251903491	0.048957329573621616
5.6363765582595455	0.04862189843386765
5.649369748123025	0.0482884339348477
5.6623928903825345	0.04795692387186326
5.675446054085471	0.047627355731133705
5.688529308438416	0.04729971668637457
5.701642722807475	0.046973993595346736
5.714786366718672	0.0466472206326306
5.727960309858292	0.04632013293729287
5.741164622073277	0.04599490371105113
5.7543993733715695	0.04567153096360948
5.767664633922509	0.0453500125440422
5.780960474057181	0.04503034613882292
5.794286964268812	0.044712529269834586
5.807644175213121	0.04439655929236236
5.821032177708716	0.04408243339306718
5.834451042737448	0.04377014858794167
5.847900841444809	0.0434597017202467
5.861381645140288	0.0431510894584299
5.874893525297769	0.042844308294024386
5.88843655355589	0.04253935453952936
5.902010801718445	0.042236224326270354
5.91561634175474	0.041934913602241476
5.9292532458	0.04163541812992649
5.942921586155727	0.04133773348410168
5.956621435290106	0.04104185504961759
5.970352865838369	0.040747778019162004
5.984115950603199	0.04045549739100124
5.997910762555095	0.04016500796670265
6.011737374832782	0.039876304348835205
6.025595860743578	0.03958938093865061
6.0394862937638	0.03930423193374243
6.0534087475391365	0.039020851325685314
6.067363295885055	0.038739232897652014
6.08135001278718	0.038459370222009855
6.095368972401694	0.03818125665789507
6.109420249055721	0.037904885348766015
6.123503917247737	0.03763024921993374
6.137620051647943	0.0373573409760716
6.151768727098683	0.03708615309870129
6.165950018614822	0.03681667784365784
6.180164001384161	0.03654890723853083
6.1944107507678146	0.03628283308008391
6.208690342300634	0.03601844693165044
6.223002851691596	0.035755740120506425
6.237348354824191	0.03549470373522066
6.251726927756859	0.03523532862297998
6.266138646723353	0.034977605386892506
6.2805835881331795	0.03472152438326556
6.295061828571975	0.03446707571886057
6.309573444801933	0.03421424924812297
6.324118513762193	0.033963034570388254
6.33869711256927	0.0337134210270627
6.353309318517436	0.033465397698780146
6.367955209079159	0.03321895340253268
6.382634861905486	0.0329740766887771
6.397348354826482	0.03273075583851507
6.412095765851615	0.0324864511168426
6.4268771731701975	0.032241791467614224
6.441692655151772	0.03199863707083615
6.456542290346556	0.03175698576013389
6.471426157485831	0.03151683523284789
6.486344335482385	0.031278183048383
6.501296903430906	0.031041026626544142
6.516283940608428	0.030805363245855633
6.531305526474723	0.03057119004186639
6.546361740672751	0.03033850400543858
6.561452663029053	0.030107301981021958
6.576578373554206	0.02987758066491132
6.591738952443213	0.029649336603489458
6.606934480075961	0.029422566191452917
6.622165037017619	0.029197265670023002
6.637430704019089	0.028973431125139466
6.652731562017413	0.02875105848563888
6.668067692136222	0.028530143521415866
6.6834391756861455	0.028310681841568274
6.698846094165265	0.028092668892525333
6.714288529259523	0.027876099956159348
6.729766562843179	0.0276609701478799
6.745280276979219	0.027447274414711707
6.760829753919819	0.027235007533354463
6.77641507610675	0.027024164108226032
6.792036326171846	0.026814738569487524
6.807693586937414	0.02660672517105129
6.823386941416698	0.026400117988570566
6.839116472814292	0.026194910917411874
6.8548822645266165	0.025991097670608518
6.870684400142321	0.025788671776796737
6.886522963442762	0.025587626578132724
6.902398038402419	0.025387955228191896
6.918309709189366	0.025189650689848624
6.934258060165691	0.02499270573313812
6.9502431758879695	0.02479711293309858
6.966265141107686	0.024602864667594752
6.982324040771715	0.02440995311512179
6.998419960022734	0.024218370252590295
7.014552984199714	0.024028107853091098
7.030723198838334	0.023839157483640974
7.046930689671471	0.023651510502907886
7.06317554262962	0.023465158058916767
7.07945784384138	0.023280091086734577
7.095777679633888	0.023096300306135475
7.112135136533292	0.02291377621924499
7.128530301265195	0.02273250910816411
7.1449632607551345	0.022552489032571815
7.16143410212902	0.022373705827307324
7.177942912713619	0.022196149099930486
7.194489780036995	0.022017543178993727
7.211074791828998	0.021838451783286975
7.227698036021702	0.02166054192698126
7.2443596007499025	0.021483811836001485
7.261059574351547	0.021308259629232256
7.277798045368242	0.021133883317225755
7.294575102545687	0.020960680800898766
7.311390834834176	0.02078864987021705
7.3282453313890406	0.020617788202868446
7.345138681571151	0.020448093362923313
7.362070974947361	0.02027956279948351
7.379042301291012	0.02011219384531847
7.396052750582378	0.019945983715489526
7.413102413009177	0.01978092950596129
7.430191378967014	0.019617028192201073
7.447319739059893	0.01945427662776499
7.464487584100665	0.019292671542872095
7.481695005111545	0.0191322095429649
7.498942093324558	0.018972887107257714
7.516228940182057	0.018814700587271225
7.533555637337174	0.018657646205354615
7.550922276654341	0.018501720053193747
7.568328950209744	0.018346918090306703
7.58577575029184	0.018193236142525104
7.603262769401819	0.018040669900462613
7.620790100254123	0.01788921491796903
7.638357835776907	0.017738866610571283
7.655966069112566	0.017589620253899877
7.67361489361819	0.017441470982101914
7.691304402866098	0.017294413786239436
7.709034690644301	0.017148443512674034
7.726805850957025	0.017003554861436707
7.744617978025188	0.01685974238458352
7.76247116628692	0.016717000484536476
7.78036551039804	0.016575323412409936
7.798301105232589	0.016434705266321865
7.816278045883297	0.016295139989690604
7.83429642766212	0.016156621369516056
7.852356346100718	0.01601914303464629
7.870457896950989	0.015882698454028194
7.888601176185544	0.015747280934943424
7.906786279998253	0.015612883621228086
7.925013304804718	0.015479499491477419
7.943282347242818	0.015347121357234149
7.961593504173188	0.015215741861161387
7.979946872679768	0.015085353475199025
7.9983425500702845	0.014955948498704462
8.016780633876794	0.014827519056576536
8.035261221856173	0.01470005709736351
8.05378441199067	0.014573554391354044
8.072350302488383	0.014446301404544908
8.090958991783825	0.014318721067670927
8.109610578538408	0.014192064913620971
8.128305161640995	0.014066331154306513
8.147042840208396	0.01394151791328861
8.165823713585926	0.013817623224726834
8.1846478813479	0.01369464503231902
8.203515443298185	0.013572581188231077
8.222426499470712	0.013451429452017459
8.241381150130026	0.013331187489531555
8.260379495771788	0.013211852871826666
8.279421637123345	0.013093423074046623
8.298507675144226	0.012975895474306855
8.317637711026709	0.012859267352565063
8.336811846196344	0.012743535889481922
8.356030182312479	0.012628698165271622
8.375292821268827	0.012514751158541833
8.394599865193973	0.012401691745123674
8.413951416451951	0.012289516696890733
8.433347577642753	0.012178222680568075
8.452788451602899	0.012067806256530127
8.472274141405963	0.011958263877588143
8.491804750363139	0.01184959188776668
8.511380382023763	0.011741786521069381
8.531001140175896	0.011634843900233486
8.550667128846833	0.011528760035473607
8.570378452303697	0.011423530823213991
8.590135215053957	0.011319152044809867
8.609937521846007	0.011215619365257192
8.629785477669701	0.011112928331891134
8.649679187756934	0.01101107437307291
8.669618757582166	0.010910052796865185
8.689604292863018	0.010809858789695514
8.709635899560805	0.010710487415008229
8.729713683881117	0.010611933611904257
8.74983775227436	0.01051419219376913
8.770008211436348	0.01041725784688865
8.790225168308842	0.010321125129052682
8.810488730080142	0.010225788468146386
8.830799004185627	0.010131242160729338
8.851156098308357	0.010037480370601917
8.871560120379607	0.009944497127359397
8.892011178579486	0.009852286324933034
8.912509381337454	0.009760841720118811
8.933054837332953	0.009670156931092834
8.953647655495937	0.009580225435914197
8.974287945007486	0.009491040571014365
8.994975815300352	0.009402595529673785
9.01571137605957	0.009314883360484798
9.036494737223014	0.009227896965801527
9.057326008982002	0.009140182345023479
9.078205301781857	0.009052099100517415
9.099132726322518	0.008964711541578406
9.120108393559097	0.008878018071177319
9.141132414702504	0.008792017022887658
9.162204901219997	0.00870670666006924
9.183325964835811	0.008622085175044326
9.204495717531712	0.008538150688266516
9.225714271547634	0.008454901247481949
9.246981739382225	0.00837233482688325
9.268298233793494	0.008290449326255549
9.289663867799362	0.008209242570115158
9.311078754678306	0.008128712306840216
9.33254300796991	0.008048856207793897
9.354056741475521	0.007969671866439374
9.375620069258803	0.00789115679744728
9.39723310564638	0.007813308435794848
9.418895965228414	0.007736124135857276
9.440608762859236	0.0076596011704907815
9.462371613657929	0.007583736730107721
9.484184633008974	0.007508527921743176
9.506047936562814	0.00743397176811362
9.527961640236521	0.007360065206666806
9.549925860214358	0.007286805088623628
9.571940712948447	0.007214188178011128
9.594006315159332	0.007142211150687252
9.616122783836648	0.007070870593356699
9.638290236239705	0.007000163002578281
9.660508789898136	0.006930084783763353
9.68277856261249	0.006860632250165581
9.7050996724549	0.006791801621861517
9.727472237769652	0.006723589024722565
9.749896377173872	0.006655990489377521
9.772372209558107	0.006589001950166281
9.79489985408699	0.0065226192440841265
9.817479430199844	0.0064568381097169295
9.84011105761134	0.006391654186166847
9.862794856312105	0.006327063011968731
9.885530946569391	0.006263060023996915
9.908319448927676	0.006199640556362581
9.93116048420934	0.006136799839301304
9.954054173515269	0.006074532998051057
9.977000638225535	0.006012835051720251
10.	0.005951700912146048
10.023052380778994	0.005891125382742579
10.046157902783957	0.0058311031573392
10.069316688518045	0.005771628819008727
10.092528860766844	0.005712696838885245
10.115794542598982	0.005654301574971835
10.1391138573668	0.005596437270937872
10.16248692870696	0.005537916785332638
10.18591388054117	0.005479033781193043
10.209394837076797	0.0054206573170983595
10.232929922807546	0.0053627861488685525
10.256519262514079	0.005305418981054703
10.280162981264736	0.005248554466338904
10.303861204416158	0.005192191204929056
10.32761405761398	0.005136327743948037
10.351421666793442	0.005080962576817572
10.375284158180126	0.005026094142636309
10.39920165829059	0.004971720825552527
10.423174293933046	0.004917840954131186
10.447202192208003	0.0048644528007153465
10.471285480508996	0.004811554580781701
10.495424286523221	0.004759144452290587
10.519618738232236	0.00470722051503004
10.543868963912592	0.004655780809954169
10.568175092136585	0.004604823318515344
10.592537251772887	0.004554345961990772
10.616955571987253	0.004504346600802867
10.641430182243164	0.004454823033833737
10.665961212302578	0.0044057729977334086
10.690548792226577	0.0043571941662220665
10.71519305237607	0.004309084149386053
10.739894123412451	0.004261440492967716
10.76465213629835	0.004214260677648794
10.789467222298287	0.004167542118327644
10.814339512979387	0.004121282163390036
10.83926914021204	0.004075478093973539
10.864256236170656	0.004030127123225308
10.889300933334333	0.003985226395553501
10.91440336448757	0.00394077298587199
10.939563662720943	0.0038967638988385333
10.964781961431852	0.0038531960680861376
10.990058394325208	0.0038100663554477537
11.015393095414156	0.0037673715501741613
11.040786199020735	0.0037251083681450557
11.066237839776663	0.0036832734510730686
11.091748152624008	0.0036418633657009846
11.117317272815919	0.003600874602991891
11.142945335917304	0.00356030357731227
11.168632477805613	0.0035201466256078845
11.194378834671515	0.0034804000065725813
11.220184543019629	0.0034410598998098037
11.24604973966927	0.0034021224049867816
11.271974561755105	0.0033635835409815042
11.297959146727976	0.003325439245022009
11.324003632355566	0.003287685371818476
11.350108156723154	0.003250317692687615
11.37627285823431	0.0032133318946695887
11.402497875611685	0.003175859216018543
11.428783347897712	0.003138114434952218
11.45512941445536	0.0031007333599473615
11.481536214968829	0.0030637149771993977
11.508003889444357	0.0030270582347573078
11.534532578210918	0.002990762042081506
11.561122421920993	0.002954825269597673
11.587773561551263	0.0029192467482466785
11.614486138403427	0.002884025269030307
11.641260294104908	0.002849159582553102
11.66809617060963	0.0028146483985600048
11.694993910198711	0.0027804903854699694
11.721953655481304	0.00274668416990527
11.748975549395292	0.00271322833621676
11.776059735208078	0.002680121426004807
11.803206356517299	0.0026473619376360773
11.830415557251646	0.0026149483257558778
11.857687481671597	0.0025828790007962924
11.88502227437019	0.0025511523284798996
11.91242008027375	0.0025197666293191594
11.93988104464273	0.0024887201781112274
11.967405313072431	0.002458011203428454
11.994993031493793	0.0024276378871042966
12.02264434617413	0.0023975983637147466
12.050359403717973	0.0023678907200550847
12.078138351067798	0.0023385129946121375
12.10598133550483	0.00230946317703181
12.133888504649775	0.002280739207582003
12.161860006463678	0.0022523389766107046
12.189895989248662	0.0022242603239994076
12.217996601648723	0.002196501038611705
12.246161992650489	0.002169058857737075
12.274392311584071	0.0021419314665297004
12.30268770812381	0.0021151164974424824
12.331048332289097	0.002088611529656037
12.359474334445107	0.0020624140885027757
12.387965865303691	0.0020365216448858083
12.416523075924106	0.0020109316146929416
12.445146117713856	0.0019856413582054477
12.473835142429433	0.0019606481795017895
12.5025903021772	0.0019359493258560125
12.531411749414156	0.001911541987131024
12.560299636948754	0.0018874232951665514
12.589254117941675	0.0018635903231618066
12.618275345906707	0.0018400400850527299
12.64736347471151	0.0018167695348839158
12.67651865857846	0.0017937755661750266
12.705741052085418	0.0017710550112818003
12.735030810166617	0.0017486046407514206
12.764388088113435	0.0017264211626724032
12.793813041575252	0.0017038855227682755
12.823305826560219	0.001681150486161694
12.852866599436155	0.0016586687216916386
12.882495516931336	0.0016364392775619736
12.912192736135347	0.0016144611722692672
12.941958414499863	0.0015927333942657794
12.971792709839558	0.0015712549016193417
13.001695780332899	0.0015500246216703182
13.031667784523	0.0015290414506854719
13.061708881318419	0.0015083042535088034
13.09181922999407	0.0014878118632092097
13.121998990192028	0.001467563080725107
13.15224832192239	0.0014475566745058726
13.182567385564074	0.0014277913801501471
13.212956341865752	0.0014082659000408681
13.243415351946643	0.0013889789029771693
13.273944577297401	0.0013699290238029839
13.304544179780914	0.0013511148630324093
13.33521432163324	0.0013325349864717199
13.365955165464419	0.0013141879248381133
13.396766874259358	0.001296072173375071
13.427649611378643	0.0012781861914643818
13.458603540559483	0.0012605284022346867
13.489628825916533	0.001243097192166674
13.52072563194278	0.0012258909106947562
13.551894123510364	0.0012089078698053306
13.583134465871542	0.0011921463436314218
13.614446824659497	0.0011756045680438828
13.645831365889252	0.001159280740238973
13.677288255958494	0.0011431730183223733
13.708817661648537	0.0011272795208895213
13.740419750125149	0.0011115983266023496
13.772094688939474	0.0010961274737623017
13.803842646028853	0.0010808649598796777
13.83566378971781	0.0010658087412391713
13.867558288718882	0.0010509567324616957
13.89952631213354	0.001036306806062381
13.931568029453036	0.0010218567920047606
13.963683610559377	0.00100760447725105
13.995873225726179	0.0009935476053085873
14.028137045619589	0.000979683875772314
14.060475241299143	0.0009660109438633373
14.092887984218748	0.0009525264199634558
14.12537544622754	0.0009392278691457169
14.157937799570824	0.0009261128107008971
14.190575216890926	0.0009131787176599382
14.223287871228198	0.000900423016312209
14.25607593602188	0.0008878430857196859
14.288939585111036	0.0008754362572269193
14.321878992735439	0.000863199813966821
14.35489433353656	0.0008506150333552496
14.387985782558452	0.0008378099829932947
14.421153515248696	0.0008251640545838446
14.45439770745928	0.0008126765093109305
14.487718535447618	0.0008003465878526221
14.52111617587742	0.0007881735101520283
14.554590805819668	0.0007761564751862408
14.58814260275349	0.0007642946607332676
14.621771744567184	0.0007525872231368554
14.655478409559112	0.0007410332970692961
14.689262776438676	0.0007296319952921031
14.723125024327194	0.0007183824084146179
14.757065332758946	0.0007072836046504396
14.791083881682072	0.0006963346295717638
14.825180851459544	0.0006855345058615351
14.859356422870075	0.000674882233063453
14.893610777109155	0.0006643767873297406
14.92794409578996	0.0006540171211667443
14.962356560944343	0.0006438021631782865
14.99684835502374	0.0006337308178067967
15.031419660900225	0.0006238019650721334
15.066070661867418	0.0006140144603081779
15.100801541641477	0.0006043671338970949
15.135612484362087	0.0005948587910012914
15.170503674593368	0.0005854882112930466
15.205475297324954	0.0005762541486817613
15.240527537972907	0.0005671553310388633
15.275660582380732	0.0005581904599203074
15.310874616820303	0.0005493582102866829
15.346169827992941	0.0005406572302208562
15.381546403030342	0.0005320861406432056
15.4170045294956	0.000523643535024362
15.452544395384141	0.0005153279790954878
15.488166189124811	0.0005071380105560106
15.523870099580817	0.0004990721387788716
15.55965631605075	0.0004911288445132003
15.595525028269538	0.0004833065795844501
15.631476426409538	0.00047560376659190595
15.667510701081484	0.0004680187986036275
15.70362804333553	0.0004605500388487386
15.739828644662197	0.00045319582040709376
15.776112696993485	0.0004459544458962357
15.812480392703826	0.0004388241871557059
15.848931924611142	0.00043180328492861605
15.88546748597779	0.0004248899485405114
15.9220872705117	0.000418082355575447
15.95879147236732	0.0004113786515493217
15.995580286146694	0.00040477694958039557
16.032453906900418	0.000398275330057005
16.069412530128773	0.00039187184030241155
16.106456351782697	0.0003851903068834371
16.143585568264868	0.00037832362977566284
16.18080037643066	0.0003715469786321818
16.218100973589298	0.00036485984315278396
16.255487557504836	0.0003582617001849139
16.292960326397232	0.0003517520135821795
16.330519478943348	0.00034533023406162753
16.368165214278086	0.00033899579905974136
16.40589773199539	0.00033274813258720056
16.443717232149325	0.0003265866450823493
16.481623915255085	0.00032051073326340006
16.51961798229015	0.0003145197799793082
16.557699634695275	0.00030861315405938033
16.595869074375614	0.00030279021016153877
16.634126503701697	0.0002970502886192864
16.672472125510627	0.00029139271528730326
16.71090614310707	0.00028581680138572567
16.749428760264383	0.0002803218433430505
16.788040181225607	0.00027490712263768876
16.82674061070467	0.00026957190563811336
16.865530253887407	0.00026431544344164126
16.90440931643265	0.0002591369717118055
16.94337800447329	0.0002540357105143218
16.982436524617444	0.0002490108641516144
17.0215850839495	0.00024406162099592963
17.060823890031244	0.0002391871533209888
17.10015315090288	0.0002343866171321995
17.139573075084254	0.00022965915199537457
17.179083871575877	0.00022500388086399496
17.21868574986008	0.00022041990990496633
17.25837891990204	0.00021590632832288502
17.298163592151013	0.00021146220818276892
17.338039977541374	0.00020708660423128156
17.378008287493763	0.0002027785537164039
17.418068733916144	0.0001985370762055676
17.458221529205037	0.0001943611734022047
17.498466886246565	0.0001902498289607416
17.53880501841762	0.00018620200829999316
17.579236139586932	0.00018221665841496515
17.619760464116293	0.00017829270768703097
17.66037820686164	0.00017442906569249266
17.70108958317422	0.0001706246230094993
17.741894808901662	0.0001668782510233206
17.78279410038923	0.0001631888017299414
17.82378767448089	0.00015955510753799297
17.864875748520518	0.00015597598106898545
17.906058540352948	0.00015245021495584722
17.947336268325266	0.0001489765816397273
17.988709151287875	0.0001455538331650873
18.030177408595698	0.00014218070097303753
18.071741260109274	0.0001388558956929239
18.113400926196025	0.00013557810693213044
18.15515662773135	0.00013234600306410917
18.197008586099845	0.00012915823101460354
18.238957023196384	0.00012601341604606572
18.281002161427427	0.0001229101615402326
18.323144223712113	0.00011984704877887439
18.365383433483473	0.00011682263672267959
18.407720014689563	0.00011383546178827415
18.450154191794738	0.00011088403762334627
18.492686189780777	0.00010796685487988178
18.535316234148123	0.00010508238098547745
18.57804455091699	0.00010222905991273325
18.620871366628677	0.00009940531194668607
18.663796908346693	0.00009660953345029754
18.706821403658015	0.0000938400966279573
18.74994508067419	0.00009109534928700621
18.793168168032686	0.00008837361459723852
18.836490894898002	0.00008567319084839711
18.879913490962945	0.00008299235120562252
18.92343618644976	0.0000803293434628569
18.967059212111465	0.00007768238979416754
19.010782799232995	0.00007504968650299753
19.054607179632484	0.00007242940376930561
19.098532585662387	0.00006981968539459952
19.14255925021086	0.00006721864854482045
19.18668740670289	0.00006462438349109096
19.230917289101594	0.0000620349533482874
19.275249131909366	0.00005944839381143592
19.31968317016924	0.000056862712889896534
19.364219639466068	0.00005427589063934044
19.408858775927794	0.0000516858788914849
19.453600816226633	0.000049090600981584416
19.498445997580454	0.00004648795147363836
19.543394557753942	0.00004387579588332566
19.58844673505991	0.00004125197039862449
19.633602768360475	0.000038614281598119483
19.67886289706845	0.00003596050616695337
19.724227361148536	0.000033288390610433617
19.76969640111862	0.00003059565096525547
19.81527025805099	0.0000278799725083341
19.860949173573715	0.00002513900946321458
19.906733389871864	0.00002237038470405786
19.952623149688808	0.000019571689457171672
19.998618696327448	0.000016740483000075915
20.044720273651613	0.00001387429235806851
20.090928126087277	0.000010970611998294187
20.137242498623895	8.026903521279137e-6
20.183663636815616	5.0405953499251985e-6
20.23019178678272	2.009082415925546e-6