0.1	14.176594477355938
0.10023052380778996	14.162929209105931
0.10046157902783952	14.149256605429395
0.10069316688518042	14.135576695573162
0.10092528860766845	14.121889508611261
0.10115794542598985	14.108195073440278
0.10139113857366794	14.09449341877468
0.10162486928706957	14.080784573142026
0.1018591388054117	14.067068564878175
0.102093948370768	14.05334542212243
0.10232929922807542	14.039615172812624
0.10256519262514076	14.02587784468014
0.10280162981264736	14.012133465244904
0.10303861204416162	13.998382061810288
0.10327614057613975	13.984623661457992
0.10351421666793438	13.970858291042836
0.10375284158180126	13.957085977187532
0.10399201658290592	13.943306746277353
0.10423174293933042	13.929520624454796
0.10447202192208001	13.915727637614143
0.10471285480508996	13.901927811395986
0.10495424286523224	13.888121171181673
0.1051961873823223	13.874307742087744
0.1054386896391259	13.86048754896022
0.10568175092136585	13.846660616368931
0.10592537251772889	13.832826968601687
0.10616955571987247	13.818986629658474
0.10641430182243161	13.805139623245509
0.10665961212302578	13.791285972769298
0.1069054879222658	13.777425701330587
0.10715193052376065	13.76355883171826
0.10739894123412448	13.749685386403183
0.1076465213629835	13.735805387531967
0.10789467222298288	13.721918856920684
0.1081433951297938	13.708025816048487
0.10839269140212036	13.694126286051207
0.10864256236170655	13.68022028771482
0.10889300933334335	13.666307841468917
0.10914403364487565	13.652388508865174
0.10939563662720939	13.63846068334527
0.1096478196143185	13.624526458627562
0.10990058394325211	13.610585859768998
0.11015393095414151	13.596638911521438
0.11040786199020733	13.58268563832552
0.11066237839776664	13.56872606430439
0.11091748152624012	13.55476021325744
0.11117317272815914	13.540788108653919
0.11142945335917301	13.526809773626509
0.11168632477805612	13.512825230964818
0.11194378834671516	13.498834503108817
0.11220184543019636	13.484837612142206
0.11246049739669266	13.470834579785686
0.11271974561755105	13.456825427390195
0.11297959146727979	13.442810175930063
0.11324003632355571	13.428788845996076
0.11350108156723152	13.414761457788485
0.1137627285823431	13.400728031109955
0.11402497875611688	13.386688585358398
0.11428783347897718	13.372643139519782
0.11455129414455358	13.35859171216084
0.1148153621496883	13.344534321421687
0.11508003889444356	13.330470985008398
0.11534532578210924	13.31640172018548
0.11561122421920987	13.302326543768288
0.11587773561551262	13.288245472115339
0.11614486138403426	13.27415852112058
0.11641260294104915	13.260065706205529
0.11668096170609624	13.245967042311396
0.11694993910198712	13.231862543891063
0.11721953655481303	13.217752224901046
0.11748975549395298	13.203636098793298
0.11776059735208072	13.189514178507
0.11803206356517298	13.17538647646023
0.11830415557251646	13.161253004541567
0.118576874816716	13.147113774101589
0.11885022274370183	13.132968795944297
0.11912420080273747	13.118818080318466
0.1193988104464273	13.104661636908872
0.11967405313072434	13.090499474827492
0.11994993031493788	13.076331602604535
0.12022644346174129	13.062158028179459
0.12050359403717974	13.047978758891842
0.120781383510678	13.033793801472218
0.12105981335504823	13.01960316203274
0.12133888504649772	13.005406846057845
0.12161860006463679	12.991204858394768
0.12189895989248664	12.976997203243958
0.12217996601648717	12.962783884149427
0.12246161992650487	12.948562768318356
0.12274392311584072	12.934326283180955
0.12302687708123815	12.92008409238473
0.1233104833228909	12.905836225255106
0.12359474334445104	12.891582710808139
0.1238796586530369	12.87732357774412
0.1241652307592411	12.86305885444103
0.1244514611771385	12.848788568948047
0.12473835142429429	12.83451274897883
0.125025903021772	12.820231421904904
0.1253141174941416	12.805944614748805
0.1256029963694875	12.791652354177291
0.12589254117941673	12.77735466649439
0.12618275345906707	12.763051577634421
0.12647363474711512	12.748743113154928
0.12676518658578456	12.734429298229541
0.12705741052085415	12.720110157640754
0.12735030810166617	12.705785715772647
0.12764388088113438	12.6914559966035
0.12793813041575247	12.677121023698373
0.12823305826560213	12.66278082020158
0.12852866599436155	12.64843540882906
0.1288249551693134	12.634084811860756
0.12912192736135342	12.619729051132794
0.1294195841449986	12.605368148029697
0.12971792709839558	12.591002123476438
0.13001695780332903	12.576630997930446
0.13031667784522993	12.56225479137352
0.13061708881318415	12.547873523303693
0.1309181922999407	12.533487212726927
0.13121998990192033	12.51909587814882
0.13152248321922383	12.504699537566193
0.1318256738556407	12.490298208458546
0.1321295634186575	12.475891907779511
0.13243415351946647	12.461480651948134
0.13273944577297395	12.447064456840145
0.1330454417978091	12.43264333777907
0.1333521432163324	12.418217309527302
0.13365955165464422	12.403786386277075
0.1339676687425935	12.389350581641304
0.1342764961137864	12.374909908644407
0.13458603540559483	12.36046437971296
0.13489628825916536	12.346014006666312
0.13520725631942773	12.331558800707082
0.1355189412351036	12.317098772411553
0.1358313446587154	12.30263393172
0.136144468246595	12.28816428792689
0.13645831365889247	12.273689849671
0.13677288255958492	12.259210624925437
0.13708817661648537	12.244726620987553
0.13740419750125152	12.23023529754298
0.13772094688939465	12.215727627100485
0.1380384264602885	12.20121513758751
0.1383566378971781	12.186697867490468
0.13867558288718884	12.17217585504133
0.13899526312133534	12.157649138211527
0.13931568029453031	12.143117754705706
0.13963683610559377	12.1285817419555
0.13995873225726183	12.114041137113157
0.14028137045619582	12.099495977045148
0.1406047524129914	12.084946298325677
0.14092887984218747	12.070392137230158
0.14125375446227545	12.05583352972856
0.14157937799570816	12.04127051147874
0.14190575216890922	12.026703117819675
0.142232878712282	12.012131383764642
0.14256075936021884	11.99755534399427
0.1428893958511103	11.9829750328496
0.14321878992735435	11.968390484324988
0.1435489433353656	11.953801732061018
0.14387985782558455	11.939208809337254
0.14421153515248689	11.924611749064978
0.14454397707459277	11.910010583779803
0.14487718535447616	11.895405345634268
0.14521116175877424	11.880796066390282
0.14554590805819662	11.866182777411554
0.14588142602753484	11.851565509655897
0.14621771744567183	11.836944293667488
0.14655478409559117	11.822319159568995
0.1468926277643867	11.807690137053681
0.1472312502432719	11.793057255377402
0.14757065332758945	11.778420543350503
0.14791083881682077	11.763780029329636
0.14825180851459538	11.749135741209546
0.1485935642287007	11.734487706414662
0.14893610777109154	11.719835951890719
0.14927944095789963	11.705180504096235
0.14962356560944334	11.690521388993874
0.1499684835502373	11.675858632041788
0.15031419660900225	11.661192258184803
0.15066070661867417	11.646522291845576
0.15100801541641484	11.631848756915609
0.1513561248436208	11.617171676746201
0.1517050367459337	11.602491074139293
0.15205475297324955	11.58780697133824
0.15240527537972914	11.57311939001846
0.15275660582380723	11.558428351278009
0.15310874616820302	11.543733875628053
0.15346169827992942	11.529035982983252
0.1538154640303035	11.514334692652016
0.15417004529495593	11.499627497525706
0.1545254439538414	11.484905457189315
0.1548816618912481	11.47018001622018
0.15523870099580825	11.45545122511553
0.15559656316050743	11.440719134185633
0.15595525028269538	11.425983793547932
0.15631476426409538	11.411245253121233
0.15667510701081494	11.39650356261973
0.15703628043335524	11.381758771547034
0.15739828644662196	11.367010929190078
0.15776112696993486	11.352260084613018
0.15812480392703834	11.337506286650992
0.15848931924611134	11.322749583903871
0.15885467485977792	11.307990024729904
0.159220872705117	11.29322765723932
0.15958791472367329	11.27846252928781
0.15995580286146688	11.26369468847001
0.16032453906900418	11.248924182112857
0.1606941253012877	11.234151057268877
0.16106456351782708	11.219375360709405
0.16143585568264862	11.204597138917785
0.16180800376430657	11.18981643808237
0.16218100973589297	11.175033304089585
0.16255487557504839	11.160247782516807
0.16292960326397224	11.14545991862525
0.16330519478943342	11.130669757352706
0.16368165214278085	11.115877343306236
0.16405897731995392	11.101082720754805
0.16443717232149316	11.086285933621784
0.1648162391525508	11.071487025477436
0.1651961798229015	11.056686039531254
0.1655769963469528	11.041883018624269
0.16595869074375605	11.02707800522124
0.16634126503701693	11.012271041402814
0.16672472125510626	10.997462168857515
0.16710906143107074	10.98265142887374
0.16749428760264373	10.96783886233161
0.16788040181225602	10.953024509694746
0.16826740610704674	10.938208411001993
0.16865530253887412	10.923390605859005
0.16904409316432642	10.908571133429767
0.16943378004473283	10.893750032428038
0.16982436524617442	10.878927341108678
0.17021585083949506	10.864103097258925
0.17060823890031235	10.849277338189523
0.17100153150902875	10.834450100725805
0.17139573075084252	10.819621421198676
0.17179083871575881	10.804791335435459
0.1721868574986007	10.789959878750743
0.17258378919902034	10.775127085936997
0.17298163592151014	10.760291259704672
0.17338039977541378	10.74544629233066
0.17378008287493754	10.73060005080907
0.17418068733916142	10.71575259086076
0.17458221529205037	10.700903967958256
0.1749846688624657	10.686054237318942
0.1753880501841761	10.671203453898162
0.17579236139586926	10.65635167238231
0.1761976046411629	10.641498947181768
0.17660378206861643	10.626645332423825
0.17701089583174212	10.611790881945458
0.17741894808901656	10.596935649286108
0.1778279410038923	10.582079687680311
0.17823787674480895	10.567223050050277
0.17864875748520506	10.552365788998399
0.17906058540352943	10.537507956799656
0.17947336268325265	10.522649605393932
0.1798870915128788	10.507790786378308
0.1803017740859569	10.49293155099917
0.1807174126010927	10.478071950144319
0.18113400926196024	10.463212034334969
0.18155156627731356	10.448351853717652
0.18197008586099836	10.433491458056023
0.18238957023196378	10.418630896722615
0.1828100216142743	10.403770218690465
0.18323144223712115	10.38890947252469
0.18365383433483465	10.374048706373944
0.18407720014689558	10.359187967961786
0.18450154191794738	10.344327304577975
0.18492686189780783	10.32946676306966
0.18535316234148114	10.314606389832475
0.18578044550916986	10.29974623080155
0.18620871366628675	10.284886331442411
0.186637969083467	10.270026736741805
0.18706821403658005	10.255167491198414
0.18749945080674188	10.240308638813476
0.18793168168032684	10.225450223081308
0.18836490894898006	10.21059228697974
0.18879913490962935	10.195734872960415
0.18923436186449755	10.18087802293904
0.18967059212111465	10.166021778285502
0.19010782799233	10.15116617981387
0.19054607179632474	10.136311267772347
0.1909853258566238	10.12145708183304
0.19142559250210858	10.106603661081715
0.19186687406702896	10.091751044007358
0.19230917289101584	10.0768992684917
0.1927524913190936	10.062048371798582
0.1931968317016924	10.047198390563265
0.19364219639466074	10.032349360781563
0.19408858775927784	10.017499743664768
0.19453600816226624	10.00264399077641
0.19498445997580455	9.987789257774503
0.19543394557753943	9.972935598997275
0.195884467350599	9.958083068380185
0.19633602768360464	9.94323171944726
0.1967886289706845	9.92838160530229
0.19724227361148533	9.913532778619969
0.19769696401118608	9.89868529163691
0.1981527025805098	9.883839196142604
0.19860949173573716	9.868994543470226
0.19906733389871864	9.85415138448741
0.19952623149688797	9.839309769586865
0.1999861869632744	9.824469748676954
0.20044720273651614	9.809631371172092
0.2009092812608728	9.794794685983158
0.20137242498623883	9.779959741507675
0.20183663636815607	9.76512658562
0.2023019178678272	9.75029526566133
0.20276827195212818	9.73546582842968
0.20323570109362218	9.720638320169664
0.2037042077705718	9.705812786562268
0.20417379446695297	9.690989272714441
0.20464446367246739	9.676167823148626
0.20511621788255657	9.661348481792144
0.20558905959841414	9.646531291966514
0.20606299132700007	9.631716296376622
0.20653801558105292	9.616903537099793
0.20701413487910425	9.602093055574763
0.20749135174549097	9.587284892590539
0.2079696687103696	9.572479088275088
0.20844908830972886	9.557675682084026
0.20892961308540398	9.54287471278906
0.20941124558508925	9.528076218466406
0.20989398836235246	9.513280236485064
0.21037784397664752	9.498486803494954
0.21086281499332898	9.483695955414952
0.21134890398366465	9.468907727420802
0.2118361135248502	9.454122153932897
0.21232444620002192	9.439339268603959
0.21281390459827124	9.424559104306567
0.21330449131465762	9.409781693120573
0.21379620895022325	9.395007066320401
0.21428906011200585	9.380235254362217
0.21478304741305343	9.365466286870928
0.21527817347243727	9.350700192627126
0.21577444091526668	9.335936999553848
0.21627185237270202	9.321176734703224
0.21677041048196952	9.306419424242971
0.21727011788637443	9.291665093442797
0.2177709772353159	9.276910954511841
0.21827299118430013	9.26214705678616
0.2187761623949553	9.247386145390333
0.21928049353504486	9.232628279397975
0.21978598727848253	9.217873517437033
0.2202926463053456	9.203121917680408
0.22080047330189004	9.18837353783641
0.22130947096056375	9.173628435139173
0.22181964198002194	9.158886666338903
0.2223309890651403	9.144148287692078
0.22284351492703042	9.129413354951518
0.22335722228305316	9.114681923356367
0.223872113856834	9.099954047621928
0.22438819237827662	9.085229781929467
0.2249054605835781	9.070509179915828
0.22542392121524293	9.055792294663002
0.22594357702209775	9.041079178687554
0.22646443075930595	9.026369883929938
0.2269864851883822	9.011664461743734
0.22750974307720706	8.996962962884748
0.2280342072000418	8.982265437499981
0.22855988033754301	8.967571935116533
0.2290867652767773	8.952882504630347
0.2296148648112362	8.938197194294867
0.23014418174085083	8.923516051709559
0.2306747188720069	8.908839123808336
0.23120647901755947	8.89416645684784
0.23173946499684786	8.879498096395633
0.2322736796357107	8.864834087318219
0.23280912576650079	8.850174473769007
0.23334580622810028	8.835519299176115
0.23388372386593548	8.820868606230043
0.2344228815319922	8.80622243687124
0.23496328208483072	8.791580832277548
0.23550492838960096	8.776943832851488
0.2360478233180577	8.762311478207469
0.23659196974857583	8.747683807158818
0.23713737056616552	8.733060857704702
0.23768402866248767	8.718442667016921
0.23823194693586902	8.703829271426574
0.23878112829131776	8.689220706410568
0.23933157564053875	8.674617006578007
0.23988329190194904	8.660018205656462
0.24043628000069334	8.645424336478065
0.24099054286865948	8.630835430965504
0.24154608344449405	8.616251520117848
0.2421029046736178	8.601672633996257
0.24266100950824154	8.587098801709528
0.24322040090738153	8.57253005139952
0.24378108183687525	8.55796641022641
0.2443430552693972	8.543404923270161
0.24490632418447456	8.52883504241032
0.24547089156850305	8.514270278694026
0.24603676041476275	8.499710694994324
0.24660393372343392	8.485156353680651
0.24717241450161304	8.470607316608561
0.24774220576332856	8.456063645109332
0.24831331052955705	8.441525399979463
0.2488857318282391	8.426992641470063
0.24945947269429547	8.412465429276125
0.25003453616964316	8.39794382252569
0.2506109253032114	8.383427879768911
0.251188643150958	8.368917658966971
0.25176769277588557	8.354413217480932
0.25234807724805747	8.339914612060412
0.2529297996446145	8.325421898832188
0.25351286304979076	8.310935133288687
0.25409727055493053	8.296454370276306
0.2546830252585041	8.281979663983668
0.2552701302661247	8.267511067929716
0.2558585886905646	8.253048634951726
0.25644840365177174	8.238592417193152
0.2570395782768864	8.224142466091378
0.25763211570025757	8.209698832365333
0.25822601906345966	8.195261566002989
0.2588212915153092	8.180830716248709
0.2594179362118814	8.166406331590503
0.2600159563165272	8.151988459747107
0.2606153549998896	8.137577147654985
0.26121613543992067	8.123172441455159
0.2618183008218985	8.108774386479913
0.26242185433844417	8.094383027239381
0.26302679918953814	8.079998407407984
0.263633138582538	8.065620569810728
0.2642408757321946	8.051249556409388
0.2648500138606701	8.036885408288514
0.2654605561975539	8.022528165641342
0.26607250597988097	8.00817786775552
0.2666858664521479	7.9938345529987425
0.26730064086633115	7.979498258804177
0.2679168324819031	7.965169021655818
0.26853444456585074	7.950846877073625
0.26915348039269155	7.93653185959858
0.26977394324449205	7.922224002777536
0.2703958364108843	7.907923339147968
0.2710191631890843	7.893629900222528
0.2716439268839082	7.8793437164734925
0.2722701308077913	7.865064817317004
0.272897778280804	7.850793231097226
0.27352687263067127	7.836528985070263
0.27415741719278824	7.82226909043569
0.2747894153102397	7.808002878827381
0.2754228703338166	7.793744014288759
0.27605778562203465	7.779492559802059
0.27669416454115114	7.7652485777391425
0.2773320104651841	7.751012129849851
0.27797132677592884	7.736783277250304
0.2786121168629771	7.722562080411043
0.27925438412373377	7.708348599145074
0.2798981319634363	7.694142892595749
0.2805433637951713	7.679945019224583
0.28119008303989407	7.665755036798867
0.28183829312644537	7.651573002379251
0.2824879974915708	7.637398972307099
0.2831391995799379	7.623233002191798
0.2837919028441557	7.609075146897867
0.28444611074479154	7.594925460532011
0.285101826750391	7.580783996429956
0.28575905433749466	7.566650807143245
0.2864177969906581	7.552525944425802
0.28707805820246907	7.538409459220449
0.28773984147356696	7.524301401645219
0.28840315031266056	7.510201820979581
0.2890679882365476	7.496110765650486
0.28973435877013226	7.482028283218301
0.2904022654464451	7.467954420362581
0.2910717118066605	7.453889222867722
0.29174270140011677	7.4398327356084435
0.29241523778433354	7.425785002535156
0.2930893245250321	7.411746066659145
0.2937649651961531	7.39771597003764
0.29444216337987617	7.383694753758722
0.29512092266663853	7.369682457926086
0.29580124665515467	7.355679121643624
0.2964831389524342	7.341684782999925
0.29716660317380267	7.327699479052528
0.29785164294291894	7.313723245812101
0.298538261891796	7.299756118226408
0.2992264636608189	7.2857981301641646
0.29991625189876514	7.27184931439868
0.30060763026282306	7.257909702591402
0.3013006024186122	7.243979325275243
0.3019951720402016	7.23005821183778
0.30269134281013055	7.216146390504267
0.30338911841942706	7.20224388832051
0.3040885025676279	7.188350731135541
0.3047894989627983	7.174466943584146
0.3054921113215513	7.160592549069216
0.3061963433690677	7.146727569743923
0.30690219883911574	7.13287202649374
0.3076096814740708	7.11902222961336
0.3083187950249354	7.105165041279165
0.30902954325135906	7.091317259980425
0.309741929921658	7.0774789508580085
0.31045595881283555	7.063650178381715
0.31117163371060175	7.049831006337848
0.3118889584093937	7.036021497816673
0.3126079367123955	7.0222217151997475
0.31332857243155854	7.008431720147089
0.3140508693876217	6.99465157358426
0.3147748314101316	6.980881335689288
0.31550046233746265	6.967121065879458
0.31622776601683794	6.953370822797983
0.3169567463043491	6.939630664300516
0.31768740706497706	6.925900647441549
0.3184197521726125	6.9121808284606505
0.31915378551007617	6.898471262768597
0.3198895109691398	6.884772004933323
0.3206269324505466	6.871083108665755
0.3213660538640317	6.85740462680551
0.32210687912834346	6.843736611306414
0.32284941217126356	6.8300791132219265
0.32359365692962827	6.816432182690367
0.32433961734934924	6.802795868920026
0.3250872973854344	6.789170220174126
0.3258367010020088	6.775555283755611
0.32658783217233583	6.761951105991808
0.3273406948788382	6.748357732218919
0.328095293113119	6.734775206766381
0.32885163087598307	6.721203572941033
0.32960971217745777	6.707642873011167
0.3303695410368148	6.6940931481903965
0.3311311214825911	6.680554438621365
0.3318944575526104	6.667026783359318
0.33265955329400454	6.653510220355478
0.333426412763235	6.64000478644029
0.3341950400261143	6.626510517306471
0.33496543915782767	6.613027447491922
0.3357376142429547	6.599555610362453
0.33651156937549076	6.586095038094342
0.3372873086588689	6.572645761656739
0.3380648362059816	6.559207810793873
0.33884415613920255	6.545781214007104
0.3396252725904084	6.532365998536803
0.3404081897010009	6.518962190344036
0.34119291162192855	6.505569814092093
0.3419794425137089	6.492188893127825
0.3427677865464504	6.478819449462797
0.34355794789987465	6.465461503754276
0.34434993076333853	6.452115075286021
0.3451437393358563	6.438775665202469
0.345939377826122	6.425427270038924
0.34673685045253166	6.412090339358817
0.34753616144320587	6.398764947043013
0.34833731503601184	6.385451166339307
0.34914031547858615	6.372149069850174
0.3499451670283573	6.35885872952038
0.350751873952568	6.345580216624478
0.35156044052829816	6.332313601754169
0.35237087104248715	6.319058954805527
0.353183169791957	6.305816344966095
0.3539973410834347	6.292585840701867
0.35481338923357547	6.2793675097441
0.3556313185689854	6.266161419076014
0.3564511334262443	6.2529676349193775
0.35727283815192895	6.2397862227208885
0.35809643710263606	6.226617247138495
0.35892193464500527	6.213460772027517
0.35974933515574237	6.200316860426668
0.36057864302164244	6.187185574543909
0.36140986263961333	6.1740669757421625
0.36224299841669866	6.160961124524893
0.3630780547701014	6.147868080521539
0.36391503612720716	6.134787902472786
0.36475394692560786	6.121720648215706
0.36559479161312497	6.109257646868016
0.36643757464783333	6.097735707460679
0.3672823004980847	6.086226176859449
0.3681289736425315	6.074729062700016
0.3689775985701504	6.0632443711466815
0.3698281797802663	6.0517721068724555
0.37068072178257605	6.04031227303895
0.37153522909717257	6.0288648712760695
0.3723917062545686	6.017429901661555
0.3732501577957206	6.006007362700275
0.3741105882720534	5.994597251303358
0.3749730022454836	5.983199562767127
0.3758374042884442	5.97181429075182
0.37670379898390893	5.960441427260118
0.377572190925416	5.94908096261548
0.37844258471709324	5.937732885440253
0.3793149849736819	5.926397182633599
0.38018939632056115	5.9150738393491995
0.381065823393773	5.903762838972765
0.3819442708400465	5.892464163099318
0.38282474331682265	5.881177791510283
0.38370724549227875	5.869903702150335
0.38459178204535355	5.858641871104075
0.38547835766577176	5.847392272572438
0.38636697705406914	5.836154878848918
0.3872576449216172	5.824923738762476
0.3881503659906482	5.813677818295545
0.38904514499428056	5.80244387388187
0.3899419866765434	5.791221948980089
0.390840895792402	5.780012086119433
0.3917418771077831	5.76881432688517
0.3926449353995998	5.757628711903948
0.3935500754557774	5.746455280828941
0.3944573020752784	5.735294072324892
0.3953666200681279	5.724145124052992
0.39627803425543945	5.713008472655596
0.3971915494694403	5.701884153740825
0.3981071705534972	5.690772201866974
0.39902490236214205	5.679672650526802
0.39994474976109745	5.668585532131654
0.4008667176273028	5.657510877995428
0.4017908108489399	5.64644871831838
0.4027170343254591	5.635399082170796
0.40364539296760493	5.624361997476471
0.4045758916974427	5.613337490996048
0.40550853544838383	5.602325588310205
0.40644332916521275	5.591326313802646
0.40738027780411273	5.580339690642967
0.4083193863326921	5.569365740769327
0.40926065973001086	5.558404484870961
0.4102041029866068	5.547455942370536
0.41114972110452225	5.5365201314063155
0.4120975190973302	5.5255970688141804
0.4130475019901614	5.514686770109444
0.41399967481973043	5.503789249468524
0.4149540426343629	5.492904519710423
0.41591061049402206	5.4820325922780295
0.4168693834703354	5.471173477219251
0.41783036664662176	5.460327183167968
0.4187935651179184	5.449493717324788
0.41975898399100753	5.438673085437636
0.4207266283844441	5.427865291782166
0.4216965034285822	5.4170703391419535
0.422668614265603	5.406288228788533
0.4236429660495411	5.395518960461245
0.4246195639463129	5.384762532346866
0.4255984131337431	5.374018941059078
0.42657951880159267	5.363288181617728
0.4275628861515862	5.352570247427877
0.4285485203974395	5.341865130258699
0.4295364267648873	5.331172820222132
0.43052661049171065	5.320493305751354
0.43151907682776525	5.309826573579055
0.43251383103500873	5.299172608715499
0.4335108783875289	5.28853139442639
0.43451022417157154	5.27789601853934
0.4355118736855686	5.267242010371783
0.436515832240166	5.2566005359438925
0.4375221051582521	5.24597166333032
0.4385306977749857	5.235355460028281
0.4395416154378245	5.22475199294647
0.4405548635065533	5.214161328393899
0.4415704473533125	5.203583532068588
0.44258837236262655	5.193018669046169
0.44360864393143257	5.182466803768345
0.4446312674691087	5.17192800003125
0.4456562483975033	5.161402320973672
0.44668359215096315	5.150889829065192
0.44771330417636257	5.140390586094142
0.4487453899331322	5.1299046531555
0.449779854893288	5.119432090638625
0.45081670454146017	5.1089729582148795
0.4518559443749224	5.09852731482513
0.4528975799036208	5.088095218667112
0.4539416166502032	5.077676727182667
0.4549880601500486	5.067271897044867
0.4560369159512962	5.056880784144986
0.4570881896148751	5.046503443579358
0.4581418867145335	5.03613992963609
0.4591980128368686	5.0257902957816585
0.4602565735813561	5.0154545946473545
0.4613175745603794	5.005132878015597
0.46238102139926035	4.994825196806115
0.46344691973628804	4.984531601061999
0.46451527522274944	4.974252139935588
0.465586093522959	4.963986861674243
0.46665938031428866	4.953735813605966
0.46773514128719823	4.943499042124872
0.46881338214526524	4.933276592676539
0.46989410860521547	4.923068509743185
0.47097732639695294	4.912874836828715
0.47206304126359055	4.902695616443624
0.4731512589614805	4.892530890089738
0.4742419852602447	4.882380698244813
0.47533522594280536	4.872245080346987
0.47643098680541573	4.862124074779074
0.47752927365769093	4.852017718852697
0.4786300923226384	4.84192604879229
0.47973344863668915	4.831849099718909
0.4808393484497286	4.821786905633919
0.4819477976251274	4.8117394994025044
0.4830588020397727	4.80170691273702
0.48417236758409943	4.791689176180184
0.4852885001621211	4.781686319088106
0.4864072056914617	4.771698369613159
0.4875284901033864	4.761724125353799
0.48865235934283363	4.751759251819467
0.48977881936844625	4.741809335154649
0.4909078761526032	4.731874414930493
0.492039535681451	4.721954529654648
0.49317380395493593	4.712049716755314
0.4943106869868355	4.70216001256514
0.4954501908047903	4.692285452304957
0.49659232145033616	4.682426070067371
0.49773708497893604	4.672581898800167
0.4988844874600123	4.662752970289582
0.5000345349769786	4.652939315143398
0.5011872336272724	4.643140962773874
0.5023425895223872	4.633357941380518
0.5035006087879049	4.623590277932691
0.5046612975635284	4.613837998152037
0.505824662003114	4.60410112649475
0.5069907082747043	4.594379686133676
0.5081594425605604	4.584673698940222
0.5093308710571953	4.574983185466123
0.5105049999754062	4.565308164925006
0.5116818355403077	4.555648655173789
0.5128613839913648	4.546004672693908
0.514043651582426	4.536376232572354
0.5152286445817564	4.526763348482533
0.5164163692720709	4.517166032664953
0.5176068319505677	4.507584295907705
0.5188000389289611	4.498018147526793
0.5199959965335159	4.488467595346236
0.5211947111050804	4.47893264567802
0.5223961889991198	4.4694133033018355
0.5236004365857502	4.459909571444629
0.5248074602497725	4.450421451759972
0.5260172663907061	4.44094894430722
0.5272298614228227	4.431492047530487
0.5284452517751804	4.422050758237417
0.5296634438916578	4.412625071577761
0.5308844442309884	4.403214981021736
0.5321082592667942	4.3938204783382115
0.5333348954876209	4.384441553572664
0.5345643593969717	4.37507819502494
0.5357966575133416	4.365730389226806
0.5370317963702527	4.356398120919291
0.5382697825162883	4.347081373029818
0.5395106225151276	4.337780126649122
0.5407543229455808	4.328494361007954
0.5420008904016238	4.319224053453566
0.5432503314924332	4.309969179425982
0.5445026528424212	4.300729712434053
0.5457578610912709	4.291505624031271
0.5470159628939716	4.282293587776634
0.5482769649208538	4.273081880973164
0.5495408738576245	4.263885380883807
0.5508076964054034	4.254704094987738
0.5520774392807574	4.245538029296976
0.5533501092157367	4.236387188336752
0.5546257129579107	4.227251575125673
0.5559042572704036	4.218131191155711
0.5571857489319298	4.209026036372005
0.5584701947368308	4.199936109152459
0.5597576014951101	4.190861406287174
0.5610479760324705	4.181801922957654
0.5623413251903491	4.172757652715846
0.5636376558259545	4.1637285874629635
0.5649369748123025	4.154714717428128
0.5662392890382533	4.145716031146795
0.5675446054085471	4.136732515438987
0.5688529308438415	4.127764155387334
0.5701642722807475	4.118810934314883
0.571478636671867	4.109872833762724
0.5727960309858292	4.100949833467402
0.5741164622073276	4.09204191133811
0.5754399373371569	4.083149043433694
0.5767664633922508	4.074271203939407
0.5780960474057181	4.065408365143489
0.5794286964268811	4.056560497413505
0.580764417521312	4.047727569172467
0.5821032177708715	4.038909546874745
0.5834451042737447	4.030106394981754
0.5847900841444807	4.021318075937404
0.5861381645140288	4.012544550143345
0.5874893525297767	4.003785775933972
0.588843655355589	3.995041709551197
0.5902010801718444	3.9863123051190006
0.591561634175474	3.977597514617748
0.5929253245799998	3.9688972878582653
0.5942921586155727	3.9602115724556777
0.5956621435290105	3.951540313803021
0.5970352865838369	3.942883455044596
0.5984115950603197	3.9342409370490974
0.5997910762555094	3.92561269838248
0.6011737374832781	3.916998675280594
0.6025595860743578	3.9083988016215656
0.6039486293763798	3.8998130088979215
0.6053408747539136	3.8912412261884697
0.6067363295885054	3.8826833801299268
0.6081350012787179	3.8741393948882736
0.6095368972401692	3.865609192129868
0.610942024905572	3.8570926909922965
0.6123503917247736	3.8485898080549457
0.6137620051647943	3.8400917182785212
0.6151768727098682	3.831567337545011
0.6165950018614822	3.823056111419135
0.618016400138416	3.814558062591557
0.6194410750767815	3.806073212667486
0.6208690342300636	3.797601582151278
0.6223002851691596	3.789143190430895
0.6237348354824193	3.7806980557622105
0.6251726927756859	3.772266195253164
0.6266138646723355	3.763847624847764
0.628058358813318	3.755442359309951
0.6295061828571976	3.7470504122072725
0.6309573444801934	3.7386717958944513
0.6324118513762195	3.7303065214967486
0.633869711256927	3.7219545988932023
0.6353309318517437	3.7136160366996935
0.6367955209079159	3.7052908422518462
0.6382634861905487	3.696979021587786
0.6397348354826482	3.688680579430704
0.6412095765851616	3.6803955191712916
0.6426877173170197	3.6721238428499756
0.6441692655151774	3.663865551139008
0.6456542290346556	3.6556206433243865
0.6471426157485832	3.64738911728759
0.6486344335482385	3.6391709694871524
0.6501296903430908	3.6309661949400653
0.6516283940608427	3.6227747872030043
0.6531305526474724	3.614596738353375
0.654636174067275	3.6064320389701856
0.6561452663029055	3.5982806781147434
0.6576578373554206	3.590142643311164
0.6591738952443215	3.5820179205267064
0.6606934480075961	3.57390649415192
0.662216503701762	3.565808346980605
0.6637430704019089	3.5577234601895964
0.6652731562017414	3.549651813318352
0.6668067692136223	3.5415933842483462
0.6683439175686147	3.533548149182291
0.6698846094165265	3.5255160826231404
0.6714288529259524	3.51749715735293
0.6729766562843179	3.509491344411391
0.6745280276979221	3.5014986130743915
0.6760829753919819	3.4935189308321575
0.6776415076106752	3.4855522633673166
0.6792036326171846	3.477598574532724
0.6807693586937414	3.469657826329087
0.6823386941416696	3.461729978882387
0.6839116472814293	3.453814990421097
0.6854882264526615	3.445912817253186
0.6870684400142321	3.438023413742914
0.688652296344276	3.4301400412850263
0.6902398038402419	3.422238918717324
0.6918309709189364	3.4143502656470566
0.6934258060165691	3.406474117734984
0.6950243175887968	3.3986105098222135
0.6966265141107687	3.3907594759176654
0.6982324040771714	3.382921049185432
0.6998419960022735	3.375095261932001
0.7014552984199712	3.3672821455933666
0.7030723198838335	3.359481730721999
0.7046930689671469	3.3516940469736967
0.7063175542629619	3.3439191230943135
0.7079457843841379	3.3361569869063454
0.7095777679633888	3.3284076652953987
0.711213513653329	3.3206711841965193
0.7128530301265195	3.312947568580392
0.7144963260755133	3.3052368424394087
0.716143410212902	3.297539028773596
0.7177942912713617	3.289854149576416
0.7194489780036994	3.2821822258204234
0.7211074791828996	3.27452327744278
0.7227698036021702	3.2668773233306467
0.72443596007499	3.2592443813064196
0.7261059574351547	3.2516244681128277
0.727779804536824	3.244017599397898
0.7294575102545687	3.236423789699761
0.7311390834834174	3.2288430524313254
0.732824533138904	3.2212753998647963
0.734513868157115	3.2137208431160533
0.7362070974947361	3.206179392128878
0.737904230129101	3.1986510556590275
0.7396052750582378	3.19113584125816
0.7413102413009175	3.1836337552576146
0.7430191378967014	3.1761448027520203
0.744731973905989	3.1686689875827723
0.7464487584100665	3.161206312321333
0.7481695005111544	3.153756778252389
0.7498942093324559	3.1463203853568382
0.7516228940182055	3.1388971322946295
0.7533555637337174	3.1314870163874273
0.7550922276654339	3.124090033601124
0.7568328950209744	3.1167061785281898
0.7585775750291838	3.1093354443698433
0.7603262769401818	3.101977822918071
0.762079010025412	3.094633304537466
0.7638357835776907	3.0873018781469144
0.7655966069112563	3.0799835312010915
0.7673614893618189	3.072678249671795
0.7691304402866096	3.065386018029107
0.7709034690644301	3.058106819222376
0.7726805850957024	3.0508376262059667
0.7744617978025188	3.0435677484769594
0.7762471166286917	3.036310775061239
0.7780365510398041	3.0290667227866366
0.7798301105232588	3.021835607421516
0.7816278045883297	3.0146174436600535
0.7834296427662119	3.0074122451073957
0.7852356346100718	3.0002200242646544
0.7870457896950986	2.9930407925137805
0.7888601176185545	2.985874560102282
0.7906786279998251	2.9787213361277947
0.7925013304804718	2.9715811285225158
0.7943282347242815	2.9644539440374795
0.7961593504173188	2.957339788226697
0.7979946872679766	2.9502386654311317
0.7998342550070284	2.943150578762533
0.8016780633876791	2.9360755300871175
0.8035261221856173	2.929013520009086
0.8053784411990667	2.9219645478540017
0.8072350302488382	2.9149286116520017
0.8090958991783823	2.9079057081208477
0.8109610578538409	2.900895832648832
0.8128305161640993	2.893898979277508
0.8147042840208396	2.886915140684268
0.8165823713585925	2.8799443081647533
0.81846478813479	2.8729864716151097
0.8203515443298183	2.8660416195140646
0.8222426499470712	2.8591097389048463
0.8241381150130024	2.852190815376929
0.8260379495771788	2.8452848330476153
0.8279421637123342	2.838391774543445
0.8298507675144225	2.831511620981426
0.8317637711026711	2.824644351950098
0.8336811846196344	2.817789945490421
0.835603018231248	2.810948378076484
0.8375292821268826	2.804119624596035
0.8394599865193975	2.7973036583308377
0.8413951416451951	2.7905004509368396
0.8433347577642755	2.783709972424165
0.84527884516029	2.7769321911369147
0.8472274141405965	2.770167073732792
0.8491804750363139	2.7634145851625336
0.8511380382023765	2.7566746886491513
0.8531001140175896	2.7499473456669903
0.8550667128846834	2.743232515920596
0.8570378452303697	2.736530157323375
0.8590135215053958	2.7298402259760772
0.8609937521846007	2.7231626761450776
0.8629785477669704	2.7164974602404506
0.8649679187756933	2.7098445287938584
0.8669618757582167	2.70319808557334
0.8689604292863019	2.696537701474424
0.8709635899560808	2.6898893119807354
0.8729713683881117	2.6832529365641804
0.8749837752274362	2.6766285937720986
0.8770008211436349	2.670016301214195
0.8790225168308845	2.6634160755493537
0.8810488730080143	2.656827932472318
0.8830799004185629	2.650251886700251
0.8851156098308356	2.643687951959158
0.887156012037961	2.637136140970192
0.8892011178579485	2.6305964654358127
0.8912509381337457	2.6240689360258327
0.8933054837332954	2.6175535623633115
0.895364765549594	2.611050353010331
0.8974287945007486	2.6045593154536255
0.8994975815300353	2.5980804560900848
0.9015711376059571	2.5916137802121106
0.9036494737223016	2.5851592919928406
0.9057326008982003	2.578716994471234
0.9078205301781859	2.572286889537012
0.9099132726322517	2.565868977915457
0.9120108393559097	2.559463259152075
0.9141132414702502	2.5530697315971027
0.9162204901219997	2.546688392389884
0.9183325964835808	2.540319237443083
0.9204495717531712	2.5339622614267654
0.9225714271547631	2.527617457752321
0.9246981739382225	2.521284818556236
0.9268298233793492	2.5149643346837207
0.9289663867799363	2.508655995672179
0.9311078754678302	2.502359789734525
0.933254300796991	2.496075703742344
0.9354056741475518	2.489803723208904
0.9375620069258802	2.4835438322719954
0.9397233105646378	2.477296013676624
0.9418895965228413	2.471060248757544
0.9440608762859233	2.464836517421616
0.946237161365793	2.4586247981300193
0.9484184633008971	2.4524250678802875
0.9506047936562815	2.446237302188187
0.9527961640236519	2.440061475069421
0.9549925860214359	2.4338975590211716
0.9571940712948444	2.4277455250034654
0.9594006315159331	2.4216053424203805
0.9616122783836646	2.4154769791010655
0.9638290236239705	2.409360401280596
0.9660508789898133	2.4032555735806485
0.9682778562612491	2.397162458990007
0.9705099672454897	2.3910810188448828
0.9727472237769651	2.385006126990685
0.9749896377173869	2.3789197030779388
0.9772372209558107	2.3728447124594005
0.9794899854086988	2.3667811775431806
0.9817479430199844	2.3607291199287306
0.9840111057611337	2.354688560395167
0.9862794856312105	2.348659518889491
0.9885530946569389	2.3426420145146882
0.9908319448927676	2.336636065517716
0.9931160484209338	2.330641689277373
0.995405417351527	2.324658902292057
0.9977000638225533	2.3186877201674023
1.	2.312728157603797
1.0023052380778998	2.3067802283837837
1.0046157902783952	2.300843945359342
1.0069316688518044	2.294919320439041
1.0092528860766845	2.2890063645750818
1.0115794542598988	2.2831050877502053
1.0139113857366795	2.2772154989644844
1.016248692870696	2.271337606221981
1.0185913880541169	2.265471416517291
1.0209394837076802	2.259616935821943
1.023292992280754	2.2537741690706903
1.0256519262514079	2.2479431201476494
1.0280162981264735	2.2421237918723342
1.0303861204416165	2.236316185985531
1.0327614057613974	2.230520303135065
1.0351421666793441	2.224736142861414
1.0375284158180127	2.2189637035832006
1.0399201658290596	2.2132029825825414
1.0423174293933042	2.207453975990262
1.0447202192208003	2.201716678770969
1.0471285480508996	2.195991084707989
1.0495424286523225	2.190277186388162
1.051961873823223	2.1845749751864973
1.0543868963912593	2.1788844412506787
1.0568175092136585	2.1732055734854403
1.0592537251772887	2.167538359536776
1.0616955571987248	2.1618827857760223
1.064143018224316	2.156238837283787
1.066596121230258	2.1506064978337167
1.0690548792226577	2.14498574987614
1.0715193052376064	2.1393765745215303
1.0739894123412446	2.13377895152384
1.076465213629835	2.128192859263665
1.0789467222298286	2.1226182747312663
1.081433951297938	2.1170551735094207
1.0839269140212033	2.1115035297561344
1.0864256236170655	2.1059633161871734
1.0889300933334332	2.1004345040584567
1.0914403364487566	2.0949130448621625
1.0939563662720937	2.0893846548711004
1.096478196143185	2.0838674802536725
1.0990058394325208	2.0783615398807402
1.101539309541415	2.072866851819429
1.104078619902073	2.0673834333217314
1.1066237839776665	2.0619113008129695
1.1091748152624008	2.0564504698801778
1.1117317272815914	2.0510009552603394
1.1142945335917298	2.0455627708285506
1.1168632477805611	2.0401359295860333
1.1194378834671515	2.034720443648065
1.1220184543019636	2.0293163242317678
1.1246049739669264	2.023923581643801
1.1271974561755105	2.0185422252679244
1.1297959146727976	2.0131722635524536
1.1324003632355573	2.007813703997579
1.1350108156723149	2.0024665531425954
1.137627285823431	1.997130816552968
1.1402497875611686	1.9918064988073223
1.1428783347897717	1.9864936034842728
1.1455129414455354	1.9811921331491544
1.1481536214968828	1.9759020893406074
1.1508003889444356	1.9706234725570615
1.1534532578210923	1.9653562822430628
1.1561122421920986	1.9601005167755017
1.1587773561551262	1.9548561734496874
1.1614486138403426	1.9496232484653147
1.1641260294104914	1.9444017369122732
1.1668096170609623	1.9391916327563543
1.1694993910198712	1.9339929288247966
1.1721953655481303	1.9288056167917202
1.1748975549395297	1.923629687163401
1.1776059735208073	1.918465129263441
1.1803206356517297	1.9133119312177604
1.1830415557251646	1.90817007993949
1.1857687481671602	1.9030395611136917
1.1885022274370183	1.8979203591819631
1.1912420080273751	1.8928124573268763
1.193988104464273	1.887715837456297
1.1967405313072437	1.8826304801875366
1.1994993031493788	1.877556364831375
1.2022644346174132	1.8724934693759248
1.2050359403717974	1.8674417704703592
1.2078138351067804	1.8624012434084738
1.2105981335504823	1.8573718621121171
1.2133888504649775	1.8523535991144502
1.2161860006463678	1.8473464255430723
1.2189895989248667	1.8423503111029713
1.2217996601648717	1.837365224059338
1.2246161992650488	1.8323876658629343
1.2274392311584073	1.827405310958709
1.2302687708123818	1.8224338010444208
1.233104833228909	1.8174731447045458
1.2359474334445106	1.8125233496393167
1.238796586530369	1.8075844226527797
1.2416523075924113	1.8026563696407183
1.244514611771385	1.797739195578486
1.2473835142429432	1.7928329045087001
1.2502590302177201	1.78793749952884
1.2531411749414163	1.7830529827787134
1.2560299636948749	1.7781793554278176
1.2589254117941675	1.7733166176625679
1.2618275345906707	1.7684647686734236
1.2647363474711515	1.7636238066418701
1.2676518658578455	1.7587937287273085
1.270574105208542	1.7539745310537929
1.2735030810166617	1.749166208696667
1.276438808811344	1.7443687556690584
1.2793813041575246	1.7395821649082637
1.2823305826560218	1.7348064282619917
1.2852866599436155	1.7300415364744894
1.2882495516931343	1.7252874791725317
1.2912192736135342	1.7205442448512902
1.2941958414499863	1.7158118208600555
1.297179270983956	1.711090193387848
1.3001695780332907	1.7063793474488778
1.3031667784522993	1.701679266867881
1.3061708881318417	1.696989934265312
1.309181922999407	1.6923113310424123
1.3121998990192034	1.687643437366124
1.3152248321922384	1.6829862321538844
1.3182567385564075	1.6783396930582617
1.3212956341865751	1.6737037964514667
1.324341535194665	1.6690785174097076
1.3273944577297394	1.6644638296974155
1.3304544179780915	1.6598597057513091
1.333521432163324	1.6552661166643377
1.3365955165464425	1.650683032169446
1.3396766874259352	1.6461104206232209
1.3427649611378643	1.6415482489893716
1.3458603540559484	1.6369964828220636
1.348962882591654	1.6324550862491018
1.3520725631942772	1.6279240219549629
1.3551894123510364	1.6234032511636656
1.3583134465871542	1.618892733621502
1.3614446824659503	1.6143924275795893
1.3645831365889245	1.6099022897762865
1.3677288255958495	1.6054222754194343
1.3708817661648536	1.6009523381684503
1.3740419750125157	1.5964876871382156
1.3772094688939465	1.5920114504982026
1.3803842646028852	1.5875450351804496
1.383566378971781	1.5830884517748203
1.3867558288718889	1.5786417101120453
1.3899526312133532	1.5742048192533216
1.3931568029453036	1.56977778747979
1.3963683610559376	1.565360622281933
1.3995873225726185	1.5609533303488567
1.4028137045619582	1.5565559175574828
1.4060475241299144	1.5521683889616276
1.4092887984218747	1.5477907487809908
1.4125375446227548	1.5434230003900256
1.4157937799570817	1.539065146306717
1.4190575216890926	1.534717188181246
1.4223287871228198	1.5303791267845537
1.425607593602188	1.526050961996787
1.428893958511103	1.5217326927956523
1.432187899273543	1.5174243172446473
1.435489433353656	1.5131258324811816
1.4387985782558452	1.508837234704604
1.4421153515248688	1.5045585191640907
1.4454397707459272	1.5002896801464465
1.4487718535447618	1.4960307109637727
1.452111617587742	1.4917816039410368
1.455459080581966	1.4875423504035097
1.4588142602753482	1.4833129406641024
1.4621771744567182	1.4790933640105737
1.4655478409559113	1.4748836086926262
1.468926277643867	1.4706836619088768
1.4723125024327186	1.4664935097937157
1.4757065332758947	1.4623131374040323
1.4791083881682072	1.458142528705832
1.4825180851459536	1.453981666560715
1.4859356422870067	1.4498305327122467
1.4893610777109154	1.4456891077721883
1.492794409578996	1.4415573712066112
1.4962356560944337	1.4374353013218757
1.4996848355023733	1.433322875250492
1.5031419660900225	1.4292200689368375
1.5066070661867417	1.4251268571227593
1.5100801541641484	1.4210432133330297
1.513561248436208	1.4169691098606843
1.5170503674593367	1.4129045177522093
1.5205475297324955	1.408849406792613
1.5240527537972914	1.4048037454903435
1.5275660582380723	1.4007675010620848
1.5310874616820302	1.3967406394173985
1.5346169827992941	1.3927231251432446
1.5381546403030348	1.3887149214883467
1.5417004529495593	1.3847119948066142
1.545254439538414	1.380700134285689
1.5488166189124812	1.3766973755602308
1.5523870099580825	1.3727037296970621
1.5559656316050743	1.3687192070869154
1.559552502826954	1.3647438174350799
1.5631476426409538	1.3607775697519793
1.5667510701081493	1.3568204723436428
1.5703628043335522	1.3528725328020987
1.5739828644662197	1.3489337579956648
1.5776112696993485	1.3450041540591589
1.5812480392703834	1.3410837263840047
1.5848931924611134	1.3371724796082578
1.5885467485977791	1.3332704176065209
1.59220872705117	1.3293775434797812
1.5958791472367329	1.325493859545137
1.5995580286146687	1.3216193673254404
1.6032453906900417	1.3177540675388308
1.6069412530128773	1.3138979600881817
1.6106456351782708	1.3100510440504374
1.6143585568264862	1.3062133176658621
1.6180800376430662	1.3023847783271727
1.6218100973589298	1.298565422568589
1.6255487557504842	1.2947552460547629
1.6292960326397223	1.29095424356962
1.6330519478943346	1.2871624090050873
1.6368165214278085	1.2833797353497198
1.6405897731995396	1.2796062146772207
1.6443717232149315	1.2758418381348577
1.6481623915255086	1.2720865959317655
1.651961798229015	1.2683404773271492
1.6557699634695284	1.2646034706183684
1.6595869074375604	1.2608755631289208
1.6634126503701698	1.2571567411963065
1.6672472125510627	1.2534469901597893
1.6710906143107078	1.2497462943480335
1.6749428760264373	1.2460546370666412
1.6788040181225607	1.2423720005855619
1.6826740610704674	1.2386983661263966
1.6865530253887415	1.2350337138495775
1.690440931643264	1.231378022841438
1.6943378004473288	1.2277312711011545
1.6982436524617444	1.224093435527584
1.7021585083949509	1.2204644919059615
1.7060823890031234	1.2168444148944946
1.710015315090288	1.213233178010824
1.7139573075084253	1.209630753618368
1.7179083871575884	1.206037112912535
1.721868574986007	1.202452225906821
1.725837891990204	1.1988760614187708
1.7298163592151015	1.1953055836362785
1.7338039977541384	1.1917301064492716
1.7378008287493754	1.1881631829750021
1.7418068733916146	1.1846048171922234
1.7458221529205038	1.1810550123697199
1.7498466886246573	1.177513771056865
1.7538805018417611	1.173981095074098
1.7579236139586931	1.1704569855033067
1.7619760464116292	1.1669414426781224
1.7660378206861649	1.1634344661741216
1.770108958317421	1.1599360547989397
1.7741894808901661	1.156446206582285
1.7782794100389228	1.1529649187658697
1.78237876744809	1.1494921877932363
1.7864875748520508	1.1460280092994986
1.7906058540352947	1.1425723781009776
1.7947336268325265	1.1391252881847513
1.7988709151287883	1.1356867326980975
1.803017740859569	1.1322567039378464
1.8071741260109275	1.128835193339628
1.8113400926196026	1.1254221914670286
1.8155156627731361	1.1220176880006334
1.8197008586099834	1.1186216717269857
1.8238957023196385	1.1152341305274243
1.8281002161427427	1.111855051366838
1.832314422371212	1.108484420282297
1.8365383433483464	1.105122222371598
1.8407720014689564	1.1017684417816875
1.8450154191794736	1.0984230616969946
1.8492686189780787	1.0950860643276397
1.8535316234148114	1.0917574308975535
1.857804455091699	1.0884371416324692
1.8620871366628675	1.0851251757478224
1.8663796908346704	1.0818215114365222
1.8706821403658007	1.0785261258566283
1.8749945080674193	1.0752389951189032
1.8793168168032686	1.0719600942742584
1.883649089489801	1.0686893973010787
1.8879913490962936	1.0654268770924418
1.892343618644976	1.0621725054432118
1.8967059212111463	1.0589262530370238
1.9010782799233006	1.0556880894331409
1.9054607179632472	1.0524579830532057
1.9098532585662378	1.0492359011678578
1.914255925021086	1.0460218098832383
1.9186687406702891	1.0428156741273753
1.9230917289101586	1.039617457636436
1.9275249131909356	1.036427122940867
1.9319683170169242	1.0332446313513988
1.936421963946607	1.030069942944935
1.9408858775927782	1.0268990033641376
1.9453600816226624	1.0237175362538906
1.9498445997580456	1.0205436542300252
1.9543394557753944	1.0173773658561134
1.95884467350599	1.0142186791350993
1.9633602768360463	1.0110676015015994
1.967886289706845	1.007924139814114
1.9724227361148534	1.004788300347176
1.976969640111861	1.0016600887834157
1.9815270258050979	0.9985395102055614
1.9860949173573716	0.9954265690883514
1.9906733389871865	0.9923212692903829
1.9952623149688797	0.989223614045872
1.9998618696327437	0.986133605956346
2.0044720273651615	0.9830512469822489
2.0090928126087277	0.9799765384344764
2.0137242498623884	0.9769094809658219
2.0183663636815607	0.9738500745623525
2.023019178678272	0.9707983185346943
2.0276827195212817	0.9677542115092465
2.032357010936222	0.9647177514193003
2.037042077705718	0.96168893549609
2.0417379446695296	0.9586677602597464
2.046444636724674	0.9556542215101782
2.0511621788255656	0.9526483143178568
2.0558905959841414	0.9496500330145273
2.0606299132700006	0.9466593711838219
2.065380155810529	0.943676321651796
2.0701413487910423	0.9407008764773694
2.0749135174549096	0.9377330269426841
2.079696687103696	0.9347727635433676
2.084490883097289	0.9318200759787142
2.0892961308540396	0.9288749531417656
2.0941124558508926	0.9259373831093094
2.0989398836235242	0.9230073531317795
2.1037784397664754	0.9200848496230672
2.1086281499332897	0.9171698581502352
2.1134890398366464	0.914262363423142
2.1183611352485023	0.9113623492839648
2.123244462000219	0.9084697986966346
2.1281390459827123	0.9055846937361645
2.133044913146576	0.9027070155778922
2.1379620895022327	0.899836744486613
2.1428906011200586	0.8969738598056232
2.1478304741305343	0.8941183399456548
2.1527817347243725	0.8912701623737199
2.157744409152667	0.8884293036018402
2.16271852372702	0.8855957391756915
2.167704104819695	0.8827694436631248
2.1727011788637443	0.8799503906426043
2.1777097723531593	0.8771359133138732
2.1827299118430012	0.8743166219278766
2.187761623949553	0.8715044280109538
2.1928049353504484	0.8686993362950619
2.197859872784825	0.8659013509537473
2.202926463053456	0.8631104755946631
2.2080047330189	0.8603267132520032
2.2130947096056377	0.8575500663788769
2.2181964198002193	0.8547805368396005
2.223309890651403	0.8520181259019272
2.2284351492703043	0.8492628342291909
2.2335722228305315	0.8465146618723947
2.23872113856834	0.8437736082622034
2.2438819237827663	0.8410396722008808
2.2490546058357817	0.8383128518541382
2.254239212152429	0.8355931447429145
2.259435770220978	0.832880547735074
2.2646443075930596	0.830175057037034
2.2698648518838223	0.8274766681853043
2.2750974307720706	0.8247853760379601
2.2803420720004186	0.8221011747660248
2.28559880337543	0.8194240578447815
2.2908676527677736	0.8167540180449957
2.296148648112362	0.8140910474240665
2.301441817408509	0.8114351373170864
2.306747188720069	0.8087862783278263
2.312064790175595	0.8061444603196307
2.3173946499684783	0.8035096724062363
2.3227367963571073	0.8008819029424968
2.328091257665008	0.7982611395150341
2.3334580622810033	0.7956473689327916
2.338837238659355	0.7930405772175115
2.344228815319923	0.7904407495941143
2.3496328208483073	0.7878478704810012
2.35504928389601	0.7852619234802588
2.360478233180577	0.7826828913677798
2.365919697485759	0.78011075608329
2.371373705661655	0.7775454987202889
2.3768402866248772	0.774987099515891
2.38231946935869	0.7724355378405854
2.3878112829131783	0.7698907921878899
2.3933157564053875	0.7673528401639255
2.3988329190194912	0.7648216584768793
2.4043628000069335	0.7622972229263889
2.4099054286865957	0.7597795083928176
2.41546083444494	0.7572684888264425
2.421029046736179	0.7547641372365342
2.4266100950824154	0.7522664256803506
2.432204009073816	0.7497753252520195
2.4378108183687526	0.7472908060713294
2.4434305526939726	0.744810524517006
2.4490632418447453	0.7423262458724315
2.454708915685031	0.7398484005589138
2.4603676041476272	0.7373769855540531
2.46603933723434	0.7349119972332604
2.4717241450161302	0.7324534313620699
2.4774220576332864	0.7300012830883735
2.4831331052955705	0.7275555469345913
2.4888573182823914	0.7251162167897618
2.494594726942955	0.7226832859015648
2.500345361696432	0.7202567468682655
2.506109253032114	0.717836591630589
2.511886431509581	0.7154228114635159
2.5176769277588558	0.7130153969680052
2.5234807724805757	0.7106143380626365
2.529297996446145	0.7082196239751828
2.5351286304979084	0.7058312432340973
2.540972705549305	0.703449183659929
2.5468302525850417	0.7010734323566546
2.552701302661247	0.6987039757029351
2.5585858869056453	0.6963407993432879
2.5644840365177175	0.6939838881791826
2.5703957827688635	0.6916332263600535
2.5763211570025755	0.689288797274228
2.582260190634596	0.6869505835397771
2.588212915153092	0.6846185669952781
2.5941793621188136	0.6822927286904964
2.6001595631652723	0.6799730488769782
2.6061535499988953	0.6776595069985658
2.6121613543992064	0.6753520816818176
2.6181830082189848	0.6730507507263478
2.624218543384442	0.6707554910950759
2.6302679918953813	0.6684662789043896
2.6363313858253803	0.6661830894142149
2.642408757321946	0.6639058970180045
2.648500138606701	0.6616346752326251
2.654605561975539	0.6593693966881649
2.6607250597988097	0.6571100331176404
2.666858664521479	0.6548565553466152
2.6730064086633116	0.6526089332827243
2.6791683248190314	0.6503671359051074
2.6853444456585076	0.6481311312537383
2.691534803926915	0.6459008864186728
2.6977394324449206	0.6436763675291864
2.703958364108843	0.6414575397428257
2.7101916318908432	0.6392443672343537
2.7164392688390824	0.6370368131846036
2.7227013080779128	0.6348348397692273
2.7289777828080406	0.6326384081473481
2.7352687263067126	0.6304474784501077
2.741574171927882	0.6282587814948497
2.7478941531023975	0.6260608253167832
2.7542287033381663	0.6238681721468836
2.7605778562203462	0.6216808209769664
2.7669416454115114	0.6194987703119356
2.773320104651841	0.6173220181634841
2.7797132677592886	0.6151505620437446
2.7861211686297707	0.6129843989588727
2.792543841237338	0.6108235254025782
2.798981319634363	0.6086679373495884
2.805433637951713	0.6065176302490586
2.811900830398941	0.6043725990179144
2.8183829312644537	0.6022328380341386
2.8248799749157074	0.600098341129989
2.831391995799379	0.5979691015851617
2.8379190284415565	0.5958451121198824
2.8444611074479154	0.5937263648879426
2.85101826750391	0.5916128514696635
2.8575905433749464	0.5895045628648026
2.8641779699065815	0.5874014894853884
2.8707805820246906	0.5853036211484953
2.8773984147356697	0.5832109470689459
2.8840315031266055	0.5811234558519532
2.8906798823654762	0.579041135485689
2.897343587701323	0.5769639733337896
2.904022654464451	0.5748919561277882
2.910717118066605	0.5728250699594836
2.9174270140011673	0.5707633002732324
2.924152377843335	0.56870663185818
2.9308932452503216	0.5666550488404103
2.9376496519615305	0.5646085346750342
2.9444216337987617	0.5625670721381979
2.9512092266663856	0.5605306433190247
2.9580124665515464	0.5584992296114795
2.9648313895243423	0.556472811706164
2.971666031738027	0.5544513695820309
2.9785164294291895	0.5524348824980322
2.9853826189179604	0.550423328984683
2.992264636608189	0.5484166868355576
2.9991625189876516	0.5464149330986995
3.0060763026282307	0.5444180440679647
3.013006024186122	0.542425995274278
3.019951720402016	0.5404387614768171
3.0269134281013064	0.5384563166541112
3.0338911841942706	0.5364786339950683
3.04088502567628	0.5345056858899128
3.047894989627983	0.5325374439210492
3.054921113215514	0.5305738788538389
3.061963433690677	0.5286149606272996
3.069021988391158	0.526660658344716
3.076096814740708	0.524707834573041
3.083187950249355	0.5227454414868217
3.0902954325135905	0.5207874962918331
3.097419299216581	0.5188340061058587
3.1045595881283554	0.516884977739833
3.1117163371060186	0.514940417693498
3.118889584093937	0.5130003321510254
3.126079367123956	0.5110647269765902
3.1332857243155856	0.5091336077099079
3.1405086938762183	0.5072069795617222
3.1477483141013156	0.5052848474092585
3.1550046233746274	0.5033672157916246
3.1622776601683795	0.5014540889051754
3.169567463043492	0.4995454705988289
3.1768740706497707	0.49764136436934026
3.1841975217261256	0.49574177335652786
3.1915378551007616	0.4938467003384598
3.198895109691399	0.49195614772658786
3.206269324505466	0.49007011756084196
3.213660538640318	0.4881886115046733
3.2210687912834346	0.48631163084005496
3.2284941217126364	0.4844391764624307
3.2359365692962827	0.48257124887562247
3.2433961734934935	0.4807078481866836
3.250872973854344	0.4788489741007093
3.2583670100200885	0.4769946259155935
3.265878321723358	0.47514480251674207
3.273406948788383	0.47329950237173035
3.2809529311311905	0.47145872352491835
3.2885163087598315	0.4696224635920074
3.2960971217745776	0.4677907197545541
3.303695410368149	0.46596348875442567
3.311311214825911	0.4641407668882118
3.3189445755261047	0.4623225500015763
3.326595532940045	0.46050883348356364
3.3342641276323506	0.4586996122608475
3.3419504002611427	0.45689488079193036
3.3496543915782775	0.4550946330612844
3.3573761424295467	0.45329886257344465
3.365115693754908	0.4515075623470414
3.372873086588689	0.4497207249087829
3.380648362059817	0.44793834228737744
3.3884415613920256	0.4461604060074071
3.3962527259040853	0.4443869070831349
3.404081897010009	0.4426178360122659
3.4119291162192864	0.4408531827696424
3.4197944251370886	0.4390929368008882
3.4276778654645046	0.43733708701598895
3.4355794789987466	0.4355856217828187
3.443499307633384	0.43383852892060437
3.451437393358563	0.43209405330991696
3.459393778261219	0.4303460017878464
3.4673685045253166	0.4286022433222646
3.4753616144320576	0.4268627867275956
3.483373150360118	0.4251276405597991
3.4914031547858606	0.4233968131125924
3.499451670283573	0.42167031241363134
3.5075187395256795	0.41994814622065907
3.5156044052829816	0.4182303220176117
3.523708710424871	0.41651684701069286
3.53183169791957	0.41480772812440514
3.5399734108343464	0.4131029719975473
3.548133892335755	0.41140258497916954
3.5563131856898527	0.40970657312449443
3.5645113342624426	0.40801494219079315
3.5727283815192883	0.40632769763322846
3.5809643710263606	0.4046448446006517
3.5892193464500517	0.4029663879313667
3.5974933515574232	0.40129233214884585
3.6057864302164235	0.3996226814574119
3.6140986263961334	0.397957439737874
3.6224299841669856	0.3962966105431267
3.630780547701014	0.39464019709370146
3.639150361272071	0.3929882022732833
3.6475394692560785	0.3913406286241779
3.6559479161312485	0.38969747834274204
3.664375746478333	0.38805875327476536
3.672823004980846	0.3864244549108146
3.681289736425315	0.3847945843815276
3.6897759857015027	0.383169142452869
3.6982817978026628	0.38154812952133665
3.7068072178257596	0.37993154560912745
3.715352290971726	0.378319390359253
3.7239170625456848	0.3767116630306148
3.732501577957206	0.3751083624930287
3.741105882720533	0.3735094872222073
3.7497300224548358	0.3719150352946906
3.758374042884441	0.3703250043827358
3.767037989839089	0.36873939174915205
3.77572190925416	0.3671581942420948
3.7844258471709336	0.36558140828980523
3.793149849736819	0.36400902989530687
3.801893963205613	0.36244105463104703
3.81065823393773	0.36087747763349504
3.8194427084004663	0.3593182935976841
3.8282474331682264	0.35776349677170927
3.8370724549227884	0.35621308095116877
3.8459178204535354	0.354667039473559
3.8547835766577188	0.35312536521261395
3.8636697705406915	0.3515880505725963
3.8725764492161727	0.3500536729890118
3.8815036599064823	0.3485172070008524
3.8904514499428067	0.3469850429747715
3.899419866765434	0.3454571902588254
3.908408957924021	0.34393365796508235
3.9174187710778305	0.3424144549661252
3.926449353995999	0.34089958989151553
3.9355007545577743	0.3393890711242275
3.944573020752785	0.33788290679704364
3.953666200681279	0.3363811047889203
3.9627803425543955	0.334883672721312
3.971915494694403	0.33339061795446673
3.981071705534973	0.3319019475836801
3.9902490236214203	0.3304176684355179
3.9994474976109755	0.3289377870639986
4.008667176273028	0.32746230974674356
4.0179081084894	0.3259912424810847
4.027170343254591	0.32452459098014097
4.036453929676051	0.3230623606688526
4.045758916974426	0.32160455667998106
4.055085354483839	0.3201511838500677
4.0644332916521275	0.31870224671535663
4.073802778041128	0.31725774950767727
4.083193863326921	0.3158176961502891
4.09260659730011	0.31438209025368435
4.1020410298660686	0.3129509351113559
4.111497211045223	0.3115242336955188
4.120975190973302	0.3101019886527972
4.130475019901614	0.3086842022998663
4.139996748197304	0.30727087661905683
4.149540426343631	0.3058620132539144
4.1591061049402205	0.30445761350472117
4.168693834703355	0.30305767832397107
4.178303666466218	0.30166220831180723
4.187935651179185	0.30027120371141236
4.1975898399100755	0.2988846644043599
4.207266283844442	0.2975025899059178
4.216965034285822	0.2961249793603123
4.226686142656031	0.2947518315359442
4.2364296604954115	0.29338314482056416
4.24619563946313	0.29201891721639844
4.2559841313374305	0.29065914633523454
4.265795188015928	0.2893038293934568
4.275628861515862	0.2879529632070395
4.285485203974396	0.2866065441864901
4.295364267648873	0.28526456833174973
4.3052661049171075	0.2839270312270424
4.3151907682776525	0.28259392803567995
4.325138310350088	0.2812652534948173
4.335108783875289	0.2799410019101604
4.345102241715717	0.27862016170479775
4.355118736855686	0.2772991602020316
4.365158322401661	0.27598253918629345
4.375221051582521	0.2746703046036984
4.385306977749858	0.2733624621285366
4.395416154378245	0.2720590171594839
4.405548635065534	0.2707599748157743
4.4157044735331255	0.26946533993333643
4.425883723626267	0.2681751170608929
4.436086439314326	0.26688931045602454
4.446312674691089	0.265607924081193
4.456562483975033	0.2643309615997315
4.466835921509633	0.2630584263717917
4.477133041763626	0.261790321450258
4.487453899331323	0.26052664957661714
4.49779854893288	0.2592674131767955
4.508167045414603	0.25801261435695094
4.518559443749224	0.2567622548992301
4.528975799036209	0.2555163362574814
4.539416166502032	0.2542748595529332
4.549880601500488	0.2530378255698241
4.560369159512962	0.2518052347510016
4.570881896148752	0.2505770871934692
4.581418867145335	0.24935338264390242
4.591980128368688	0.24813412049411326
4.6025657358135605	0.24691929977648058
4.613175745603796	0.24570891915933182
4.623810213992603	0.2445029769422859
4.634469197362879	0.2433014710515503
4.645152752227495	0.24210439903517528
4.6558609352295885	0.24091175805826595
4.666593803142887	0.23972354489814582
4.677351412871981	0.2385397559394813
4.688133821452653	0.2373603871693541
4.698941086052153	0.23618543417229645
4.709773263969529	0.23501489212527252
4.720630412635905	0.2338487557926201
4.731512589614805	0.2326870195209405
4.7424198526024455	0.23152967723394696
4.753352259428054	0.2303767224272594
4.7643098680541565	0.22922814816315826
4.775292736576909	0.22808394706528395
4.786300923226383	0.2269441113132931
4.797334486366892	0.2258086326374621
4.808393484497285	0.224677502313244
4.819477976251274	0.22355071115577319
4.830588020397726	0.22242824951432355
4.841723675840994	0.2213101072667121
4.8528850016212095	0.22019627381365572
4.864072056914616	0.21908673807307227
4.875284901033862	0.21798040130611065
4.886523593428336	0.2168733954923243
4.897788193684462	0.21577062659767599
4.909078761526032	0.214672096061783
4.920395356814509	0.21357780501421073
4.9317380395493595	0.21248775427040484
4.943106869868354	0.21140194432758772
4.954501908047903	0.21032037536061313
4.96592321450336	0.20924304721778647
4.97737084978936	0.2081699594166412
4.9888448746001215	0.20710111113968094
5.000345349769786	0.20603650123007727
5.011872336272722	0.20497612818733182
5.0234258952238715	0.2039199901628937
5.035006087879047	0.20286808495574102
5.046612975635284	0.20182041000791687
5.05824662003114	0.20077696240002826
5.0699070827470445	0.19973773884669907
5.081594425605605	0.1987027356919857
5.093308710571955	0.19767194890474604
5.105049999754062	0.19664537407396956
5.116818355403078	0.19562300640406094
5.1286138399136485	0.19460484071008377
5.140436515824262	0.19359087141295736
5.152286445817564	0.19258109253461228
5.16416369272071	0.19157549769309912
5.176068319505676	0.19057408009765464
5.188000389289612	0.1895768325437206
5.199959965335159	0.18858374740791944
5.211947111050805	0.18759481664298147
5.223961889991197	0.18661003177262928
5.236004365857504	0.18562938388641068
5.248074602497725	0.18465286363449082
5.2601726639070625	0.18368046122239015
5.2722986142282275	0.182712166405681
5.284452517751805	0.18174796848463126
5.296634438916578	0.18078785629880248
5.308844442309884	0.17983181822159683
5.321082592667942	0.17887984215475736
5.333348954876211	0.1779319155228154
5.345643593969716	0.1769880252674913
5.357966575133418	0.176048157842041
5.370317963702527	0.17511229920555577
5.382697825162884	0.17418043481720588
5.3951062251512765	0.17325254963043749
5.4075432294558095	0.1723286280871132
5.420008904016238	0.17140865411160303
5.432503314924333	0.17049261110482009
5.445026528424211	0.16958048193820516
5.4575786109127105	0.16867224894765462
5.470159628939716	0.16776643781087874
5.482769649208539	0.16685786523731339
5.495408738576246	0.1659530996342704
5.508076964054036	0.16505214056907833
5.520774392807573	0.16415498731291517
5.533501092157368	0.1632616388370106
5.546257129579107	0.1623720938088154
5.559042572704037	0.1614863505881333
5.5718574893192985	0.16060440722321911
5.584701947368309	0.15972626144683835
5.597576014951102	0.15885191067229312
5.610479760324706	0.15798135198940816
5.623413251903491	0.15711458216048302
5.6363765582595455	0.1562515976162045
5.649369748123025	0.15539239445152295
5.6623928903825345	0.15453696842148948
5.675446054085471	0.15368531493705645
5.688529308438416	0.15283742906083722
5.701642722807475	0.15199330550282977
5.714786366718672	0.15115293861609794
5.727960309858292	0.15031632239241682
5.741164622073277	0.14948345045787476
5.7543993733715695	0.148654316068438
5.767664633922509	0.14782891210547286
5.780960474057181	0.14700723107122876
5.794286964268812	0.14618926508427868
5.807644175213121	0.14537500587491958
5.821032177708716	0.14456444478052927
5.834451042737448	0.14375757274088327
5.847900841444809	0.14295438029342708
5.861381645140288	0.14215485756850774
5.874893525297769	0.14135899428455984
5.88843655355589	0.1405667797432507
5.902010801718445	0.139778202824579
5.91561634175474	0.13899325198193196
5.9292532458	0.13821191523709495
5.942921586155727	0.13743418017521924
5.956621435290106	0.13666003393974174
5.970352865838369	0.13588946322726142
5.984115950603199	0.13512245428236744
5.997910762555095	0.13435899289242353
6.011737374832782	0.1335990643823026
6.025595860743578	0.13284265360907702
6.0394862937638	0.13208974495665926
6.0534087475391365	0.13134032233039655
6.067363295885055	0.13059436915161496
6.08135001278718	0.1298518683521172
6.095368972401694	0.1291128023686294
6.109420249055721	0.1283771531372004
6.123503917247737	0.1276449020875487
6.137620051647943	0.12691446514115362
6.151768727098683	0.12618027198777135
6.165950018614822	0.1254493828086831
6.180164001384161	0.12472179783942916
6.1944107507678146	0.12399751707099994
6.208690342300634	0.12327654024667745
6.223002851691596	0.12255886685884824
6.237348354824191	0.12184449614578759
6.251726927756859	0.12113342708841109
6.266138646723353	0.12042565840699937
6.2805835881331795	0.1197211885578899
6.295061828571975	0.11902001573013987
6.309573444801933	0.11832213784215705
6.324118513762193	0.11762755253830055
6.33869711256927	0.11693625718544874
6.353309318517436	0.11624824886953791
6.367955209079159	0.11556352439206626
6.382634861905486	0.11488208026656826
6.397348354826482	0.11420391271505446
6.412095765851615	0.11352901766442061
6.4268771731701975	0.11285739074282197
6.441692655151772	0.11218902727601666
6.456542290346556	0.11152392228367258
6.471426157485831	0.11086207047564395
6.486344335482385	0.11020346624821074
6.501296903430906	0.10954810368028638
6.516283940608428	0.10889597652958895
6.531305526474723	0.108247078228779
6.546361740672751	0.1076014018815608
6.561452663029053	0.10695894025875013
6.576578373554206	0.10631968579430394
6.591738952443213	0.10568363058131652
6.606934480075961	0.10505076636797721
6.622165037017619	0.10442108455349361
6.637430704019089	0.10379457618397558
6.652731562017413	0.1031712319482847
6.668067692136222	0.10255104217384395
6.6834391756861455	0.10193399682241137
6.698846094165265	0.1013200854858142
6.714288529259523	0.10070929738164637
6.729766562843179	0.1001016213489253
6.745280276979219	0.09949704584371163
6.760829753919819	0.098895558934688
6.77641507610675	0.09829714829869995
6.792036326171846	0.09770180121625495
6.807693586937414	0.09710950456698296
6.823386941416698	0.09652024482505502
6.839116472814292	0.0959340080545623
6.8548822645266165	0.09535077990485216
6.870684400142321	0.09477054560582499
6.886522963442762	0.09419217738121266
6.902398038402419	0.09361171351507885
6.918309709189366	0.09303417145752627
6.934258060165691	0.09245954956287952
6.9502431758879695	0.0918878459485918
6.966265141107686	0.09131905849227633
6.982324040771715	0.09075318482870841
6.998419960022734	0.0901902223468027
7.014552984199714	0.08963016818655957
7.030723198838334	0.0890730192359862
7.046930689671471	0.08851877212798719
7.06317554262962	0.08796742323722831
7.07945784384138	0.08741896867697013
7.095777679633888	0.08687340429587434
7.112135136533292	0.08633072567477876
7.128530301265195	0.08579092812344528
7.1449632607551345	0.08525400667727571
7.16143410212902	0.08471995609400007
7.177942912713619	0.08418877085033256
7.194489780036995	0.08366044513859909
7.211074791828998	0.08313497286333228
7.227698036021702	0.08261234763783741
7.2443596007499025	0.08209256278072534
7.261059574351547	0.08157561131241622
7.277798045368242	0.08106148595160909
7.294575102545687	0.08055017911172187
7.311390834834176	0.08004168289729738
7.3282453313890406	0.07953598910037843
7.345138681571151	0.07903308919684886
7.362070974947361	0.07853297434274288
7.379042301291012	0.07803563537052
7.396052750582378	0.07754106278530784
7.413102413009177	0.0770492467611097
7.430191378967014	0.07656017713697957
7.447319739059893	0.0760738434131616
7.464487584100665	0.07559023474719603
7.481695005111545	0.07510933994998935
7.498942093324558	0.07463114748185037
7.516228940182057	0.07415564544848967
7.533555637337174	0.07368282159698475
7.550922276654341	0.07321266331170774
7.568328950209744	0.07274515761021833
7.58577575029184	0.07228029113911862
7.603262769401819	0.07181805016987289
7.620790100254123	0.07135842059458825
7.638357835776907	0.07090138792175978
7.655966069112566	0.07044693727197623
7.67361489361819	0.0699950533735894
7.691304402866098	0.0695457205583433
7.709034690644301	0.06909892275696654
7.726805850957025	0.06865355735049551
7.744617978025188	0.06820575513066852
7.76247116628692	0.06776041269673173
7.78036551039804	0.06731752682770896
7.798301105232589	0.06687709408079638
7.816278045883297	0.06643911078866059
7.83429642766212	0.06600357305671055
7.852356346100718	0.06557047676034598
7.870457896950989	0.06513981754217933
7.888601176185544	0.06471159080923408
7.906786279998253	0.06428579173011569
7.925013304804718	0.06386241523215887
7.943282347242818	0.06344145599854686
7.961593504173188	0.06302290846540669
7.979946872679768	0.06260676681887624
7.9983425500702845	0.06219302499214628
8.016780633876794	0.06178167666247458
8.035261221856173	0.06137271524817428
8.05378441199067	0.06096613390557352
8.072350302488383	0.06056192552594957
8.090958991783825	0.06016008273243334
8.109610578538408	0.05976059787688804
8.128305161640995	0.05936346303675781
8.147042840208396	0.058968670011890066
8.165823713585926	0.05857621032132732
8.1846478813479	0.05818607520007216
8.203515443298185	0.05779825559582166
8.222426499470712	0.057412742165673825
8.241381150130026	0.057029525272803465
8.260379495771788	0.05664859498310973
8.279421637123345	0.05626994106183223
8.298507675144226	0.05589355297013846
8.317637711026709	0.05551941986167953
8.336811846196344	0.05514753057911605
8.356030182312479	0.05477787365061346
8.375292821268827	0.0544104372863048
8.394599865193973	0.054045209374724026
8.413951416451951	0.05368217747920566
8.433347577642753	0.05332132883425457
8.452788451602899	0.052962650341881905
8.472274141405963	0.052606128567909964
8.491804750363139	0.05225174973824322
8.511380382023763	0.05189949973510776
8.531001140175896	0.0515493640932561
8.550667128846833	0.051201327996140016
8.570378452303697	0.05085537627204836
8.590135215053957	0.050511493390211964
8.609937521846007	0.050169663456873584
8.629785477669701	0.0498298702113238
8.649679187756934	0.04949209702190163
8.669618757582166	0.049155127613891875
8.689604292863018	0.04881469105170957
8.709635899560805	0.048476195256101175
8.729713683881117	0.04813963807804284
8.74983775227436	0.047805017199874345
8.770008211436348	0.0474723301332314
8.790225168308842	0.04714157421696037
8.810488730080142	0.04681274661501297
8.830799004185627	0.04648584431432244
8.851156098308357	0.046160864122659656
8.871560120379607	0.045837802666470466
8.892011178579486	0.04551665638869247
8.912509381337454	0.0451974215465532
8.933054837332953	0.0448800942093467
8.953647655495937	0.04456467025619146
8.974287945007486	0.04425114537376675
8.994975815300352	0.043939515054029814
9.01571137605957	0.043629774591910774
9.036494737223014	0.04332191908298838
9.057326008982002	0.043015943421143274
9.078205301781857	0.04271184229619146
9.099132726322518	0.042409610191495195
9.120108393559097	0.04210924138155341
9.141132414702504	0.04181072992956961
9.162204901219997	0.041514069684998704
9.183325964835811	0.04121925428107106
9.204495717531712	0.040926277132295096
9.225714271547634	0.040635131431936554
9.246981739382225	0.04034581014947657
9.268298233793494	0.040058306028045325
9.289663867799362	0.039772611581834476
9.311078754678306	0.03948871909348489
9.33254300796991	0.0392066206114526
9.354056741475521	0.03892630794734986
9.375620069258803	0.03864777267326372
9.39723310564638	0.03837100611904987
9.418895965228414	0.03809599936960313
9.440608762859236	0.03782274326210299
9.462371613657929	0.037551228383235546
9.484184633008974	0.0372814450663898
9.506047936562814	0.037013383388830416
9.527961640236521	0.03674703316884392
9.549925860214358	0.03648238396286129
9.571940712948447	0.03621942506255364
9.594006315159332	0.03595814549190348
9.616122783836648	0.035698534004249285
9.638290236239705	0.03544057907930462
9.660508789898136	0.035184268920150516
9.68277856261249	0.034929591450202004
9.7050996724549	0.0346765343101472
9.727472237769652	0.03442422944603741
9.749896377173872	0.03416962996986429
9.772372209558107	0.033916592668290314
9.79489985408699	0.03366511543745525
9.817479430199844	0.03341519603401019
9.84011105761134	0.03316683207342322
9.862794856312105	0.0329200210282707
9.885530946569391	0.03267476022651207
9.908319448927676	0.03243104684974978
9.93116048420934	0.03218887793147265
9.954054173515269	0.03194825035528393
9.977000638225535	0.03170916085311275
10.	0.03147160600340986
10.023052380778994	0.031235582229326556
10.046157902783957	0.031001085796877347
10.069316688518045	0.030768112813086432
10.092528860766844	0.030536659224116528
10.115794542598982	0.03030672081338157
10.1391138573668	0.03007829319964208
10.16248692870696	0.02985137183508397
10.18591388054117	0.029625952003378846
10.209394837076797	0.029402028817728125
10.232929922807546	0.029179597218888846
10.256519262514079	0.028958651973182477
10.280162981264736	0.028739187670484872
10.303861204416158	0.02852119872219912
10.32761405761398	0.02830467935920978
10.351421666793442	0.02808962362981957
10.375284158180126	0.02787602539766626
10.39920165829059	0.027663878339622316
10.423174293933046	0.027453175943675176
10.447202192208003	0.02724391150678914
10.471285480508996	0.027036078132747315
10.495424286523221	0.02682966872997548
10.519618738232236	0.026624676009345816
10.543868963912592	0.02642109248196196
10.568175092136585	0.026218910456923313
10.592537251772887	0.026018122039070554
10.616955571987253	0.025818719126710785
10.641430182243164	0.02562069340932281
10.665961212302578	0.025424036365241577
10.690548792226577	0.025228739259322782
10.71519305237607	0.025034793140586695
10.739894123412451	0.024842188839841368
10.76465213629835	0.024650916967284383
10.789467222298287	0.024460967910084185
10.814339512979387	0.024272331829939736
10.83926914021204	0.024084998660619184
10.864256236170656	0.023898958105476133
10.889300933334333	0.023714199634945025
10.91440336448757	0.023530011389350628
10.939563662720943	0.02334389573137882
10.964781961431852	0.0231590132871387
10.990058394325208	0.02297536192770375
11.015393095414156	0.02279293940864427
11.040786199020735	0.022611743368643387
11.066237839776663	0.02243177132809969
11.091748152624008	0.022253020687718086
11.117317272815919	0.022075488727087346
11.142945335917304	0.021899172603245236
11.168632477805613	0.02172406934922999
11.194378834671515	0.02155017587261934
11.220184543019629	0.021377488954056136
11.24604973966927	0.021206005245760544
11.271974561755105	0.0210357212700293
11.297959146727976	0.020866633417720704
11.324003632355566	0.020698737946726643
11.350108156723154	0.02053203098043072
11.37627285823431	0.02036650850615258
11.402497875611685	0.020202166373577992
11.428783347897712	0.020039000293175274
11.45512941445536	0.019877005834597294
11.481536214968829	0.019716178425069567
11.508003889444357	0.019556513347763264
11.534532578210918	0.019398005740154364
11.561122421920993	0.019240650592367816
11.587773561551263	0.01908444274550736
11.614486138403427	0.018929376889969776
11.641260294104908	0.018775447563744878
11.66809617060963	0.018622649150699902
11.694993910198711	0.01847097587884925
11.721953655481304	0.018320421818608032
11.748975549395292	0.018170980881030918
11.776059735208078	0.01802264681603505
11.803206356517299	0.017875413210607417
11.830415557251646	0.017729273486996038
11.857687481671597	0.017584220900885586
11.88502227437019	0.01744024853955669
11.91242008027375	0.01729734932002932
11.93988104464273	0.017155515987189097
11.967405313072431	0.017014741111898067
11.994993031493793	0.01687501708908813
12.02264434617413	0.016736336135838307
12.050359403717973	0.016598690289434465
12.078138351067798	0.01646207140541263
12.10598133550483	0.01632647115558485
12.133888504649775	0.016191881026048002
12.161860006463678	0.016058292315174794
12.189895989248662	0.0159256961315876
12.217996601648723	0.015794083392114352
12.246161992650489	0.01566283552301688
12.274392311584071	0.01552978200492501
12.30268770812381	0.015397669727207108
12.331048332289097	0.015266496951255948
12.359474334445107	0.015136261849395963
12.387965865303691	0.015006962503820335
12.416523075924106	0.014878596905519164
12.445146117713856	0.014751162953197424
12.473835142429433	0.014624658452183662
12.5025903021772	0.01449908111332813
12.531411749414156	0.01437442855189155
12.560299636948754	0.014250698286423676
12.589254117941675	0.014127887737631841
12.618275345906707	0.014005994227238973
12.64736347471151	0.013885014976831835
12.67651865857846	0.013764947106698547
12.705741052085418	0.01364578763465602
12.735030810166617	0.013527533474866432
12.764388088113435	0.01341018143664348
12.793813041575252	0.013293728223247776
12.823305826560219	0.013178170430671697
12.852866599436155	0.013063504546412903
12.882495516931336	0.012949726948237412
12.912192736135347	0.012836833902931364
12.941958414499863	0.012724821565041936
12.971792709839558	0.01261368597560656
13.001695780332899	0.01250342306087138
13.031667784523	0.012394028630997957
13.061708881318419	0.012285498378758855
13.09181922999407	0.012177827878221146
13.121998990192028	0.012071012583418712
13.15224832192239	0.011965047827012557
13.182567385564074	0.011859928818939507
13.212956341865752	0.011755650645048533
13.243415351946643	0.011652208265725486
13.273944577297401	0.011549596514505418
13.304544179780914	0.01144781009667294
13.33521432163324	0.01134684358784984
13.365955165464419	0.011246691432570675
13.396766874259358	0.011147347942845602
13.427649611378643	0.01104880729671083
13.458603540559483	0.01095106353676594
13.489628825916533	0.010854110568698755
13.52072563194278	0.010757942159797114
13.551894123510364	0.010662551937447797
13.583134465871542	0.010567933387621886
13.614446824659497	0.010474079853347406
13.645831365889252	0.010380984533168276
13.677288255958494	0.010288640479590059
13.708817661648537	0.01019704059751185
13.740419750125149	0.010105720234855889
13.772094688939474	0.01001304966798348
13.803842646028853	0.009921090738877383
13.83566378971781	0.009829841851272392
13.867558288718882	0.009739301338243217
13.89952631213354	0.009649467461371655
13.931568029453036	0.009560338409906435
13.963683610559377	0.009471912299915106
13.995873225726179	0.009384187173428713
14.028137045619589	0.00929716099757854
14.060475241299143	0.009210831663725265
14.092887984218748	0.009125196986579993
14.12537544622754	0.009040254703317771
14.157937799570824	0.008956002472682863
14.190575216890926	0.008872437874086357
14.223287871228198	0.008789558406695196
14.25607593602188	0.008707361488513572
14.288939585111036	0.008625844455455785
14.321878992735439	0.008545004560411112
14.35489433353656	0.008464838972299986
14.387985782558452	0.00838534477512207
14.421153515248696	0.008306518966995741
14.45439770745928	0.008228358459189162
14.487718535447618	0.008150860075142444
14.52111617587742	0.008074020549481475
14.554590805819668	0.007997836527022814
14.58814260275349	0.007922304561769932
14.621771744567184	0.007847421115900274
14.655478409559112	0.00777318255874371
14.689262776438676	0.007699585165751696
14.723125024327194	0.007626625117457625
14.757065332758946	0.0075542984984276135
14.791083881682072	0.007482601296202389
14.825180851459544	0.0074115294002296914
14.859356422870075	0.0073410786007874484
14.893610777109155	0.007271244587897168
14.92794409578996	0.007202022950228133
14.962356560944343	0.007133409173991761
14.99684835502374	0.007065398641826481
15.031419660900225	0.006997986631672515
15.066070661867418	0.0069311683156371385
15.100801541641477	0.0068649387588498485
15.135612484362087	0.006799292918307531
15.170503674593368	0.006734225641709692
15.205475297324954	0.006669731666283254
15.240527537972907	0.006605805617597366
15.275660582380732	0.006542442008367748
15.310874616820303	0.006479635237250765
15.346169827992941	0.006417379587626772
15.381546403030342	0.006355669226373147
15.4170045294956	0.0062941245918256995
15.452544395384141	0.0062314144957373915
15.488166189124811	0.006169223025845359
15.523870099580817	0.0061075488572713745
15.55965631605075	0.006046390611759609
15.595525028269538	0.005985746857053244
15.631476426409538	0.005925616106265177
15.667510701081484	0.005865996817243365
15.70362804333553	0.005806887391930304
15.739828644662197	0.005748286175716921
15.776112696993485	0.005690191456790409
15.812480392703826	0.005632601465476515
15.848931924611142	0.005575514373575746
15.88546748597779	0.005518928293693862
15.9220872705117	0.0054628412785660595
15.95879147236732	0.0054072513203754675
15.995580286146694	0.005352156350065342
16.032453906900418	0.005297554236645345
16.069412530128773	0.005243442786491398
16.106456351782697	0.005189819742639526
16.143585568264868	0.005136682784073316
16.18080037643066	0.005084029525005204
16.218100973589298	0.005031857514151143
16.255487557504836	0.004980164233999089
16.292960326397232	0.004928947100070879
16.330519478943348	0.004878203460177699
16.368165214278086	0.0048279305936688
16.40589773199539	0.0047781257106737605
16.443717232149325	0.00472878595133797
16.481623915255085	0.0046799083850514915
16.51961798229015	0.004631490009670916
16.557699634695275	0.004583527750734622
16.595869074375614	0.004536018460670969
16.634126503701697	0.004488958917999699
16.672472125510627	0.004442345826526113
16.71090614310707	0.004396175814528388
16.749428760264383	0.004350445433937659
16.788040181225607	0.0043051511595110625
16.82674061070467	0.004260289387997316
16.865530253887407	0.004215856437295227
16.90440931643265	0.004171848545604774
16.94337800447329	0.004128261870570816
16.982436524617444	0.004085092488419234
17.0215850839495	0.004042336393085696
17.060823890031244	0.003999989495336711
17.10015315090288	0.003958047621883222
17.139573075084254	0.003916506514486237
17.179083871575877	0.003875361829054929
17.21868574986008	0.003834609134736788
17.25837891990204	0.003794243912999986
17.298163592151013	0.003753967588203003
17.338039977541374	0.0037127328196351703
17.378008287493763	0.0036718647828918862
17.418068733916144	0.003631362523109142
17.458221529205037	0.003591225047658194
17.498466886246565	0.0035514513257055265
17.53880501841762	0.0035120402877687395
17.579236139586932	0.0034729908252685293
17.619760464116293	0.0034343017900765292
17.66037820686164	0.0033959719940592336
17.70108958317422	0.0033580002086177592
17.741894808901662	0.0033203851642235713
17.78279410038923	0.0032831255499499164
17.82378767448089	0.0032462200129992395
17.864875748520518	0.003209667158226253
17.906058540352948	0.003173465547656909
17.947336268325266	0.003137613700002883
17.988709151287875	0.003102110090171917
18.030177408595698	0.003066953148773734
18.071741260109274	0.003032141261621623
18.113400926196025	0.0029976727692294777
18.15515662773135	0.0029635459663045257
18.197008586099845	0.0029297591012354706
18.238957023196384	0.0028963103755761995
18.281002161427427	0.0028631979435247727
18.323144223712113	0.002830419911397966
18.365383433483473	0.0027979743371010966
18.407720014689563	0.0027658592295932436
18.450154191794738	0.002734072548347621
18.492686189780777	0.0027026122028073643
18.535316234148123	0.002671476051836411
18.57804455091699	0.0026406619031656693
18.620871366628677	0.0026101675128341662
18.663796908346693	0.002579990584625466
18.706821403658015	0.002550128769499012
18.74994508067419	0.0025205796650166153
18.793168168032686	0.0024913408147637763
18.836490894898002	0.0024624097077660854
18.879913490962945	0.0024337837779004326
18.92343618644976	0.0024054604033011593
18.967059212111465	0.002377436905760925
19.010782799232995	0.0023497105501264505
19.054607179632484	0.0023222785436889356
19.098532585662387	0.002295138035569256
19.14255925021086	0.0022682861160976723
19.18668740670289	0.002241719816188295
19.230917289101594	0.0022154361067080316
19.275249131909366	0.002189431897840126
19.31968317016924	0.002163704038442094
19.364219639466068	0.0021382493153981807
19.408858775927794	0.0021128594347773425
19.453600816226633	0.0020868039014510713
19.498445997580454	0.0020610068490664285
19.543394557753942	0.0020354675464906344
19.58844673505991	0.0020101852353901846
19.633602768360475	0.0019851591299159892
19.67886289706845	0.0019603884163856148
19.724227361148536	0.0019358722529627757
19.76969640111862	0.0019116097693339018
19.81527025805099	0.001887600066381861
19.860949173573715	0.0018638422158566903
19.906733389871864	0.001840335260043472
19.952623149688808	0.001817078211427211
19.998618696327448	0.001794070052354757
20.044720273651613	0.0017713097346936516
20.090928126087277	0.0017487961794880242
20.137242498623895	0.0017265282766113787
20.183663636815616	0.0017045048844163565
20.23019178678272	0.0016827248293813052
20.276827195212817	0.0016611869057537967
20.32357010936221	0.0016398898751909688
20.37042077705719	0.0016188324663966602
20.417379446695296	0.001598013374755411
20.46444636724674	0.0015774312619631164
20.511621788255646	0.0015570847556545407
20.558905959841425	0.0015369724490274712
20.606299132700006	0.0015170929004636406
20.65380155810529	0.0014974446331462042
20.701413487910415	0.001478026134673955
20.749135174549107	0.0014588358566721069
20.79696687103696	0.0014398722143996923
20.844908830972887	0.001421133586353455
20.892961308540386	0.0014026183138683473
20.941124558508935	0.0013843247007144757
20.989398836235246	0.0013662510126905894
21.03778439766475	0.0013483954772139186
21.086281499332888	0.0013307562829065066
21.134890398366476	0.00131333157917792
21.183611352485023	0.0012961194758043212
21.23244462000219	0.0012791180425038384
21.28139045982711	0.0012623253085082852
21.330449131465773	0.0012457392621311382
21.379620895022324	0.001229357850331785
21.428906011200585	0.0012131789782759167
21.47830474130533	0.0011972005088921964
21.527817347243737	0.0011814202624250186
21.57744409152667	0.001165836015983455
21.6271852372702	0.0011504455030862156
21.67704104819694	0.0011352464132027458
21.727011788637455	0.0011202363912903223
21.77709772353159	0.0011052744893118207
21.827299118430012	0.0010898668613239454
21.87761623949552	0.001074637830356655
21.9280493535045	0.0010595867078682126
21.978598727848254	0.0010447127841739044
22.02926463053456	0.00103001532820665
22.080047330188993	0.0010154935872755371
22.13094709605639	0.0010011467868221873
22.181964198002195	0.0009869741301749906
22.23309890651403	0.0009729747983011001
22.28435149270303	0.0009591479495562915
22.335722228305325	0.0009454927194325778
22.3872113856834	0.0009320082203036227
22.438819237827662	0.000918693541167847
22.490546058357804	0.000905547747389333
22.542392121524305	0.0008925698804363951
22.59435770220978	0.000879758957617901
22.646443075930595	0.0008671139718171982
22.698648518838212	0.000854633891223763
22.750974307720718	0.0008423176590624627
22.803420720004187	0.0008301641933204646
22.8559880337543	0.0008181723864716971
22.908676527677724	0.0008063411051989542
22.961486481123632	0.0007946691901135316
23.01441817408509	0.0007831554554724355
23.06747188720069	0.0007717986888930722
23.12064790175594	0.0007605976510654962
23.173946499684796	0.0007495510754621144
23.227367963571073	0.0007386576680448816
23.280912576650078	0.0007279161069699082
23.33458062281002	0.0007173250422895306
23.38837238659356	0.0007068830956517682
23.442288153199225	0.0006965888599971916
23.49632820848307	0.000686440899253107
23.55049283896009	0.0006764377480251424
23.604782331805783	0.0006665779112861199
23.65919697485759	0.0006568598640622631
23.71373705661655	0.0006472820511166376
23.76840286624876	0.0006378428866299025
23.823194693586913	0.0006285407538782697
23.878112829131783	0.0006193740049087041
23.933157564053875	0.0006103409602112821
23.9883291901949	0.0006014399083887611
24.043628000069347	0.0005926691058232744
24.099054286865954	0.0005840267763401793
24.154608344449404	0.0005755111108689706
24.210290467361776	0.0005671202671013217
24.266100950824168	0.0005588523691461499
24.32204009073816	0.0005507055071817542
24.378108183687527	0.0005426777371049205
24.434305526939713	0.0005346504251851868
24.49063241844747	0.0005262078071383836
24.547089156850312	0.0005178756006029557
24.603676041476273	0.0005096532778240122
24.660393372343385	0.0005015402966413933
24.717241450161318	0.0004935361003291913
24.774220576332862	0.00048564011743387303
24.831331052955704	0.00047785176161093616
24.888573182823905	0.00047017043146016285
24.94594726942956	0.00046259551035940334
25.003453616964322	0.0004551263662969094
25.06109253032114	0.00044776235170216797
25.118864315095795	0.00044050280327527356
25.17676927758857	0.0004333470418147892
25.234807724805755	0.00042629437204411017
25.29297996446145	0.0004193440824362805
25.35128630497907	0.00041249544503730017
25.409727055493065	0.00040574771528786835
25.46830252585042	0.00039910013184359225
25.527013026612472	0.00039255191639358595
25.58585886905645	0.0003861022734775206
25.64484036517719	0.0003797503903010581
25.703957827688647	0.0003734954365496972
25.763211570025756	0.00036733656420096487
25.82260190634596	0.00036127290733500443
25.88212915153093	0.0003553035819434986
25.94179362118815	0.00034942768573694805
26.001595631652723	0.00034364429795025083
26.06153549998895	0.0003379524791466227
26.12161354399208	0.00033235127101979655
26.18183008218986	0.00032683969619453154
26.24218543384442	0.0003214167580253618
26.302679918953814	0.0003160814403936367
26.363313858253814	0.00031083270750278827
26.424087573219474	0.0003056695036718448
26.485001386067008	0.0003005907531271399
26.54605561975539	0.0002955953597922489
26.607250597988113	0.00029068220707610047
26.668586645214805	0.0002858501576592782
26.730064086633117	0.00028109805327845914
26.791683248190314	0.00027642471450902545
26.85344445658509	0.0002718289405457885
26.915348039269166	0.0002673095089818505
26.977394324449207	0.0002628651755855412
27.039583641088434	0.000258494674075469
27.101916318908415	0.0002541967158936304
27.164392688390837	0.000249969989976578
27.227013080779127	0.0002458131625246437
27.289777828080403	0.0002417248767691647
27.35268726306711	0.00023770375273774404
27.415741719278834	0.00023366420110627062
27.478941531023974	0.00022930620518271265
27.542287033381662	0.00022500918511740437
27.605778562203447	0.00022077278940021405
27.669416454115126	0.0002165966577561293
27.73320104651841	0.00021248042104894823
27.797132677592884	0.0002084237011841043
27.861211686297693	0.00020442611101065914
27.925438412373392	0.00020048725422242304
27.98981319634363	0.00019660672525821936
28.05433637951713	0.0001927841092012582
28.119008303989396	0.00018901898167764637
28.18382931264455	0.00018531090875400152
28.248799749157076	0.00018165944683417782
28.31391995799379	0.00017806414255507687
28.37919028441555	0.0001745245326815653
28.44461107447917	0.00017104014400046605
28.510182675039097	0.00016761049321363655
28.575905433749465	0.00016423508683009977
28.641779699065797	0.00016091342105725433
28.70780582024692	0.0001576449816911291
28.773984147356696	0.00015442924400569397
28.84031503126606	0.00015126567264119552
28.906798823654746	0.00014815372149154046
28.973435877013245	0.00014509283359069285
29.04022654464451	0.00014208244099809912
29.10717118066605	0.0001391219646831052
29.17427014001166	0.0001362108144083916
29.24152377843337	0.00013334838861239165
29.308932452503214	0.00013053407429070363
29.376496519615305	0.00012776724687646736
29.4442163379876	0.00012504727011972307
29.51209226666387	0.0001223734959657237
29.580124665515466	0.00011974526443220816
29.648313895243422	0.00011716190348560632
29.716660317380253	0.00011462272891619337
29.78516429429191	0.00011212704421216543
29.853826189179603	0.00010967414043264058
29.92264636608189	0.00010726329607956194
29.9916251898765	0.0001048937769685121
30.060763026282324	0.00010256483609841757
30.13006024186122	0.00010027571352014347
30.19951720402016	0.00009802563620395474
30.269134281013045	0.00009581381790585628
30.338911841942718	0.00009363945903278545
30.4088502567628	0.00009150174650666074
30.47894989627983	0.00008939985362726209
30.549211132155122	0.0000873329399339519
30.61963433690679	0.00008530015106621498
30.69021988391158	0.00008330061862301614
30.76096814740708	0.0000813334600209539
30.831879502493535	0.00007939777835121803
30.90295432513592	0.00007749266223532812
30.97419299216581	0.00007561718567965173
31.045595881283557	0.00007377040792868314
31.11716337106017	0.00007195137331708554
31.188895840939384	0.00007015911112047658
31.260793671239558	0.00006839263540495572
31.332857243155857	0.00006665094487535211
31.405086938762164	0.00006493302272219726
31.477483141013174	0.00006323783646740106
31.550046233746276	0.0000615643378086308
31.622776601683793	0.000059911462462369624
31.6956746304349	0.000058278130005659355
31.768740706497724	0.00005666324371650738
31.841975217261254	0.00005506569041295337
31.915378551007617	0.00005348434029077533
31.988951096913972	0.00005191804675983939
32.062693245054675	0.00005036564627906915
32.13660538640318	0.00004882595819003499
32.210687912834345	0.00004729778454913916
32.284941217126345	0.00004577990995840129
32.35936569296285	0.00004427110139482153
32.43396173493493	0.0000427701080383191
32.50872973854344	0.00004127566109822265
32.58367010020087	0.00003978647363831811
32.6587832172336	0.00003830124040042832
32.73406948788383	0.000036818637626523527
32.809529311311906	0.0000353373228793401
32.88516308759829	0.00003385593486150858
32.960971217745794	0.00003237309323316939
33.03695410368149	0.00003088739842807374
33.11311214825911	0.00002939743146814404
33.18944575526103	0.000027901753776499554
33.26595532940047	0.00002639890698892027
33.342641276323505	0.00002488741276374918
33.419504002611426	0.000023365772590206994
33.49654391578276	0.000021832467595121864
33.57376142429548	0.000020285958348051693
33.65115693754908	0.00001872468466479213
33.72873086588689	0.000017147065409251244
33.80648362059815	0.000015551498293686932
33.884415613920275	0.00001393635967728763
33.962527259040854	0.00001230000436308979
34.04081897010009	0.000010640765393207864
34.119291162192845	8.956953842379542e-6
34.197944251370906	7.246858609799849e-6
34.27677865464505	5.508746209241529e-6
34.35579478998746	3.740860557435738e-6
34.43499307633384	1.9414227607135856e-6