0.1	10.959960827196106
0.10023052380778996	10.94656812809127
0.10046157902783952	10.933176217578902
0.10069316688518042	10.919785091967706
0.10092528860766845	10.906394746481217
0.10115794542598985	10.893005175243072
0.10139113857366794	10.87960113329585
0.10162486928706957	10.866195083037985
0.1018591388054117	10.852789738278211
0.102093948370768	10.839385132189559
0.10232929922807542	10.825981297374463
0.10256519262514076	10.81257826585496
0.10280162981264736	10.799176069062797
0.10303861204416162	10.785774737829433
0.10327614057613975	10.77237430237593
0.10351421666793438	10.75897479230278
0.10375284158180126	10.74557623657956
0.10399201658290592	10.73217866353456
0.10423174293933042	10.718782100844251
0.10447202192208001	10.705386575522665
0.10471285480508996	10.691992113910679
0.10495424286523224	10.678598741665173
0.1051961873823223	10.665206483748083
0.1054386896391259	10.651815364415366
0.10568175092136585	10.638425407205819
0.10592537251772889	10.625036634929815
0.10616955571987247	10.611649069657911
0.10641430182243161	10.598262732709355
0.10665961212302578	10.584877644640466
0.1069054879222658	10.57149382523291
0.10715193052376065	10.558111293481845
0.10739894123412448	10.544730067583973
0.1076465213629835	10.53135016492545
0.10789467222298288	10.517971602069686
0.1081433951297938	10.50459439474502
0.10839269140212036	10.491218557832298
0.10864256236170655	10.477844105352284
0.10889300933334335	10.464471050453
0.10914403364487565	10.451099405396894
0.10939563662720939	10.437729181547912
0.1096478196143185	10.424360389358435
0.10990058394325211	10.410993038356091
0.11015393095414151	10.39762713713044
0.11040786199020733	10.384262693319513
0.11066237839776664	10.370899713596248
0.11091748152624012	10.357538203654775
0.11117317272815914	10.344178168196565
0.11142945335917301	10.330819610916475
0.11168632477805612	10.317462534488612
0.11194378834671516	10.304106940552096
0.11220184543019636	10.290752829696677
0.11246049739669266	10.27740020144821
0.11271974561755105	10.264049054253986
0.11297959146727979	10.250699385467941
0.11324003632355571	10.237351191335696
0.11350108156723152	10.224004466979476
0.1137627285823431	10.210643736038472
0.11402497875611688	10.197281652036487
0.11428783347897718	10.183920971235123
0.11455129414455358	10.170561728373585
0.1148153621496883	10.157203957604521
0.11508003889444356	10.143847692483966
0.11534532578210924	10.130492965961178
0.11561122421920987	10.117139810368386
0.11587773561551262	10.103788257410397
0.11614486138403426	10.090438338154152
0.11641260294104915	10.077090083018133
0.11668096170609624	10.063743521761678
0.11694993910198712	10.050398683474178
0.11721953655481303	10.037055596564205
0.11748975549395298	10.023714288748458
0.11776059735208072	10.010374787040682
0.11803206356517298	9.997037117740405
0.11830415557251646	9.983701306421612
0.118576874816716	9.970367377921264
0.11885022274370183	9.957035356327747
0.11912420080273747	9.943705264969177
0.1193988104464273	9.930377126401584
0.11967405313072434	9.917050962396997
0.11994993031493788	9.903726793931412
0.12022644346174129	9.89040464117262
0.12050359403717974	9.877084523467936
0.120781383510678	9.863766459331792
0.12105981335504823	9.850450466433214
0.12133888504649772	9.837136561583183
0.12161860006463679	9.82382476072186
0.12189895989248664	9.81051507890569
0.12217996601648717	9.797207530294372
0.12246161992650487	9.783902128137731
0.12274392311584072	9.77059888476242
0.12302687708123815	9.75729781155851
0.1233104833228909	9.743998918965975
0.12359474334445104	9.730702216461
0.1238796586530369	9.717407712542183
0.1241652307592411	9.704115414716606
0.1244514611771385	9.690825329485758
0.12473835142429429	9.677537462331323
0.125025903021772	9.664251817700839
0.1253141174941416	9.650968398993216
0.1256029963694875	9.637687208544106
0.12589254117941673	9.624408247611154
0.12618275345906707	9.611131516359066
0.12647363474711512	9.597857013844585
0.12676518658578456	9.584584738001277
0.12705741052085415	9.571314685624214
0.12735030810166617	9.558046852354467
0.12764388088113438	9.544765220372419
0.12793813041575247	9.531482887179218
0.12823305826560213	9.518202706308765
0.12852866599436155	9.504924714443318
0.1288249551693134	9.49164894766748
0.12912192736135342	9.478375441457914
0.1294195841449986	9.465104230672965
0.12971792709839558	9.451835349542197
0.13001695780332903	9.438568831655777
0.13031667784522993	9.425304709953814
0.13061708881318415	9.412043016715527
0.1309181922999407	9.398783783548362
0.13121998990192033	9.385527041376939
0.13152248321922383	9.372272820431952
0.1318256738556407	9.359021150238894
0.1321295634186575	9.345772059606729
0.13243415351946647	9.332525576616394
0.13273944577297395	9.319281728609244
0.1330454417978091	9.306040542175317
0.1333521432163324	9.292802043141544
0.13365955165464422	9.279566256559802
0.1339676687425935	9.266333206694851
0.1342764961137864	9.253102917012178
0.13458603540559483	9.239875410165702
0.13489628825916536	9.226650707985332
0.13520725631942773	9.213428831464455
0.1355189412351036	9.200209800747272
0.1358313446587154	9.186993635115991
0.136144468246595	9.173780352977941
0.13645831365889247	9.160569971852503
0.13677288255958492	9.147362508357967
0.13708817661648537	9.134157978198223
0.13740419750125152	9.120956396149332
0.13772094688939465	9.10775777604597
0.1380384264602885	9.094562130767752
0.1383566378971781	9.081369472225385
0.13867558288718884	9.068179811346715
0.13899526312133534	9.054993158062654
0.13931568029453031	9.041809521292919
0.13963683610559377	9.02862890893169
0.13995873225726183	9.015451327833077
0.14028137045619582	9.002276783796498
0.1406047524129914	8.98910528155187
0.14092887984218747	8.975936824744686
0.14125375446227545	8.962771415920939
0.14157937799570816	8.949609056511905
0.14190575216890922	8.936449746818761
0.142232878712282	8.923293485997092
0.14256075936021884	8.910140272041218
0.1428893958511103	8.896990101768381
0.14321878992735435	8.883824284427735
0.1435489433353656	8.870658107079036
0.14387985782558455	8.857494902228733
0.14421153515248689	8.844334715290794
0.14454397707459277	8.831177591162968
0.14487718535447616	8.818023574217198
0.14521116175877424	8.804872708289917
0.14554590805819662	8.791725036672272
0.14588142602753484	8.778580602100213
0.14621771744567183	8.76543944674451
0.14655478409559117	8.752301612200638
0.1468926277643867	8.7391671394786
0.1472312502432719	8.726036068992588
0.14757065332758945	8.712908440550601
0.14791083881682077	8.69978429334391
0.14825180851459538	8.686663665936436
0.1485935642287007	8.67354659625401
0.14893610777109154	8.660433121573549
0.14927944095789963	8.647323278512077
0.14962356560944334	8.634217103015683
0.1499684835502373	8.621114630348334
0.15031419660900225	8.608015895080586
0.15066070661867417	8.5949209310782
0.15100801541641484	8.58182977149059
0.1513561248436208	8.568742448739233
0.1517050367459337	8.555658994505878
0.15205475297324955	8.542579439720722
0.15240527537972914	8.52950381455038
0.15275660582380723	8.516432148385821
0.15310874616820302	8.503364469830114
0.15346169827992942	8.49030080668609
0.1538154640303035	8.477241185943877
0.15417004529495593	8.464185633768304
0.1545254439538414	8.45113417548617
0.1548816618912481	8.43808683557342
0.15523870099580825	8.425043637642155
0.15559656316050743	8.412004604427555
0.15595525028269538	8.398969757774623
0.15631476426409538	8.38593911862485
0.15667510701081494	8.372912707002714
0.15703628043335524	8.359890542002058
0.15739828644662196	8.346872641772341
0.15776112696993486	8.333859023504747
0.15812480392703834	8.320849703418157
0.15848931924611134	8.307844696744985
0.15885467485977792	8.294844017716875
0.159220872705117	8.281847679550282
0.15958791472367329	8.26885569443187
0.15995580286146688	8.2558680735038
0.16032453906900418	8.242884826848861
0.1606941253012877	8.22988858504134
0.16106456351782708	8.216893578245918
0.16143585568264862	8.203902918860141
0.16180800376430657	8.190916662301666
0.16218100973589297	8.177934863542545
0.16255487557504839	8.164957577100129
0.16292960326397224	8.151984857027873
0.16330519478943342	8.139016756906038
0.16368165214278085	8.12605332983229
0.16405897731995392	8.113094628412242
0.16443717232149316	8.100140704749826
0.1648162391525508	8.087191610437642
0.1651961798229015	8.074247396547143
0.1655769963469528	8.061308113618763
0.16595869074375605	8.0483738116519
0.16634126503701693	8.035444540094842
0.16672472125510626	8.022520347834558
0.16710906143107074	8.009601283186383
0.16749428760264373	7.996687393883615
0.16788040181225602	7.983778727066991
0.16826740610704674	7.970875329274063
0.16865530253887412	7.957977246428448
0.16904409316432642	7.945084523829001
0.16943378004473283	7.932197206138833
0.16982436524617442	7.9193153373742655
0.17021585083949506	7.9064389608936265
0.17060823890031235	7.893568119385973
0.17100153150902875	7.880702854859669
0.17139573075084252	7.867843208630857
0.17179083871575881	7.854989221311823
0.1721868574986007	7.842140932799234
0.17258378919902034	7.829298382262251
0.17298163592151014	7.8164616081305365
0.17338039977541378	7.803630648082143
0.17378008287493754	7.7908055390312505
0.17418068733916142	7.777986317115821
0.17458221529205037	7.765173017685105
0.1749846688624657	7.752365675287023
0.1753880501841761	7.739564323655442
0.17579236139586926	7.726768995697293
0.1761976046411629	7.71397972347959
0.17660378206861643	7.701196538216303
0.17701089583174212	7.688419470255106
0.17741894808901656	7.675648549063994
0.1778279410038923	7.66288380321777
0.17823787674480895	7.65012526038439
0.17864875748520506	7.637372947311185
0.17906058540352943	7.624626889810932
0.17947336268325265	7.611887112747817
0.1798870915128788	7.599153640023217
0.1803017740859569	7.586415135700675
0.1807174126010927	7.573680917631424
0.18113400926196024	7.560953036607747
0.18155156627731356	7.548231545035504
0.18197008586099836	7.535516494735858
0.18238957023196378	7.522807936934547
0.1828100216142743	7.510105922251075
0.18323144223712115	7.497410500687803
0.18365383433483465	7.484721721618884
0.18407720014689558	7.472039633779139
0.18450154191794738	7.459364285252772
0.18492686189780783	7.446695723462008
0.18535316234148114	7.434033995155583
0.18578044550916986	7.421379146397137
0.18620871366628675	7.408731222553494
0.186637969083467	7.396090268282796
0.18706821403658005	7.383456327522545
0.18749945080674188	7.370829443477509
0.18793168168032684	7.358209658607517
0.18836490894898006	7.345597014615117
0.18879913490962935	7.332991552433114
0.18923436186449755	7.320393312212003
0.18967059212111465	7.3078023333072375
0.19010782799233	7.295218654266416
0.19054607179632474	7.282642312816289
0.1909853258566238	7.270073345849691
0.19142559250210858	7.257511789412299
0.19186687406702896	7.244957678689277
0.19230917289101584	7.232411047991801
0.1927524913190936	7.219871930743414
0.1931968317016924	7.207340359466284
0.19364219639466074	7.1948163657673065
0.19408858775927784	7.182299980324074
0.19453600816226624	7.169791232870703
0.19498445997580455	7.157290152183519
0.19543394557753943	7.144796766066629
0.195884467350599	7.1323111013373035
0.19633602768360464	7.1198331838112665
0.1967886289706845	7.107363038287792
0.19724227361148533	7.0949006885347075
0.19769696401118608	7.082446157273189
0.1981527025805098	7.069999466162485
0.19860949173573716	7.057560635784403
0.19906733389871864	7.045129685627735
0.19952623149688797	7.03270663407245
0.1999861869632744	7.020291498373802
0.20044720273651614	7.00788429464623
0.2009092812608728	6.995485037847143
0.20137242498623883	6.98309374176052
0.20183663636815607	6.970710418980366
0.2023019178678272	6.958321138708686
0.20276827195212818	6.945937321181369
0.20323570109362218	6.9335614668361005
0.2037042077705718	6.9211936232302556
0.20417379446695297	6.908833837199855
0.20464446367246739	6.8964821548473845
0.20511621788255657	6.8841386215294635
0.20558905959841414	6.871803281844428
0.20606299132700007	6.859476179619738
0.20653801558105292	6.847157357899314
0.20701413487910425	6.834846858930685
0.20749135174549097	6.822544724152083
0.2079696687103696	6.810250994179323
0.20844908830972886	6.797965708792627
0.20892961308540398	6.785688906923267
0.20941124558508925	6.773420626640108
0.20989398836235246	6.761160905135982
0.21037784397664752	6.748909778713972
0.21086281499332898	6.736667282773508
0.21134890398366465	6.724433451796378
0.2118361135248502	6.712208319332553
0.21232444620002192	6.699991917985914
0.21281390459827124	6.687784279399799
0.21330449131465762	6.675585434242449
0.21379620895022325	6.663395412192266
0.21428906011200585	6.65121424192297
0.21478304741305343	6.63904195108858
0.21527817347243727	6.626878566308262
0.21577444091526668	6.614724113151016
0.21627185237270202	6.602578616120244
0.21677041048196952	6.590442098638122
0.21727011788637443	6.578314583029868
0.2177709772353159	6.566196090507807
0.21827299118430013	6.554086641155342
0.2187761623949553	6.5419862539106965
0.21928049353504486	6.52989494655058
0.21978598727848253	6.517812735673621
0.2202926463053456	6.505739636683695
0.22080047330189004	6.493675663773056
0.22130947096056375	6.481620829905339
0.22181964198002194	6.469575146798353
0.2223309890651403	6.457538624906769
0.22284351492703042	6.445511273404576
0.22335722228305316	6.433493100167437
0.223872113856834	6.421484111754811
0.22438819237827662	6.409484313391948
0.2249054605835781	6.397493708951701
0.22542392121524293	6.385512300936161
0.22594357702209775	6.373540090458117
0.22646443075930595	6.361577077222341
0.2269864851883822	6.349604421433955
0.22750974307720706	6.3376375367166435
0.2280342072000418	6.325679784862774
0.22855988033754301	6.3137312136545765
0.2290867652767773	6.3017918701182465
0.2296148648112362	6.289861800511327
0.23014418174085083	6.277941050310001
0.2306747188720069	6.266029664196221
0.23120647901755947	6.254127686044735
0.23173946499684786	6.242235158909967
0.2322736796357107	6.230352125012775
0.23280912576650079	6.218478625727074
0.23334580622810028	6.206614701566323
0.23388372386593548	6.19476039216989
0.2344228815319922	6.182915736289255
0.23496328208483072	6.17108077177411
0.23550492838960096	6.159255535558296
0.2360478233180577	6.147440063645612
0.23659196974857583	6.135634391095478
0.23713737056616552	6.123838552008462
0.23768402866248767	6.112052579511667
0.23823194693586902	6.100276505743961
0.23878112829131776	6.08851036184108
0.23933157564053875	6.076754177920567
0.23988329190194904	6.065007983066581
0.24043628000069334	6.053271805314538
0.24099054286865948	6.04154567163563
0.24154608344449405	6.0298296079211555
0.2421029046736178	6.018123638966734
0.24266100950824154	6.006427788456342
0.24322040090738153	5.994742078946211
0.24378108183687525	5.983066531848549
0.2443430552693972	5.9714011674151335
0.24490632418447456	5.959746004720715
0.24547089156850305	5.948101061646281
0.24603676041476275	5.9364663548621515
0.24660393372343392	5.924841899810914
0.24717241450161304	5.913227710690186
0.24774220576332856	5.901623800435225
0.24831331052955705	5.890030180701367
0.2488857318282391	5.87844686184629
0.24945947269429547	5.866873852912111
0.25003453616964316	5.855311161607322
0.2506109253032114	5.843758794288542
0.251188643150958	5.83221675594209
0.25176769277588557	5.820685050165409
0.25234807724805747	5.809163679148275
0.2529297996446145	5.797652643653864
0.25351286304979076	5.786151942999616
0.25409727055493053	5.774661575037927
0.2546830252585041	5.763161719949117
0.2552701302661247	5.751668589862873
0.2558585886905646	5.740185719336806
0.25644840365177174	5.728713156865217
0.2570395782768864	5.717250950165124
0.25763211570025757	5.705799146163421
0.25822601906345966	5.6943577909838865
0.2588212915153092	5.682926929934079
0.2594179362118814	5.671506607492084
0.2600159563165272	5.660096867293152
0.2606153549998896	5.648697752116172
0.26121613543992067	5.637309303870049
0.2618183008218985	5.625931563579908
0.26242185433844417	5.614564571373186
0.26302679918953814	5.603208366465583
0.263633138582538	5.5918629871468575
0.2642408757321946	5.580528470766508
0.2648500138606701	5.569204853719286
0.2654605561975539	5.5578921714305904
0.26607250597988097	5.546590458341698
0.2666858664521479	5.535299747894869
0.26730064086633115	5.52402007251828
0.2679168324819031	5.512751463610847
0.26853444456585074	5.501493951526851
0.26915348039269155	5.490247565560467
0.26977394324449205	5.479012333930096
0.2703958364108843	5.467788283762578
0.2710191631890843	5.456575441077226
0.2716439268839082	5.445373830769723
0.2722701308077913	5.434183476595853
0.272897778280804	5.423004401155088
0.27352687263067127	5.411836625873985
0.27415741719278824	5.400680170989467
0.2747894153102397	5.389535055531903
0.2754228703338166	5.378401297308047
0.27605778562203465	5.367278912883804
0.27669416454115114	5.3561679175668475
0.2773320104651841	5.3450683253890325
0.27797132677592884	5.3339801490886805
0.2786121168629771	5.322903400092673
0.27925438412373377	5.311838088498387
0.2798981319634363	5.300784223055429
0.2805433637951713	5.289741811147247
0.28119008303989407	5.278710858772498
0.28183829312644537	5.267691370526314
0.2824879974915708	5.256683349581327
0.2831391995799379	5.2456867976685535
0.2837919028441557	5.23470171505807
0.28444611074479154	5.223728100539538
0.285101826750391	5.212765951402507
0.28575905433749466	5.201795217472673
0.2864177969906581	5.190832298274747
0.28707805820246907	5.1798807687543
0.28773984147356696	5.168940677356201
0.28840315031266056	5.158012071720221
0.2890679882365476	5.14709499866788
0.28973435877013226	5.1361895041891685
0.2904022654464451	5.125295633429124
0.2910717118066605	5.11441343067429
0.29174270140011677	5.103542939339023
0.29241523778433354	5.0926842019516805
0.2930893245250321	5.081837260140646
0.2937649651961531	5.071002154620262
0.29444216337987617	5.060178925176566
0.29512092266663853	5.049367610652932
0.29580124665515467	5.038568248935543
0.2964831389524342	5.027780876938742
0.29716660317380267	5.017005530590214
0.29785164294291894	5.006242244816048
0.298538261891796	4.9954910535256305
0.2992264636608189	4.984751989596409
0.29991625189876514	4.974025084858497
0.30060763026282306	4.963310370079126
0.3013006024186122	4.952607874946954
0.3019951720402016	4.941917628056222
0.30269134281013055	4.9312396568907415
0.30338911841942706	4.920573987807749
0.3040885025676279	4.909920646021583
0.3047894989627983	4.899279655587219
0.3054921113215513	4.888651039383635
0.3061963433690677	4.87803481909702
0.30690219883911574	4.867431015203821
0.3076096814740708	4.85683964695363
0.3083187950249354	4.846260732351897
0.30902954325135906	4.835694288142486
0.309741929921658	4.825140329790058
0.31045595881283555	4.814598871462291
0.31117163371060175	4.804069926011928
0.3118889584093937	4.793553504958644
0.3126079367123955	4.7830496184707565
0.31332857243155854	4.772558275346748
0.3140508693876217	4.762079482996622
0.3147748314101316	4.751613247423074
0.31550046233746265	4.741159573202488
0.31622776601683794	4.7307184634657515
0.3169567463043491	4.720289919878899
0.31768740706497706	4.709873942623543
0.3184197521726125	4.699470530377155
0.31915378551007617	4.689079680293148
0.3198895109691398	4.6787013879807535
0.3206269324505466	4.6683132577345585
0.3213660538640317	4.657933605444875
0.32210687912834346	4.64756642308804
0.32284941217126356	4.637211763954137
0.32359365692962827	4.6268696805749805
0.32433961734934924	4.616540224711393
0.3250872973854344	4.60622344734038
0.3258367010020088	4.595919398642161
0.32658783217233583	4.5856281279870785
0.3273406948788382	4.5753496839223695
0.328095293113119	4.565084114158808
0.32885163087598307	4.5548314655572195
0.32960971217745777	4.544591784114852
0.3303695410368148	4.5343651149516155
0.3311311214825911	4.524151502296189
0.3318944575526104	4.513950989471984
0.33265955329400454	4.503763618882971
0.333426412763235	4.493589431999367
0.3341950400261143	4.48342846934318
0.33496543915782767	4.473280770473618
0.3357376142429547	4.463146373972339
0.33651156937549076	4.453025317428575
0.3372873086588689	4.442917637424095
0.3380648362059816	4.43342359329296
0.33884415613920255	4.424186971214448
0.3396252725904084	4.414963480272356
0.3404081897010009	4.4057531274152355
0.34119291162192855	4.396555918236963
0.3419794425137089	4.38737185695853
0.3427677865464504	4.378200946409658
0.34355794789987465	4.369043188010254
0.34434993076333853	4.35989858175169
0.3451437393358563	4.35076712617789
0.345939377826122	4.341648818366256
0.34673685045253166	4.332543653908408
0.34753616144320587	4.323451626890737
0.34833731503601184	4.314372729874792
0.34914031547858615	4.305306953877466
0.3499451670283573	4.296254288351
0.350751873952568	4.287214721162815
0.35156044052829816	4.278188238575131
0.35237087104248715	4.269174825224418
0.353183169791957	4.260174464100641
0.3539973410834347	4.251187136526321
0.35481338923357547	4.242212822135394
0.3556313185689854	4.233251498851875
0.3564511334262443	4.224303142868338
0.35727283815192895	4.21536772862417
0.35809643710263606	4.206445228783646
0.35892193464500527	4.197535614213789
0.35974933515574237	4.188615460208739
0.36057864302164244	4.179703879065165
0.36140986263961333	4.170805016664315
0.36224299841669866	4.161918903393877
0.3630780547701014	4.153045568659694
0.36391503612720716	4.144185040871333
0.36475394692560786	4.1353373474274795
0.36559479161312497	4.126502514701232
0.36643757464783333	4.117680568025221
0.3672823004980847	4.108871531676603
0.3681289736425315	4.100075428861896
0.3689775985701504	4.0912922817016835
0.3698281797802663	4.082522111215159
0.37068072178257605	4.073764937304529
0.37153522909717257	4.065020778739257
0.3723917062545686	4.056289653140168
0.3732501577957206	4.047571576963398
0.3741105882720534	4.038866565484176
0.3749730022454836	4.030174632780477
0.3758374042884442	4.021495791716488
0.37670379898390893	4.012830053925945
0.377572190925416	4.004177429795292
0.37844258471709324	3.9955379284466876
0.3793149849736819	3.9869115577208483
0.38018939632056115	3.978298324159734
0.381065823393773	3.969698232989057
0.3819442708400465	3.9611112881006414
0.38282474331682265	3.9525374920346024
0.38370724549227875	3.9439768459613656
0.38459178204535355	3.935429349663512
0.38547835766577176	3.926895001517457
0.38636697705406914	3.9183737984749456
0.3872576449216172	3.909865736044395
0.3881503659906482	3.901370808272039
0.38904514499428056	3.892889007722907
0.3899419866765434	3.884420325461625
0.390840895792402	3.875964751033041
0.3917418771077831	3.8675222724426495
0.3926449353995998	3.859092876136865
0.3935500754557774	3.850676546983082
0.3944573020752784	3.8422732682495653
0.3953666200681279	3.8338830215851516
0.39627803425543945	3.825505786998758
0.3971915494694403	3.8171415428387054
0.3981071705534972	3.808790265771844
0.39902490236214205	3.8004519307624927
0.39994474976109745	3.7921265110511806
0.4008667176273028	3.7838139781331863
0.4017908108489399	3.775514301736893
0.4027170343254591	3.767227449801927
0.40364539296760493	3.7589255443884193
0.4045758916974427	3.7506313369538224
0.40550853544838383	3.742349765765238
0.40644332916521275	3.734080871053247
0.40738027780411273	3.725824692253309
0.4083193863326921	3.7175812679933267
0.40926065973001086	3.70935063608108
0.4102041029866068	3.7011328334915325
0.41114972110452225	3.692927896354031
0.4120975190973302	3.68473585993936
0.4130475019901614	3.6765567586466763
0.41399967481973043	3.6683906259903214
0.4149540426343629	3.6602374945864935
0.41591061049402206	3.6520973961398013
0.4168693834703354	3.6439703614296755
0.41783036664662176	3.635856420296658
0.4187935651179184	3.6277556016285484
0.41975898399100753	3.619667933346424
0.4207266283844441	3.611593442390517
0.4216965034285822	3.603532154705963
0.422668614265603	3.595484095228402
0.4236429660495411	3.5874492878694504
0.4246195639463129	3.5794277555020213
0.4255984131337431	3.57141951994552
0.42657951880159267	3.5634246019508726
0.4275628861515862	3.555443021185439
0.4285485203974395	3.5474747962177577
0.4295364267648873	3.539519944502156
0.43052661049171065	3.531578482363213
0.43151907682776525	3.5236504249800698
0.43251383103500873	3.515735786370589
0.4335108783875289	3.5078345793753702
0.43451022417157154	3.4999468156416063
0.4355118736855686	3.492072505606787
0.436515832240166	3.4842116584822556
0.4375221051582521	3.476364282236594
0.4385306977749857	3.468530383578867
0.4395416154378245	3.4607099679416984
0.4405548635065533	3.4529030394641858
0.4415704473533125	3.4451096009746633
0.44258837236262655	3.437329653973291
0.44360864393143257	3.429563198614486
0.4446312674691087	3.421810233689191
0.4456562483975033	3.414070756606967
0.44668359215096315	3.4063447633779265
0.44771330417636257	3.3986322485944935
0.4487453899331322	3.3909332054129955
0.449779854893288	3.3832476255350765
0.45081670454146017	3.3755754991889466
0.4518559443749224	3.367916815110446
0.4528975799036208	3.360254578339966
0.4539416166502032	3.3526026725318054
0.4549880601500486	3.3449641166016035
0.4560369159512962	3.3373389417129613
0.4570881896148751	3.3297271781143025
0.4581418867145335	3.322128855125353
0.4591980128368686	3.3145440011234917
0.4602565735813561	3.306972643529964
0.4613175745603794	3.2994148087959725
0.46238102139926035	3.2918705223886136
0.46344691973628804	3.2843398087767
0.46451527522274944	3.276822691416432
0.465586093522959	3.2693191927369356
0.46665938031428866	3.261829334125662
0.46773514128719823	3.2543531359136426
0.46881338214526524	3.246890617360612
0.46989410860521547	3.239441796639974
0.47097732639695294	3.232006690823638
0.47206304126359055	3.224585315866701
0.4731512589614805	3.2171776865919863
0.4742419852602447	3.209783816674437
0.47533522594280536	3.2024037186253542
0.47643098680541573	3.1950374037764964
0.47752927365769093	3.187684882264015
0.4786300923226384	3.180346163012248
0.47973344863668915	3.173021253717351
0.4808393484497286	3.165710160830781
0.4819477976251274	3.1584128895426216
0.4830588020397727	3.1511294437647472
0.48417236758409943	3.143859826113832
0.4852885001621211	3.1366040378942004
0.4864072056914617	3.1293620790805114
0.4875284901033864	3.122133948300282
0.48865235934283363	3.1149196428162504
0.48977881936844625	3.1077191585085666
0.4909078761526032	3.1005324898568234
0.492039535681451	3.093359629921915
0.49317380395493593	3.0862005703277258
0.4943106869868355	3.0790553012426525
0.4954501908047903	3.071923811360947
0.49659232145033616	3.0648060878838943
0.49773708497893604	3.0577021165008094
0.4988844874600123	3.050611881369854
0.5000345349769786	3.043535365098689
0.5011872336272724	3.0364725487249307
0.5023425895223872	3.029423411696438
0.5035006087879049	3.022387931851414
0.5046612975635284	3.015366085398319
0.505824662003114	3.0083578468956063
0.5069907082747043	3.001363189231266
0.5081594425605604	2.99436683017518
0.5093308710571953	2.9873812223846063
0.5105049999754062	2.9804090594492108
0.5116818355403077	2.973450351010489
0.5128613839913648	2.966505105540196
0.514043651582426	2.9595733303245733
0.5152286445817564	2.952655031448414
0.5164163692720709	2.945750213778993
0.5176068319505677	2.938858880949833
0.5188000389289611	2.9319810353443234
0.5199959965335159	2.9251166780791884
0.5211947111050804	2.9182658089877873
0.5223961889991198	2.9114284266032726
0.5236004365857502	2.904604528141579
0.5248074602497725	2.8977941094842596
0.5260172663907061	2.8909971651611586
0.5272298614228227	2.8842136883329195
0.5284452517751804	2.8774436707733395
0.5296634438916578	2.8706871028515453
0.5308844442309884	2.8639439735140138
0.5321082592667942	2.8572142702664225
0.5333348954876209	2.850497979155327
0.5345643593969717	2.8437950847496762
0.5357966575133416	2.837105570122149
0.5370317963702527	2.830429416830319
0.5382697825162883	2.823766604897651
0.5395106225151276	2.8171171127943144
0.5407543229455808	2.8104809174178214
0.5420008904016238	2.803857994073489
0.5432503314924332	2.7972483164547204
0.5445026528424212	2.7906518566231004
0.5457578610912709	2.784068584988315
0.5470159628939716	2.7774984702878807
0.5482769649208538	2.77094147956669
0.5495408738576245	2.7643975781563688
0.5508076964054034	2.757866729654445
0.5520774392807574	2.751348895903328
0.5533501092157367	2.7448440369690954
0.5546257129579107	2.7383521111200806
0.5559042572704036	2.7318730748052746
0.5571857489319298	2.725406882632525
0.5584701947368308	2.7189534873465364
0.5597576014951101	2.712512839806675
0.5610479760324705	2.7060848889645652
0.5623413251903491	2.69966958184149
0.5636376558259545	2.69326686350558
0.5649369748123025	2.6868766770488013
0.5662392890382533	2.6804989635637306
0.5675446054085471	2.674133662120122
0.5688529308438415	2.667780709741268
0.5701642722807475	2.6614099929191855
0.571478636671867	2.6550460357151886
0.5727960309858292	2.648694138628194
0.5741164622073276	2.642354316230732
0.5754399373371569	2.6360265821209166
0.5767664633922508	2.629710948908984
0.5780960474057181	2.6234074282037025
0.5794286964268811	2.6171160305986505
0.580764417521312	2.610836765658366
0.5821032177708715	2.6045696419043622
0.5834451042737447	2.5983146668010186
0.5847900841444807	2.5920718467413217
0.5861381645140288	2.585841187032492
0.5874893525297767	2.579622691881459
0.588843655355589	2.573416364380203
0.5902010801718444	2.5672222064909653
0.591561634175474	2.56104021903131
0.5929253245799998	2.5548704016590538
0.5942921586155727	2.548712752857044
0.5956621435290105	2.5425672699178072
0.5970352865838369	2.5364339489280394
0.5984115950603197	2.530312784752963
0.5997910762555094	2.5242037710205323
0.6011737374832781	2.518106900105488
0.6025595860743578	2.512022163113274
0.6039486293763798	2.5059495498637907
0.6053408747539136	2.4998890488750063
0.6067363295885054	2.4938406473464143
0.6081350012787179	2.487804331142335
0.6095368972401692	2.481780084775062
0.610942024905572	2.47576789138786
0.6123503917247736	2.4697677327377887
0.6137620051647943	2.46377958917839
0.6151768727098682	2.4578034396421944
0.6165950018614822	2.4518392616230815
0.618016400138416	2.445887031158468
0.6194410750767815	2.439946722811339
0.6208690342300636	2.4340183096521084
0.6223002851691596	2.4281017632403143
0.6237348354824193	2.4221970536061503
0.6251726927756859	2.4163041492318187
0.6266138646723355	2.4104230170327265
0.628058358813318	2.4045536223384953
0.6295061828571976	2.398695928873804
0.6309573444801934	2.3928498987390605
0.6324118513762195	2.3870154923908915
0.633869711256927	2.3811926686224525
0.6353309318517437	2.375381384543567
0.6367955209079159	2.3695815955606796
0.6382634861905487	2.3637932553566268
0.6397348354826482	2.3579901086161494
0.6412095765851616	2.3521935531309968
0.6426877173170197	2.346408220612671
0.6441692655151774	2.340634132628828
0.6456542290346556	2.334871309960532
0.6471426157485832	2.329119772590918
0.6486344335482385	2.323379539693751
0.6501296903430908	2.317650629621874
0.6516283940608427	2.311933059895547
0.6531305526474724	2.3062268471906653
0.654636174067275	2.30053200732688
0.6561452663029055	2.2948485552555846
0.6576578373554206	2.2891765050478083
0.6591738952443215	2.283515869881976
0.6606934480075961	2.2778666620315624
0.662216503701762	2.2722288928526204
0.6637430704019089	2.2666025727711996
0.6652731562017414	2.2609877112706367
0.6668067692136223	2.255384316878731
0.6683439175686147	2.2497923971547977
0.6698846094165265	2.2442119586765905
0.6714288529259524	2.2386430070271155
0.6729766562843179	2.2330855467813064
0.6745280276979221	2.2275395814925822
0.6760829753919819	2.222005113679274
0.6776415076106752	2.2164821448109238
0.6792036326171846	2.2109706752944622
0.6807693586937414	2.2054707044602453
0.6823386941416696	2.199982230547965
0.6839116472814293	2.194505250692432
0.6854882264526615	2.1890397609092167
0.6870684400142321	2.183585756080163
0.688652296344276	2.178143229938767
0.6902398038402419	2.1727121750554104
0.6918309709189364	2.1672925828224687
0.6934258060165691	2.161884443439272
0.6950243175887968	2.1564877458969276
0.6966265141107687	2.151102477963006
0.6982324040771714	2.1457286261660786
0.6998419960022735	2.140366175780118
0.7014552984199712	2.1350151108087463
0.7030723198838335	2.1296754139693483
0.7046930689671469	2.1243470666770294
0.7063175542629619	2.1190300490284266
0.7079457843841379	2.1137243397853758
0.7095777679633888	2.1084299163584213
0.711213513653329	2.1031467547901794
0.7128530301265195	2.0978748297385468
0.7144963260755133	2.0926141144597548
0.716143410212902	2.0873645807912684
0.7177942912713617	2.082110705319799
0.7194489780036994	2.0768651368953237
0.7211074791828996	2.0716306117906034
0.7227698036021702	2.066407140325391
0.72443596007499	2.0611947319282007
0.7261059574351547	2.05599339512417
0.727779804536824	2.0508031375228097
0.7294575102545687	2.0456239658056354
0.7311390834834174	2.0404558857136843
0.732824533138904	2.0352989020349073
0.734513868157115	2.030153018591454
0.7362070974947361	2.02501823822683
0.737904230129101	2.0198945627929294
0.7396052750582378	2.0147819931369555
0.7413102413009175	2.0096805290882123
0.7430191378967014	2.0045901694447705
0.744731973905989	1.9995109119600172
0.7464487584100665	1.9944427533290663
0.7481695005111544	1.9893856891750554
0.7498942093324559	1.9843397140353056
0.7516228940182055	1.9793048213473556
0.7533555637337174	1.974281003434866
0.7550922276654339	1.9692682514933901
0.7568328950209744	1.9642665555760161
0.7585775750291838	1.9592759045788726
0.7603262769401818	1.9542962862264996
0.762079010025412	1.9493276870570868
0.7638357835776907	1.944370092407573
0.7655966069112563	1.9394234863986104
0.7673614893618189	1.9344878519193835
0.7691304402866096	1.9295631706122958
0.7709034690644301	1.9246494228575113
0.7726805850957024	1.919746587757354
0.7744617978025188	1.914854643120564
0.7762471166286917	1.9099735654464103
0.7780365510398041	1.9051033299086546
0.7798301105232588	1.900243910339373
0.7816278045883297	1.8953952792126239
0.7834296427662119	1.8905574076279716
0.7852356346100718	1.8857302652938563
0.7870457896950986	1.8809138205108114
0.7888601176185545	1.8761080401545314
0.7906786279998251	1.8713128896587836
0.7925013304804718	1.8665283329981615
0.7943282347242815	1.8617543326706876
0.7961593504173188	1.8569908496802503
0.7979946872679766	1.8522378435188904
0.7998342550070284	1.8474952721489177
0.8016780633876791	1.8427630919848745
0.8035261221856173	1.838041257875328
0.8053784411990667	1.8333082220595478
0.8072350302488382	1.8285815323102035
0.8090958991783823	1.823864980971108
0.8109610578538409	1.8191585779611616
0.8128305161640993	1.8144623323937827
0.8147042840208396	1.8097762525659187
0.8165823713585925	1.8051003459469472
0.81846478813479	1.8004346191674767
0.8203515443298183	1.7957790780080398
0.8222426499470712	1.7911337273876764
0.8241381150130024	1.7864985713524142
0.8260379495771788	1.7818736130636383
0.8279421637123342	1.7772588547863488
0.8298507675144225	1.7726542978773105
0.8317637711026711	1.7680599427730928
0.8336811846196344	1.763475788977994
0.835603018231248	1.758901835051852
0.8375292821268826	1.754338078597746
0.8394599865193975	1.749784516249577
0.8413951416451951	1.7452411436595356
0.8433347577642755	1.7407079554854519
0.84527884516029	1.7361849453780283
0.8472274141405965	1.7316721059679516
0.8491804750363139	1.7271694288528883
0.8511380382023765	1.7226769045843546
0.8531001140175896	1.7181945226544686
0.8550667128846834	1.713722271482579
0.8570378452303697	1.709260138401767
0.8590135215053958	1.7048081096452266
0.8609937521846007	1.7003661703325175
0.8629785477669704	1.6959343044556918
0.8649679187756933	1.6915124948652929
0.8669618757582167	1.6871007232562236
0.8689604292863019	1.6826989701534867
0.8709635899560808	1.6783072148977924
0.8729713683881117	1.6739254356310374
0.8749837752274362	1.669553609281643
0.8770008211436349	1.6651917115497683
0.8790225168308845	1.6608397168923807
0.8810488730080143	1.6564975985081951
0.8830799004185629	1.652165328322471
0.8851156098308356	1.6478428769716746
0.887156012037961	1.6435302137879995
0.8892011178579485	1.6392273067837453
0.8912509381337457	1.634934122635556
0.8933054837332954	1.6306506266685152
0.895364765549594	1.6263767828400955
0.8974287945007486	1.6221125537239616
0.8994975815300353	1.6178579004936318
0.9015711376059571	1.6136127829059832
0.9036494737223016	1.6093571502655604
0.9057326008982003	1.6051073345223135
0.9078205301781859	1.6008668667604355
0.9099132726322517	1.596635758152937
0.9120108393559097	1.5924140191662266
0.9141132414702502	1.588201659550352
0.9162204901219997	1.5839986883291575
0.9183325964835808	1.579805113790341
0.9204495717531712	1.5756209434754211
0.9225714271547631	1.5714461841696066
0.9246981739382225	1.5672808418915694
0.9268298233793492	1.5631249218831234
0.9289663867799363	1.5589784285988035
0.9311078754678302	1.5548413656953475
0.933254300796991	1.5507137360210765
0.9354056741475518	1.546595541605181
0.9375620069258802	1.5424867836468978
0.9397233105646378	1.5383874625045926
0.9418895965228413	1.5342975776847356
0.9440608762859233	1.5302171278307783
0.946237161365793	1.5261461107119192
0.9484184633008971	1.5220845232117712
0.9506047936562815	1.5180323613169207
0.9527961640236519	1.5139896201053784
0.9549925860214359	1.5099562937349251
0.9571940712948444	1.5059323754313458
0.9594006315159331	1.5019178574765584
0.9616122783836646	1.4979127311966298
0.9638290236239705	1.4939169869496793
0.9660508789898133	1.4899306141136734
0.9682778562612491	1.4859536010741061
0.9705099672454897	1.4819859352115636
0.9727472237769651	1.4780276028891763
0.9749896377173869	1.4740785894399548
0.9772372209558107	1.470138879154008
0.9794899854086988	1.4662084552656451
0.9817479430199844	1.4622872999403562
0.9840111057611337	1.4583753942616782
0.9862794856312105	1.4544727182179338
0.9885530946569389	1.4505792506888546
0.9908319448927676	1.4466949694320788
0.9931160484209338	1.4428198510695243
0.995405417351527	1.4389538710736414
0.9977000638225533	1.4350970037535362
1.	1.4312492222409676
1.0023052380778998	1.4274104984762193
1.0046157902783952	1.4235808031938415
1.0069316688518044	1.4197601059082618
1.0092528860766845	1.4159483748992683
1.0115794542598988	1.412145577197358
1.0139113857366795	1.4083351789161722
1.016248692870696	1.4045306476076589
1.0185913880541169	1.4007348950075567
1.0209394837076802	1.3969479302094792
1.023292992280754	1.3931697616378438
1.0256519262514079	1.389400397038709
1.0280162981264735	1.38563984347054
1.0303861204416165	1.381888107294868
1.0327614057613974	1.3781451941668839
1.0351421666793441	1.3744111090259175
1.0375284158180127	1.3706858560858517
1.0399201658290596	1.3669694388254243
1.0423174293933042	1.363261859978457
1.0447202192208003	1.3595631215239758
1.0471285480508996	1.355873224676254
1.0495424286523225	1.3521921698747477
1.051961873823223	1.3485199567739488
1.0543868963912593	1.3448565842331321
1.0568175092136585	1.341202050306019
1.0592537251772887	1.3375563522303275
1.0616955571987248	1.333919486417244
1.064143018224316	1.3302914484407833
1.066596121230258	1.3266722330270522
1.0690548792226577	1.3230618340434177
1.0715193052376064	1.319460244487568
1.0739894123412446	1.3158674564764787
1.076465213629835	1.312283461235271
1.0789467222298286	1.3087082490859698
1.081433951297938	1.3051418094361553
1.0839269140212033	1.3015841307675158
1.0864256236170655	1.2980352006242837
1.0889300933334332	1.2944950056015767
1.0914403364487566	1.2909635313336225
1.0939563662720937	1.2874407624818847
1.096478196143185	1.2839266827230649
1.0990058394325208	1.2804212747370118
1.101539309541415	1.276924520194505
1.104078619902073	1.2734363997449372
1.1066237839776665	1.2699568930038745
1.1091748152624008	1.2664859785405136
1.1117317272815914	1.2630236338650112
1.1142945335917298	1.259569835415713
1.1168632477805611	1.25612455854625
1.1194378834671515	1.2526877775125318
1.1220184543019636	1.2492594654596116
1.1246049739669264	1.2458395944084382
1.1271974561755105	1.24242813524248
1.1297959146727976	1.2390250576942388
1.1324003632355573	1.2356303303316287
1.1350108156723149	1.2322439205442457
1.137627285823431	1.2288516170383548
1.1402497875611686	1.225464987447992
1.1428783347897717	1.2220865291085106
1.1455129414455354	1.2187162451215283
1.1481536214968828	1.215354137902884
1.1508003889444356	1.212000209173564
1.1534532578210923	1.208654459950534
1.1561122421920986	1.205316890537492
1.1587773561551262	1.2019875005155265
1.1614486138403426	1.1986662887336987
1.1641260294104914	1.1953532532995224
1.1668096170609623	1.1920483915693685
1.1694993910198712	1.1887517001387684
1.1721953655481303	1.1854631748326394
1.1748975549395297	1.1821828106954027
1.1776059735208073	1.1789106019810278
1.1803206356517297	1.1756465421429687
1.1830415557251646	1.1723906238240178
1.1857687481671602	1.169142838846058
1.1885022274370183	1.1659031781997262
1.1912420080273751	1.162671632033975
1.193988104464273	1.1594481896455442
1.1967405313072437	1.156232839468329
1.1994993031493788	1.1530255690626565
1.2022644346174132	1.1498263651044558
1.2050359403717974	1.1466352133743376
1.2078138351067804	1.1434520987465633
1.2105981335504823	1.1402770051779236
1.2133888504649775	1.137109915696504
1.2161860006463678	1.133950812390359
1.2189895989248667	1.1307996763960686
1.2217996601648717	1.127656487887207
1.2246161992650488	1.12452122606269
1.2274392311584073	1.121393869135027
1.2302687708123818	1.1182743943184599
1.233104833228909	1.115162777816999
1.2359474334445106	1.112058994812342
1.238796586530369	1.1089630194516953
1.2416523075924113	1.1058748248354708
1.244514611771385	1.1027943830048843
1.2473835142429432	1.0997216649294306
1.2502590302177201	1.096656640494253
1.2531411749414163	1.0935992784873927
1.2560299636948749	1.09054954658693
1.2589254117941675	1.087507411348
1.2618275345906707	1.0844728381897026
1.2647363474711515	1.0814457913818818
1.2676518658578455	1.0784262340317985
1.270574105208542	1.075414128070673
1.2735030810166617	1.0724094342401158
1.276438808811344	1.0693953145712085
1.2793813041575246	1.0663854742091767
1.2823305826560218	1.063382872014044
1.2852866599436155	1.0603875118924722
1.2882495516931343	1.0573993971589792
1.2912192736135342	1.0544185305280478
1.2941958414499863	1.0514449141061466
1.297179270983956	1.0484785493836897
1.3001695780332907	1.0455194372269063
1.3031667784522993	1.0425675778696486
1.3061708881318417	1.0396229709051101
1.309181922999407	1.0366856152774755
1.3121998990192034	1.0337555092734874
1.3152248321922384	1.0308326505139362
1.3182567385564075	1.0279170359450702
1.3212956341865751	1.0250086618299252
1.324341535194665	1.0221075237395734
1.3273944577297394	1.019213616544293
1.3304544179780915	1.0163269344046506
1.333521432163324	1.0134474707625085
1.3365955165464425	1.0105752183319396
1.3396766874259352	1.0077101690900672
1.3427649611378643	1.004852314267812
1.3458603540559484	1.0020016443405613
1.348962882591654	0.999158149018743
1.3520725631942772	0.9963218172383235
1.3551894123510364	0.9934926371512067
1.3583134465871542	0.9906705961155562
1.3614446824659503	0.9878556806860166
1.3645831365889245	0.9850478766038565
1.3677288255958495	0.9822471687870111
1.3708817661648536	0.9794535413200429
1.3740419750125157	0.9766669774439997
1.3772094688939465	0.9738874595461935
1.3803842646028852	0.9711149691498706
1.383566378971781	0.9683494869038025
1.3867558288718889	0.965590992571768
1.3899526312133532	0.9628394650219532
1.3931568029453036	0.9600948822162407
1.3963683610559376	0.9573572211994171
1.3995873225726185	0.954626458088266
1.4028137045619582	0.9519025680605774
1.4060475241299144	0.9491855253440457
1.4092887984218747	0.9464753032050752
1.4125375446227548	0.9437718739374785
1.4157937799570817	0.941075208851079
1.4190575216890926	0.9383852782602026
1.4223287871228198	0.9357020514720742
1.425607593602188	0.9330254967751028
1.428893958511103	0.9303555814270649
1.432187899273543	0.9276778416902709
1.435489433353656	0.9250040519790188
1.4387985782558452	0.9223367550673737
1.4421153515248688	0.9196759552578166
1.4454397707459272	0.9170216563346483
1.4487718535447618	0.9143738615570334
1.452111617587742	0.9117325736519892
1.455459080581966	0.9090977948072956
1.4588142602753482	0.9064695266643507
1.4621771744567182	0.9038477703109505
1.4655478409559113	0.9012325262740057
1.468926277643867	0.898623794512186
1.4723125024327186	0.8960215744085014
1.4757065332758947	0.893425864762806
1.4791083881682072	0.8908366637842412
1.4825180851459536	0.8882539690835982
1.4859356422870067	0.8856777776656198
1.4893610777109154	0.8831080859212194
1.492794409578996	0.8805448896196386
1.4962356560944337	0.8779881839005222
1.4996848355023733	0.8754379632659278
1.5031419660900225	0.8728942215722536
1.5066070661867417	0.8703569520220991
1.5100801541641484	0.8678261471560421
1.513561248436208	0.8653017988443504
1.5170503674593367	0.8627838982786039
1.5205475297324955	0.8602724359632519
1.5240527537972914	0.8577674017070833
1.5275660582380723	0.8552687846146254
1.5310874616820302	0.8527765730774551
1.5346169827992941	0.8502907547654412
1.5381546403030348	0.8478113166178962
1.5417004529495593	0.8453382448346543
1.545254439538414	0.8428715248670611
1.5488166189124812	0.8404111414088893
1.5523870099580825	0.8379570783871618
1.5559656316050743	0.8355093189528998
1.559552502826954	0.8330678454717791
1.5631476426409538	0.8306326395147079
1.5667510701081493	0.8282036818483124
1.5703628043335522	0.825780952425343
1.5739828644662197	0.8233644303749853
1.5776112696993485	0.8209540939930919
1.5812480392703834	0.8185499207323168
1.5848931924611134	0.8161518871921686
1.5885467485977791	0.8137599691089666
1.59220872705117	0.8113741413457136
1.5958791472367329	0.8089943778818681
1.5995580286146687	0.8066206518030343
1.6032453906900417	0.8042529352905498
1.6069412530128773	0.8018798310362065
1.6106456351782708	0.7995106132496491
1.6143585568264862	0.7971472829378278
1.6180800376430662	0.7947898410872704
1.6218100973589298	0.7924382881783345
1.6255487557504842	0.7900926241785687
1.6292960326397223	0.7877528485360188
1.6330519478943346	0.7854189601724634
1.6368165214278085	0.783090957476594
1.6405897731995396	0.7807688382971245
1.6443717232149315	0.7784525999358436
1.6481623915255086	0.776142239140594
1.651961798229015	0.7738377520981958
1.6557699634695284	0.7715391344272944
1.6595869074375604	0.7692463811711513
1.6634126503701698	0.7669594867903584
1.6672472125510627	0.7646784451554963
1.6710906143107078	0.7624032495397117
1.6749428760264373	0.7601338926112376
1.6788040181225607	0.7578703664258366
1.6826740610704674	0.7556126624191803
1.6865530253887415	0.7533607713991518
1.690440931643264	0.7511146835380855
1.6943378004473288	0.7488743883649271
1.6982436524617444	0.74663987475733
1.7021585083949509	0.7444111309336705
1.7060823890031234	0.7421881444449981
1.710015315090288	0.7399709021669051
1.7139573075084253	0.7377593902913281
1.7179083871575884	0.7355535943182677
1.721868574986007	0.7333534990474402
1.725837891990204	0.7311590885698459
1.7298163592151015	0.7289703462592676
1.7338039977541384	0.7267872547636837
1.7378008287493754	0.7246097959966127
1.7418068733916146	0.7224379511283694
1.7458221529205038	0.7202717005772507
1.7498466886246573	0.718111024000633
1.7538805018417611	0.7159559002859973
1.7579236139586931	0.7138063075418659
1.7619760464116292	0.7116622230886632
1.7660378206861649	0.7095236234494873
1.770108958317421	0.7073904843408066
1.7741894808901661	0.7052627806630648
1.7782794100389228	0.7031404864912065
1.78237876744809	0.7010235750651146
1.7864875748520508	0.6989120187799645
1.7906058540352947	0.6968057891764875
1.7947336268325265	0.6947048569311534
1.7988709151287883	0.6926091918462565
1.803017740859569	0.690505522088648
1.8071741260109275	0.6884046517113537
1.8113400926196026	0.6863089139997087
1.8155156627731361	0.6842183130433962
1.8197008586099834	0.6821328525329521
1.8238957023196385	0.6800525357543694
1.8281002161427427	0.6779773655836625
1.832314422371212	0.6759073444813698
1.8365383433483464	0.6738424744870123
1.8407720014689564	0.6717827572134938
1.8450154191794736	0.6697281938414547
1.8492686189780787	0.6676787851135652
1.8535316234148114	0.6656345313287738
1.857804455091699	0.6635954323364931
1.8620871366628675	0.6615614875307382
1.8663796908346704	0.659532695844204
1.8706821403658007	0.6575090557422945
1.8749945080674193	0.6554905652170883
1.8793168168032686	0.653477221781255
1.883649089489801	0.6514690224619086
1.8879913490962936	0.6494659637944106
1.892343618644976	0.6474680418161077
1.8967059212111463	0.6454752520600194
1.9010782799233006	0.6434875895484594
1.9054607179632472	0.6415050487866055
1.9098532585662378	0.6395276237560023
1.914255925021086	0.6375553079080096
1.9186687406702891	0.6355880941571908
1.9230917289101586	0.6336259748746321
1.9275249131909356	0.6316689418812127
1.9319683170169242	0.6297169864408004
1.936421963946607	0.6277700992533961
1.9408858775927782	0.6258282704482054
1.9453600816226624	0.6238914895766543
1.9498445997580456	0.6219597456053353
1.9543394557753944	0.6200330269088944
1.95884467350599	0.6181113212628464
1.9633602768360463	0.6161946158363323
1.967886289706845	0.6142828971848023
1.9724227361148534	0.6123761512426407
1.976969640111861	0.6104743633157148
1.9815270258050979	0.6085775180738654
1.9860949173573716	0.606685599543319
1.9906733389871865	0.6047985910990412
1.9952623149688797	0.6029164754570118
1.9998618696327437	0.6010392346664367
2.0044720273651615	0.5991668501018845
2.0090928126087277	0.5972993024553566
2.0137242498623884	0.5954365717282791
2.0183663636815607	0.5935786372234311
2.023019178678272	0.5917164839402991
2.0276827195212817	0.5898574499822211
2.032357010936222	0.5880031196921799
2.037042077705718	0.5861534952289594
2.0417379446695296	0.5843085783684271
2.046444636724674	0.5824683704984532
2.0511621788255656	0.580632872613775
2.0558905959841414	0.5788020853108203
2.0606299132700006	0.5769760087824759
2.065380155810529	0.5751546428128127
2.0701413487910423	0.5733379867717557
2.0749135174549096	0.57152603960971
2.079696687103696	0.5697187998521307
2.084490883097289	0.5679162655940478
2.0892961308540396	0.5661184344945354
2.0941124558508926	0.5643253037711329
2.0989398836235242	0.5625368701942113
2.1037784397664754	0.5607531300812904
2.1086281499332897	0.5589740792912999
2.1134890398366464	0.5571997132187909
2.1183611352485023	0.5554300267880887
2.123244462000219	0.5536650144473997
2.1281390459827123	0.5519046701628529
2.133044913146576	0.5501489874124985
2.1379620895022327	0.5483979591802391
2.1428906011200586	0.5466515779497173
2.1478304741305343	0.5449098356981346
2.1527817347243725	0.5431727238900245
2.157744409152667	0.5414402334709603
2.16271852372702	0.5397123548612122
2.167704104819695	0.5379890779493377
2.1727011788637443	0.5362703920857241
2.1777097723531593	0.5345562860760608
2.1827299118430012	0.532846748174762
2.187761623949553	0.5311417660783203
2.1928049353504484	0.5294413269186095
2.197859872784825	0.5277454172561153
2.202926463053456	0.5260540230731161
2.2080047330189	0.5243671297667912
2.2130947096056377	0.5226847221422748
2.2181964198002193	0.5210067844056416
2.223309890651403	0.5193333001568323
2.2284351492703043	0.5176642523825109
2.2335722228305315	0.5159996234488645
2.23872113856834	0.5143393950943289
2.2438819237827663	0.5126835484222576
2.2490546058357817	0.511032063893517
2.254239212152429	0.5093849213190215
2.259435770220978	0.5077420998521955
2.2646443075930596	0.5061035779813731
2.2698648518838223	0.5044615468841017
2.2750974307720706	0.5028223561614028
2.2803420720004186	0.5011873737579171
2.28559880337543	0.4995565977036459
2.2908676527677736	0.49793002563372796
2.296148648112362	0.4963076547833996
2.301441817408509	0.4946894819829007
2.306747188720069	0.4930755036523387
2.312064790175595	0.49146571579650095
2.3173946499684783	0.4898601139996228
2.3227367963571073	0.4882586934201037
2.328091257665008	0.4866614487851774
2.3334580622810033	0.4850683743855305
2.338837238659355	0.48347946406987424
2.344228815319923	0.4818947112394617
2.3496328208483073	0.48031410884256137
2.35504928389601	0.4787376493688723
2.360478233180577	0.4771653248438943
2.365919697485759	0.4755971268232418
2.371373705661655	0.4740330463869098
2.3768402866248772	0.47247307413348294
2.38231946935869	0.4709172001742962
2.3878112829131783	0.4693654141275374
2.3933157564053875	0.46781770511230125
2.3988329190194912	0.46627406174258335
2.4043628000069335	0.4647344721212256
2.4099054286865957	0.4631989238338
2.41546083444494	0.46166740394244427
2.421029046736179	0.4601398989796331
2.4266100950824154	0.4586163949419019
2.432204009073816	0.45709687728350484
2.4378108183687526	0.45558133091002323
2.4434305526939726	0.45406974017190993
2.4490632418447453	0.4525620888579802
2.454708915685031	0.4510583601888399
2.4603676041476272	0.4495585368102581
2.46603933723434	0.44806260078647586
2.4717241450161302	0.4465705335934597
2.4774220576332864	0.44508231611208904
2.4831331052955705	0.4435979286212875
2.4888573182823914	0.4421173507910884
2.494594726942955	0.4406405616756408
2.500345361696432	0.43916753970615174
2.506109253032114	0.4376982626837662
2.511886431509581	0.4362327077723809
2.5176769277588558	0.4347708514913981
2.5234807724805757	0.43331266970841037
2.529297996446145	0.43185813763182357
2.5351286304979084	0.4304072298034114
2.540972705549305	0.42895992009080613
2.5468302525850417	0.4275062827883332
2.552701302661247	0.42605439149463686
2.5585858869056453	0.4246059869737503
2.5644840365177175	0.4231610686433861
2.5703957827688635	0.42171963560172887
2.5763211570025755	0.42028168662329835
2.582260190634596	0.4188472201547775
2.588212915153092	0.4174162343107985
2.5941793621188136	0.41598872686969257
2.6001595631652723	0.4145646952691963
2.6061535499988953	0.4131441366021235
2.6121613543992064	0.4117270476119908
2.6181830082189848	0.4103134246886082
2.624218543384442	0.40890326386362436
2.6302679918953813	0.4074965608060344
2.6363313858253803	0.40609331081764233
2.642408757321946	0.4046935088284863
2.648500138606701	0.40329714939221617
2.654605561975539	0.401904226681434
2.6607250597988097	0.4005147344829869
2.666858664521479	0.3991286661932207
2.6730064086633116	0.39774601481318606
2.6791683248190314	0.3963667729438048
2.6853444456585076	0.3949909327809881
2.691534803926915	0.39361848611071293
2.6977394324449206	0.39224942430405063
2.703958364108843	0.3908837383121547
2.7101916318908432	0.3895214186611956
2.7164392688390824	0.3881624554472586
2.7227013080779128	0.3868068383311854
2.7289777828080406	0.3854545565333774
2.7352687263067126	0.3841055988285455
2.741574171927882	0.38275995354041664
2.7478941531023975	0.3814176085363886
2.7542287033381663	0.38007855122214007
2.7605778562203462	0.37874276853618777
2.7669416454115114	0.37741024694439956
2.773320104651841	0.376080972434452
2.7797132677592886	0.3747549305102435
2.7861211686297707	0.37343210618625206
2.792543841237338	0.37211248398184776
2.798981319634363	0.37079604791554754
2.805433637951713	0.3694827814992248
2.811900830398941	0.36817266773226137
2.8183829312644537	0.3668656890956521
2.8248799749157074	0.3655618275460514
2.831391995799379	0.3642610645097715
2.8379190284415565	0.3629633808767231
2.8444611074479154	0.3616687569943039
2.85101826750391	0.3603771726612318
2.8575905433749464	0.3590793184783233
2.8641779699065815	0.3577827748121637
2.8707805820246906	0.3564891796890073
2.8773984147356697	0.3551985372271102
2.8840315031266055	0.3539108513333223
2.8906798823654762	0.3526261257001318
2.897343587701323	0.35134436380268774
2.904022654464451	0.35006556889578805
2.910717118066605	0.3487897440108439
2.9174270140011673	0.347516891952811
2.924152377843335	0.3462470152970962
2.9308932452503216	0.34498011638642917
2.9376496519615305	0.34371619732771125
2.9444216337987617	0.34245525998882653
2.9512092266663856	0.34119730599543086
2.9580124665515464	0.33994233672770374
2.9648313895243423	0.3386903533170742
2.971666031738027	0.33744135664291286
2.9785164294291895	0.33619534732919576
2.9853826189179604	0.33495232574113226
2.992264636608189	0.3337122919817681
2.9991625189876516	0.3324752458885483
3.0060763026282307	0.3312411870298563
3.013006024186122	0.33001011470151287
3.019951720402016	0.3287820279232497
3.0269134281013064	0.3275569254351428
3.0338911841942706	0.32633480569401985
3.04088502567628	0.32511566686982707
3.047894989627983	0.32389950684196867
3.054921113215514	0.3226863231956066
3.061963433690677	0.32147611321793157
3.069021988391158	0.32026887389439357
3.076096814740708	0.3190646019049034
3.083187950249355	0.3178632936199933
3.0902954325135905	0.31666494509694776
3.097419299216581	0.3154695520758932
3.1045595881283554	0.31427710997585656
3.1117163371060186	0.31308761389078255
3.118889584093937	0.31190105858551986
3.126079367123956	0.31071743849176475
3.1332857243155856	0.30953674770397244
3.1405086938762183	0.30835897997522643
3.1477483141013156	0.3071841287130749
3.1550046233746274	0.30601218697532334
3.1622776601683795	0.30484314746579444
3.169567463043492	0.3036770025300443
3.1768740706497707	0.30251374415104365
3.1841975217261256	0.3013533639448157
3.1915378551007616	0.30019585315603864
3.198895109691399	0.2990412026536036
3.206269324505466	0.2978838963408257
3.213660538640318	0.2967284308270851
3.2210687912834346	0.2955757798718206
3.2284941217126364	0.2944259485512275
3.2359365692962827	0.2932789417616233
3.2433961734934935	0.29213476421686424
3.250872973854344	0.2909934204457404
3.2583670100200885	0.2898549147893424
3.265878321723358	0.2887192513984061
3.273406948788383	0.28758643423062824
3.2809529311311905	0.286456467047961
3.2885163087598315	0.2853293534138751
3.2960971217745776	0.2842050966906027
3.303695410368149	0.2830837000363477
3.311311214825911	0.28196516640247676
3.3189445755261047	0.2808494985306757
3.326595532940045	0.2797366989500859
3.3342641276323506	0.2786267699744081
3.3419504002611427	0.27751971369898326
3.3496543915782775	0.2764155319978415
3.3573761424295467	0.27531422652072723
3.365115693754908	0.2742157986900922
3.372873086588689	0.2731202496980646
3.380648362059817	0.27202758050338455
3.3884415613920256	0.27093779182831595
3.3962527259040853	0.26985088415552455
3.404081897010009	0.268766857724931
3.4119291162192864	0.26768571253053025
3.4197944251370886	0.26660744831718536
3.4276778654645046	0.26553206457738737
3.4355794789987466	0.26445956054798825
3.443499307633384	0.26338993520690046
3.451437393358563	0.2623231872697679
3.459393778261219	0.26125931518660567
3.4673685045253166	0.26019831713840635
3.4753616144320576	0.2591401910337182
3.483373150360118	0.2580849345051883
3.4914031547858606	0.25703254490607635
3.499451670283573	0.25598301930673384
3.5075187395256795	0.2549363544910532
3.5156044052829816	0.25389254695288105
3.523708710424871	0.25285159289240167
3.53183169791957	0.25181348821248417
3.5399734108343464	0.2507782285149987
3.548133892335755	0.24974580909709543
3.5563131856898527	0.24871622494745393
3.5645113342624426	0.24768947074249276
3.5727283815192883	0.24666554084254966
3.5809643710263606	0.24564442928802166
3.5892193464500517	0.24462612979547466
3.5974933515574232	0.24360607572377124
3.6057864302164235	0.24258799198903774
3.6140986263961334	0.241572686205013
3.6224299841669856	0.2405601638006271
3.630780547701014	0.23955043004209578
3.639150361272071	0.23854349003055447
3.6475394692560785	0.23753934869966625
3.6559479161312485	0.23653801081321071
3.664375746478333	0.23553948096264526
3.672823004980846	0.23454376356464718
3.681289736425315	0.2335508628586283
3.6897759857015027	0.23256078290422957
3.6982817978026628	0.23157352757878738
3.7068072178257596	0.2305891005747807
3.715352290971726	0.22960750539724795
3.7239170625456848	0.22862874536118552
3.732501577957206	0.22765282358891542
3.741105882720533	0.2266797430074334
3.7497300224548358	0.2257095063457268
3.758374042884441	0.2247421161320718
3.767037989839089	0.22377757469130027
3.77572190925416	0.22281588414204506
3.7844258471709336	0.22185704639395584
3.793149849736819	0.22090106314489114
3.801893963205613	0.21994793587808167
3.81065823393773	0.2189976658592694
3.8194427084004663	0.21805025413381693
3.8282474331682264	0.21710570152379235
3.8370724549227884	0.21616400862502436
3.8459178204535354	0.21522517580413195
3.8547835766577188	0.2142892031955242
3.8636697705406915	0.21335609069837394
3.8725764492161727	0.21242583797356104
3.8815036599064823	0.21149844444058954
3.8904514499428067	0.2105739092744735
3.899419866765434	0.20965223140259637
3.908408957924021	0.20873340950153865
3.9174187710778305	0.20781744199387853
3.926449353995999	0.20690432704496012
3.9355007545577743	0.2059940625596349
3.944573020752785	0.20508664617896943
3.953666200681279	0.20418207527692636
3.9627803425543955	0.20328034695701064
3.971915494694403	0.2023814580488893
3.981071705534973	0.20148540510497553
3.9902490236214203	0.20059218439698523
3.9994474976109755	0.19970179191245852
4.008667176273028	0.1988142233512525
4.0179081084894	0.19792947412199854
4.027170343254591	0.19704753933852984
4.036453929676051	0.19616500830768374
4.045758916974426	0.19528466255920232
4.055085354483839	0.19440710487636442
4.0644332916521275	0.1935323389013891
4.073802778041128	0.19266036809859638
4.083193863326921	0.19179119575193646
4.09260659730011	0.19092482496249208
4.1020410298660686	0.1900612586459613
4.111497211045223	0.18920049953011167
4.120975190973302	0.18834255015221454
4.130475019901614	0.18748741285645176
4.139996748197304	0.18663508979130036
4.149540426343631	0.1857855829068902
4.1591061049402205	0.18493889395233903
4.168693834703355	0.18409502447305978
4.178303666466218	0.1832539758080453
4.187935651179185	0.18241574908712488
4.1975898399100755	0.18158034522819763
4.207266283844442	0.18074776493443676
4.216965034285822	0.17991800869147118
4.226686142656031	0.17909107676453734
4.2364296604954115	0.17826696919560744
4.24619563946313	0.17744568580048806
4.2559841313374305	0.17662722616589396
4.265795188015928	0.17581158964649285
4.275628861515862	0.1749987753619245
4.285485203974396	0.17418878219378983
4.295364267648873	0.1733816087826143
4.3052661049171075	0.1725772535247812
4.3151907682776525	0.1717757145694384
4.325138310350088	0.17097698981537415
4.335108783875289	0.17018107690786666
4.345102241715717	0.16938797323550195
4.355118736855686	0.16859767592696467
4.365158322401661	0.16781018184779697
4.375221051582521	0.16702548759713023
4.385306977749858	0.16624358950438384
4.395416154378245	0.1654644836259362
4.405548635065534	0.1646881657417631
4.4157044735331255	0.16391463135204712
4.425883723626267	0.16314387567375402
4.436086439314326	0.1623758936371799
4.446312674691089	0.16161067988246453
4.456562483975033	0.16084822875607524
4.466835921509633	0.1600885343072563
4.477133041763626	0.15933159028444835
4.487453899331323	0.1585773901316727
4.49779854893288	0.1578259269848854
4.508167045414603	0.1570771936682957
4.518559443749224	0.15633118269065327
4.528975799036209	0.15558444186709638
4.539416166502032	0.15483978188772504
4.549880601500488	0.1540978098133479
4.560369159512962	0.15335852670823788
4.570881896148752	0.15262193343893574
4.581418867145335	0.15188803067164858
4.591980128368688	0.15115681886962049
4.6025657358135605	0.1504282982904817
4.613175745603796	0.1497024689835705
4.623810213992603	0.14897933078723227
4.634469197362879	0.14825888332609102
4.645152752227495	0.14754112600829764
4.6558609352295885	0.14682605802275192
4.666593803142887	0.14611367833629707
4.677351412871981	0.14540398569089147
4.688133821452653	0.1446969786007504
4.698941086052153	0.14399265534946515
4.709773263969529	0.14329101398709163
4.720630412635905	0.14259205232721547
4.731512589614805	0.14189576794398762
4.7424198526024455	0.14120215816913406
4.753352259428054	0.14051122008893668
4.7643098680541565	0.1398229505411881
4.775292736576909	0.13913734611211642
4.786300923226383	0.1384544031332836
4.797334486366892	0.13777411767845402
4.808393484497285	0.13709648556043527
4.819477976251274	0.1364215023278892
4.830588020397726	0.13574916326211492
4.841723675840994	0.13507946337380078
4.8528850016212095	0.13441239739974858
4.864072056914616	0.1337479597995662
4.875284901033862	0.1330861447523316
4.886523593428336	0.1324269461532248
4.897788193684462	0.13177035761013134
4.909078761526032	0.13111637244021265
4.920395356814509	0.13046498366644732
4.9317380395493595	0.1298161840141391
4.943106869868354	0.1291699659073954
4.954501908047903	0.12852632146557172
4.96592321450336	0.127885242499686
4.97737084978936	0.12724672050879876
4.9888448746001215	0.12661074667636238
5.000345349769786	0.1259773118665355
5.011872336272722	0.12534640662046664
5.0234258952238715	0.1247180211525416
5.035006087879047	0.12409214534660006
5.046612975635284	0.12346876875211538
5.05824662003114	0.12284788058034292
5.0699070827470445	0.12222946970043114
5.081594425605605	0.12160913334264534
5.093308710571955	0.12099045344730394
5.105049999754062	0.12037420257207238
5.116818355403078	0.1197603807426379
5.1286138399136485	0.11914898779703596
5.140436515824262	0.11854002338322756
5.152286445817564	0.11793348695665563
5.16416369272071	0.1173293777777772
5.176068319505676	0.116727694909574
5.188000389289612	0.11612843721503867
5.199959965335159	0.11553160335463909
5.211947111050805	0.11493719178375762
5.223961889991197	0.11434520075010841
5.236004365857504	0.11375562829112884
5.248074602497725	0.1131684722313494
5.2601726639070625	0.11258373017973632
5.2722986142282275	0.11200139952701273
5.284452517751805	0.11142147744295287
5.296634438916578	0.11084396087365293
5.308844442309884	0.1102688465387756
5.321082592667942	0.10969613092877084
5.333348954876211	0.1091258103020694
5.345643593969716	0.10855788068225279
5.357966575133418	0.1079923378551948
5.370317963702527	0.10742917736617988
5.382697825162884	0.10686839451699212
5.3951062251512765	0.10630998436298075
5.4075432294558095	0.10575394171009618
5.420008904016238	0.10520026111190141
5.432503314924333	0.1046489368665542
5.445026528424211	0.10409996301376405
5.4575786109127105	0.10355333333171914
5.470159628939716	0.10300904133398796
5.482769649208539	0.10246708026639055
5.495408738576246	0.10192744310384354
5.508076964054036	0.10139012254717478
5.520774392807573	0.10085511101991114
5.533501092157368	0.10032240066503535
5.546257129579107	0.09979198334171578
5.559042572704037	0.09926385062200455
5.5718574893192985	0.09873799378750814
5.584701947368309	0.0982144038260261
5.597576014951102	0.09769307142816158
5.610479760324706	0.0971739869838994
5.623413251903491	0.09665714057915548
5.6363765582595455	0.09614252199229373
5.649369748123025	0.09563012069061318
5.6623928903825345	0.09511992582680233
5.675446054085471	0.09461192623536364
5.688529308438416	0.09410611042900409
5.701642722807475	0.09359786513298161
5.714786366718672	0.09309094397188218
5.727960309858292	0.09258615676748701
5.741164622073277	0.09208350387447681
5.7543993733715695	0.09158298548997572
5.767664633922509	0.09108460165150489
5.780960474057181	0.09058835223491796
5.794286964268812	0.09009423695231611
5.807644175213121	0.08960225534994501
5.821032177708716	0.08911240680607092
5.834451042737448	0.08862469052883848
5.847900841444809	0.08813910555410705
5.861381645140288	0.08765565074326863
5.874893525297769	0.08717432478104409
5.88843655355589	0.08669512617326049
5.902010801718445	0.08621805324460612
5.91561634175474	0.08574310413636704
5.9292532458	0.08527027680414048
5.942921586155727	0.08479956901552914
5.956621435290106	0.08433097834781256
5.970352865838369	0.08386450218559903
5.984115950603199	0.08340013771845381
5.997910762555095	0.08293788193850775
6.011737374832782	0.08247773163804198
6.025595860743578	0.08201968340705243
6.0394862937638	0.08156373363079038
6.0534087475391365	0.08110987848728214
6.067363295885055	0.08065811394482458
6.08135001278718	0.08020843575945921
6.095368972401694	0.07976083947242231
6.109420249055721	0.07931532040757255
6.123503917247737	0.07887187366879458
6.137620051647943	0.07843049413737989
6.151768727098683	0.07799117646938296
6.165950018614822	0.07755391509295465
6.180164001384161	0.07711870420565008
6.1944107507678146	0.07668553777171369
6.208690342300634	0.07625440951933839
6.223002851691596	0.07582531293790082
6.237348354824191	0.075398241275172
6.251726927756859	0.07497318753450147
6.266138646723353	0.07455014447197796
6.2805835881331795	0.0741291045935628
6.295061828571975	0.07371006015219915
6.309573444801933	0.07329300314489394
6.324118513762193	0.07287792530977484
6.33869711256927	0.07246481812311982
6.353309318517436	0.07205367279636128
6.367955209079159	0.0716444802730622
6.382634861905486	0.07123723122586648
6.397348354826482	0.07082856628894338
6.412095765851615	0.07042121698006346
6.4268771731701975	0.07001577175449335
6.441692655151772	0.06961222975462798
6.456542290346556	0.06921058996932972
6.471426157485831	0.06881085123199303
6.486344335482385	0.06841301221858961
6.501296903430906	0.0680170714456973
6.516283940608428	0.0676230272685089
6.531305526474723	0.06723087787882448
6.546361740672751	0.06684062130302365
6.561452663029053	0.0664522554000206
6.576578373554206	0.06606577785919886
6.591738952443213	0.06568118619832893
6.606934480075961	0.06529847776146487
6.622165037017619	0.06491764971682354
6.637430704019089	0.06453869905464278
6.652731562017413	0.06416162258502144
6.668067692136222	0.0637864169357385
6.6834391756861455	0.06341307855005347
6.698846094165265	0.0630416036844856
6.714288529259523	0.06267198840657412
6.729766562843179	0.06230422859261687
6.745280276979219	0.06193831992538956
6.760829753919819	0.061574257891843454
6.77641507610675	0.06121203778078291
6.792036326171846	0.060851654680521165
6.807693586937414	0.06049310347651585
6.823386941416698	0.060136378848982104
6.839116472814292	0.05978147527048527
6.8548822645266165	0.059428387003510615
6.870684400142321	0.05907710809801267
6.886522963442762	0.05872763238894093
6.902398038402419	0.058379953493744856
6.918309709189366	0.05803406480985496
6.934258060165691	0.05768995951214283
6.9502431758879695	0.05734763055035693
6.966265141107686	0.05700707064653677
6.982324040771715	0.056668272292402615
6.998419960022734	0.05633122774672331
7.014552984199714	0.055995929032659104
7.030723198838334	0.0556623679350822
7.046930689671471	0.055330535997872146
7.06317554262962	0.055000424521188196
7.07945784384138	0.05467202455871657
7.095777679633888	0.05434532691489397
7.112135136533292	0.05402032214210567
7.128530301265195	0.05369700053785965
7.1449632607551345	0.053375352141934625
7.16143410212902	0.05305536673350394
7.177942912713619	0.05273369725482073
7.194489780036995	0.052413063555972986
7.211074791828998	0.052094050873469834
7.227698036021702	0.05177665746151813
7.2443596007499025	0.0514608814314762
7.261059574351547	0.05114672075009753
7.277798045368242	0.050834173237757074
7.294575102545687	0.05052323656666258
7.311390834834176	0.050213908259048416
7.3282453313890406	0.0499061856853541
7.345138681571151	0.04960006606238481
7.362070974947361	0.04929554645145667
7.379042301291012	0.04899262375652373
7.396052750582378	0.0486912947222891
7.413102413009177	0.04839155593229777
7.430191378967014	0.048093403807013435
7.447319739059893	0.04779683460187652
7.464487584100665	0.04750184440534577
7.481695005111545	0.0472084291369212
7.498942093324558	0.04691658454515007
7.516228940182057	0.04662630620561375
7.533555637337174	0.046337589518897646
7.550922276654341	0.04605042970854178
7.568328950209744	0.04576482181897366
7.58577575029184	0.04548076071342188
7.603262769401819	0.045198241071811834
7.620790100254123	0.044917257388641406
7.638357835776907	0.044637803970838844
7.655966069112566	0.04435987493560027
7.67361489361819	0.04408346420820882
7.691304402866098	0.0438085655198334
7.709034690644301	0.04353517240530859
7.726805850957025	0.04326327820089389
7.744617978025188	0.04299287604201385
7.76247116628692	0.04272395886097714
7.78036551039804	0.04245651938467624
7.798301105232589	0.042190550132265685
7.816278045883297	0.04192604341282069
7.83429642766212	0.041662991322973984
7.852356346100718	0.0414013857445326
7.870457896950989	0.041141218342072614
7.888601176185544	0.040882480560513544
7.906786279998253	0.04062516362267024
7.925013304804718	0.040369258526784246
7.943282347242818	0.04011475604403224
7.961593504173188	0.039861646716013416
7.979946872679768	0.039609920852213994
7.9983425500702845	0.039359568527449894
8.016780633876794	0.039110579579286486
8.035261221856173	0.03886294360543613
8.05378441199067	0.03861308176537417
8.072350302488383	0.03836390332626429
8.090958991783825	0.03811603479875819
8.109610578538408	0.03786947500412951
8.128305161640995	0.03762422265216448
8.147042840208396	0.03738027633978361
8.165823713585926	0.037137634549649995
8.1846478813479	0.036896295648765516
8.203515443298185	0.03665625788705364
8.222426499470712	0.03641751939592975
8.241381150130026	0.03618007818685782
8.260379495771788	0.03594393214989473
8.279421637123345	0.03570907905222032
8.298507675144226	0.035475516536655066
8.317637711026709	0.03524324212016332
8.336811846196344	0.03501225319234365
8.356030182312479	0.0347825470139053
8.375292821268827	0.03455412071513038
8.394599865193973	0.03432697129432294
8.413951416451951	0.03410109561624304
8.433347577642753	0.03387649041052762
8.452788451602899	0.03365315227009623
8.472274141405963	0.033431077649543096
8.491804750363139	0.03321026286351405
8.511380382023763	0.03299070408506946
8.531001140175896	0.032772397344031694
8.550667128846833	0.032555338525318625
8.570378452303697	0.03233952336726114
8.590135215053957	0.03212494745990645
8.609937521846007	0.031911606243305614
8.629785477669701	0.03169949500578604
8.649679187756934	0.031488608882208106
8.669618757582166	0.03127894285220691
8.689604292863018	0.031070491738417437
8.709635899560805	0.03086325020468459
8.729713683881117	0.030657212754256785
8.74983775227436	0.030452373727963916
8.770008211436348	0.030248727302378434
8.790225168308842	0.030046267487960885
8.810488730080142	0.029844988127188138
8.830799004185627	0.029644882892665758
8.851156098308357	0.02944594528522296
8.871560120379607	0.029248168631991305
8.892011178579486	0.02905154608446566
8.912509381337454	0.028856070616548882
8.933054837332953	0.028661735022578298
8.953647655495937	0.02846853191533554
8.974287945007486	0.028276453724038187
8.994975815300352	0.028085492692314265
9.01571137605957	0.027895640876158333
9.036494737223014	0.02770426432073791
9.057326008982002	0.02751350363259611
9.078205301781857	0.02732381953527826
9.099132726322518	0.027135210826550002
9.120108393559097	0.026947676210349037
9.141132414702504	0.02676121429563482
9.162204901219997	0.02657582359522857
9.183325964835811	0.026391502524641834
9.204495717531712	0.0262082494008952
9.225714271547634	0.02602606244132533
9.246981739382225	0.02584493976238216
9.268298233793494	0.025664879378414055
9.289663867799362	0.02548587920044296
9.311078754678306	0.025307937034927477
9.33254300796991	0.02513105058251564
9.354056741475521	0.02495521743678549
9.375620069258803	0.024780435082975026
9.39723310564638	0.024606700896700064
9.418895965228414	0.024434012142660978
9.440608762859236	0.024262365973337304
9.462371613657929	0.024091759427671156
9.484184633008974	0.02392218942973801
9.506047936562814	0.023753652787406432
9.527961640236521	0.023586146190984793
9.549925860214358	0.02341966621185675
9.571940712948447	0.023254209301103605
9.594006315159332	0.023089771788115134
9.616122783836648	0.022926349879187242
9.638290236239705	0.022763939656107606
9.660508789898136	0.022602537074728306
9.68277856261249	0.022442137963526034
9.7050996724549	0.02228273802214897
9.727472237769652	0.022124332819951402
9.749896377173872	0.021966917794514446
9.772372209558107	0.021810488250154393
9.79489985408699	0.02165503935641713
9.817479430199844	0.021500566146559746
9.84011105761134	0.02134706351601813
9.862794856312105	0.021194526220861477
9.885530946569391	0.02104294887623259
9.908319448927676	0.020892325954774898
9.93116048420934	0.020742651785045023
9.954054173515269	0.020593920549911826
9.977000638225535	0.020446126284940812
10.	0.020299262876764795
10.023052380778994	0.0201533240614397
10.046157902783957	0.020008303422786148
10.069316688518045	0.019864194390716676
10.092528860766844	0.01972099023954754
10.115794542598982	0.0195786840862964
10.1391138573668	0.019435073025701147
10.16248692870696	0.01929194691606204
10.18591388054117	0.01914969080013935
10.209394837076797	0.019008303431319606
10.232929922807546	0.018867783484169322
10.256519262514079	0.018728129553480678
10.280162981264736	0.018589340153307796
10.303861204416158	0.018451413715994923
10.32761405761398	0.018314348591195323
10.351421666793442	0.018178143044881728
10.375284158180126	0.018042795258347167
10.39920165829059	0.017908303327197245
10.423174293933046	0.017774665260333132
10.447202192208003	0.01764187897892554
10.471285480508996	0.017509942315378915
10.495424286523221	0.017378853012286834
10.519618738232236	0.01724860872137768
10.543868963912592	0.01711920700245106
10.568175092136585	0.01699064532230423
10.592537251772887	0.016862921053649248
10.616955571987253	0.01673603147402024
10.641430182243164	0.016609973764671077
10.665961212302578	0.016484745009462624
10.690548792226577	0.016360342193740593
10.71519305237607	0.016236762203203053
10.739894123412451	0.016114001822758073
10.76465213629835	0.015992057735370643
10.789467222298287	0.01587092652089985
10.814339512979387	0.01575060465492538
10.83926914021204	0.015631088507563805
10.864256236170656	0.015512374342273896
10.889300933334333	0.015394458314651777
10.91440336448757	0.015277336471215106
10.939563662720943	0.015161004748176672
10.964781961431852	0.015045458970206751
10.990058394325208	0.014930694849184866
11.015393095414156	0.014816707982940248
11.040786199020735	0.014703493853981465
11.066237839776663	0.014591047828214286
11.091748152624008	0.014479365153648754
11.117317272815919	0.01436844095909453
11.142945335917304	0.014258270252845014
11.168632477805613	0.014148847921349423
11.194378834671515	0.014040168727873642
11.220184543019629	0.013932227311149056
11.24604973966927	0.01382501818400948
11.271974561755105	0.013718535732016467
11.297959146727976	0.013612774212071924
11.324003632355566	0.013507727751019142
11.350108156723154	0.013403390344231311
11.37627285823431	0.013297836447796536
11.402497875611685	0.013192630602818329
11.428783347897712	0.013088109405916936
11.45512941445536	0.01298427180410332
11.481536214968829	0.012881116681911763
11.508003889444357	0.012778642860646307
11.534532578210918	0.012676849097620867
11.561122421920993	0.012575734085392075
11.587773561551263	0.012475296450985563
11.614486138403427	0.012375534755114647
11.641260294104908	0.012276447491392457
11.66809617060963	0.012178033085536664
11.694993910198711	0.01208028989456726
11.721953655481304	0.011983216205996669
11.748975549395292	0.011886810237013004
11.776059735208078	0.011791070133655657
11.803206356517299	0.011695993969983737
11.830415557251646	0.011601579747236667
11.857687481671597	0.011507825392987538
11.88502227437019	0.011414728760288729
11.91242008027375	0.01132228762681002
11.93988104464273	0.01123049969396862
11.967405313072431	0.011139362586051794
11.994993031493793	0.011048873849331429
12.02264434617413	0.010959030951170852
12.050359403717973	0.010869831279123358
12.078138351067798	0.01078127214002304
12.10598133550483	0.010693350759067318
12.133888504649775	0.010606064278891467
12.161860006463678	0.010519409758634603
12.189895989248662	0.010433384172997684
12.217996601648723	0.010347984411292964
12.246161992650489	0.01026320727648522
12.274392311584071	0.010179049484224068
12.30268770812381	0.01009550766186815
12.331048332289097	0.01001257834750042
12.359474334445107	0.009930257988934946
12.387965865303691	0.009848542942714544
12.416523075924106	0.009767429473100017
12.445146117713856	0.009686913751050146
12.473835142429433	0.009606991853193003
12.5025903021772	0.009527659760787795
12.531411749414156	0.00944891335867793
12.560299636948754	0.009370748434234724
12.589254117941675	0.009293160676291958
12.618275345906707	0.0092161456740708
12.64736347471151	0.009139698916095633
12.67651865857846	0.009063815789100153
12.705741052085418	0.008988491576924117
12.735030810166617	0.008913721459400106
12.764388088113435	0.008838026369244956
12.793813041575252	0.008762607690246194
12.823305826560219	0.00868772371747211
12.852866599436155	0.008613373421273858
12.882495516931336	0.00853955572083489
12.912192736135347	0.008466269483561915
12.941958414499863	0.008393513524470474
12.971792709839558	0.008321286605564667
13.001695780332899	0.008249587435211569
13.031667784523	0.008178414667509844
13.061708881318419	0.008107766901652833
13.09181922999407	0.008037642681285585
13.121998990192028	0.007968040493856415
13.15224832192239	0.007898958769962479
13.182567385564074	0.007830395882689604
13.212956341865752	0.00776235014694592
13.243415351946643	0.007694819818789809
13.273944577297401	0.007627803094751661
13.304544179780914	0.007561298111149729
13.33521432163324	0.007495302943399572
13.365955165464419	0.007429815605317638
13.396766874259358	0.007364834048418437
13.427649611378643	0.007300356161205632
13.458603540559483	0.007236379768456521
13.489628825916533	0.007172902630500442
13.52072563194278	0.0071099224424905775
13.551894123510364	0.007047436833669486
13.583134465871542	0.006985443366627795
13.614446824659497	0.0069239395365566355
13.645831365889252	0.00686292277049326
13.677288255958494	0.006802390426560149
13.708817661648537	0.0067423397931971295
13.740419750125149	0.006682768088386967
13.772094688939474	0.006623672458873952
13.803842646028853	0.006565049979375765
13.83566378971781	0.006506897651788113
13.867558288718882	0.006449212404382636
13.89952631213354	0.0063919910909976075
13.931568029453036	0.006335230490221632
13.963683610559377	0.006278927304569972
13.995873225726179	0.006223078159653843
14.028137045619589	0.006167679603342324
14.060475241299143	0.006112728104917014
14.092887984218748	0.006058220054219093
14.12537544622754	0.006004151760789142
14.157937799570824	0.005950519452999277
14.190575216890926	0.005897319277177883
14.223287871228198	0.005844547296726446
14.25607593602188	0.0057921994912289235
14.288939585111036	0.005740271755553224
14.321878992735439	0.005687527031152544
14.35489433353656	0.005634970000958247
14.387985782558452	0.005582816617759681
14.421153515248696	0.0055310659559481825
14.45439770745928	0.005479717049556879
14.487718535447618	0.0054287688917855174
14.52111617587742	0.0053782204345212276
14.554590805819668	0.00532807058785482
14.58814260275349	0.005278318219592889
14.621771744567184	0.0052289621547652885
14.655478409559112	0.005180001175128411
14.689262776438676	0.005131434018663872
14.723125024327194	0.0050832593790728475
14.757065332758946	0.005035475905265645
14.791083881682072	0.00498808220084692
14.825180851459544	0.0049410768235962025
14.859356422870075	0.004894458284943845
14.893610777109155	0.004848225049442147
14.92794409578996	0.004802375534231928
14.962356560944343	0.004756908108504249
14.99684835502374	0.004711821092957451
15.031419660900225	0.004667112759249179
15.066070661867418	0.0046227813294437235
15.100801541641477	0.004578824975454366
15.135612484362087	0.004535241818480774
15.170503674593368	0.00449202992844151
15.205475297324954	0.004449187323401325
15.240527537972907	0.004406711968993578
15.275660582380732	0.00436460177783744
15.310874616820303	0.004322854608950048
15.346169827992941	0.004281468267153306
15.381546403030342	0.0042404405024756425
15.4170045294956	0.004199769009548366
15.452544395384141	0.004159451426996849
15.488166189124811	0.004119485336826153
15.523870099580817	0.004079868263801442
15.55965631605075	0.004040597674822867
15.595525028269538	0.0040016709782950445
15.631476426409538	0.003963085523490861
15.667510701081484	0.00392483859990986
15.70362804333553	0.0038869274366309325
15.739828644662197	0.003849349201659437
15.776112696993485	0.003812101001268441
15.812480392703826	0.0037751798793344035
15.848931924611142	0.003738582816666944
15.88546748597779	0.0037023067303328812
15.9220872705117	0.0036663484729742117
15.95879147236732	0.0036307048321203342
15.995580286146694	0.0035953725294941793
16.032453906900418	0.00356034822031242
16.069412530128773	0.003524611757278442
16.106456351782697	0.003488991741155836
16.143585568264868	0.003453666317332397
16.18080037643066	0.003418634777001822
16.218100973589298	0.003383896381644215
16.255487557504836	0.00334945036267781
16.292960326397232	0.0033152959211074765
16.330519478943348	0.00328143222717013
16.368165214278086	0.0032478584199768304
16.40589773199539	0.0032145736071518063
16.443717232149325	0.003181576864468147
16.481623915255085	0.0031488672354803315
16.51961798229015	0.0031164437311533076
16.557699634695275	0.003084305329488416
16.595869074375614	0.003052450975145862
16.634126503701697	0.00302087957906393
16.672472125510627	0.0029895900180746306
16.71090614310707	0.002958581134516092
16.749428760264383	0.002927851735841394
16.788040181225607	0.0028974005942240216
16.82674061070467	0.0028672264461596605
16.865530253887407	0.0028373279920645995
16.90440931643265	0.002807703895870503
16.94337800447329	0.0027783527846156424
16.982436524617444	0.0027492732480324028
17.0215850839495	0.0027204638381312578
17.060823890031244	0.002691923068780977
17.10015315090288	0.0026636494152852395
17.139573075084254	0.0026356413139553407
17.179083871575877	0.0026078971616792855
17.21868574986008	0.002580415315486996
17.25837891990204	0.002553194092111778
17.298163592151013	0.0025262317675477934
17.338039977541374	0.0024995265766037775
17.378008287493763	0.0024730767124527624
17.418068733916144	0.002446880326177914
17.458221529205037	0.0024209355263142764
17.498466886246565	0.00239524037838662
17.53880501841762	0.002369792904443178
17.579236139586932	0.002344591082585355
17.619760464116293	0.002319632846493248
17.66037820686164	0.0022949160849471
17.70108958317422	0.0022704386413445357
17.741894808901662	0.0022461983132136473
17.78279410038923	0.0022221928517217352
17.82378767448089	0.0021984199611798736
17.864875748520518	0.0021748772985431064
17.906058540352948	0.002151562472906373
17.947336268325266	0.0021284730449959324
17.988709151287875	0.0021056065266565004
18.030177408595698	0.002082218248027576
18.071741260109274	0.0020589129714095634
18.113400926196025	0.002035820680370145
18.15515662773135	0.0020129408094273628
18.197008586099845	0.001990272771062782
18.238957023196384	0.001967815955465126
18.281002161427427	0.0019455697302714994
18.323144223712113	0.0019235334403063973
18.365383433483473	0.0019017064073183203
18.407720014689563	0.0018800879297140706
18.450154191794738	0.0018586772822906028
18.492686189780777	0.0018374737159645522
18.535316234148123	0.0018164764574992963
18.57804455091699	0.0017956847092296475
18.620871366628677	0.001775097648783988
18.663796908346693	0.001754714428804033
18.706821403658015	0.0017345341766620281
18.74994508067419	0.0017145559941755166
18.793168168032686	0.0016947789573194525
18.836490894898002	0.001675202115935875
18.879913490962945	0.0016558244934409383
18.92343618644976	0.0016366450865294058
18.967059212111465	0.0016176628648764454
19.010782799232995	0.001598876770836874
19.054607179632484	0.0015802857191416827
19.098532585662387	0.0015618885965919557
19.14255925021086	0.0015436842617499817
19.18668740670289	0.001525671544627749
19.230917289101594	0.0015078492463726355
19.275249131909366	0.0014902161389503822
19.31968317016924	0.0014727709648252108
19.364219639466068	0.0014555124366372027
19.408858775927794	0.0014384392368768004
19.453600816226633	0.0014215500175565096
19.498445997580454	0.0014048433998796364
19.543394557753942	0.0013883179739062146
19.58844673505991	0.0013719722982159573
19.633602768360475	0.0013558048995683106
19.67886289706845	0.0013398142725594667
19.724227361148536	0.0013239988792764505
19.76969640111862	0.0013083571489481674
19.81527025805099	0.001292887477593423
19.860949173573715	0.0012775882276658422
19.906733389871864	0.001262457727695742
19.952623149688808	0.0012474942719288733
19.998618696327448	0.0012326961199620502
20.044720273651613	0.001218061496375559
20.090928126087277	0.0012035885903624473
20.137242498623895	0.0011892755553545578
20.183663636815616	0.0011751205086453684
20.23019178678272	0.001160600597650003
20.276827195212817	0.0011461401901670947
20.32357010936221	0.001131830385287803
20.37042077705719	0.0011176706424295437
20.417379446695296	0.0011036604036271393
20.46444636724674	0.0010897990933347787
20.511621788255646	0.0010760861182262803
20.558905959841425	0.001062520866993529
20.606299132700006	0.0010491027101431722
20.65380155810529	0.0010358309997914367
20.701413487910415	0.001022705069457187
20.749135174549107	0.0010097242338531227
20.79696687103696	0.000996887788675142
20.844908830972887	0.0009841950103898023
20.892961308540386	0.0009716451560199436
20.941124558508935	0.0009592374629283905
20.989398836235246	0.0009469711485997777
21.03778439766475	0.0009348454104203912
21.086281499332888	0.0009228594254561256
21.134890398366476	0.000911012350228458
21.183611352485023	0.0008993033204884723
21.23244462000219	0.000887731450988856
21.28139045982711	0.0008762958352539321
21.330449131465773	0.0008649955453476567
21.379620895022324	0.0008538296316396013
21.428906011200585	0.0008427971225688347
21.47830474130533	0.0008318970244057957
21.527817347243737	0.0008211283210120405
21.57744409152667	0.0008104899735979299
21.6271852372702	0.0007999809204781463
21.67704104819694	0.0007896000768251235
21.727011788637455	0.0007793463344203018
21.77709772353159	0.000769218561403241
21.827299118430012	0.000759215602018501
21.87761623949552	0.0007493362763603725
21.9280493535045	0.0007395793801153539
21.978598727848254	0.0007299436843024215
22.02926463053456	0.000720427935011001
22.080047330188993	0.000711030853136708
22.13094709605639	0.0007017511341147791
22.181964198002195	0.0006925874476512101
22.23309890651403	0.0006835384374515323
22.28435149270303	0.0006746027209472845
22.335722228305325	0.0006657788890200964
22.3872113856834	0.0006570655057234113
22.438819237827662	0.0006484611080017739
22.490546058357804	0.000639964205407733
22.542392121524305	0.0006315732798162843
22.59435770220978	0.0006232867851368767
22.646443075930595	0.0006151031470229042
22.698648518838212	0.0006065783871969655
22.750974307720718	0.0005980729071931066
22.803420720004187	0.0005896641000677532
22.8559880337543	0.0005813515412368794
22.908676527677724	0.0005731347939410379
22.961486481123632	0.000565013409108705
23.01441817408509	0.0005569869252184419
23.06747188720069	0.0005490548681597946
23.12064790175594	0.0005412167510930021
23.173946499684796	0.0005334720743074469
23.227367963571073	0.0005258203250788685
23.280912576650078	0.0005182609775252915
23.33458062281002	0.0005107934924617121
23.38837238659356	0.0005034173172534892
23.442288153199225	0.0004961318856684618
23.49632820848307	0.000488936617727734
23.55049283896009	0.0004818309195551862
23.604782331805783	0.00047481418322563963
23.65919697485759	0.0004678857866117136
23.71373705661655	0.0004610450932293071
23.76840286624876	0.00045429145208175805
23.823194693586913	0.00044762419750262513
23.878112829131783	0.0004410426489971065
23.933157564053875	0.000434546111082052
23.9883291901949	0.0004281338731245999
24.043628000069347	0.00042180520917939834
24.099054286865954	0.0004155593778244175
24.154608344449404	0.00040939562199530883
24.210290467361776	0.00040331316881835137
24.266100950824168	0.00039731122944192744
24.32204009073816	0.00039138899886655154
24.378108183687527	0.00038554565577339836
24.434305526939713	0.0003797803623513701
24.49063241844747	0.000374092264122648
24.547089156850312	0.0003684804897667515
24.603676041476273	0.00036294415094304753
24.660393372343385	0.00035748234211175153
24.717241450161318	0.0003520941403533671
24.774220576332862	0.0003467786051865832
24.831331052955704	0.0003415347783845717
24.888573182823905	0.0003363616837897321
24.94594726942956	0.0003312583271268216
25.003453616964322	0.0003262236958144915
25.06109253032114	0.0003212567587751829
25.118864315095795	0.0003163564662434074
25.17676927758857	0.00031152174957237004
25.234807724805755	0.0003067515210389466
25.29297996446145	0.0003020446736469648
25.35128630497907	0.0002974000809288234
25.409727055493065	0.0002928165967453977
25.46830252585042	0.00028796438060163206
25.527013026612472	0.0002831112285984486
25.58585886905645	0.0002783146695780439
25.64484036517719	0.00027357441709622914
25.703957827688647	0.0002688901770656626
25.763211570025756	0.00026426164767092103
25.82260190634596	0.0002596885192828443
25.88212915153093	0.000255170474372113
25.94179362118815	0.00025070718742207436
26.001595631652723	0.00024629832484078393
26.06153549998895	0.00024194354487229097
26.12161354399208	0.00023764249750713216
26.18183008218986	0.00023339482439205448
26.24218543384442	0.00022920015873892133
26.302679918953814	0.00022505812523284513
26.363313858253814	0.00022096833993949885
26.424087573219474	0.00021693041021163056
26.485001386067008	0.0002129439345947408
26.54605561975539	0.00020900850273195413
26.607250597988113	0.00020512369526805
26.668586645214805	0.00020128908375266607
26.730064086633117	0.00019750423054264038
26.791683248190314	0.00019376868870352187
26.85344445658509	0.0001900820019102103
26.915348039269166	0.0001864437043467462
26.977394324449207	0.00018285332060520896
27.039583641088434	0.0001793103655837585
27.101916318908415	0.00017581434438377973
27.164392688390837	0.00017236475220613767
27.227013080779127	0.0001689610742465425
27.289777828080403	0.00016560278558999057
27.35268726306711	0.00016228935110431032
27.415741719278834	0.00015902022533277875
27.478941531023974	0.0001557948523858173
27.542287033381662	0.00015261266583174163
27.605778562203447	0.000149473088586581
27.669416454115126	0.00014637553280294154
27.73320104651841	0.0001433193997579198
27.797132677592884	0.00014030407974003915
27.861211686297693	0.00013732895193522678
27.925438412373392	0.00013439338431180342
27.98981319634363	0.00013149673350449408
28.05433637951713	0.00012863834469742944
28.119008303989396	0.00012581755150615828
28.18382931264455	0.00012303367585864172
28.248799749157076	0.00012028602787523453
28.31391995799379	0.00011757390574762902
28.37919028441555	0.0001148965956167763
28.44461107447917	0.00011225337144975577
28.510182675039097	0.00010964349491560337
28.575905433749465	0.00010706621526006584
28.641779699065797	0.00010452076917930149
28.70780582024692	0.00010200638069249664
28.773984147356696	0.0000995222610134055
28.84031503126606	0.00009706760842078466
28.906798823654746	0.00009464160812773921
28.973435877013245	0.00009224343214995035
29.04022654464451	0.00008987223917279242
29.10717118066605	0.00008752717441731066
29.17427014001166	0.00008520736950507403
29.24152377843337	0.00008291194232187699
29.308932452503214	0.00008063999688029217
29.376496519615305	0.00007839062318105137
29.4442163379876	0.00007616289707326361
29.51209226666387	0.00007395588011344642
29.580124665515466	0.00007176861942337267
29.648313895243422	0.00006960014754670775
29.716660317380253	0.00006744948230444716
29.78516429429191	0.00006531562664913103
29.853826189179603	0.00006319756851783495
29.92264636608189	0.00006109428068391538
29.9916251898765	0.00005900472060751582
30.060763026282324	0.00005692783028481237
30.13006024186122	0.0000548625360959969
30.19951720402016	0.00005280774865197507
30.269134281013045	0.00005076236263978768
30.338911841942718	0.000048725256666729684
30.4088502567628	0.00004669529310316864
30.47894989627983	0.000044671317924037993
30.549211132155122	0.00004265216054901149
30.61963433690679	0.00004063663368133682
30.69021988391158	0.00003862353314532655
30.76096814740708	0.0000366116377224819
30.831879502493535	0.00003459970898625822
30.90295432513592	0.00003258649113544566
30.97419299216581	0.00003057071082616531
31.045595881283557	0.000028551077002457357
31.11716337106017	0.000026526280725465528
31.188895840939384	0.000024494995001195338
31.260793671239558	0.000022455874606843997
31.332857243155857	0.000020407555915677806
31.405086938762164	0.000018348656720462832
31.477483141013174	0.000016277776055423544
31.550046233746276	0.000014193494016730076
31.622776601683793	0.00001209437158148608
31.6956746304349	9.978950425225197e-6
31.768740706497724	7.845752737890405e-6
31.841975217261254	5.693281038294461e-6
31.915378551007617	3.520017987035008e-6
31.988951096913972	1.3244261978726536e-6