0.1	10.209053718630303
0.10023052380778996	10.195601518137254
0.10046157902783952	10.18215087588305
0.10069316688518042	10.168701821161086
0.10092528860766845	10.155254382587035
0.10115794542598985	10.141808588087851
0.10139113857366794	10.128364464890659
0.10162486928706957	10.114922039511551
0.1018591388054117	10.10148133774428
0.102093948370768	10.088042384648784
0.10232929922807542	10.074605204539663
0.10256519262514076	10.061169820974508
0.10280162981264736	10.047736256742105
0.10303861204416162	10.034304533850554
0.10327614057613975	10.020874673515234
0.10351421666793438	10.007446696146678
0.10375284158180126	9.994020621338311
0.10399201658290592	9.980596467854063
0.10423174293933042	9.967174253615894
0.10447202192208001	9.953753995691148
0.10471285480508996	9.9403357102798
0.10495424286523224	9.92691941270161
0.1051961873823223	9.913505117383108
0.1054386896391259	9.900092837844468
0.10568175092136585	9.886682586686243
0.10592537251772889	9.873274375576019
0.10616955571987247	9.859868215234851
0.10641430182243161	9.84646411542365
0.10665961212302578	9.833053217980307
0.1069054879222658	9.81963937525168
0.10715193052376065	9.806227575205018
0.10739894123412448	9.792817857184515
0.1076465213629835	9.779410259970286
0.10789467222298288	9.766004821768425
0.1081433951297938	9.752601580200915
0.10839269140212036	9.739200572295458
0.10864256236170655	9.725801834475202
0.10889300933334335	9.712405402548344
0.10914403364487565	9.699011311697669
0.10939563662720939	9.685619596469916
0.1096478196143185	9.672230290765105
0.10990058394325211	9.658843427825717
0.11015393095414151	9.645459040225775
0.11040786199020733	9.6320771598598
0.11066237839776664	9.618697817931695
0.11091748152624012	9.605321044943462
0.11117317272815914	9.59194687068386
0.11142945335917301	9.578575324216906
0.11168632477805612	9.565206433870289
0.11194378834671516	9.55184022722365
0.11220184543019636	9.538476731096763
0.11246049739669266	9.525115971537584
0.11271974561755105	9.51175797381018
0.11297959146727979	9.498402762382542
0.11324003632355571	9.485050360914293
0.11350108156723152	9.471700792244237
0.1137627285823431	9.458354078377841
0.11402497875611688	9.445010240474517
0.11428783347897718	9.431669298834851
0.11455129414455358	9.418331272887666
0.1148153621496883	9.404996181176973
0.11508003889444356	9.391664041348783
0.11534532578210924	9.37833487013779
0.11561122421920987	9.365008683353954
0.11587773561551262	9.351685495868889
0.11614486138403426	9.338365321602199
0.11641260294104915	9.325048173507597
0.11668096170609624	9.311734063558967
0.11694993910198712	9.298423002736227
0.11721953655481303	9.285115001011103
0.11748975549395298	9.271810067332709
0.11776059735208072	9.258508209613078
0.11803206356517298	9.24520943471243
0.11830415557251646	9.231913748424416
0.118576874816716	9.218621155461141
0.11885022274370183	9.205331659438087
0.11912420080273747	9.192045262858858
0.1193988104464273	9.17876196709979
0.11967405313072434	9.165470018955396
0.11994993031493788	9.152174513578
0.12022644346174129	9.138882051576603
0.12050359403717974	9.125592674150605
0.120781383510678	9.112306421911093
0.12105981335504823	9.099023334870527
0.12133888504649772	9.085743452432293
0.12161860006463679	9.07246681338014
0.12189895989248664	9.059193455867538
0.12217996601648717	9.045923417406888
0.12246161992650487	9.032656734858662
0.12274392311584072	9.019393444420398
0.12302687708123815	9.006133581615623
0.1233104833228909	8.99287718128263
0.12359474334445104	8.979624277563145
0.1238796586530369	8.966374903890904
0.1241652307592411	8.953129092980092
0.1244514611771385	8.93988687681367
0.12473835142429429	8.926648286631606
0.125025903021772	8.91341335291894
0.1253141174941416	8.900182105393787
0.1256029963694875	8.886954572995187
0.12589254117941673	8.873730783870824
0.12618275345906707	8.860510765364678
0.12647363474711512	8.847294544004464
0.12676518658578456	8.834082145489043
0.12705741052085415	8.820873594675634
0.12735030810166617	8.807668915566943
0.12764388088113438	8.794468131298151
0.12793813041575247	8.781271264123761
0.12823305826560213	8.768078335404345
0.12852866599436155	8.754889365593128
0.1288249551693134	8.741704374222474
0.12912192736135342	8.728523379890195
0.1294195841449986	8.715346400245771
0.12971792709839558	8.70217345197642
0.13001695780332903	8.689004550793005
0.13031667784522993	8.67583971141586
0.13061708881318415	8.662678947560414
0.1309181922999407	8.649522271922727
0.13121998990192033	8.636369696164854
0.13152248321922383	8.623221230900075
0.1318256738556407	8.610076885678003
0.1321295634186575	8.596936668969505
0.13243415351946647	8.583800588151515
0.13273944577297395	8.570668649491694
0.1330454417978091	8.557540858132915
0.1333521432163324	8.544417218077653
0.13365955165464422	8.531297732172145
0.1339676687425935	8.518182402090488
0.1342764961137864	8.505057737686526
0.13458603540559483	8.491929587534065
0.13489628825916536	8.478805528301512
0.13520725631942773	8.465685607876297
0.1355189412351036	8.452569873601147
0.1358313446587154	8.439458372264044
0.136144468246595	8.426351150088044
0.13645831365889247	8.413248252721049
0.13677288255958492	8.40014972522543
0.13708817661648537	8.387055612067547
0.13740419750125152	8.373965957107174
0.13772094688939465	8.360880803586827
0.1380384264602885	8.34780019412095
0.1383566378971781	8.334724170685014
0.13867558288718884	8.321652774604507
0.13899526312133534	8.308586046543795
0.13931568029453031	8.29552402649488
0.13963683610559377	8.282466753766053
0.13995873225726183	8.269414266970417
0.14028137045619582	8.256366604014298
0.1406047524129914	8.243323802085538
0.14092887984218747	8.230285897641687
0.14125375446227545	8.217252926398057
0.14157937799570816	8.204224923315643
0.14190575216890922	8.191201922588967
0.142232878712282	8.178183957633767
0.14256075936021884	8.165171061074561
0.1428893958511103	8.152163264732113
0.14321878992735435	8.13916059961075
0.1435489433353656	8.126163095885541
0.14387985782558455	8.113170782889414
0.14421153515248689	8.100183689100056
0.14454397707459277	8.087201842126747
0.14487718535447616	8.074225268697056
0.14521116175877424	8.061253994643353
0.14554590805819662	8.048288044889278
0.14588142602753484	8.035327443435987
0.14621771744567183	8.022372213348332
0.14655478409559117	8.009422376740856
0.1468926277643867	7.996477954763684
0.1472312502432719	7.983538967588254
0.14757065332758945	7.970605434392931
0.14791083881682077	7.957677373348449
0.14825180851459538	7.944754801603244
0.1485935642287007	7.93183773526862
0.14893610777109154	7.918926189403794
0.14927944095789963	7.906020178000761
0.14962356560944334	7.8931197139690585
0.1499684835502373	7.8802248091203335
0.15031419660900225	7.867335474152804
0.15066070661867417	7.85443966444262
0.15100801541641484	7.841542614892499
0.1513561248436208	7.8286511044277205
0.1517050367459337	7.815765184761475
0.15205475297324955	7.802884907047426
0.15240527537972914	7.790010321869305
0.15275660582380723	7.777141479230454
0.15310874616820302	7.764278428543214
0.15346169827992942	7.751421218618255
0.1538154640303035	7.738569897653741
0.15417004529495593	7.7257245132244305
0.1545254439538414	7.712885112270631
0.1548816618912481	7.700051741087078
0.15523870099580825	7.687224445311649
0.15559656316050743	7.674403269914018
0.15595525028269538	7.661588259184157
0.15631476426409538	7.648779456720733
0.15667510701081494	7.635976905419381
0.15703628043335524	7.623180647460885
0.15739828644662196	7.610390724299196
0.15776112696993486	7.597607176649362
0.15812480392703834	7.584830044475325
0.15848931924611134	7.572059366977604
0.15885467485977792	7.55929518258083
0.159220872705117	7.546537528921193
0.15958791472367329	7.533786442833738
0.15995580286146688	7.521041960339525
0.16032453906900418	7.508304116632692
0.1606941253012877	7.495572946067378
0.16106456351782708	7.482848482144488
0.16143585568264862	7.470130757498374
0.16180800376430657	7.457419803883342
0.16218100973589297	7.444715652160043
0.16255487557504839	7.4320183322817455
0.16292960326397224	7.419327873280452
0.16330519478943342	7.4066443032528575
0.16368165214278085	7.393967649346233
0.16405897731995392	7.381297937744102
0.16443717232149316	7.368635193651825
0.1648162391525508	7.355979441282019
0.1651961798229015	7.343330703839838
0.1655769963469528	7.330689003508114
0.16595869074375605	7.318054361432355
0.16634126503701693	7.305426797705577
0.16672472125510626	7.29280633135302
0.16710906143107074	7.280192980316697
0.16749428760264373	7.267586761439786
0.16788040181225602	7.254987690450889
0.16826740610704674	7.242395781948122
0.16865530253887412	7.229811049383073
0.16904409316432642	7.2172223870082854
0.16943378004473283	7.204634626511645
0.16982436524617442	7.192054023566413
0.17021585083949506	7.179480628958133
0.17060823890031235	7.166914492827903
0.17100153150902875	7.15435566466099
0.17139573075084252	7.141804193275352
0.17179083871575881	7.129260126810006
0.1721868574986007	7.1167235127133335
0.17258378919902034	7.104194397731198
0.17298163592151014	7.091672827895001
0.17338039977541378	7.079158848509591
0.17378008287493754	7.066652504141051
0.17418068733916142	7.054153838604363
0.17458221529205037	7.041662894950962
0.1749846688624657	7.029179715456131
0.1753880501841761	7.01670434160632
0.17579236139586926	7.004236814086294
0.1761976046411629	6.991777172766169
0.17660378206861643	6.979325456688318
0.17701089583174212	6.966881704054151
0.17741894808901656	6.954445952210764
0.1778279410038923	6.942018237637427
0.17823787674480895	6.9295985959319895
0.17864875748520506	6.9171870617970965
0.17906058540352943	6.904783669026315
0.17947336268325265	6.892388450490084
0.1798870915128788	6.880001438121561
0.1803017740859569	6.867622662902299
0.1807174126010927	6.855252154847803
0.18113400926196024	6.842889942992926
0.18155156627731356	6.8305360553771495
0.18197008586099836	6.818190519029684
0.18238957023196378	6.805853359954466
0.1828100216142743	6.793524603114958
0.18323144223712115	6.781204272418842
0.18365383433483465	6.768892390702551
0.18407720014689558	6.75658897971564
0.18450154191794738	6.74429406010502
0.18492686189780783	6.732007651399014
0.18535316234148114	6.719729771991313
0.18578044550916986	6.707460439124692
0.18620871366628675	6.695199668874659
0.186637969083467	6.682947476132872
0.18706821403658005	6.670703874590456
0.18749945080674188	6.6584688767211
0.18793168168032684	6.646242493764054
0.18836490894898006	6.634024735706903
0.18879913490962935	6.621815611268222
0.18923436186449755	6.609615127880041
0.18967059212111465	6.597410110612998
0.19010782799233	6.585206279339238
0.19054607179632474	6.573011042222996
0.1909853258566238	6.560824451264156
0.19142559250210858	6.548646557779095
0.19186687406702896	6.536477412388778
0.19230917289101584	6.524317065006782
0.1927524913190936	6.512165564827149
0.1931968317016924	6.500022960312145
0.19364219639466074	6.487889299179889
0.19408858775927784	6.475764628391861
0.19453600816226624	6.463648994140272
0.19498445997580455	6.451542441835316
0.19543394557753943	6.4394450160922965
0.195884467350599	6.427356760718618
0.19633602768360464	6.415277718700649
0.1967886289706845	6.403207932190448
0.19724227361148533	6.391147442492376
0.19769696401118608	6.379096290049549
0.1981527025805098	6.367054514430183
0.19860949173573716	6.355022154313769
0.19906733389871864	6.342999247477156
0.19952623149688797	6.330985830780448
0.1999861869632744	6.318981940152804
0.20044720273651614	6.306987610578063
0.2009092812608728	6.295002876080256
0.20137242498623883	6.2830277697089505
0.20183663636815607	6.2710623235244745
0.2023019178678272	6.259106568582971
0.20276827195212818	6.247160534921328
0.20323570109362218	6.235224251541942
0.2037042077705718	6.223297746397357
0.20417379446695297	6.211381046374709
0.20464446367246739	6.199474177280096
0.20511621788255657	6.18757716382269
0.20558905959841414	6.175690029598804
0.20606299132700007	6.163812797075709
0.20653801558105292	6.151945487575381
0.20701413487910425	6.140088121258006
0.20749135174549097	6.128240717105397
0.2079696687103696	6.116403292904204
0.20844908830972886	6.104575865228982
0.20892961308540398	6.0927584494251
0.20941124558508925	6.080951059591466
0.20989398836235246	6.069153708563104
0.21037784397664752	6.057366407893569
0.21086281499332898	6.045589167837149
0.21134890398366465	6.033821997330976
0.2118361135248502	6.022064903976879
0.21232444620002192	6.010317894023134
0.21281390459827124	5.998565608246607
0.21330449131465762	5.986814711726748
0.21379620895022325	5.975073837602088
0.21428906011200585	5.963343044676265
0.21478304741305343	5.951622391113325
0.21527817347243727	5.939911934426184
0.21577444091526668	5.928211731464918
0.21627185237270202	5.916521838404981
0.21677041048196952	5.904842310735258
0.21727011788637443	5.8931732032460316
0.2177709772353159	5.881514570016808
0.21827299118430013	5.869866464404029
0.2187761623949553	5.858228939028636
0.21928049353504486	5.846602045763557
0.21978598727848253	5.834985835721005
0.2202926463053456	5.8233803592397
0.22080047330189004	5.811785665871942
0.22130947096056375	5.800201804370543
0.22181964198002194	5.788628822675638
0.2223309890651403	5.777066767901393
0.22284351492703042	5.765515686322506
0.22335722228305316	5.753975623360666
0.223872113856834	5.742446623570793
0.22438819237827662	5.730928730627202
0.2249054605835781	5.719421987309589
0.22542392121524293	5.708437447309022
0.22594357702209775	5.698227428213743
0.22646443075930595	5.688028092274339
0.2269864851883822	5.677839439414122
0.22750974307720706	5.667661468176085
0.2280342072000418	5.6574941757046
0.22855988033754301	5.647337557726893
0.2290867652767773	5.637191608534375
0.2296148648112362	5.627056320963796
0.23014418174085083	5.616931686378213
0.2306747188720069	5.606817694647775
0.23120647901755947	5.596714334130347
0.23173946499684786	5.58662159165193
0.2322736796357107	5.576539452486917
0.23280912576650079	5.566467900338139
0.23334580622810028	5.556406917316768
0.23388372386593548	5.546356483921975
0.2344228815319922	5.536316579020455
0.23496328208483072	5.526287179825714
0.23550492838960096	5.516268261877204
0.2360478233180577	5.506259799019226
0.23659196974857583	5.496261763379679
0.23713737056616552	5.486274125348563
0.23768402866248767	5.476296853556327
0.23823194693586902	5.466329914852002
0.23878112829131776	5.456352589783822
0.23933157564053875	5.446373809993076
0.23988329190194904	5.43640515674399
0.24043628000069334	5.426446667831716
0.24099054286865948	5.416498380245409
0.24154608344449405	5.406560330155592
0.2421029046736178	5.396632552901393
0.24266100950824154	5.386715082977665
0.24322040090738153	5.376807954021978
0.24378108183687525	5.366911198801469
0.2443430552693972	5.357024849199577
0.24490632418447456	5.347148936202651
0.24547089156850305	5.337283489886403
0.24603676041476275	5.327428539402265
0.24660393372343392	5.317584112963572
0.24717241450161304	5.307750237831643
0.24774220576332856	5.29792694030171
0.24831331052955705	5.288114245688715
0.2488857318282391	5.27831217831296
0.24945947269429547	5.268520761485634
0.25003453616964316	5.258740017494186
0.2506109253032114	5.248969967587562
0.251188643150958	5.239210631961297
0.25176769277588557	5.229462029742466
0.25234807724805747	5.219724178974488
0.2529297996446145	5.209997096601775
0.25351286304979076	5.200280798454261
0.25409727055493053	5.190575299231741
0.2546830252585041	5.180880612488102
0.2552701302661247	5.171196750615363
0.2558585886905646	5.161523724827599
0.25644840365177174	5.15186154514469
0.2570395782768864	5.142210220375907
0.25763211570025757	5.132569758103371
0.25822601906345966	5.1229401646653345
0.2588212915153092	5.113321445139292
0.2594179362118814	5.103713603324959
0.2600159563165272	5.094116641727075
0.2606153549998896	5.084530561538032
0.26121613543992067	5.07495536262037
0.2618183008218985	5.065391043489073
0.26242185433844417	5.055837601293703
0.26302679918953814	5.046295031800403
0.263633138582538	5.03676332937368
0.2642408757321946	5.02724248695805
0.2648500138606701	5.0177324960594865
0.2654605561975539	5.008233346726728
0.26607250597988097	4.998745027532371
0.2666858664521479	4.989267525553818
0.26730064086633115	4.979800826354023
0.2679168324819031	4.970323717782395
0.26853444456585074	4.960845372592259
0.26915348039269155	4.95137767902562
0.26977394324449205	4.941920696623018
0.2703958364108843	4.932474484426373
0.2710191631890843	4.923039100969348
0.2716439268839082	4.913614604267657
0.2722701308077913	4.904201051809243
0.272897778280804	4.894798500544364
0.27352687263067127	4.885407006875587
0.27415741719278824	4.876026626647664
0.2747894153102397	4.866657415137305
0.2754228703338166	4.8572994270428635
0.27605778562203465	4.847952716473892
0.27669416454115114	4.838617336940616
0.2773320104651841	4.829293341343276
0.27797132677592884	4.819980781961382
0.2786121168629771	4.8106797104428365
0.27925438412373377	4.80139017779298
0.2798981319634363	4.792112234363487
0.2805433637951713	4.782845929841187
0.28119008303989407	4.773591313236732
0.28183829312644537	4.7643484328731915
0.2824879974915708	4.7551173363745045
0.2831391995799379	4.745898070653829
0.2837919028441557	4.736690681901757
0.28444611074479154	4.7274952155744465
0.285101826750391	4.71831171638159
0.28575905433749466	4.709140228274305
0.2864177969906581	4.699980794432866
0.28707805820246907	4.6908334572543495
0.28773984147356696	4.681698258340126
0.28840315031266056	4.672575238483254
0.2890679882365476	4.663464437655722
0.28973435877013226	4.654365894995593
0.2904022654464451	4.645279648793996
0.2910717118066605	4.636205736482011
0.29174270140011677	4.6271441946174034
0.29241523778433354	4.618095058871254
0.2930893245250321	4.609058364014424
0.2937649651961531	4.600034143903925
0.29444216337987617	4.591022431469122
0.29512092266663853	4.582023258697829
0.29580124665515467	4.573036656622238
0.2964831389524342	4.564062655304754
0.29716660317380267	4.555101283823639
0.29785164294291894	4.546152570258568
0.298538261891796	4.537216541675999
0.2992264636608189	4.528293224114449
0.29991625189876514	4.519382642569569
0.30060763026282306	4.51048253697065
0.3013006024186122	4.501593920486901
0.3019951720402016	4.492718097977968
0.30269134281013055	4.4838550987616745
0.30338911841942706	4.475004951156473
0.3040885025676279	4.466167682466817
0.3047894989627983	4.457343318968404
0.3054921113215513	4.448531885893267
0.3061963433690677	4.439733407414737
0.30690219883911574	4.430947906632238
0.3076096814740708	4.422175405555959
0.3083187950249354	4.413415925091356
0.30902954325135906	4.404669485023524
0.309741929921658	4.395936104001402
0.31045595881283555	4.3872157995218455
0.31117163371060175	4.378508587913522
0.3118889584093937	4.369814484320685
0.3126079367123955	4.361133502686751
0.31332857243155854	4.352465655737762
0.3140508693876217	4.343810954965663
0.3147748314101316	4.335169410611425
0.31550046233746265	4.32654103164802
0.31622776601683794	4.317925825763214
0.3169567463043491	4.309323799342221
0.31768740706497706	4.3007349574501665
0.3184197521726125	4.292159303814406
0.31915378551007617	4.283596840806665
0.3198895109691398	4.275047569425021
0.3206269324505466	4.2665114892756915
0.3213660538640317	4.25798859855469
0.32210687912834346	4.249478894029269
0.32284941217126356	4.240982371019214
0.32359365692962827	4.2324990233779545
0.32433961734934924	4.224028843473497
0.3250872973854344	4.215571822169175
0.3258367010020088	4.207127948804239
0.32658783217233583	4.198697211174234
0.3273406948788382	4.190279595511219
0.328095293113119	4.181875086463793
0.32885163087598307	4.173483667076934
0.32960971217745777	4.165105318771655
0.3303695410368148	4.156740021324463
0.3311311214825911	4.148387752846638
0.3318944575526104	4.140048489763311
0.33265955329400454	4.131722206792355
0.333426412763235	4.123408876923073
0.3341950400261143	4.115108471394703
0.33496543915782767	4.1068209596747005
0.3357376142429547	4.098546309436851
0.33651156937549076	4.090284486539156
0.3372873086588689	4.082023132857066
0.3380648362059816	4.073767553207455
0.33884415613920255	4.065524630055174
0.3396252725904084	4.057294368411534
0.3404081897010009	4.049076772006502
0.34119291162192855	4.040871843271595
0.3419794425137089	4.032679583322614
0.3427677865464504	4.024499991942197
0.34355794789987465	4.016333067562234
0.34434993076333853	4.00817880724609
0.3451437393358563	4.000037206670682
0.345939377826122	3.9919082601083757
0.34673685045253166	3.9837919604087175
0.34753616144320587	3.9756882989799904
0.34833731503601184	3.9675972657706104
0.34914031547858615	3.9595188492503306
0.3499451670283573	3.9514530363912783
0.350751873952568	3.9433998126488263
0.35156044052829816	3.9353591619422637
0.35237087104248715	3.92733106663531
0.353183169791957	3.919315507516427
0.3539973410834347	3.91131246377897
0.35481338923357547	3.9033219130011325
0.3556313185689854	3.89534383112572
0.3564511334262443	3.8873781924397366
0.35727283815192895	3.8794249695537735
0.35809643710263606	3.8714841333812173
0.35892193464500527	3.8635556531172583
0.35974933515574237	3.855639496217714
0.36057864302164244	3.84773562837765
0.36140986263961333	3.839844013509807
0.36224299841669866	3.8319646137228354
0.3630780547701014	3.82409738929932
0.36391503612720716	3.816242298673613
0.36475394692560786	3.808399298409454
0.36559479161312497	3.8005683431774018
0.36643757464783333	3.7927493857320385
0.3672823004980847	3.7849423768889823
0.3681289736425315	3.777147265501683
0.3689775985701504	3.7693639984380165
0.3698281797802663	3.761592520556642
0.37068072178257605	3.75383277468318
0.37153522909717257	3.746084701586141
0.3723917062545686	3.7383482399526553
0.3732501577957206	3.730623326363976
0.3741105882720534	3.7229098952707638
0.3749730022454836	3.715207878968145
0.3758374042884442	3.707517207570542
0.37670379898390893	3.6998378089862856
0.377572190925416	3.6921696088919926
0.37844258471709324	3.68448515678004
0.3793149849736819	3.6767962426221716
0.38018939632056115	3.669118163045205
0.381065823393773	3.661450938153331
0.3819442708400465	3.6537945871270634
0.38282474331682265	3.646149128210064
0.38370724549227875	3.638514578695846
0.38459178204535355	3.6308909549143404
0.38547835766577176	3.6232782722183368
0.38636697705406914	3.615676544969794
0.3872576449216172	3.6080857865260265
0.3881503659906482	3.6005060092257484
0.38904514499428056	3.592937224374985
0.3899419866765434	3.58537944223286
0.390840895792402	3.577832671997234
0.3917418771077831	3.5702969217902165
0.3926449353995998	3.5627721986435357
0.3935500754557774	3.5552585084837682
0.3944573020752784	3.54775585611743
0.3953666200681279	3.5402642452159303
0.39627803425543945	3.532783678300375
0.3971915494694403	3.5253141567262354
0.3981071705534972	3.51785568066786
0.39902490236214205	3.510408249102857
0.39994474976109745	3.502971859796316
0.4008667176273028	3.495546509284883
0.4017908108489399	3.4881321928606956
0.4027170343254591	3.480728904555156
0.40364539296760493	3.4733366371225567
0.4045758916974427	3.4659553820235547
0.40550853544838383	3.458585129408487
0.40644332916521275	3.4512258681005386
0.40738027780411273	3.4438775855787336
0.4083193863326921	3.4365402679608
0.40926065973001086	3.4292138999858417
0.4102041029866068	3.4218984649968713
0.41114972110452225	3.4145939449231713
0.4120975190973302	3.407300320262499
0.4130475019901614	3.400017570063113
0.41399967481973043	3.3927456719056477
0.4149540426343629	3.385484601884816
0.41591061049402206	3.3782343345909345
0.4168693834703354	3.3709948430912924
0.41783036664662176	3.363766098911341
0.4187935651179184	3.3565480720156993
0.41975898399100753	3.3493407307890144
0.4207266283844441	3.342144042016612
0.4216965034285822	3.3349579708649966
0.422668614265603	3.327782480862149
0.4236429660495411	3.320617533877668
0.4246195639463129	3.3134429969143935
0.4255984131337431	3.3062675405055346
0.42657951880159267	3.2991024091386345
0.4275628861515862	3.2919476339037623
0.4285485203974395	3.284803245187237
0.4295364267648873	3.2776692726608045
0.43052661049171065	3.2705457452707383
0.43151907682776525	3.2634326912268055
0.43251383103500873	3.2563301379911382
0.4335108783875289	3.249238112266999
0.43451022417157154	3.242156639987423
0.4355118736855686	3.2350857463037612
0.436515832240166	3.228025455574113
0.4375221051582521	3.220975791351633
0.4385306977749857	3.213936776372738
0.4395416154378245	3.206908432545196
0.4405548635065533	3.199890780936093
0.4415704473533125	3.192883841759693
0.44258837236262655	3.1858876343651756
0.44360864393143257	3.178902177224251
0.4446312674691087	3.171927487918674
0.4456562483975033	3.1649635831276033
0.44668359215096315	3.1580104786148837
0.44771330417636257	3.151068189216165
0.4487453899331322	3.144136728825924
0.449779854893288	3.1372161103843537
0.45081670454146017	3.1303063458641263
0.4518559443749224	3.1234074462570263
0.4528975799036208	3.1165194215604655
0.4539416166502032	3.109642280763866
0.4549880601500486	3.1027760318349067
0.4560369159512962	3.095920681705644
0.4570881896148751	3.0890762362585127
0.4581418867145335	3.0822427003121686
0.4591980128368686	3.0754200776072182
0.4602565735813561	3.068608370791808
0.4613175745603794	3.0618075814070735
0.46238102139926035	3.055017709872451
0.46344691973628804	3.048238755470866
0.46451527522274944	3.041470716333752
0.465586093522959	3.034713589425964
0.46665938031428866	3.027967370530519
0.46773514128719823	3.0212320542332196
0.46881338214526524	3.0145076339071086
0.46989410860521547	3.007794101696802
0.47097732639695294	3.0010914485026596
0.47206304126359055	2.994399663964811
0.4731512589614805	2.9877187364470372
0.4742419852602447	2.9810486530205034
0.47533522594280536	2.9743893994473236
0.47643098680541573	2.967731759842417
0.47752927365769093	2.9610797063919136
0.4786300923226384	2.954438389278795
0.47973344863668915	2.947807823686607
0.4808393484497286	2.9411880238892887
0.4819477976251274	2.9345790032384738
0.4830588020397727	2.92798077415067
0.48417236758409943	2.921393348094322
0.4852885001621211	2.914816735576734
0.4864072056914617	2.9082509461308903
0.4875284901033864	2.901695988302135
0.48865235934283363	2.895151869634728
0.48977881936844625	2.8886185966582745
0.4909078761526032	2.8820961748740292
0.492039535681451	2.8755846087410677
0.49317380395493593	2.8690839016623197
0.4943106869868355	2.8625940559704866
0.4954501908047903	2.8561150729138136
0.49659232145033616	2.84964695264173
0.49773708497893604	2.8431896941903556
0.4988844874600123	2.8367432954678717
0.5000345349769786	2.830307753239758
0.5011872336272724	2.823883063113879
0.5023425895223872	2.8174692195254423
0.5035006087879049	2.8110662157218123
0.5046612975635284	2.8046740437471835
0.505824662003114	2.798292694427109
0.5069907082747043	2.791922157352878
0.5081594425605604	2.785562420865762
0.5093308710571953	2.779213472041109
0.5105049999754062	2.772875296672279
0.5116818355403077	2.7665478792544484
0.5128613839913648	2.7602312029682476
0.514043651582426	2.753925249663258
0.5152286445817564	2.7476299998413536
0.5164163692720709	2.7413454326398847
0.5176068319505677	2.735071525814712
0.5188000389289611	2.728808255723082
0.5199959965335159	2.722555597306341
0.5211947111050804	2.7163135240724934
0.5223961889991198	2.7100820080786048
0.5236004365857502	2.703861019913031
0.5248074602497725	2.6976505286774963
0.5260172663907061	2.691450501968999
0.5272298614228227	2.6852609058615546
0.5284452517751804	2.6790817048877758
0.5296634438916578	2.6729128620202744
0.5308844442309884	2.666754338652905
0.5321082592667942	2.6606060945818273
0.5333348954876209	2.654468087986403
0.5345643593969717	2.6483227024740583
0.5357966575133416	2.6421775122376765
0.5370317963702527	2.636042342406323
0.5382697825162883	2.6299172110143783
0.5395106225151276	2.623802135305461
0.5407543229455808	2.617697131721147
0.5420008904016238	2.6116022158895955
0.5432503314924332	2.6055174026140566
0.5445026528424212	2.5994427058612706
0.5457578610912709	2.5933781387497565
0.5470159628939716	2.587323713537989
0.5482769649208538	2.581279441612461
0.5495408738576245	2.575245333475636
0.5508076964054034	2.569221398733775
0.5520774392807574	2.563207646084664
0.5533501092157367	2.5572040833052094
0.5546257129579107	2.5512107172389236
0.5559042572704036	2.5452275537832922
0.5571857489319298	2.5392545978770165
0.5584701947368308	2.533291853487141
0.5597576014951101	2.527339323596052
0.5610479760324705	2.521397010188363
0.5623413251903491	2.5154649142376666
0.5636376558259545	2.5095430356931714
0.5649369748123025	2.503631373466202
0.5662392890382533	2.4977299254165817
0.5675446054085471	2.4918386883388832
0.5688529308438415	2.485957657948552
0.5701642722807475	2.4800868288678966
0.571478636671867	2.474226194611949
0.5727960309858292	2.4683757475742
0.5741164622073276	2.462535479012188
0.5754399373371569	2.4567053790329654
0.5767664633922508	2.450885436578423
0.5780960474057181	2.4450756394104824
0.5794286964268811	2.439275974096144
0.580764417521312	2.4334864259924047
0.5821032177708715	2.4277069792310297
0.5834451042737447	2.4219376167031883
0.5847900841444807	2.416178320043941
0.5861381645140288	2.4104290696165847
0.5874893525297767	2.4046898444968643
0.588843655355589	2.3989606224570226
0.5902010801718444	2.3932413799497114
0.591561634175474	2.387532092091758
0.5929253245799998	2.381832732647775
0.5942921586155727	2.376143274013623
0.5956621435290105	2.370463687199724
0.5970352865838369	2.3647939418142165
0.5984115950603197	2.3591340060459633
0.5997910762555094	2.3534683502752705
0.6011737374832781	2.3478036587457267
0.6025595860743578	2.342148600653842
0.6039486293763798	2.3365031969948764
0.6053408747539136	2.3308674680724595
0.6067363295885054	2.3252414334884954
0.6081350012787179	2.319625112132959
0.6095368972401692	2.314018522173599
0.610942024905572	2.3084216810455436
0.6123503917247736	2.302834605440798
0.6137620051647943	2.2972573112976544
0.6151768727098682	2.291689813789983
0.6165950018614822	2.2861321273164323
0.618016400138416	2.2805842654895225
0.6194410750767815	2.275046241124637
0.6208690342300636	2.269518066228898
0.6223002851691596	2.26399975198995
0.6237348354824193	2.2584913087646292
0.6251726927756859	2.2529927460675196
0.6266138646723355	2.247504072559412
0.628058358813318	2.242025296035646
0.6295061828571976	2.236556423414338
0.6309573444801934	2.2310974607245053
0.6324118513762195	2.2256484130940777
0.633869711256927	2.2202092847377815
0.6353309318517437	2.2147800789449312
0.6367955209079159	2.2093607980670864
0.6382634861905487	2.2039514435056033
0.6397348354826482	2.1985520156990668
0.6412095765851616	2.1931625141105995
0.6426877173170197	2.18778293721506
0.6441692655151774	2.182413282486114
0.6456542290346556	2.1770535463831857
0.6471426157485832	2.17170372433829
0.6486344335482385	2.1663638107427383
0.6501296903430908	2.161033798933721
0.6516283940608427	2.1557136811807665
0.6531305526474724	2.1504034486720704
0.654636174067275	2.1451030915007023
0.6561452663029055	2.139812598650679
0.6576578373554206	2.134531957982912
0.6591738952443215	2.1292611562210233
0.6606934480075961	2.124000178937032
0.662216503701762	2.1187490105369013
0.6637430704019089	2.113507634245964
0.6652731562017414	2.108276032094199
0.6668067692136223	2.1030541849013824
0.6683439175686147	2.097842072262103
0.6698846094165265	2.0926396725306247
0.6714288529259524	2.0874469628056302
0.6729766562843179	2.0822517499468955
0.6745280276979221	2.077059284738565
0.6760829753919819	2.071876376558711
0.6776415076106752	2.066703043389951
0.6792036326171846	2.0615393025208544
0.6807693586937414	2.0563851705359713
0.6823386941416696	2.051240663305773
0.6839116472814293	2.046105795976503
0.6854882264526615	2.0409805829599166
0.6870684400142321	2.035865037922927
0.688652296344276	2.0307591737771604
0.6902398038402419	2.0256630026683986
0.6918309709189364	2.020576535965927
0.6934258060165691	2.015499784251782
0.6950243175887968	2.0104327573098932
0.6966265141107687	2.0053754641151227
0.6982324040771714	2.000327912822199
0.6998419960022735	1.9952901107545513
0.7014552984199712	1.9902620643930273
0.7030723198838335	1.9852437793645181
0.7046930689671469	1.9802352604304607
0.7063175542629619	1.9752365114752441
0.7079457843841379	1.9702475354944973
0.7095777679633888	1.9652683345832715
0.711213513653329	1.9602989099241113
0.7128530301265195	1.9553392617750083
0.7144963260755133	1.9503893894572477
0.716143410212902	1.9454492913431394
0.7177942912713617	1.9405189648436285
0.7194489780036994	1.9355984063958023
0.7211074791828996	1.9306876114502616
0.7227698036021702	1.9257865744583953
0.72443596007499	1.9208952888595172
0.7261059574351547	1.916013747067898
0.727779804536824	1.911141940459666
0.7294575102545687	1.90627985935959
0.7311390834834174	1.9014274930277433
0.732824533138904	1.8965848296460324
0.734513868157115	1.891751856304617
0.7362070974947361	1.8869285589881888
0.737904230129101	1.8821149225621352
0.7396052750582378	1.877310930758565
0.7413102413009175	1.8725165661622154
0.7430191378967014	1.8677318101962193
0.744731973905989	1.8629566431077498
0.7464487584100665	1.858191043953527
0.7481695005111544	1.8534349905851928
0.7498942093324559	1.8486884596345545
0.7516228940182055	1.8439514264986898
0.7533555637337174	1.8392238653249144
0.7550922276654339	1.8344951108622276
0.7568328950209744	1.8297697472137886
0.7585775750291838	1.8250537208510693
0.7603262769401818	1.820347041036544
0.762079010025412	1.815649716265172
0.7638357835776907	1.8109617542539032
0.7655966069112563	1.8062831619311006
0.7673614893618189	1.801613945425847
0.7691304402866096	1.7969541100571627
0.7709034690644301	1.792303660323112
0.7726805850957024	1.7876625998898108
0.7744617978025188	1.7830309315803339
0.7762471166286917	1.7784086573635085
0.7780365510398041	1.7737957783426108
0.7798301105232588	1.769192294743954
0.7816278045883297	1.764598205905366
0.7834296427662119	1.760013510264561
0.7852356346100718	1.7554382053474054
0.7870457896950986	1.7508722877560663
0.7888601176185545	1.7463157531570574
0.7906786279998251	1.7417685962691676
0.7925013304804718	1.7372308108512795
0.7943282347242815	1.7327023896900733
0.7961593504173188	1.7281833245876155
0.7979946872679766	1.7236736063488367
0.7998342550070284	1.7191732247688871
0.8016780633876791	1.7146821686203768
0.8035261221856173	1.7102004256405017
0.8053784411990667	1.705727982518043
0.8072350302488382	1.7012648248802527
0.8090958991783823	1.696810937279616
0.8109610578538409	1.6923663031804894
0.8128305161640993	1.6879309049456201
0.8147042840208396	1.6835047238225358
0.8165823713585925	1.6790877399298143
0.81846478813479	1.674679932243224
0.8203515443298183	1.670281278581739
0.8222426499470712	1.6658917555934227
0.8241381150130024	1.6615113387411875
0.8260379495771788	1.6571400022884195
0.8279421637123342	1.6527777192844744
0.8298507675144225	1.6484244615500376
0.8317637711026711	1.6440801996623573
0.8336811846196344	1.6397449029403353
0.835603018231248	1.6354185394294882
0.8375292821268826	1.6311010758867683
0.8394599865193975	1.6267924777652487
0.8413951416451951	1.622492709198667
0.8433347577642755	1.6182017329858311
0.84527884516029	1.6139195105748831
0.8472274141405965	1.6096314009310442
0.8491804750363139	1.6053436935316434
0.8511380382023765	1.6010645481197838
0.8531001140175896	1.596793975848606
0.8550667128846834	1.5925319872076469
0.8570378452303697	1.5882785920136229
0.8590135215053958	1.5840337994011309
0.8609937521846007	1.5797976178132531
0.8629785477669704	1.5755700549920786
0.8649679187756933	1.5713511179691322
0.8669618757582167	1.5671408130557098
0.8689604292863019	1.562939145833129
0.8709635899560808	1.55874612114288
0.8729713683881117	1.5545617430766863
0.8749837752274362	1.5503860149664752
0.8770008211436349	1.5462189393742465
0.8790225168308845	1.542060518081851
0.8810488730080143	1.5379107520806714
0.8830799004185629	1.533769641561205
0.8851156098308356	1.5296371859025495
0.887156012037961	1.5255133836617913
0.8892011178579485	1.5213982325632927
0.8912509381337457	1.5172917294878783
0.8933054837332954	1.513193870461923
0.895364765549594	1.5091046506463353
0.8974287945007486	1.5050240643254387
0.8994975815300353	1.5009521048957521
0.9015711376059571	1.4968887648546607
0.9036494737223016	1.4928340357889864
0.9057326008982003	1.4887879083634483
0.9078205301781859	1.4847503723090203
0.9099132726322517	1.4807214164111762
0.9120108393559097	1.476701028498031
0.9141132414702502	1.4726891954283652
0.9162204901219997	1.4686859030795496
0.9183325964835808	1.4646911363353472
0.9204495717531712	1.4607048790736088
0.9225714271547631	1.4567271141538574
0.9246981739382225	1.4527578234047522
0.9268298233793492	1.4487969876114408
0.9289663867799363	1.444844586502798
0.9311078754678302	1.4409005987385404
0.933254300796991	1.4369650018962317
0.9354056741475518	1.4330377724581642
0.9375620069258802	1.4291188857981185
0.9397233105646378	1.425208316168007
0.9418895965228413	1.4213060366843937
0.9440608762859233	1.4174120193148907
0.946237161365793	1.4135262348644315
0.9484184633008971	1.4096486529614196
0.9506047936562815	1.4057668276468058
0.9527961640236519	1.401886108810426
0.9549925860214359	1.3980134364800927
0.9571940712948444	1.3941488224277971
0.9594006315159331	1.3902922778307294
0.9616122783836646	1.3864438132629469
0.9638290236239705	1.382603438686957
0.9660508789898133	1.3787711634452202
0.9682778562612491	1.3749469962515735
0.9705099672454897	1.3711309451825717
0.9727472237769651	1.3673230176687448
0.9749896377173869	1.363523220485775
0.9772372209558107	1.3597315597455866
0.9794899854086988	1.3559480408873548
0.9817479430199844	1.3521726686684261
0.9840111057611337	1.348405447155156
0.9862794856312105	1.344646379713658
0.9885530946569389	1.3408954690004653
0.9908319448927676	1.3371527169531054
0.9931160484209338	1.3334181247805865
0.995405417351527	1.329691692953792
0.9977000638225533	1.3259734211957883
1.	1.322263308472037
1.0023052380778998	1.3185613529805214
1.0046157902783952	1.3148675521417754
1.0069316688518044	1.3111819025888207
1.0092528860766845	1.3075044001570124
1.0115794542598988	1.303835039873786
1.0139113857366795	1.3001738159483125
1.016248692870696	1.2965207217610533
1.0185913880541169	1.292875749853224
1.0209394837076802	1.2892388919161528
1.023292992280754	1.2856101387805463
1.0256519262514079	1.2819894804056524
1.0280162981264735	1.2783769058683279
1.0303861204416165	1.274772403351993
1.0327614057613974	1.2711759601355037
1.0351421666793441	1.2675875625818973
1.0375284158180127	1.2640071961270591
1.0399201658290596	1.2604348452682623
1.0423174293933042	1.2568704935526207
1.0447202192208003	1.2533141235654204
1.0471285480508996	1.2497657169183585
1.0495424286523225	1.246225254237661
1.051961873823223	1.2426927151521032
1.0543868963912593	1.2391680782809087
1.0568175092136585	1.2356513212215532
1.0592537251772887	1.2321424205374385
1.0616955571987248	1.2286413517454704
1.064143018224316	1.2251480893035156
1.066596121230258	1.2216532154684896
1.0690548792226577	1.2181607743648075
1.0715193052376064	1.2146760128345557
1.0739894123412446	1.2111989365188633
1.076465213629835	1.2077295504292753
1.0789467222298286	1.204267858939273
1.081433951297938	1.2008138657757006
1.0839269140212033	1.1973675740101257
1.0864256236170655	1.1939289860501061
1.0889300933334332	1.1904981036303826
1.0914403364487566	1.1870749278039818
1.0939563662720937	1.1836594589332436
1.096478196143185	1.1802516966807555
1.0990058394325208	1.176851640000211
1.101539309541415	1.1734592871271712
1.104078619902073	1.1700746355697549
1.1066237839776665	1.1666976820992236
1.1091748152624008	1.1633284227404996
1.1117317272815914	1.1599668527625728
1.1142945335917298	1.1566129666688396
1.1168632477805611	1.1532667581873344
1.1194378834671515	1.149928220260884
1.1220184543019636	1.1465973450371607
1.1246049739669264	1.143274123858651
1.1271974561755105	1.1399585472525222
1.1297959146727976	1.136650604920407
1.1324003632355573	1.1333502857280815
1.1350108156723149	1.1300575776950597
1.137627285823431	1.1267724679840794
1.1402497875611686	1.1234949428905052
1.1428783347897717	1.120224987831621
1.1455129414455354	1.1169625873358333
1.1481536214968828	1.11370772503177
1.1508003889444356	1.1104603836372844
1.1534532578210923	1.10722054494835
1.1561122421920986	1.103988189827866
1.1587773561551262	1.1007632981943454
1.1614486138403426	1.0975458490105165
1.1641260294104914	1.094335820271802
1.1668096170609623	1.0911331889947136
1.1694993910198712	1.087937931205119
1.1721953655481303	1.084750021926424
1.1748975549395297	1.0815694351676268
1.1776059735208073	1.0783961439112824
1.1803206356517297	1.075230120101341
1.1830415557251646	1.0720713346308914
1.1857687481671602	1.0689197573297793
1.1885022274370183	1.0657753569521278
1.1912420080273751	1.0626381011637318
1.193988104464273	1.0595079565293504
1.1967405313072437	1.0563724782523243
1.1994993031493788	1.0532370115141867
1.2022644346174132	1.0501084911815248
1.2050359403717974	1.046986926260556
1.2078138351067804	1.043872325243831
1.2105981335504823	1.0407646961031107
1.2133888504649775	1.0376640462821605
1.2161860006463678	1.0345703826894883
1.2189895989248667	1.0314837116910012
1.2217996601648717	1.0284040391026061
1.2246161992650488	1.025331370182727
1.2274392311584073	1.022265709624759
1.2302687708123818	1.01920706154945
1.233104833228909	1.01615542949721
1.2359474334445106	1.0131108164203437
1.238796586530369	1.0100732246752187
1.2416523075924113	1.0070426560143475
1.244514611771385	1.0040191115784114
1.2473835142429432	1.0010025918881904
1.2502590302177201	0.9979930968364348
1.2531411749414163	0.9949906256796465
1.2560299636948749	0.9919951770297963
1.2589254117941675	0.9890067488459501
1.2618275345906707	0.98602533842583
1.2647363474711515	0.9830509423972855
1.2676518658578455	0.980083556709695
1.270574105208542	0.9771231766252768
1.2735030810166617	0.9741697967103312
1.276438808811344	0.9712234108263881
1.2793813041575246	0.9682840121212858
1.2823305826560218	0.9653515930201556
1.2852866599436155	0.9624261452163309
1.2882495516931343	0.9595076596621669
1.2912192736135342	0.9565961265597801
1.2941958414499863	0.9536915353516973
1.297179270983956	0.9507938747114242
1.3001695780332907	0.9479031325339202
1.3031667784522993	0.9450192959259941
1.3061708881318417	0.9421423511966012
1.309181922999407	0.9392722838470619
1.3121998990192034	0.9364090785611822
1.3152248321922384	0.93355271919529
1.3182567385564075	0.9307031887681737
1.3212956341865751	0.9278604694509364
1.324341535194665	0.9250245425567489
1.3273944577297394	0.9221953885305199
1.3304544179780915	0.9193729869384574
1.333521432163324	0.9165573164575541
1.3365955165464425	0.9137483548649559
1.3396766874259352	0.910946079027253
1.3427649611378643	0.908141910940026
1.3458603540559484	0.9053395344530702
1.348962882591654	0.9025437289728687
1.3520725631942772	0.8997544999929025
1.3551894123510364	0.8969718524908997
1.3583134465871542	0.8941957909218553
1.3614446824659503	0.8914263192109827
1.3645831365889245	0.8886634407465992
1.3677288255958495	0.8859071583729431
1.3708817661648536	0.8831574743829274
1.3740419750125157	0.8804143905108162
1.3772094688939465	0.8776779079248463
1.3803842646028852	0.8749480272197623
1.383566378971781	0.8722247484092978
1.3867558288718889	0.8695080709185733
1.3899526312133532	0.866797993576434
1.3931568029453036	0.864094514607703
1.3963683610559376	0.8613976316253796
1.3995873225726185	0.8587073416227435
1.4028137045619582	0.8560236409654065
1.4060475241299144	0.853346525383272
1.4092887984218747	0.8506759899624365
1.4125375446227548	0.848012029136998
1.4157937799570817	0.8453546366808066
1.4190575216890926	0.8427038056991237
1.4223287871228198	0.840059528620214
1.425607593602188	0.8374217971868532
1.428893958511103	0.8347906024477599
1.432187899273543	0.8321659347489526
1.435489433353656	0.8295477837250163
1.4387985782558452	0.8269361382903012
1.4421153515248688	0.8243309866300299
1.4454397707459272	0.8217323161913316
1.4487718535447618	0.8191401136741849
1.452111617587742	0.816554365022289
1.455459080581966	0.8139750554138373
1.4588142602753482	0.8114021692522209
1.4621771744567182	0.8088356901566351
1.4655478409559113	0.8062756009526094
1.468926277643867	0.8037218836624425
1.4723125024327186	0.80117451949556
1.4757065332758947	0.7986334888387736
1.4791083881682072	0.7960987712464623
1.4825180851459536	0.7935703454306539
1.4859356422870067	0.7910481892510253
1.4893610777109154	0.7885322797048074
1.492794409578996	0.7860225929166011
1.4962356560944337	0.7835191041280962
1.4996848355023733	0.7810217876877054
1.5031419660900225	0.7785306170400959
1.5066070661867417	0.7760378721758756
1.5100801541641484	0.7735468600456763
1.513561248436208	0.7710618727433871
1.5170503674593367	0.7685829091098262
1.5205475297324955	0.7661099674328828
1.5240527537972914	0.7636430454403679
1.5275660582380723	0.7611821402928035
1.5310874616820302	0.7587272485761369
1.5346169827992941	0.7562783662943973
1.5381546403030348	0.7538354888622723
1.5417004529495593	0.751398611097628
1.545254439538414	0.748967727213948
1.5488166189124812	0.7465428308127113
1.5523870099580825	0.7441239148756943
1.5559656316050743	0.7417109717572054
1.559552502826954	0.7393039931762417
1.5631476426409538	0.736902970208583
1.5667510701081493	0.7345078932788021
1.5703628043335522	0.7321187521522113
1.5739828644662197	0.7297355359267269
1.5776112696993485	0.7273582330246658
1.5812480392703834	0.7249868311844594
1.5848931924611134	0.7226213174522992
1.5885467485977791	0.7202616781737006
1.59220872705117	0.7179078989849913
1.5958791472367329	0.7155599648047218
1.5995580286146687	0.7132178598249981
1.6032453906900417	0.7108815675027323
1.6069412530128773	0.7085510705508207
1.6106456351782708	0.7062263509292308
1.6143585568264862	0.7039073898360184
1.6180800376430662	0.7015941676982544
1.6218100973589298	0.6992866641628748
1.6255487557504842	0.6969848580874441
1.6292960326397223	0.6946887275308391
1.6330519478943346	0.6923982497438425
1.6368165214278085	0.6901134011596585
1.6405897731995396	0.6878341573843365
1.6443717232149315	0.6855604931871124
1.6481623915255086	0.6832923824906609
1.651961798229015	0.6810297983612622
1.6557699634695284	0.6787727129988751
1.6595869074375604	0.676521097727129
1.6634126503701698	0.6742749229832169
1.6672472125510627	0.6720341583077076
1.6710906143107078	0.6697987723342552
1.6749428760264373	0.6675687327792279
1.6788040181225607	0.6653440064312344
1.6826740610704674	0.6631245591405657
1.6865530253887415	0.6609103558085321
1.690440931643264	0.6586908986084924
1.6943378004473288	0.6564706865437298
1.6982436524617444	0.6542555586923873
1.7021585083949509	0.6520455156510803
1.7060823890031234	0.6498405575629251
1.710015315090288	0.6476406841115937
1.7139573075084253	0.6454458945153205
1.7179083871575884	0.6432561875208439
1.721868574986007	0.641071561397298
1.725837891990204	0.6388920139300444
1.7298163592151015	0.6367175424144482
1.7338039977541384	0.634548143649591
1.7378008287493754	0.6323838139319348
1.7418068733916146	0.6302245490489153
1.7458221529205038	0.6280703442724876
1.7498466886246573	0.6259211943526011
1.7538805018417611	0.6237770935106225
1.7579236139586931	0.6216380354326924
1.7619760464116292	0.6195040132630246
1.7660378206861649	0.6173750195971386
1.770108958317421	0.6152510464750355
1.7741894808901661	0.6131320853743046
1.7782794100389228	0.6110181272031746
1.78237876744809	0.6089091622934911
1.7864875748520508	0.606805180393639
1.7906058540352947	0.6047061706613922
1.7947336268325265	0.6026121216567047
1.7988709151287883	0.6005230213344287
1.803017740859569	0.5984388570369729
1.8071741260109275	0.5963596154868871
1.8113400926196026	0.594285282779386
1.8155156627731361	0.5922158443747975
1.8197008586099834	0.5901512850909497
1.8238957023196385	0.5880915890954813
1.8281002161427427	0.5860367398980884
1.832314422371212	0.5839867203426956
1.8365383433483464	0.5819415125995616
1.8407720014689564	0.5799010981573067
1.8450154191794736	0.5778654578148751
1.8492686189780787	0.5758345716734172
1.8535316234148114	0.5738084191281065
1.857804455091699	0.5717869788598743
1.8620871366628675	0.5697702288270771
1.8663796908346704	0.5677581462570833
1.8706821403658007	0.5657507076377888
1.8749945080674193	0.5637478887090519
1.8793168168032686	0.5617496644540559
1.883649089489801	0.5597560090905888
1.8879913490962936	0.5577668960622495
1.892343618644976	0.5557822980295724
1.8967059212111463	0.5537921823710926
1.9010782799233006	0.5518008579190317
1.9054607179632472	0.5498139151349778
1.9098532585662378	0.5478313613256834
1.914255925021086	0.545853203495416
1.9186687406702891	0.5438794483416644
1.9230917289101586	0.5419101022507983
1.9275249131909356	0.5399451712936938
1.9319683170169242	0.5379846612213102
1.936421963946607	0.5360285774602306
1.9408858775927782	0.5340769251081546
1.9453600816226624	0.5321297089293521
1.9498445997580456	0.5301869333500698
1.9543394557753944	0.5282486024538999
1.95884467350599	0.526314719977097
1.9633602768360463	0.5243852893038583
1.967886289706845	0.5224603134615523
1.9724227361148534	0.5205397951159086
1.976969640111861	0.5186237365661561
1.9815270258050979	0.5167121397401218
1.9860949173573716	0.5148050061892754
1.9906733389871865	0.5129023370837364
1.9952623149688797	0.5110041332072256
1.9998618696327437	0.5091103949519762
2.0044720273651615	0.5072211223135905
2.0090928126087277	0.5053363148858566
2.0137242498623884	0.5034559718555063
2.0183663636815607	0.5015800919969341
2.023019178678272	0.4997086736668589
2.0276827195212817	0.4978417147989424
2.032357010936222	0.4959792128983502
2.037042077705718	0.49412116503627035
2.0417379446695296	0.49226756784437287
2.046444636724674	0.49041841750922505
2.0511621788255656	0.48857370976664866
2.0558905959841414	0.48673343989602985
2.0606299132700006	0.4848976027145724
2.065380155810529	0.48306619257150174
2.0701413487910423	0.4812392033422109
2.0749135174549096	0.4794166284223574
2.079696687103696	0.47759846072189976
2.084490883097289	0.47578469265908674
2.0892961308540396	0.47397531615438265
2.0941124558508926	0.4721703226243449
2.0989398836235242	0.4703697029754381
2.1037784397664754	0.4685734475977985
2.1086281499332897	0.4667815463589348
2.1134890398366464	0.4649939885973761
2.1183611352485023	0.46321076311625814
2.123244462000219	0.4614318581768556
2.1281390459827123	0.4596513311757124
2.133044913146576	0.4578717405479509
2.1379620895022327	0.4560964043529488
2.1428906011200586	0.45432533106596434
2.1478304741305343	0.4525585288990306
2.1527817347243725	0.4507960057971286
2.157744409152667	0.4490377694343191
2.16271852372702	0.44728382720984167
2.167704104819695	0.44553418624416935
2.1727011788637443	0.44378885337503426
2.1777097723531593	0.44204783515340557
2.1827299118430012	0.44031113783943787
2.187761623949553	0.43857876739837226
2.1928049353504484	0.4368507294964061
2.197859872784825	0.435127029496516
2.202926463053456	0.4334076724542472
2.2080047330189	0.4316926631134585
2.2130947096056377	0.4299820059020286
2.2181964198002193	0.4282757049275212
2.223309890651403	0.42657376397280916
2.2284351492703043	0.4248761864916555
2.2335722228305315	0.42318297560425683
2.23872113856834	0.4214941340927379
2.2438819237827663	0.4198096643966107
2.2490546058357817	0.4181295686081853
2.254239212152429	0.4164538484679407
2.259435770220978	0.41478250535984895
2.2646443075930596	0.41311554030666026
2.2698648518838223	0.411452953965137
2.2750974307720706	0.40979474662124993
2.2803420720004186	0.4081409181853237
2.28559880337543	0.40649146818714194
2.2908676527677736	0.4048463957710004
2.296148648112362	0.4032056996907211
2.301441817408509	0.40156937830461387
2.306747188720069	0.39993742957039463
2.312064790175595	0.39830985104005395
2.3173946499684783	0.3966866398546806
2.3227367963571073	0.39506779273923376
2.328091257665008	0.39345330599726996
2.3334580622810033	0.3918431755056178
2.338837238659355	0.39023739670900776
2.344228815319923	0.38863596461464645
2.3496328208483073	0.3870388737867476
2.35504928389601	0.38544611834100556
2.360478233180577	0.3838576919390241
2.365919697485759	0.3822735877826893
2.371373705661655	0.38069379860849406
2.3768402866248772	0.37911831668180684
2.38231946935869	0.37754713379109284
2.3878112829131783	0.37597523396405835
2.3933157564053875	0.37440477908240816
2.3988329190194912	0.37283857239820606
2.4043628000069335	0.37127662268687267
2.4099054286865957	0.36971893848055254
2.41546083444494	0.3681655280645452
2.421029046736179	0.3666163994736969
2.4266100950824154	0.36507156048876394
2.432204009073816	0.3635310186327328
2.4378108183687526	0.3619947811671131
2.4434305526939726	0.3604628550881872
2.4490632418447453	0.3589352471232311
2.454708915685031	0.3574119637266915
2.4603676041476272	0.3558930110763334
2.46603933723434	0.3543783950693452
2.4717241450161302	0.35286812131841044
2.4774220576332864	0.3513621951477387
2.4831331052955705	0.34986062158906234
2.4888573182823914	0.3483634053775911
2.494594726942955	0.3468705509479316
2.500345361696432	0.34538206242996583
2.506109253032114	0.34389794364469234
2.511886431509581	0.3424181981000252
2.5176769277588558	0.34094282898655764
2.5234807724805757	0.3394718391732796
2.529297996446145	0.33800523120326215
2.5351286304979084	0.3365430072892933
2.540972705549305	0.3350851693094798
2.5468302525850417	0.3336317188028022
2.552701302661247	0.33218265696463184
2.5585858869056453	0.3307379846422034
2.5644840365177175	0.3292977023300454
2.5703957827688635	0.3278618101653698
2.5763211570025755	0.3264303079234154
2.582260190634596	0.3250031950127504
2.588212915153092	0.32358047047052874
2.5941793621188136	0.32216213295770557
2.6001595631652723	0.32074818075420297
2.6061535499988953	0.31933861175403755
2.6121613543992064	0.3179334234603952
2.6181830082189848	0.3165326129806671
2.624218543384442	0.31513617702143376
2.6302679918953813	0.31374411188340856
2.6363313858253803	0.3123564134563276
2.642408757321946	0.31097307721379974
2.648500138606701	0.30959409820810213
2.654605561975539	0.30821947106493397
2.6607250597988097	0.30684918997811594
2.666858664521479	0.30548324870424726
2.6730064086633116	0.3041216405573069
2.6791683248190314	0.3027606113832637
2.6853444456585076	0.30140177823412234
2.691534803926915	0.30004723801977423
2.6977394324449206	0.2986969964119269
2.703958364108843	0.29735105880900536
2.7101916318908432	0.2960094303323487
2.7164392688390824	0.2946721158223741
2.7227013080779128	0.2933391198347005
2.7289777828080406	0.2920104466362397
2.7352687263067126	0.2906861002012458
2.741574171927882	0.28936608420733234
2.7478941531023975	0.28805040203144555
2.7542287033381663	0.28673905674580646
2.7605778562203462	0.28543205111380743
2.7669416454115114	0.2841293875858772
2.773320104651841	0.28283106829530025
2.7797132677592886	0.28153709505400243
2.7861211686297707	0.2802474693482925
2.792543841237338	0.27896219233456726
2.798981319634363	0.2776812648349735
2.805433637951713	0.27640468733303214
2.811900830398941	0.2751324599692179
2.8183829312644537	0.27386458253650153
2.8248799749157074	0.2726010544758475
2.831391995799379	0.2713418748716709
2.8379190284415565	0.2700870424472521
2.8444611074479154	0.2688365555601086
2.85101826750391	0.267590412197323
2.8575905433749464	0.26634860997083004
2.8641779699065815	0.26511114611265574
2.8707805820246906	0.2638780174701181
2.8773984147356697	0.26264922050097705
2.8840315031266055	0.2614247512685458
2.8906798823654762	0.26020460543675145
2.897343587701323	0.258988778265155
2.904022654464451	0.25777726460392103
2.910717118066605	0.25657005888874507
2.9174270140011673	0.25536715513573044
2.924152377843335	0.25416854693622254
2.9308932452503216	0.25297422745159054
2.9376496519615305	0.25178418940796704
2.9444216337987617	0.2505984250909331
2.9512092266663856	0.24941692634016144
2.9580124665515464	0.24823968454400466
2.9648313895243423	0.2470666906340388
2.971666031738027	0.24589793507955338
2.9785164294291895	0.244733407881995
2.9853826189179604	0.24357309856935608
2.992264636608189	0.24241699619051718
2.9991625189876516	0.2412650893095336
3.0060763026282307	0.24011335882223797
3.013006024186122	0.23896352974498133
3.019951720402016	0.23781784025751135
3.0269134281013064	0.23667629209432867
3.0338911841942706	0.23553888668651435
3.04088502567628	0.23440562515772798
3.047894989627983	0.2332765083201727
3.054921113215514	0.23215153667051844
3.061963433690677	0.23103071038579098
3.069021988391158	0.22991402931921842
3.076096814740708	0.22880149299604338
3.083187950249355	0.22769310060929174
3.0902954325135905	0.2265888510155056
3.097419299216581	0.22548874273043418
3.1045595881283554	0.2243927739246865
3.1117163371060186	0.2233009424193414
3.118889584093937	0.22221324568151996
3.126079367123956	0.22112968081991363
3.1332857243155856	0.22005024458027458
3.1405086938762183	0.2189749333408597
3.1477483141013156	0.21790374310783867
3.1550046233746274	0.2168366695106529
3.1622776601683795	0.21577370779733815
3.169567463043492	0.2147148528297991
3.1768740706497707	0.21366009907904374
3.1841975217261256	0.212609440620372
3.1915378551007616	0.21156287112852223
3.198895109691399	0.2105203838727703
3.206269324505466	0.20948197171198812
3.213660538640318	0.20844762708965184
3.2210687912834346	0.2074173420288096
3.2284941217126364	0.206391108126999
3.2359365692962827	0.20536891655112208
3.2433961734934935	0.20435075803226946
3.250872973854344	0.20333662286050236
3.2583670100200885	0.20232650087958232
3.265878321723358	0.20132038148165698
3.273406948788383	0.2003182536018946
3.2809529311311905	0.1993201057130734
3.2885163087598315	0.19832592582011757
3.2960971217745776	0.1973357014545885
3.303695410368149	0.19634941966912242
3.311311214825911	0.19536706703182086
3.3189445755261047	0.1943886296205879
3.326595532940045	0.19341409301741874
3.3342641276323506	0.19244344230263521
3.3419504002611427	0.1914766620490707
3.3496543915782775	0.19051373631620136
3.3573761424295467	0.18955464864422705
3.365115693754908	0.18859938204809595
3.372873086588689	0.18764282396054077
3.380648362059817	0.186687165449222
3.3884415613920256	0.1857352501545325
3.3962527259040853	0.18478707821530255
3.404081897010009	0.18384264948239304
3.4119291162192864	0.18290196351497193
3.4197944251370886	0.1819650195767607
3.4276778654645046	0.18103181663224124
3.4355794789987466	0.18010235334283198
3.443499307633384	0.17917662806302456
3.451437393358563	0.17825463883648718
3.459393778261219	0.17733638339213195
3.4673685045253166	0.1764218591401431
3.4753616144320576	0.17551106316797246
3.483373150360118	0.17460399223629422
3.4914031547858606	0.17370064277492578
3.499451670283573	0.17280101087870745
3.5075187395256795	0.17190509230334822
3.5156044052829816	0.17101288246122903
3.523708710424871	0.17012437641717199
3.53183169791957	0.16923956888416633
3.5399734108343464	0.16835845421905948
3.548133892335755	0.16748102641820475
3.5563131856898527	0.16660727911307263
3.5645113342624426	0.165737205565819
3.5727283815192883	0.16487079866481605
3.5809643710263606	0.16400805092013865
3.5892193464500517	0.16314895445901412
3.5974933515574232	0.16229350102122597
3.6057864302164235	0.16144168195447983
3.6140986263961334	0.1605934882097242
3.6224299841669856	0.15974891033643165
3.630780547701014	0.158907938477834
3.639150361272071	0.158070562366118
3.6475394692560785	0.15723677131757388
3.6559479161312485	0.15640655422770355
3.664375746478333	0.15557989956628132
3.672823004980846	0.1547567953723734
3.681289736425315	0.1539372292493093
3.6897759857015027	0.15312118835961114
3.6982817978026628	0.15230865941987393
3.7068072178257596	0.15149962869560385
3.715352290971726	0.15069408199600567
3.7239170625456848	0.1498920046687283
3.732501577957206	0.14909338159455857
3.741105882720533	0.14829819718207132
3.7497300224548358	0.14750643536222913
3.758374042884441	0.14671807958293576
3.767037989839089	0.1459331128035385
3.77572190925416	0.1451515174892847
3.7844258471709336	0.14436795347070303
3.793149849736819	0.14358470978887974
3.801893963205613	0.1428047571991828
3.81065823393773	0.1420280962792622
3.8194427084004663	0.14125472736409334
3.8282474331682264	0.14048465054282575
3.8370724549227884	0.13971786565559943
3.8459178204535354	0.13895437229033436
3.8547835766577188	0.13819416977948729
3.8636697705406915	0.13743725719678132
3.8725764492161727	0.13668363335390218
3.8815036599064823	0.13593329679716704
3.8904514499428067	0.13518624580415842
3.899419866765434	0.13444247838033202
3.908408957924021	0.13370199225558801
3.9174187710778305	0.1329647848808148
3.926449353995999	0.13223085342439786
3.9355007545577743	0.131500194768699
3.944573020752785	0.13077280550650094
3.953666200681279	0.13004868193742108
3.9627803425543955	0.1293278200642905
3.971915494694403	0.12861021558950178
3.981071705534973	0.12789586391132118
3.9902490236214203	0.12718476012016933
3.9994474976109755	0.12647689899486556
4.008667176273028	0.12577227499884
4.0179081084894	0.12507088227630941
4.027170343254591	0.12437271464841963
4.036453929676051	0.1236777656093515
4.045758916974426	0.12298602832239279
4.055085354483839	0.12229749561597257
4.0644332916521275	0.12161215997966181
4.073802778041128	0.12093001356013562
4.083193863326921	0.12025104815710043
4.09260659730011	0.11957525521918307
4.1020410298660686	0.11890262583978396
4.111497211045223	0.11823315075289131
4.120975190973302	0.11756682032885925
4.130475019901614	0.11690362457014584
4.139996748197304	0.11624355310701522
4.149540426343631	0.11558659519319812
4.1591061049402205	0.1149327397015165
4.168693834703355	0.1142819751194655
4.178303666466218	0.1136342895447592
4.187935651179185	0.11298967068083338
4.1975898399100755	0.11234810583231038
4.207266283844442	0.11170958190042121
4.216965034285822	0.11107408537838907
4.226686142656031	0.11044160234676899
4.2364296604954115	0.1098121184687488
4.24619563946313	0.10918168251075464
4.2559841313374305	0.10855198607072646
4.265795188015928	0.10792522491738607
4.275628861515862	0.10730139789687432
4.285485203974396	0.10668050362085206
4.295364267648873	0.10606254046353725
4.3052661049171075	0.10544750655871254
4.3151907682776525	0.10483539979670703
4.325138310350088	0.10422621782134875
4.335108783875289	0.10361995802689009
4.345102241715717	0.10301661755490407
4.355118736855686	0.1024161932911531
4.365158322401661	0.10181868186242765
4.375221051582521	0.10122407963335747
4.385306977749858	0.10063238270319184
4.395416154378245	0.1000435869025523
4.405548635065534	0.09945768779015361
4.4157044735331255	0.09887468064949666
4.425883723626267	0.09829456048552963
4.436086439314326	0.09771732202128
4.446312674691089	0.09714295969445462
4.456562483975033	0.09657146765401016
4.466835921509633	0.09600283975669104
4.477133041763626	0.09543706956353745
4.487453899331323	0.09487415033635971
4.49779854893288	0.09431407503418296
4.508167045414603	0.09375683630965755
4.518559443749224	0.09320242650543878
4.528975799036209	0.09265083765053196
4.539416166502032	0.09210206145660686
4.549880601500488	0.09155608931427625
4.560369159512962	0.09101291228934383
4.570881896148752	0.09047252111901505
4.581418867145335	0.08993490620807736
4.591980128368688	0.08940005762504308
4.6025657358135605	0.08886796509825991
4.613175745603796	0.08833861801198488
4.623810213992603	0.08781200540242472
4.634469197362879	0.0872881159537389
4.645152752227495	0.0867669379940088
4.6558609352295885	0.08624845949116997
4.666593803142887	0.0857326680489073
4.677351412871981	0.08521955090251582
4.688133821452653	0.08470909491472157
4.698941086052153	0.08420128657146858
4.709773263969529	0.08369611197766517
4.720630412635905	0.08319355685289519
4.731512589614805	0.0826936065270891
4.7424198526024455	0.08219624593615833
4.753352259428054	0.08170145961758916
4.7643098680541565	0.08120540328863482
4.775292736576909	0.08070972060864656
4.786300923226383	0.08021654557613132
4.797334486366892	0.07972587558129852
4.808393484497285	0.07923770779466038
4.819477976251274	0.07875203916432563
4.830588020397726	0.07826886641327012
4.841723675840994	0.07778818603658058
4.8528850016212095	0.07730999429867526
4.864072056914616	0.07683428723049696
4.875284901033862	0.07636106062668255
4.886523593428336	0.07589031004270475
4.897788193684462	0.07542203079198981
4.909078761526032	0.07495621794300701
4.920395356814509	0.07449286631633353
4.9317380395493595	0.07403197048169098
4.943106869868354	0.07357352475495679
4.954501908047903	0.07311752319514664
4.96592321450336	0.07266395960137148
4.97737084978936	0.07221282750976522
4.9888448746001215	0.07176412019038628
5.000345349769786	0.07131783064408977
5.011872336272722	0.07087395159937276
5.0234258952238715	0.07043247550918974
5.035006087879047	0.06999339454774105
5.046612975635284	0.06955670060723042
5.05824662003114	0.06912238529459586
5.0699070827470445	0.06869043992820834
5.081594425605605	0.06826085553454389
5.093308710571955	0.06783362284482305
5.105049999754062	0.06740873229162259
5.116818355403078	0.06698617400545508
5.1286138399136485	0.0665659378113195
5.140436515824262	0.06614801322521964
5.152286445817564	0.0657323894506527
5.16416369272071	0.06531905537506529
5.176068319505676	0.06490799956627949
5.188000389289612	0.06449921026888536
5.199959965335159	0.06409267540060312
5.211947111050805	0.06368838254861138
5.223961889991197	0.0632863189658444
5.236004365857504	0.062886471567255
5.248074602497725	0.062488826926045966
5.2601726639070625	0.06209337126986632
5.2722986142282275	0.0617000904769759
5.284452517751805	0.06130897007237436
5.296634438916578	0.060919995223897315
5.308844442309884	0.06053315073827691
5.321082592667942	0.06014842105716909
5.333348954876211	0.059765790253144185
5.345643593969716	0.059381112104488945
5.357966575133418	0.05899616059207809
5.370317963702527	0.058613238715179074
5.382697825162884	0.0582323446617321
5.3951062251512765	0.05785347644721659
5.4075432294558095	0.05747663191251732
5.420008904016238	0.057101808721772375
5.432503314924333	0.056729004360200036
5.445026528424211	0.056358216131907085
5.4575786109127105	0.05598944115767578
5.470159628939716	0.05562267637273186
5.482769649208539	0.05525791852449093
5.495408738576246	0.05489516417028558
5.508076964054036	0.05453440967507044
5.520774392807573	0.05417565120910767
5.533501092157368	0.05381888474563019
5.546257129579107	0.053464106058485006
5.559042572704037	0.0531113107197536
5.5718574893192985	0.052760494097352215
5.584701947368309	0.05241165135260941
5.597576014951102	0.05206477743782233
5.610479760324706	0.051719867093790194
5.623413251903491	0.05137691484732653
5.6363765582595455	0.05103591500874778
5.649369748123025	0.05069686166934037
5.6623928903825345	0.050359748698803934
5.675446054085471	0.05002456974267275
5.688529308438416	0.049691318219712635
5.701642722807475	0.04935998731929588
5.714786366718672	0.04903056999875114
5.727960309858292	0.04870305898069118
5.741164622073277	0.048377446750315245
5.7543993733715695	0.04805372555268838
5.767664633922509	0.04773188738999563
5.780960474057181	0.047411924018772526
5.794286964268812	0.047093826947109965
5.807644175213121	0.046777587431835174
5.821032177708716	0.04646319647566648
5.834451042737448	0.04615064482434399
5.847900841444809	0.045839922963733445
5.861381645140288	0.045531021116905726
5.874893525297769	0.04522392924118909
5.88843655355589	0.044918637025196675
5.902010801718445	0.04461513388582612
5.91561634175474	0.0443134089652344
5.9292532458	0.044013451127784035
5.942921586155727	0.043715248956964145
5.956621435290106	0.04341879075228277
5.970352865838369	0.043124064526133016
5.984115950603199	0.04283105800063052
5.997910762555095	0.04253668889193663
6.011737374832782	0.042242275303475914
6.025595860743578	0.04194952853412751
6.0394862937638	0.04165844673213983
6.0534087475391365	0.041369027900694626
6.067363295885055	0.041081269896128404
6.08135001278718	0.04079517042613863
6.095368972401694	0.04051072704797251
6.109420249055721	0.04022793716660014
6.123503917247737	0.03994679803287009
6.137620051647943	0.039667306741649144
6.151768727098683	0.03938946022994423
6.165950018614822	0.03911325527500795
6.180164001384161	0.0388386884924264
6.1944107507678146	0.038565756334190175
6.208690342300634	0.03829445508674719
6.223002851691596	0.038024780869038446
6.237348354824191	0.03775672963051616
6.251726927756859	0.03749029714914294
6.266138646723353	0.03722547902937438
6.2805835881331795	0.036962270700122105
6.295061828571975	0.036700667412699506
6.309573444801933	0.03644066423874814
6.324118513762193	0.03618225606814624
6.33869711256927	0.03592543760689763
6.353309318517436	0.03567020337500261
6.367955209079159	0.0354165477043088
6.382634861905486	0.03516446473634352
6.397348354826482	0.034913948420126115
6.412095765851615	0.03466499250996141
6.4268771731701975	0.03441759056321259
6.441692655151772	0.03417173593805515
6.456542290346556	0.033927421791209895
6.471426157485831	0.033684641075656614
6.486344335482385	0.03344338653832644
6.501296903430906	0.03320365071777473
6.516283940608428	0.03296542594183232
6.531305526474723	0.032728704325236654
6.546361740672751	0.032493477767241284
6.561452663029053	0.03225973794920479
6.576578373554206	0.03202747633215771
6.591738952443213	0.031796684154348595
6.606934480075961	0.03156735242876775
6.622165037017619	0.0313394719406497
6.637430704019089	0.03111303324495292
6.652731562017413	0.03088802666381817
6.668067692136222	0.03066444228400363
6.6834391756861455	0.030442269954298027
6.698846094165265	0.030221499282910742
6.714288529259523	0.030002119634839102
6.729766562843179	0.029781551399689743
6.745280276979219	0.029560897202410796
6.760829753919819	0.029341588692884325
6.77641507610675	0.029123623959576236
6.792036326171846	0.028907000969320387
6.807693586937414	0.02869171756584552
6.823386941416698	0.028477771468287748
6.839116472814292	0.028265160269690334
6.8548822645266165	0.028053881435489106
6.870684400142321	0.027843932301984852
6.886522963442762	0.027635310074801085
6.902398038402419	0.027428011827328583
6.918309709189366	0.02722203449915507
6.934258060165691	0.027017374894481562
6.9502431758879695	0.02681402968052343
6.966265141107686	0.026611995385898046
6.982324040771715	0.02641126839899682
6.998419960022734	0.02621184496634368
7.014552984199714	0.026013721190937675
7.030723198838334	0.02581689303058163
7.046930689671471	0.025621356296195042
7.06317554262962	0.025427106650112375
7.07945784384138	0.025234139604365644
7.095777679633888	0.02504245051895203
7.112135136533292	0.024852034600085587
7.128530301265195	0.024662886898433704
7.1449632607551345	0.02447500230733738
7.16143410212902	0.024288375561016082
7.177942912713619	0.024103001232756098
7.194489780036995	0.023918873733083282
7.211074791828998	0.023735987307918864
7.227698036021702	0.02355433603671969
7.2443596007499025	0.023373913830601004
7.261059574351547	0.023194714430443474
7.277798045368242	0.023016731404982588
7.294575102545687	0.022839958148881845
7.311390834834176	0.022664387880788214
7.3282453313890406	0.022490013641371105
7.345138681571151	0.022316828291343207
7.362070974947361	0.02214482450946461
7.379042301291012	0.021973994790528625
7.396052750582378	0.021804331443330525
7.413102413009177	0.02163582658861763
7.430191378967014	0.02146847215702216
7.447319739059893	0.021302259886975115
7.464487584100665	0.021137181322602578
7.481695005111545	0.020973227811602747
7.498942093324558	0.020810390503105222
7.516228940182057	0.02064866034551063
7.533555637337174	0.020488028084312097
7.550922276654341	0.020326248369678255
7.568328950209744	0.020164280975975935
7.58577575029184	0.02000337207872525
7.603262769401819	0.019843520052868678
7.620790100254123	0.019684723176847437
7.638357835776907	0.019526979631438325
7.655966069112566	0.019370287498579396
7.67361489361819	0.019214644760185463
7.691304402866098	0.01906004929695241
7.709034690644301	0.018906498887151083
7.726805850957025	0.01875399120540981
7.744617978025188	0.018602523821486434
7.76247116628692	0.01845209419902867
7.78036551039804	0.018302699694323785
7.798301105232589	0.018154337555036527
7.816278045883297	0.018007004918936174
7.83429642766212	0.017860698812611594
7.852356346100718	0.017715416150175276
7.870457896950989	0.01757115373195519
7.888601176185544	0.01742790824317539
7.906786279998253	0.01728567625262429
7.925013304804718	0.017144454211311565
7.943282347242818	0.017004238451112444
7.961593504173188	0.016865025183400363
7.979946872679768	0.016726810497667003
7.9983425500702845	0.016589590360130364
8.016780633876794	0.016453360612330072
8.035261221856173	0.016318116969710552
8.05378441199067	0.0161838550201911
8.072350302488383	0.016050570222723798
8.090958991783825	0.015918257905838028
8.109610578538408	0.0157869132661726
8.128305161640995	0.01565653136699438
8.147042840208396	0.015527107136704198
8.165823713585926	0.01539863536732915
8.1846478813479	0.015271110713001891
8.203515443298185	0.015144527688426196
8.222426499470712	0.0150188806673292
8.241381150130026	0.014894163880899739
8.260379495771788	0.014770371416213223
8.279421637123345	0.014647497214642204
8.298507675144226	0.014525535070253472
8.317637711026709	0.014404478628190548
8.336811846196344	0.014284321383042269
8.356030182312479	0.014165056677197032
8.375292821268827	0.01404667769918233
8.394599865193973	0.013929177481990188
8.413951416451951	0.013812548901387361
8.433347577642753	0.013696784674211286
8.452788451602899	0.013581877356650724
8.472274141405963	0.013466098331525587
8.491804750363139	0.013350186027547877
8.511380382023763	0.013235099317731461
8.531001140175896	0.013120836612516666
8.550667128846833	0.013007396243382995
8.570378452303697	0.01289477646190908
8.590135215053957	0.012782975438824664
8.609937521846007	0.012671991263053567
8.629785477669701	0.012561821940748358
8.649679187756934	0.012452465394315987
8.669618757582166	0.012343919461435031
8.689604292863018	0.012236181894063577
8.709635899560805	0.012129250357438703
8.729713683881117	0.01202312242906651
8.74983775227436	0.011917795597703503
8.770008211436348	0.01181326726232836
8.790225168308842	0.011709534731104983
8.810488730080142	0.011606595220335796
8.830799004185627	0.01150444585340607
8.851156098308357	0.0114030836597185
8.871560120379607	0.011302505573618511
8.892011178579486	0.011202708433309698
8.912509381337454	0.01110368897975995
8.933054837332953	0.01100544385559745
8.953647655495937	0.010907969603997201
8.974287945007486	0.010811262667557314
8.994975815300352	0.010715319387165636
9.01571137605957	0.01062013600085602
9.036494737223014	0.01052570864265474
9.057326008982002	0.01043203334141638
9.078205301781857	0.010339106019649713
9.099132726322518	0.01024692249233293
9.120108393559097	0.010155478465718664
9.141132414702504	0.010064769536128138
9.162204901219997	0.009974791188735066
9.183325964835811	0.009885538796338423
9.204495717531712	0.00979700761812477
9.225714271547634	0.009709192798419367
9.246981739382225	0.009622089365426651
9.268298233793494	0.009535692229959227
9.289663867799362	0.009449996184156173
9.311078754678306	0.009364995900189625
9.33254300796991	0.00928068592896051
9.354056741475521	0.009197060698782355
9.375620069258803	0.009114114514054063
9.39723310564638	0.009031841553920693
9.418895965228414	0.008950235870922824
9.440608762859236	0.008869291389633917
9.462371613657929	0.008789001905285984
9.484184633008974	0.00870936108238307
9.506047936562814	0.008628918487241866
9.527961640236521	0.008548293596104522
9.549925860214358	0.00846829084706108
9.571940712948447	0.008388908833271893
9.594006315159332	0.008310146085995592
9.616122783836648	0.008232001073859711
9.638290236239705	0.008154472202125123
9.660508789898136	0.008077557811943532
9.68277856261249	0.008001256179608585
9.7050996724549	0.007925565515799895
9.727472237769652	0.00785048396482067
9.749896377173872	0.007776009603828125
9.772372209558107	0.007702140442057291
9.79489985408699	0.007628874420037631
9.817479430199844	0.007556209408802867
9.84011105761134	0.007484143209093538
9.862794856312105	0.007412673550552586
9.885530946569391	0.0073417980909136335
9.908319448927676	0.007271514415182188
9.93116048420934	0.007201820034809331
9.954054173515269	0.00713271238685828
9.977000638225535	0.0070641888331633386
10.	0.006996246659481556
10.023052380778994	0.006928883074636679
10.046157902783957	0.006862095209655601
10.069316688518045	0.00679588011689727
10.092528860766844	0.006730234769173597
10.115794542598982	0.00666515605886283
10.1391138573668	0.006600640797014994
10.16248692870696	0.006536685712449574
10.18591388054117	0.006473287450844899
10.209394837076797	0.006410442573819855
10.232929922807546	0.006348147558007301
10.256519262514079	0.006286398794119502
10.280162981264736	0.006225192586005067
10.303861204416158	0.006164525149697887
10.32761405761398	0.006104392612457526
10.351421666793442	0.006044791011801407
10.375284158180126	0.005985716294528198
10.39920165829059	0.005927164315732926
10.423174293933046	0.0058691308378133475
10.447202192208003	0.005811611529467738
10.471285480508996	0.005754601964683675
10.495424286523221	0.005698097621718295
10.519618738232236	0.005642093882069455
10.543868963912592	0.005586586029438088
10.568175092136585	0.005531569248681283
10.592537251772887	0.0054770386247565
10.616955571987253	0.005422989141656461
10.641430182243164	0.005369415681334906
10.665961212302578	0.005315138063950862
10.690548792226577	0.0052606604048135676
10.71519305237607	0.005206637327633575
10.739894123412451	0.005153067742710436
10.76465213629835	0.005099950514585068
10.789467222298287	0.005047284461503335
10.814339512979387	0.004995068354874719
10.83926914021204	0.0049433009187262135
10.864256236170656	0.004891980829151106
10.889300933334333	0.004841106713753042
10.91440336448757	0.0047906771510849685
10.939563662720943	0.004740690670083134
10.964781961431852	0.004691145749495904
10.990058394325208	0.0046420408173075784
11.015393095414156	0.004593374250156996
11.040786199020735	0.004545144372751046
11.066237839776663	0.004497349457272773
11.091748152624008	0.0044499877227843565
11.117317272815919	0.004403057334624734
11.142945335917304	0.004356556403801888
11.168632477805613	0.004310482986379623
11.194378834671515	0.004264835082859039
11.220184543019629	0.00421961063755445
11.24604973966927	0.004174807537963736
11.271974561755105	0.004130423614133258
11.297959146727976	0.0040864566380169436
11.324003632355566	0.004042904322829865
11.350108156723154	0.003999764322396059
11.37627285823431	0.003957034230490648
11.402497875611685	0.003914711580175992
11.428783347897712	0.0038727938431321936
11.45512941445536	0.003831278428981557
11.481536214968829	0.00379016268460728
11.508003889444357	0.003749443893465898
11.534532578210918	0.0037091192748939386
11.561122421920993	0.0036691859834083523
11.587773561551263	0.0036296411080009154
11.614486138403427	0.0035904816714262943
11.641260294104908	0.0035517046294840367
11.66809617060963	0.003513306870294187
11.694993910198711	0.003475285213566682
11.721953655481304	0.003437636409864182
11.748975549395292	0.0034003571398586595
11.776059735208078	0.0033634440135813766
11.803206356517299	0.003326893569666467
11.830415557251646	0.0032907022745877535
11.857687481671597	0.0032548665218890714
11.88502227437019	0.0032193826314078485
11.91242008027375	0.003184246848492004
11.93988104464273	0.0031494553432099073
11.967405313072431	0.0031141419631361415
11.994993031493793	0.003078676579735135
12.02264434617413	0.0030435395150428535
12.050359403717973	0.0030087298937323706
12.078138351067798	0.002974246806490998
12.10598133550483	0.002940089309625007
12.133888504649775	0.002906256424660851
12.161860006463678	0.002872747137942691
12.189895989248662	0.002839560400226447
12.217996601648723	0.0028066951262701333
12.246161992650489	0.002774150194420627
12.274392311584071	0.00274192444619657
12.30268770812381	0.0027100166858677333
12.331048332289097	0.0026784256800305036
12.359474334445107	0.0026471501571797124
12.387965865303691	0.002616188807276467
12.416523075924106	0.0025855402813123214
12.445146117713856	0.0025552031908694646
12.473835142429433	0.0025251761076770895
12.5025903021772	0.002495457563163706
12.531411749414156	0.0024660460480055942
12.560299636948754	0.0024369400116712073
12.589254117941675	0.0024081378619616066
12.618275345906707	0.0023796379645466994
12.64736347471151	0.0023514386424975373
12.67651865857846	0.002323538175814361
12.705741052085418	0.0022959348009506226
12.735030810166617	0.0022686267103326284
12.764388088113435	0.00224161205187513
12.793813041575252	0.0022148889284925393
12.823305826560219	0.0021884553976059483
12.852866599436155	0.0021623094706456915
12.882495516931336	0.0021364491125496626
12.912192736135347	0.002110872241257158
12.941958414499863	0.00208557672719838
12.971792709839558	0.0020605603927793216
13.001695780332899	0.0020358210118622895
13.031667784523	0.0020113563092418133
13.061708881318419	0.0019871639601160437
13.09181922999407	0.0019632415895534266
13.121998990192028	0.0019395867719548422
13.15224832192239	0.0019161970305110049
13.182567385564074	0.001893069836655183
13.212956341865752	0.001870202609511069
13.243415351946643	0.0018475927153359646
13.273944577297401	0.0018252374669590504
13.304544179780914	0.001803134123214853
13.33521432163324	0.0017812798883717076
13.365955165464419	0.0017596719115553596
13.396766874259358	0.00173830728616752
13.427649611378643	0.0017165741201498966
13.458603540559483	0.0016947334142874712
13.489628825916533	0.0016731241683007254
13.52072563194278	0.0016517455516877576
13.551894123510364	0.0016305967072641479
13.583134465871542	0.0016096767508590184
13.614446824659497	0.0015889847710084978
13.645831365889252	0.0015685198286463932
13.677288255958494	0.0015482809567921633
13.708817661648537	0.0015282671602360296
13.740419750125149	0.0015084774152213996
13.772094688939474	0.0014889106691243937
13.803842646028853	0.0014695658401306056
13.83566378971781	0.0014504418169089019
13.867558288718882	0.0014315374582824297
13.89952631213354	0.0014128515928966733
13.931568029453036	0.001394383018884605
13.963683610559377	0.0013761305035288277
13.995873225726179	0.0013580927829208046
14.028137045619589	0.001340268561617043
14.060475241299143	0.0013226565122923047
14.092887984218748	0.0013052552753896817
14.12537544622754	0.001288063458767682
14.157937799570824	0.001271079637344166
14.190575216890926	0.0012543023527372156
14.223287871228198	0.0012377301129027646
14.25607593602188	0.0012213613917691473
14.288939585111036	0.0012051946288683987
14.321878992735439	0.001189228228964374
14.35489433353656	0.001173460561677548
14.387985782558452	0.0011578899611066169
14.421153515248696	0.0011425147254467527
14.45439770745928	0.0011273331166045746
14.487718535447618	0.0011123433598096962
14.52111617587742	0.0010975436432229717
14.554590805819668	0.0010829321175412805
14.58814260275349	0.0010685068955989334
14.621771744567184	0.0010542660519655461
14.655478409559112	0.0010402076225404944
14.689262776438676	0.0010263296041438086
14.723125024327194	0.0010126299541035702
14.757065332758946	0.000999106589839681
14.791083881682072	0.0009857573884440808
14.825180851459544	0.0009725801862573146
14.859356422870075	0.000959572778441474
14.893610777109155	0.0009467329185493988
14.92794409578996	0.0009340583180902202
14.962356560944343	0.0009215466460911292
14.99684835502374	0.0009091955286554088
15.031419660900225	0.0008970025485166041
15.066070661867418	0.0008844545464336744
15.100801541641477	0.0008717704464725605
15.135612484362087	0.0008592345925257979
15.170503674593368	0.0008468463223986918
15.205475297324954	0.0008346049550984092
15.240527537972907	0.0008225097906233446
15.275660582380732	0.0008105601097505858
15.310874616820303	0.0007987551738215376
15.346169827992941	0.0007870942245255867
15.381546403030342	0.0007755764836819252
15.4170045294956	0.0007642011530193998
15.452544395384141	0.0007529674139544658
15.488166189124811	0.0007418744273671267
15.523870099580817	0.0007309213333749504
15.55965631605075	0.000720107251105077
15.595525028269538	0.0007094312784642446
15.631476426409538	0.00069889249190675
15.667510701081484	0.0006884899462004234
15.70362804333553	0.0006782226741905244
15.739828644662197	0.000668089686561595
15.776112696993485	0.0006580899715971832
15.812480392703826	0.0006482224949375171
15.848931924611142	0.0006384861993350265
15.88546748597779	0.0006288800044077638
15.9220872705117	0.0006194028063906261
15.95879147236732	0.0006100534778844558
15.995580286146694	0.0006008308676029308
16.032453906900418	0.000591733800117272
16.069412530128773	0.0005827610755986979
16.106456351782697	0.0005739114695586777
16.143585568264868	0.0005651837325869057
16.18080037643066	0.0005565765900870261
16.218100973589298	0.0005480887420100345
16.255487557504836	0.0005397188625853999
16.292960326397232	0.0005314656000498433
16.330519478943348	0.0005233275763737892
16.368165214278086	0.0005153033869854209
16.40589773199539	0.0005073916004923871
16.443717232149325	0.0004995907584010866
16.481623915255085	0.0004918993748335521
16.51961798229015	0.0004843159362418622
16.557699634695275	0.0004768389011201313
16.595869074375614	0.00046946669971399587
16.634126503701697	0.0004621977337276289
16.672472125510627	0.00045503037602820113
16.71090614310707	0.0004479629703478417
16.749428760264383	0.0004409938309830191
16.788040181225607	0.0004341212424913678
16.82674061070467	0.0004273434593858854
16.865530253887407	0.00042065870582654177
16.90440931643265	0.00041367934372680615
16.94337800447329	0.000406570825156195
16.982436524617444	0.0003995480292507288
17.0215850839495	0.0003926105160640834
17.060823890031244	0.0003857578340065741
17.10015315090288	0.0003789895197159892
17.139573075084254	0.0003723050979272459
17.179083871575877	0.00036570408134093736
17.21868574986008	0.00035918597049069354
17.25837891990204	0.00035275025360940256
17.298163592151013	0.0003463964064942208
17.338039977541374	0.00034012389237042767
17.378008287493763	0.00033393216175407015
17.418068733916144	0.00032782065231341627
17.458221529205037	0.0003217887887291698
17.498466886246565	0.0003158359825534881
17.53880501841762	0.0003099616320677489
17.579236139586932	0.00030416512213909117
17.619760464116293	0.00029844582407567884
17.66037820686164	0.00029280309548072067
17.70108958317422	0.00028723628010521144
17.741894808901662	0.0002817447076993958
17.78279410038923	0.0002763276938629224
17.82378767448089	0.00027098453989371306
17.864875748520518	0.0002657145326355065
17.906058540352948	0.00026051694432409323
17.947336268325266	0.00025539103243218877
17.988709151287875	0.0002503360395129886
18.030177408595698	0.00024535119304235314
18.071741260109274	0.0002404357052596376
18.113400926196025	0.00023558877300712512
18.15515662773135	0.00023080957756809196
18.197008586099845	0.0002260972845034626
18.238957023196384	0.00022145104348706573
18.281002161427427	0.0002168699881394485
18.323144223712113	0.0002123532358602808
18.365383433483473	0.00020789988765930332
18.407720014689563	0.00020350902798582876
18.450154191794738	0.0001991797245567644
18.492686189780777	0.00019491102818317016
18.535316234148123	0.00019070197259531707
18.57804455091699	0.0001865515742662578
18.620871366628677	0.0001824588322338634
18.663796908346693	0.00017842272792135586
18.706821403658015	0.00017444222495628932
18.74994508067419	0.00017051626898799725
18.793168168032686	0.00016664378750345818
18.836490894898002	0.00016282368964160748
18.879913490962945	0.0001590548660060515
18.92343618644976	0.00015533618847619448
18.967059212111465	0.0001516665100167396
19.010782799232995	0.0001480446644855816
19.054607179632484	0.00014446946644005362
19.098532585662387	0.00014093971094153822
19.14255925021086	0.00013745417335839618
19.18668740670289	0.00013401160916724073
19.230917289101594	0.0001306107537525135
19.275249131909366	0.00012725032220436706
19.31968317016924	0.00012392900911482128
19.364219639466068	0.00012064548837220563
19.408858775927794	0.00011739841295385147
19.453600816226633	0.00011418641471703984
19.498445997580454	0.00011100810418816525
19.543394557753942	0.0001078620703501333
19.58844673505991	0.00010474688042795239
19.633602768360475	0.00010166107967252647
19.67886289706845	0.00009860319114260618
19.724227361148536	0.00009557171548491927
19.76969640111862	0.00009256513071243994
19.81527025805099	0.00008958189198079651
19.860949173573715	0.00008662043136278893
19.906733389871864	0.00008367915762101854
19.952623149688808	0.00008075645597860475
19.998618696327448	0.0000778506878879793
20.044720273651613	0.00007496019079772956
20.090928126087277	0.00007208327791749873
20.137242498623895	0.0000692182379809077
20.183663636815616	0.00006636333500649794
20.23019178678272	0.00006351680805666087
20.276827195212817	0.00006067687099456361
20.32357010936221	0.000057841712239033557
20.37042077705719	0.0000550094945173977
20.417379446695296	0.00005217835461626186
20.46444636724674	0.00004934640313019772
20.511621788255646	0.000046511724208346845
20.558905959841425	0.000043672375298903436
20.606299132700006	0.00004082638689147754
20.65380155810529	0.00003797176225729884
20.701413487910415	0.00003510647718727121
20.749135174549107	0.00003222847972784289
20.79696687103696	0.000029335689914686462
20.844908830972887	0.00002642599950415582
20.892961308540386	0.000023497271702524475
20.941124558508935	0.00002054734089297119
20.989398836235246	0.00001757401236030874
21.03778439766475	0.000014575062013418455
21.086281499332888	0.000011548236105397318
21.134890398366476	8.491250951383284e-6
21.183611352485023	5.4017926440501356e-6
21.23244462000219	2.2775167667413167e-6