0.1	8.769502426666453
0.10023052380778996	8.75783578548225
0.10046157902783952	8.746170263304384
0.10069316688518042	8.734505867565451
0.10092528860766845	8.722842604874945
0.10115794542598985	8.711180481007467
0.10139113857366794	8.699519500890899
0.10162486928706957	8.687859668594363
0.1018591388054117	8.676200987316188
0.102093948370768	8.664543459371638
0.10232929922807542	8.65288708618059
0.10256519262514076	8.641229529790722
0.10280162981264736	8.6295594653794
0.10303861204416162	8.617890487905349
0.10327614057613975	8.606222633574491
0.10351421666793438	8.594555938169838
0.10375284158180126	8.582890437043595
0.10399201658290592	8.571226165109174
0.10423174293933042	8.559563156833159
0.10447202192208001	8.547901446227113
0.10471285480508996	8.536241066839372
0.10495424286523224	8.524582051746735
0.1051961873823223	8.512924433546036
0.1054386896391259	8.501268244345676
0.10568175092136585	8.489613515757025
0.10592537251772889	8.477960278885796
0.10616955571987247	8.466308564323235
0.10641430182243161	8.454658402137344
0.10665961212302578	8.443009821863905
0.1069054879222658	8.431362852497454
0.10715193052376065	8.419717522482213
0.10739894123412448	8.408073859702824
0.1076465213629835	8.396431891475093
0.10789467222298288	8.384791644536588
0.1081433951297938	8.373153145037119
0.10839269140212036	8.361516418529204
0.10864256236170655	8.349881489958355
0.10889300933334335	8.338248383653312
0.10914403364487565	8.326617123316149
0.10939563662720939	8.31498773201234
0.1096478196143185	8.30336023216065
0.10990058394325211	8.291734645522965
0.11015393095414151	8.28011099319403
0.11040786199020733	8.26848929559107
0.11066237839776664	8.256869572443295
0.11091748152624012	8.245251842781322
0.11117317272815914	8.233636124926484
0.11142945335917301	8.222022436480053
0.11168632477805612	8.210410794312308
0.11194378834671516	8.198801214551539
0.11220184543019636	8.187193712572947
0.11246049739669266	8.175588302987382
0.11271974561755105	8.163984999630037
0.11297959146727979	8.152383815548978
0.11324003632355571	8.140784762993595
0.11350108156723152	8.129187853402938
0.1137627285823431	8.117593097393897
0.11402497875611688	8.106000504749339
0.11428783347897718	8.094410084406062
0.11455129414455358	8.082821844442678
0.1148153621496883	8.071235792067348
0.11508003889444356	8.059649595916765
0.11534532578210924	8.048051940763314
0.11561122421920987	8.036456422919036
0.11587773561551262	8.024863084465926
0.11614486138403426	8.013271967088249
0.11641260294104915	8.001683112064706
0.11668096170609624	7.990096560260561
0.11694993910198712	7.978512352119646
0.11721953655481303	7.966930527656289
0.11748975549395298	7.9553511264471775
0.11776059735208072	7.943774187623103
0.11803206356517298	7.932199749860653
0.11830415557251646	7.92062785137382
0.118576874816716	7.909058529905474
0.11885022274370183	7.897491822718798
0.11912420080273747	7.885927766588625
0.1193988104464273	7.874366397792671
0.11967405313072434	7.862807752102681
0.11994993031493788	7.851251864775503
0.12022644346174129	7.83969877054404
0.12050359403717974	7.828148503608137
0.120781383510678	7.816601097625369
0.12105981335504823	7.805056585701709
0.12133888504649772	7.793515000382154
0.12161860006463679	7.781976373641185
0.12189895989248664	7.7704407368732245
0.12217996601648717	7.758908120882875
0.12246161992650487	7.747378555875187
0.12274392311584072	7.735852071445735
0.12302687708123815	7.72432869657063
0.1233104833228909	7.712808459596441
0.12359474334445104	7.701291388229996
0.1238796586530369	7.68977750952808
0.1241652307592411	7.678266849887053
0.1244514611771385	7.666759435032334
0.12473835142429429	7.655255290007808
0.125025903021772	7.643754439165109
0.1253141174941416	7.632256906152786
0.1256029963694875	7.62076271390542
0.12589254117941673	7.609271884632535
0.12618275345906707	7.597784439807496
0.12647363474711512	7.586300400156243
0.12676518658578456	7.574819785645916
0.12705741052085415	7.563342615473399
0.12735030810166617	7.551868908053712
0.12764388088113438	7.54039868100832
0.12793813041575247	7.528931951153298
0.12823305826560213	7.517468734487433
0.12852866599436155	7.506009046180116
0.1288249551693134	7.494552900559233
0.12912192736135342	7.483098415593064
0.1294195841449986	7.4716364245781
0.12971792709839558	7.460177960093551
0.13001695780332903	7.4487230641788775
0.13031667784522993	7.437271778403787
0.13061708881318415	7.425824143859548
0.1309181922999407	7.414380201150164
0.13121998990192033	7.402939990383495
0.13152248321922383	7.3915035511622715
0.1318256738556407	7.3800709225750145
0.1321295634186575	7.368642143186879
0.13243415351946647	7.357217251030364
0.13273944577297395	7.345796283595991
0.1330454417978091	7.334379277822822
0.1333521432163324	7.322966270088913
0.13365955165464422	7.311557296201689
0.1339676687425935	7.300152391388172
0.1342764961137864	7.288751590285148
0.13458603540559483	7.277354926929228
0.13489628825916536	7.265962434746794
0.13520725631942773	7.254574146543863
0.1355189412351036	7.243190094495834
0.1358313446587154	7.231810310137135
0.136144468246595	7.22043482435077
0.13645831365889247	7.209063667357767
0.13677288255958492	7.1976968687064975
0.13708817661648537	7.186334457261911
0.13740419750125152	7.174976461194668
0.13772094688939465	7.163622907970121
0.1380384264602885	7.152273824337246
0.1383566378971781	7.140929236317423
0.13867558288718884	7.129589169193116
0.13899526312133534	7.118253647496441
0.13931568029453031	7.106922694997624
0.13963683610559377	7.09559633469334
0.13995873225726183	7.084274588794946
0.14028137045619582	7.07295747871658
0.1406047524129914	7.06164502506316
0.14092887984218747	7.0503372476182555
0.14125375446227545	7.039034165331856
0.14157937799570816	7.027735796307995
0.14190575216890922	7.016442157792265
0.142232878712282	7.005153266159223
0.14256075936021884	6.993869136899644
0.1428893958511103	6.982589784607691
0.14321878992735435	6.9713152229679025
0.1435489433353656	6.960045464742123
0.14387985782558455	6.948780521756246
0.14421153515248689	6.937520404886868
0.14454397707459277	6.926265124047804
0.14487718535447616	6.915012137801273
0.14521116175877424	6.90374910346597
0.14554590805819662	6.892490856377022
0.14588142602753484	6.881237444441097
0.14621771744567183	6.86998891511719
0.14655478409559117	6.858745315407936
0.1468926277643867	6.847506691850885
0.1472312502432719	6.836273090509664
0.14757065332758945	6.825044556965033
0.14791083881682077	6.8138211363058785
0.14825180851459538	6.8026028731200885
0.1485935642287007	6.791389811485347
0.14893610777109154	6.780181994959834
0.14927944095789963	6.768979466572817
0.14962356560944334	6.757782268815157
0.1499684835502373	6.746590443629729
0.15031419660900225	6.735404032401696
0.15066070661867417	6.724223075948765
0.15100801541641484	6.7130476145112565
0.1513561248436208	6.701877687742131
0.1517050367459337	6.690713334696893
0.15205475297324955	6.679554593823402
0.15240527537972914	6.6684015029515615
0.15275660582380723	6.657254099282926
0.15310874616820302	6.646112419380185
0.15346169827992942	6.634976499156563
0.1538154640303035	6.623846373865079
0.15417004529495593	6.612722078087739
0.1545254439538414	6.6016036457245795
0.1548816618912481	6.590491109982642
0.15523870099580825	6.579384503364794
0.15559656316050743	6.568283857658476
0.15595525028269538	6.557189203924315
0.15631476426409538	6.546100572484631
0.15667510701081494	6.5350179929118255
0.15703628043335524	6.523941494016663
0.15739828644662196	6.512871103836429
0.15776112696993486	6.501806849622971
0.15812480392703834	6.490748757830621
0.15848931924611134	6.479696854104018
0.15885467485977792	6.468651163265763
0.159220872705117	6.457611709304011
0.15958791472367329	6.446578515359892
0.15995580286146688	6.435551603714861
0.16032453906900418	6.4245309957778405
0.1606941253012877	6.413516712072348
0.16106456351782708	6.40250877222339
0.16143585568264862	6.391507194944318
0.16180800376430657	6.380511998023483
0.16218100973589297	6.369523198310812
0.16255487557504839	6.3585376869533965
0.16292960326397224	6.347540346742395
0.16330519478943342	6.336549359557534
0.16368165214278085	6.3255647897942655
0.16405897731995392	6.3145867015565935
0.16443717232149316	6.3036151586497216
0.1648162391525508	6.292650224572626
0.1651961798229015	6.281691962510571
0.1655769963469528	6.270740435327496
0.16595869074375605	6.25979570555838
0.16634126503701693	6.248857835401454
0.16672472125510626	6.237926886710402
0.16710906143107074	6.2270029209864335
0.16749428760264373	6.216085999370263
0.16788040181225602	6.205176182634047
0.16826740610704674	6.194273531173203
0.16865530253887412	6.183378104998131
0.16904409316432642	6.172489963725885
0.16943378004473283	6.161609166571735
0.16982436524617442	6.150735772340612
0.17021585083949506	6.139869839418528
0.17060823890031235	6.129011425763846
0.17100153150902875	6.118160588898475
0.17139573075084252	6.107317385898994
0.17179083871575881	6.096481873387657
0.1721868574986007	6.085654107523308
0.17258378919902034	6.074834143992213
0.17298163592151014	6.06402203799879
0.17338039977541378	6.054501500616
0.17378008287493754	6.045375012807269
0.17418068733916142	6.036255651857898
0.17458221529205037	6.027143418298765
0.1749846688624657	6.0180383115772
0.1753880501841761	6.008940330042518
0.17579236139586926	5.9998494709313315
0.1761976046411629	5.99076573035278
0.17660378206861643	5.981689103273582
0.17701089583174212	5.972619583502976
0.17741894808901656	5.963557163677502
0.1778279410038923	5.954501835245645
0.17823787674480895	5.945453588452326
0.17864875748520506	5.936412412323265
0.17906058540352943	5.927378294649182
0.17947336268325265	5.918351221969847
0.1798870915128788	5.9093311795580075
0.1803017740859569	5.900318151403123
0.1807174126010927	5.8913121201949865
0.18113400926196024	5.882313067307174
0.18155156627731356	5.8733209727803395
0.18197008586099836	5.864335815305369
0.18238957023196378	5.855354383695448
0.1828100216142743	5.846361212980576
0.18323144223712115	5.837374816340483
0.18365383433483465	5.828395219381073
0.18407720014689558	5.819422447002609
0.18450154191794738	5.810456523388911
0.18492686189780783	5.801497471996495
0.18535316234148114	5.792545315543574
0.18578044550916986	5.783600075998956
0.18620871366628675	5.77466177457085
0.186637969083467	5.7657304316955384
0.18706821403658005	5.7568060670259635
0.18749945080674188	5.747888699420175
0.18793168168032684	5.738978346929697
0.18836490894898006	5.730075026787743
0.18879913490962935	5.721178755397365
0.18923436186449755	5.712289548319436
0.18967059212111465	5.70340742026056
0.19010782799233	5.694532385060828
0.19054607179632474	5.685664455681488
0.1909853258566238	5.676803644192478
0.19142559250210858	5.6679499617598355
0.19186687406702896	5.659103418633001
0.19230917289101584	5.650264024131986
0.1927524913190936	5.641431786634425
0.1931968317016924	5.632606713562505
0.19364219639466074	5.623788811369761
0.19408858775927784	5.614978085527743
0.19453600816226624	5.606174540512587
0.19498445997580455	5.597378179791402
0.19543394557753943	5.588589005808595
0.195884467350599	5.579807019971991
0.19633602768360464	5.571032222638896
0.1967886289706845	5.562264613101967
0.19724227361148533	5.553504189574989
0.19769696401118608	5.544750949178488
0.1981527025805098	5.536004887925235
0.19860949173573716	5.527266000705584
0.19906733389871864	5.5185342812727045
0.19952623149688797	5.509809722227642
0.1999861869632744	5.5010923150042625
0.20044720273651614	5.492382049854039
0.2009092812608728	5.483678915830715
0.20137242498623883	5.474982900774793
0.20183663636815607	5.466293991297914
0.2023019178678272	5.457612172767064
0.20276827195212818	5.448937429288643
0.20323570109362218	5.440269743692385
0.2037042077705718	5.431609097515126
0.20417379446695297	5.422955470984428
0.20464446367246739	5.414304694793125
0.20511621788255657	5.405636658088324
0.20558905959841414	5.396975455587257
0.20606299132700007	5.3883211303968555
0.20653801558105292	5.379673725181303
0.20701413487910425	5.371033282153844
0.20749135174549097	5.362399843068588
0.2079696687103696	5.353773449212146
0.20844908830972886	5.345154141395251
0.20892961308540398	5.336541959944236
0.20941124558508925	5.3279369446924765
0.20989398836235246	5.319339134971695
0.21037784397664752	5.310748569603234
0.21086281499332898	5.3021652868891715
0.21134890398366465	5.293589324603415
0.2118361135248502	5.285020719982661
0.21232444620002192	5.276459509717273
0.21281390459827124	5.2679057299420755
0.21330449131465762	5.2593594162270625
0.21379620895022325	5.250820603567964
0.21428906011200585	5.242289326376801
0.21478304741305343	5.233765618472261
0.21527817347243727	5.2252495130700405
0.21577444091526668	5.2167410427730445
0.21627185237270202	5.20824023956153
0.21677041048196952	5.199747134783106
0.21727011788637443	5.191261759142688
0.2177709772353159	5.182784142692294
0.21827299118430013	5.174314314820786
0.2187761623949553	5.165852304243487
0.21928049353504486	5.157398138991704
0.21978598727848253	5.148951846402132
0.2202926463053456	5.140513453106184
0.22080047330189004	5.1320829850191725
0.22130947096056375	5.123660467329443
0.22181964198002194	5.11524592448733
0.2223309890651403	5.10683938019407
0.22284351492703042	5.098440857390561
0.22335722228305316	5.090050378246046
0.223872113856834	5.081667964146635
0.22438819237827662	5.073293635683798
0.2249054605835781	5.064927412642653
0.22542392121524293	5.056569313990207
0.22594357702209775	5.048219357863449
0.22646443075930595	5.0398775615573514
0.2269864851883822	5.031543941512724
0.22750974307720706	5.023218513303982
0.2280342072000418	5.014901291626776
0.22855988033754301	5.0065922902855124
0.2290867652767773	4.998291522180751
0.2296148648112362	4.989998025708917
0.23014418174085083	4.981707097160108
0.2306747188720069	4.973424407279485
0.23120647901755947	4.965149981249894
0.23173946499684786	4.956883843508605
0.2322736796357107	4.9486260177361325
0.23280912576650079	4.940376526844922
0.23334580622810028	4.932135392967928
0.23388372386593548	4.9239026374470996
0.2344228815319922	4.915678280821723
0.23496328208483072	4.907462342816684
0.23550492838960096	4.899254842330591
0.2360478233180577	4.891055797423794
0.23659196974857583	4.88286522530629
0.23713737056616552	4.874683142325499
0.23768402866248767	4.8665095639539375
0.23823194693586902	4.8583445047767615
0.23878112829131776	4.85018797847919
0.23933157564053875	4.842039997833822
0.23988329190194904	4.833900574687807
0.24043628000069334	4.8257697199499185
0.24099054286865948	4.817647443577478
0.24154608344449405	4.8095337545631764
0.2421029046736178	4.801428660921758
0.24266100950824154	4.79333216967657
0.24322040090738153	4.785244286846005
0.24378108183687525	4.777165017429803
0.2443430552693972	4.7690943653951985
0.24490632418447456	4.7610323336629925
0.24547089156850305	4.752978924093439
0.24603676041476275	4.744934137472016
0.24660393372343392	4.736897973495075
0.24717241450161304	4.728870430755342
0.24774220576332856	4.720851506727273
0.24831331052955705	4.712841197752295
0.2488857318282391	4.7048394990238815
0.24945947269429547	4.696846404572506
0.25003453616964316	4.688861907250454
0.2506109253032114	4.680885998716478
0.251188643150958	4.6729186694203255
0.25176769277588557	4.664959908587099
0.25234807724805747	4.657009704201511
0.2529297996446145	4.649068042991936
0.25351286304979076	4.641134910414365
0.25409727055493053	4.633210290636178
0.2546830252585041	4.625294166519779
0.2552701302661247	4.617386519606072
0.2558585886905646	4.609487330097796
0.25644840365177174	4.6015965768426845
0.2570395782768864	4.593714237316492
0.25763211570025757	4.585838368715844
0.25822601906345966	4.577959653167491
0.2588212915153092	4.57008922073844
0.2594179362118814	4.562227074830213
0.2600159563165272	4.554373217824821
0.2606153549998896	4.546527651071075
0.26121613543992067	4.5386903748707255
0.2618183008218985	4.530861388464511
0.26242185433844417	4.52304069001803
0.26302679918953814	4.515228276607523
0.263633138582538	4.507424144205498
0.2642408757321946	4.49962828766621
0.2648500138606701	4.491840700711033
0.2654605561975539	4.484061375913671
0.26607250597988097	4.476290304685238
0.2666858664521479	4.4685274772592
0.26730064086633115	4.460772882676181
0.2679168324819031	4.453026508768606
0.26853444456585074	4.445288342145221
0.26915348039269155	4.437558368175468
0.26977394324449205	4.429836570973701
0.2703958364108843	4.422122933383268
0.2710191631890843	4.414417436960432
0.2716439268839082	4.406720061958159
0.2722701308077913	4.399030787309739
0.272897778280804	4.39134959061227
0.27352687263067127	4.383676448109974
0.27415741719278824	4.376011334677382
0.2747894153102397	4.368354223802319
0.2754228703338166	4.360705087568795
0.27605778562203465	4.353063896639679
0.27669416454115114	4.34543062023926
0.2773320104651841	4.337805226135605
0.27797132677592884	4.330187680622792
0.2786121168629771	4.322577948502957
0.27925438412373377	4.314975993068187
0.2798981319634363	4.3073817760822415
0.2805433637951713	4.299795257762114
0.28119008303989407	4.2922163967594065
0.28183829312644537	4.284645150141569
0.2824879974915708	4.277081473372922
0.2831391995799379	4.269525320295553
0.2837919028441557	4.261976643109993
0.28444611074479154	4.254435392355762
0.285101826750391	4.246901516891702
0.28575905433749466	4.239374963876154
0.2864177969906581	4.231855678746938
0.28707805820246907	4.224343605201168
0.28773984147356696	4.216838685174878
0.28840315031266056	4.209340858822452
0.2890679882365476	4.201844543255702
0.28973435877013226	4.194322937452039
0.2904022654464451	4.186808077691838
0.2910717118066605	4.179299987678331
0.29174270140011677	4.171798690492915
0.29241523778433354	4.164304208585653
0.2930893245250321	4.156816563765671
0.2937649651961531	4.149335777191464
0.29444216337987617	4.141861869361111
0.29512092266663853	4.134394860102387
0.29580124665515467	4.126934768562785
0.2964831389524342	4.119481613199441
0.29716660317380267	4.112035411768935
0.29785164294291894	4.104596181317055
0.298538261891796	4.097163938168375
0.2992264636608189	4.089738697915819
0.29991625189876514	4.082320475410054
0.30060763026282306	4.074909284748829
0.3013006024186122	4.067505139266173
0.3019951720402016	4.0601080515215235
0.30269134281013055	4.052718033288722
0.30338911841942706	4.0453350955449165
0.3040885025676279	4.037959248459368
0.3047894989627983	4.030590501382115
0.3054921113215513	4.023228862832567
0.3061963433690677	4.015874340487971
0.30690219883911574	4.00852694117177
0.3076096814740708	4.001186670841839
0.3083187950249354	3.9938535345786357
0.30902954325135906	3.986527536573212
0.309741929921658	3.9792086801151223
0.31045595881283555	3.971896967580217
0.31117163371060175	3.9645924004183226
0.3118889584093937	3.957294979140792
0.3126079367123955	3.9500047033079593
0.31332857243155854	3.942721571516448
0.3140508693876217	3.935445581386384
0.3147748314101316	3.9281767295484746
0.31550046233746265	3.9209150116309717
0.31622776601683794	3.913660422246501
0.3169567463043491	3.9064129549787836
0.31768740706497706	3.8991726023692252
0.3184197521726125	3.8919393559033724
0.31915378551007617	3.884713205997253
0.3198895109691398	3.8774941419835867
0.3206269324505466	3.870282152097858
0.3213660538640317	3.8630772234642694
0.32210687912834346	3.8558793420815576
0.32284941217126356	3.848688492808683
0.32359365692962827	3.8415046593503774
0.32433961734934924	3.8343243769954714
0.3250872973854344	3.82713093321189
0.3258367010020088	3.8199443511385907
0.32658783217233583	3.812764666461109
0.3273406948788382	3.8055919144265604
0.328095293113119	3.7984261298359914
0.32885163087598307	3.7912673470366247
0.32960971217745777	3.7841155999140557
0.3303695410368148	3.7769709218843577
0.3311311214825911	3.769833345886105
0.3318944575526104	3.762702904372319
0.33265955329400454	3.7555796293023356
0.333426412763235	3.7484635521335816
0.3341950400261143	3.7413547038132835
0.33496543915782767	3.7342531147700804
0.3357376142429547	3.727158814905548
0.33651156937549076	3.7200718335856657
0.3372873086588689	3.7129921996321658
0.3380648362059816	3.7059199413138146
0.33884415613920255	3.698855086337601
0.3396252725904084	3.691797661839844
0.3404081897010009	3.684747694377203
0.34119291162192855	3.677705209917606
0.3419794425137089	3.6706702338310797
0.3427677865464504	3.663642790880506
0.34355794789987465	3.656622905212266
0.34434993076333853	3.6496106003468047
0.3451437393358563	3.642605899169104
0.345939377826122	3.6356088239190547
0.34673685045253166	3.628619396181742
0.34753616144320587	3.621637636877623
0.34833731503601184	3.614663566252631
0.34914031547858615	3.6076972038681565
0.3499451670283573	3.6007385685909497
0.350751873952568	3.5937876785829177
0.35156044052829816	3.5868445512908225
0.35237087104248715	3.57990920343588
0.353183169791957	3.572981651003256
0.3539973410834347	3.5660619092314674
0.35481338923357547	3.5591499926016668
0.3556313185689854	3.5522459148268464
0.3564511334262443	3.5453496888409113
0.35727283815192895	3.5384613267876617
0.35809643710263606	3.5315808400096804
0.35892193464500527	3.5247082390370847
0.35974933515574237	3.5178435335761993
0.36057864302164244	3.5109867324980994
0.36140986263961333	3.5041378438270585
0.36224299841669866	3.4972968747288777
0.3630780547701014	3.4904638314991083
0.36391503612720716	3.483637943908114
0.36475394692560786	3.476815460290875
0.36559479161312497	3.4700008940043605
0.36643757464783333	3.46319426051087
0.3672823004980847	3.456395574519618
0.3681289736425315	3.44960484997599
0.3689775985701504	3.442822100050673
0.3698281797802663	3.436047337128708
0.37068072178257605	3.429280572798401
0.37153522909717257	3.4225218178401673
0.3723917062545686	3.41577108221524
0.3732501577957206	3.4090283750542825
0.3741105882720534	3.4022937046458908
0.3749730022454836	3.3955670784249805
0.3758374042884442	3.388848502961077
0.37670379898390893	3.3821379839464707
0.377572190925416	3.375435526184288
0.37844258471709324	3.368741133576419
0.3793149849736819	3.36205480911136
0.38018939632056115	3.3553765548519157
0.381065823393773	3.348706371922802
0.3819442708400465	3.34204426049812
0.38282474331682265	3.3353902197887217
0.38370724549227875	3.3287442480294516
0.38459178204535355	3.322106342466259
0.38547835766577176	3.31547649934321
0.38636697705406914	3.3088547138893563
0.3872576449216172	3.3022409803054975
0.3881503659906482	3.2956352917508016
0.38904514499428056	3.28903764032932
0.3899419866765434	3.282448017076354
0.390840895792402	3.2758664119447247
0.3917418771077831	3.2692928137908717
0.3926449353995998	3.2627272103608687
0.3935500754557774	3.256169588276272
0.3944573020752784	3.2496199330198565
0.3953666200681279	3.243078228921218
0.39627803425543945	3.2365444591422308
0.3971915494694403	3.230018605662383
0.3981071705534972	3.2235006492639706
0.39902490236214205	3.2169905695171503
0.39994474976109745	3.210488344764863
0.4008667176273028	3.203993952107612
0.4017908108489399	3.197507367388102
0.4027170343254591	3.191028565175735
0.40364539296760493	3.184557518750971
0.4045758916974427	3.1780942000895314
0.40550853544838383	3.1716385798464715
0.40644332916521275	3.165190627340097
0.40738027780411273	3.1587503105357384
0.4083193863326921	3.152314057009996
0.40926065973001086	3.1458646936654957
0.4102041029866068	3.139422760877155
0.41114972110452225	3.1329882792886816
0.4120975190973302	3.12656126891853
0.4130475019901614	3.120141749150585
0.41399967481973043	3.113729738724739
0.4149540426343629	3.1073252557273885
0.41591061049402206	3.1009283175818405
0.4168693834703354	3.0945389410386133
0.41783036664662176	3.0881571421656546
0.4187935651179184	3.0817829363384592
0.41975898399100753	3.0754163382300956
0.4207266283844441	3.069057361801129
0.4216965034285822	3.0627060202894505
0.422668614265603	3.056362326200017
0.4236429660495411	3.050026291294475
0.4246195639463129	3.0436979265806943
0.4255984131337431	3.037377242302213
0.42657951880159267	3.031064247927556
0.4275628861515862	3.024758952139462
0.4285485203974395	3.0184613628240258
0.4295364267648873	3.0121714870597067
0.43052661049171065	3.0058893311062524
0.43151907682776525	2.999614900393507
0.43251383103500873	2.9933481995101223
0.4335108783875289	2.987089232192149
0.43451022417157154	2.980838001311535
0.4355118736855686	2.974594508864499
0.436515832240166	2.9683587559598066
0.4375221051582521	2.962130742806925
0.4385306977749857	2.9559104687040763
0.4395416154378245	2.94969793202617
0.4405548635065533	2.9434931302126266
0.4415704473533125	2.9372960597550812
0.44258837236262655	2.9311067161849786
0.44360864393143257	2.924925094061045
0.4446312674691087	2.918751186956649
0.4456562483975033	2.912584987447037
0.44668359215096315	2.9064264870964545
0.44771330417636257	2.900275676445145
0.4487453899331322	2.8941325449962303
0.449779854893288	2.8879970812024585
0.45081670454146017	2.8818692724528456
0.4518559443749224	2.875749105059175
0.4528975799036208	2.8696365642423847
0.4539416166502032	2.8635316341188206
0.4549880601500486	2.8574342976863663
0.4560369159512962	2.851344536810443
0.4570881896148751	2.845262332209878
0.4581418867145335	2.839184611271135
0.4591980128368686	2.8330965717136496
0.4602565735813561	2.8270159366667627
0.4613175745603794	2.820942732360583
0.46238102139926035	2.814876984505534
0.46344691973628804	2.808818718284161
0.46451527522274944	2.802767958342859
0.465586093522959	2.796724728783519
0.46665938031428866	2.790689053155096
0.46773514128719823	2.7846609544450858
0.46881338214526524	2.778640455070925
0.46989410860521547	2.7726275768713022
0.47097732639695294	2.766622341097389
0.47206304126359055	2.7606247684039755
0.4731512589614805	2.754634878840532
0.4742419852602447	2.748652691842175
0.47533522594280536	2.742678226220541
0.47643098680541573	2.7367115001545863
0.47752927365769093	2.7307525311812793
0.4786300923226384	2.72480133618622
0.47973344863668915	2.7188579313941523
0.4808393484497286	2.7129223323593936
0.4819477976251274	2.7069945539561737
0.4830588020397727	2.701074610368872
0.48417236758409943	2.6951625150821665
0.4852885001621211	2.6892582808710896
0.4864072056914617	2.683361919790979
0.4875284901033864	2.6774734431673433
0.48865235934283363	2.671592861585622
0.48977881936844625	2.6657201848808523
0.4909078761526032	2.6598554221272357
0.492039535681451	2.6539985816276
0.49317380395493593	2.6481496709027685
0.4943106869868355	2.642308696680826
0.4954501908047903	2.636475664886273
0.49659232145033616	2.6306505806290965
0.49773708497893604	2.624833448193709
0.4988844874600123	2.619024271027815
0.5000345349769786	2.6132230517311443
0.5011872336272724	2.6074297920440928
0.5023425895223872	2.6016444928362517
0.5035006087879049	2.595867154094835
0.5046612975635284	2.5900977749129845
0.505824662003114	2.584336353477977
0.5069907082747043	2.5785828870593126
0.5081594425605604	2.572837371996699
0.5093308710571953	2.567099803687917
0.5105049999754062	2.5613701765765677
0.5116818355403077	2.555648484139721
0.5128613839913648	2.5499347188754276
0.514043651582426	2.544226732822083
0.5152286445817564	2.5385141557413338
0.5164163692720709	2.5328094164138584
0.5176068319505677	2.527112538512167
0.5188000389289611	2.521423545155955
0.5199959965335159	2.5157424589036257
0.5211947111050804	2.510069301743745
0.5223961889991198	2.504404095086413
0.5236004365857502	2.498746859754532
0.5248074602497725	2.4930976159750142
0.5260172663907061	2.487456383369882
0.5272298614228227	2.4818231809473006
0.5284452517751804	2.4761980270925044
0.5296634438916578	2.4705809395586513
0.5308844442309884	2.464971935457576
0.5321082592667942	2.459371031250466
0.5333348954876209	2.45377824273843
0.5345643593969717	2.4481935850529957
0.5357966575133416	2.442617072646501
0.5370317963702527	2.4370487192823957
0.5382697825162883	2.4314885380254516
0.5395106225151276	2.425936541231881
0.5407543229455808	2.4203927405393566
0.5420008904016238	2.4148571468569315
0.5432503314924332	2.4093297703548715
0.5445026528424212	2.403810620454388
0.5457578610912709	2.3982997058172653
0.5470159628939716	2.3927970343353966
0.5482769649208538	2.387302613120221
0.5495408738576245	2.3818164484920517
0.5508076964054034	2.3763385459693143
0.5520774392807574	2.370868910257668
0.5533501092157367	2.3654075452390413
0.5546257129579107	2.359954453960546
0.5559042572704036	2.3545096386233046
0.5571857489319298	2.349073100571152
0.5584701947368308	2.343644840279249
0.5597576014951101	2.3382248573425772
0.5610479760324705	2.3328131504643266
0.5623413251903491	2.3274097174441835
0.5636376558259545	2.3220145551664917
0.5649369748123025	2.31662765958832
0.5662392890382533	2.311249025727403
0.5675446054085471	2.3058786476499815
0.5688529308438415	2.300516518458521
0.5701642722807475	2.295162630279316
0.571478636671867	2.2898169742499856
0.5727960309858292	2.2844795405068408
0.5741164622073276	2.27915031817215
0.5754399373371569	2.2738292953412667
0.5767664633922508	2.268514629271685
0.5780960474057181	2.2631974448557965
0.5794286964268811	2.2578883658417026
0.580764417521312	2.2525874062062727
0.5821032177708715	2.2472945792527215
0.5834451042737447	2.242009897601053
0.5847900841444807	2.2367333731784207
0.5861381645140288	2.2314650172093833
0.5874893525297767	2.226204840206079
0.588843655355589	2.2209528519582964
0.5902010801718444	2.2157090615234574
0.591561634175474	2.210473477216499
0.5929253245799998	2.2052461065996627
0.5942921586155727	2.200026956472182
0.5956621435290105	2.1948160328598787
0.5970352865838369	2.1896133410046543
0.5984115950603197	2.184418885353883
0.5997910762555094	2.179232669549706
0.6011737374832781	2.174054696418224
0.6025595860743578	2.168884967958583
0.6039486293763798	2.163723485331966
0.6053408747539136	2.158570248850472
0.6067363295885054	2.153425257965898
0.6081350012787179	2.1482885112584045
0.6095368972401692	2.1431600064250893
0.610942024905572	2.1380397402684395
0.6123503917247736	2.1329277086846856
0.6137620051647943	2.1278239066520417
0.6151768727098682	2.1227283282188365
0.6165950018614822	2.1176409664915354
0.618016400138416	2.112561813622643
0.6194410750767815	2.107490860798508
0.6208690342300636	2.1024280982269983
0.6223002851691596	2.0973735151250694
0.6237348354824193	2.09232709970622
0.6251726927756859	2.087288839167824
0.6266138646723355	2.0822587196783484
0.628058358813318	2.0772367263644567
0.6295061828571976	2.0722228432979852
0.6309573444801934	2.067217053482805
0.6324118513762195	2.062219338841562
0.633869711256927	2.057229680202291
0.6353309318517437	2.052248057284909
0.6367955209079159	2.0472744486875856
0.6382634861905487	2.042308831872987
0.6397348354826482	2.0373511831543922
0.6412095765851616	2.032401477681682
0.6426877173170197	2.0274596894272032
0.6441692655151774	2.022525791171499
0.6456542290346556	2.017599754488913
0.6471426157485832	2.0126784938121802
0.6486344335482385	2.007747179439279
0.6501296903430908	2.002823546974183
0.6516283940608427	1.9979076133231004
0.6531305526474724	1.992999394812444
0.654636174067275	1.988098907180382
0.6561452663029055	1.9832061655682929
0.6576578373554206	1.9783211845121478
0.6591738952443215	1.9734439779338102
0.6606934480075961	1.9685745591322412
0.662216503701762	1.9637129407746328
0.6637430704019089	1.9588591348874445
0.6652731562017414	1.9540131528473677
0.6668067692136223	1.9491750053721857
0.6683439175686147	1.9443447025115628
0.6698846094165265	1.9395222536377328
0.6714288529259524	1.9347076674361061
0.6729766562843179	1.9299009518957846
0.6745280276979221	1.925102114299987
0.6760829753919819	1.920311161216377
0.6776415076106752	1.9155280984873118
0.6792036326171846	1.910752931219985
0.6807693586937414	1.9059856637764852
0.6823386941416696	1.901226299763754
0.6839116472814293	1.896474842023456
0.6854882264526615	1.8917312926217427
0.6870684400142321	1.8869956528389331
0.688652296344276	1.8822679231590835
0.6902398038402419	1.8775481032594705
0.6918309709189364	1.8728361919999645
0.6934258060165691	1.868132187412315
0.6950243175887968	1.8634360866893234
0.6966265141107687	1.8587478861739244
0.6982324040771714	1.8540675813481573
0.6998419960022735	1.8493951668220394
0.7014552984199712	1.8447306363223344
0.7030723198838335	1.840073982681214
0.7046930689671469	1.8354251978248142
0.7063175542629619	1.8307842727616876
0.7079457843841379	1.8261511975711466
0.7095777679633888	1.8215259613914978
0.711213513653329	1.8169085524081656
0.7128530301265195	1.8122989578417132
0.7144963260755133	1.8076971639357404
0.716143410212902	1.8031031559446842
0.7177942912713617	1.7985169181214913
0.7194489780036994	1.7939384337051891
0.7211074791828996	1.789367684908336
0.7227698036021702	1.784804652904359
0.72443596007499	1.7802493178147716
0.7261059574351547	1.7756991308606462
0.727779804536824	1.7711418285438643
0.7294575102545687	1.766592085094916
0.7311390834834174	1.762049917908023
0.732824533138904	1.7575153438391697
0.734513868157115	1.7529883791981888
0.7362070974947361	1.7484690397407658
0.737904230129101	1.743957340660366
0.7396052750582378	1.7394532965800837
0.7413102413009175	1.7349569215444138
0.7430191378967014	1.7304682290109437
0.744731973905989	1.7259872318419607
0.7464487584100665	1.7215139422959873
0.7481695005111544	1.7170483720192269
0.7498942093324559	1.7125905320369308
0.7516228940182055	1.708140432744685
0.7533555637337174	1.703698083899607
0.7550922276654339	1.6992634946114629
0.7568328950209744	1.6948366733337015
0.7585775750291838	1.6904176278543979
0.7603262769401818	1.6860063652871122
0.762079010025412	1.6816028920616661
0.7638357835776907	1.6772072139148226
0.7655966069112563	1.6728193358808863
0.7673614893618189	1.66843926228221
0.7691304402866096	1.6640669967196096
0.7709034690644301	1.659702542062695
0.7726805850957024	1.6553459004401017
0.7744617978025188	1.6509970732296366
0.7762471166286917	1.6466560610483265
0.7780365510398041	1.642322863742376
0.7798301105232588	1.6379974803770287
0.7816278045883297	1.633679909226336
0.7834296427662119	1.6293701477628246
0.7852356346100718	1.6250681926470758
0.7870457896950986	1.6207740397171984
0.7888601176185545	1.6164876839782063
0.7906786279998251	1.6122091195913024
0.7925013304804718	1.6079383398630516
0.7943282347242815	1.6036753372344654
0.7961593504173188	1.5994201032699724
0.7979946872679766	1.5951726286462977
0.7998342550070284	1.5909329031412314
0.8016780633876791	1.586700915622294
0.8035261221856173	1.5824766540353021
0.8053784411990667	1.5782601053928216
0.8072350302488382	1.5740512557625166
0.8090958991783823	1.5698500902553933
0.8109610578538409	1.5656565930139306
0.8128305161640993	1.5614707472001068
0.8147042840208396	1.5572906245510094
0.8165823713585925	1.5531069546356118
0.81846478813479	1.548930825237405
0.8203515443298183	1.5447622469218714
0.8222426499470712	1.5406012296502938
0.8241381150130024	1.5364477827713252
0.8260379495771788	1.5323019150124761
0.8279421637123342	1.5281636344715166
0.8298507675144225	1.5240329486077993
0.8317637711026711	1.5199098642335058
0.8336811846196344	1.5157943875047968
0.835603018231248	1.5116865239128896
0.8375292821268826	1.507586278275045
0.8394599865193975	1.5034936547254714
0.8413951416451951	1.4994086567061395
0.8433347577642755	1.495331286957517
0.84527884516029	1.491261547509208
0.8472274141405965	1.4871994396705046
0.8491804750363139	1.483144964020861
0.8511380382023765	1.4790981204002607
0.8531001140175896	1.4750589078995056
0.8550667128846834	1.47102732485041
0.8570378452303697	1.4670033688159025
0.8590135215053958	1.4629870365800353
0.8609937521846007	1.4589783241378997
0.8629785477669704	1.4549772266854495
0.8649679187756933	1.4509837386092261
0.8669618757582167	1.446997853475991
0.8689604292863019	1.443019564022259
0.8709635899560808	1.4390488621437356
0.8729713683881117	1.435085738884658
0.8749837752274362	1.431130184427032
0.8770008211436349	1.4271821880797755
0.8790225168308845	1.4232417382677551
0.8810488730080143	1.4193088225207275
0.8830799004185629	1.4153834274621748
0.8851156098308356	1.4114655387980362
0.887156012037961	1.407555141305339
0.8892011178579485	1.4036522188207234
0.8912509381337457	1.3997567542288594
0.8933054837332954	1.3958687294507615
0.895364765549594	1.3919881254319941
0.8974287945007486	1.388114922130767
0.8994975815300353	1.3842490985059246
0.9015711376059571	1.3803906325048236
0.9036494737223016	1.3765395010511006
0.9057326008982003	1.3726956800323287
0.9078205301781859	1.3688591442875575
0.9099132726322517	1.365029867594746
0.9120108393559097	1.3612078226580764
0.9141132414702502	1.3573901051032393
0.9162204901219997	1.3535627579649203
0.9183325964835808	1.3497424722416294
0.9204495717531712	1.3459292635547695
0.9225714271547631	1.3421231470459476
0.9246981739382225	1.3383241373699333
0.9268298233793492	1.3345322486875488
0.9289663867799363	1.330747494658492
0.9311078754678302	1.326969888434087
0.933254300796991	1.3231994426499678
0.9354056741475518	1.3194361694186887
0.9375620069258802	1.3156800803222655
0.9397233105646378	1.3119311864046446
0.9418895965228413	1.3081894981640982
0.9440608762859233	1.3044550255455487
0.946237161365793	1.3007277779328195
0.9484184633008971	1.2970077641408086
0.9506047936562815	1.293294992407591
0.9527961640236519	1.289589470386445
0.9549925860214359	1.2858912051377998
0.9571940712948444	1.2822002031211113
0.9594006315159331	1.278516470186654
0.9616122783836646	1.2748400115672436
0.9638290236239705	1.2711708318698718
0.9660508789898133	1.26750893506727
0.9682778562612491	1.2638543244893874
0.9705099672454897	1.26020700281479
0.9727472237769651	1.2565669720619825
0.9749896377173869	1.2529342335806424
0.9772372209558107	1.2493087880427736
0.9794899854086988	1.2456906354337807
0.9817479430199844	1.2420797750434527
0.9840111057611337	1.2384762054568674
0.9862794856312105	1.2348799245452093
0.9885530946569389	1.2312909294564995
0.9908319448927676	1.227709216606242
0.9931160484209338	1.2241347816679784
0.995405417351527	1.220567619563761
0.9977000638225533	1.2170077244545316
1.	1.2134550897304102
1.0023052380778998	1.2099097080009
1.0046157902783952	1.2063715710849947
1.0069316688518044	1.2028406700011958
1.0092528860766845	1.1993169949574405
1.0115794542598988	1.195800535340931
1.0139113857366795	1.1922912797078768
1.016248692870696	1.1887892157731332
1.0185913880541169	1.1852943303997545
1.0209394837076802	1.1818066095884399
1.023292992280754	1.178326038466895
1.0256519262514079	1.1748508245708524
1.0280162981264735	1.1713723472357862
1.0303861204416165	1.1679009190430008
1.0327614057613974	1.1644365507660557
1.0351421666793441	1.1609792526580085
1.0375284158180127	1.1575290344440954
1.0399201658290596	1.1540859053143355
1.0423174293933042	1.150649873916074
1.0447202192208003	1.1472209483464402
1.0471285480508996	1.1437991361447486
1.0495424286523225	1.1403844442848157
1.051961873823223	1.1369768791672132
1.0543868963912593	1.1335764466114369
1.0568175092136585	1.1301831518480152
1.0592537251772887	1.1267969995105251
1.0616955571987248	1.1234179936275495
1.064143018224316	1.1200461376145516
1.066596121230258	1.1166814342656657
1.0690548792226577	1.1133238857454244
1.0715193052376064	1.109973493580395
1.0739894123412446	1.1066302586507466
1.076465213629835	1.10329418118173
1.0789467222298286	1.0999652607350874
1.081433951297938	1.0966434962003675
1.0839269140212033	1.0933288857861756
1.0864256236170655	1.0900214270113278
1.0889300933334332	1.0867211166959332
1.0914403364487566	1.0834279509523816
1.0939563662720937	1.0801419251762616
1.096478196143185	1.0768630340371785
1.0990058394325208	1.0735912714694995
1.101539309541415	1.0703266306630048
1.104078619902073	1.0670691040534575
1.1066237839776665	1.0638186833130794
1.1091748152624008	1.060575359340948
1.1117317272815914	1.0573391222532926
1.1142945335917298	1.054109961373715
1.1168632477805611	1.0508878652233034
1.1194378834671515	1.0476728215106728
1.1220184543019636	1.0444648171218982
1.1246049739669264	1.0412638381103658
1.1271974561755105	1.0380698696865225
1.1297959146727976	1.0348828962075423
1.1324003632355573	1.0317029011668826
1.1350108156723149	1.028529867183762
1.137627285823431	1.025363775992526
1.1402497875611686	1.0222046084319294
1.1428783347897717	1.0190523444343058
1.1455129414455354	1.0159069630146556
1.1481536214968828	1.0127684422596162
1.1508003889444356	1.0096350943843426
1.1534532578210923	1.0064988328668802
1.1561122421920986	1.0033693131897772
1.1587773561551262	1.0002465370203408
1.1614486138403426	0.9971305054224869
1.1641260294104914	0.9940212188487747
1.1668096170609623	0.9909186771323804
1.1694993910198712	0.9878228794789793
1.1721953655481303	0.98473382445857
1.1748975549395297	0.9816515099972036
1.1776059735208073	0.9785759333686519
1.1803206356517297	0.975507091185984
1.1830415557251646	0.9724449793930772
1.1857687481671602	0.9693895932560364
1.1885022274370183	0.9663409273545446
1.1912420080273751	0.9632989755731227
1.193988104464273	0.9602637310923209
1.1967405313072437	0.9572351863798113
1.1994993031493788	0.9542133331814161
1.2022644346174132	0.9511981625120401
1.2050359403717974	0.9481896646465239
1.2078138351067804	0.9451878291104114
1.2105981335504823	0.9421926446706369
1.2133888504649775	0.9392040993261164
1.2161860006463678	0.9362221802982637
1.2189895989248667	0.93324687402141
1.2217996601648717	0.9302781661331428
1.2246161992650488	0.9273160414645497
1.2274392311584073	0.9243604840303776
1.2302687708123818	0.9214114770190985
1.233104833228909	0.9184690027828892
1.2359474334445106	0.91553304282751
1.238796586530369	0.9126035778021052
1.2416523075924113	0.9096805874888936
1.244514611771385	0.9067640507927831
1.2473835142429432	0.9038539457308727
1.2502590302177201	0.9009502494218771
1.2531411749414163	0.898052938075437
1.2560299636948749	0.8951619869813493
1.2589254117941675	0.8922773704986868
1.2618275345906707	0.8893990620448272
1.2647363474711515	0.8865270340843792
1.2676518658578455	0.8836612581180087
1.270574105208542	0.8808017046711661
1.2735030810166617	0.8779483432827114
1.276438808811344	0.8751011424934321
1.2793813041575246	0.8722600698344676
1.2823305826560218	0.8694250918156167
1.2852866599436155	0.8665961739135538
1.2882495516931343	0.8637732805599259
1.2912192736135342	0.8609537515499883
1.2941958414499863	0.8581248440567808
1.297179270983956	0.8553017733202684
1.3001695780332907	0.8524845426574431
1.3031667784522993	0.8496731548804792
1.3061708881318417	0.8468676122899695
1.309181922999407	0.8440679166681105
1.3121998990192034	0.8412740692718146
1.3152248321922384	0.838486070825759
1.3182567385564075	0.8357039215153729
1.3212956341865751	0.8329276209797558
1.324341535194665	0.8301571683045272
1.3273944577297394	0.8273925620146166
1.3304544179780915	0.8246338000669765
1.333521432163324	0.821880879843237
1.3365955165464425	0.8191337981422818
1.3396766874259352	0.8163925511727651
1.3427649611378643	0.8136571345455504
1.3458603540559484	0.8109275432660848
1.348962882591654	0.8082037717266968
1.3520725631942772	0.8054858136988292
1.3551894123510364	0.8027736623251938
1.3583134465871542	0.8000673101118587
1.3614446824659503	0.7973667489202567
1.3645831365889245	0.794671969959126
1.3677288255958495	0.7919829637763705
1.3708817661648536	0.7892997202508508
1.3740419750125157	0.7866222285840935
1.3772094688939465	0.7839504772919312
1.3803842646028852	0.7812844541960565
1.383566378971781	0.7786241464155103
1.3867558288718889	0.7759695403580782
1.3899526312133532	0.7733206217116224
1.3931568029453036	0.77067737543532
1.3963683610559376	0.7680397857508349
1.3995873225726185	0.7654078361333962
1.4028137045619582	0.7627815093028069
1.4060475241299144	0.7601607872143594
1.4092887984218747	0.7575456510496803
1.4125375446227548	0.7549360812074781
1.4157937799570817	0.7523320572942214
1.4190575216890926	0.7497335581147186
1.4223287871228198	0.7471405616626243
1.425607593602188	0.74455304511085
1.428893958511103	0.7419709848018922
1.432187899273543	0.7393943562380777
1.435489433353656	0.7368231340717084
1.4387985782558452	0.7342572920951305
1.4421153515248688	0.7316968032307045
1.4454397707459272	0.7291416395206919
1.4487718535447618	0.7265891578773401
1.452111617587742	0.7240266686484769
1.455459080581966	0.7214693408876043
1.4588142602753482	0.7189171860463955
1.4621771744567182	0.716370215243621
1.4655478409559113	0.7138284392602485
1.468926277643867	0.7112918685344904
1.4723125024327186	0.7087605131568103
1.4757065332758947	0.7062343828648721
1.4791083881682072	0.7037134870384509
1.4825180851459536	0.7011978346942832
1.4859356422870067	0.6986874344808787
1.4893610777109154	0.6961822946732723
1.492794409578996	0.6936824231677355
1.4962356560944337	0.6911878274764256
1.4996848355023733	0.6886985147219962
1.5031419660900225	0.6862144916321443
1.5066070661867417	0.6837357645341152
1.5100801541641484	0.6812623393491458
1.513561248436208	0.6787942215868652
1.5170503674593367	0.6763314163396307
1.5205475297324955	0.6738739282768204
1.5240527537972914	0.6714217616390624
1.5275660582380723	0.668974920232418
1.5310874616820302	0.6665334074225011
1.5346169827992941	0.6640972261285498
1.5381546403030348	0.6616663788174354
1.5417004529495593	0.6592408674976211
1.545254439538414	0.6568206937130567
1.5488166189124812	0.6544058585370228
1.5523870099580825	0.6519963625659113
1.5559656316050743	0.6495922059129532
1.559552502826954	0.6471933882018791
1.5631476426409538	0.6447999085605319
1.5667510701081493	0.6424117656144069
1.5703628043335522	0.6400289574801438
1.5739828644662197	0.6376514817589466
1.5776112696993485	0.635279335529952
1.5812480392703834	0.6329125153435277
1.5848931924611134	0.6305510172145151
1.5885467485977791	0.6281948366154032
1.59220872705117	0.6258439684694453
1.5958791472367329	0.6234984071437042
1.5995580286146687	0.6211581464420426
1.6032453906900417	0.6188231795980377
1.6069412530128773	0.6164934992678408
1.6106456351782708	0.6141690975229613
1.6143585568264862	0.6118499658429939
1.6180800376430662	0.6095360951082677
1.6218100973589298	0.6072274755924396
1.6255487557504842	0.6049225841697758
1.6292960326397223	0.6026140839564825
1.6330519478943346	0.6003107589973177
1.6368165214278085	0.5980126219655898
1.6405897731995396	0.5957196852365523
1.6443717232149315	0.593431960882917
1.6481623915255086	0.5911494606703164
1.651961798229015	0.5888721960527297
1.6557699634695284	0.5866001781678564
1.6595869074375604	0.5843334178324535
1.6634126503701698	0.5820719255376181
1.6672472125510627	0.5798157114440331
1.6710906143107078	0.5775647853771597
1.6749428760264373	0.5753191568223898
1.6788040181225607	0.5730788349201449
1.6826740610704674	0.5708438284609357
1.6865530253887415	0.5686141458803652
1.690440931643264	0.5663897952540925
1.6943378004473288	0.5641707842927409
1.6982436524617444	0.5619571203367638
1.7021585083949509	0.5597488103512545
1.7060823890031234	0.5575458609207131
1.710015315090288	0.5553482782437581
1.7139573075084253	0.5531560681277929
1.7179083871575884	0.550969235983614
1.721868574986007	0.5487877868199768
1.725837891990204	0.5466117252381012
1.7298163592151015	0.5444410554261346
1.7338039977541384	0.54227578115355
1.7378008287493754	0.5401159057655059
1.7418068733916146	0.5379614321771374
1.7458221529205038	0.5358123628678079
1.7498466886246573	0.5336686998752949
1.7538805018417611	0.531530444789929
1.7579236139586931	0.5293975987486722
1.7619760464116292	0.5272701624291466
1.7660378206861649	0.5251481360435988
1.770108958317421	0.5230315193328168
1.7741894808901661	0.5209203115599825
1.7782794100389228	0.5188145115044723
1.78237876744809	0.5167141174555945
1.7864875748520508	0.5146191272062742
1.7906058540352947	0.5125295380466727
1.7947336268325265	0.5104453467577547
1.7988709151287883	0.5083665496047874
1.803017740859569	0.50629314233079
1.8071741260109275	0.5042251201499087
1.8113400926196026	0.5021624777407445
1.8155156627731361	0.5001052092396077
1.8197008586099834	0.4980533082337187
1.8238957023196385	0.4960054706269925
1.8281002161427427	0.49395540732646825
1.832314422371212	0.4919106519887884
1.8365383433483464	0.489871217287433
1.8407720014689564	0.4878371156091112
1.8450154191794736	0.4858083590494418
1.8492686189780787	0.48378495940858346
1.8535316234148114	0.4817669281868302
1.857804455091699	0.4797542765801551
1.8620871366628675	0.47774701547572107
1.8663796908346704	0.47574515544733753
1.8706821403658007	0.4737487067508827
1.8749945080674193	0.47175767931967366
1.8793168168032686	0.46977208275979815
1.883649089489801	0.4677919263453953
1.8879913490962936	0.46581721901389805
1.892343618644976	0.46384796936122125
1.8967059212111463	0.46188418563691247
1.9010782799233006	0.459925875739248
1.9054607179632472	0.4579730472102896
1.9098532585662378	0.45602570723088653
1.914255925021086	0.4540838626156355
1.9186687406702891	0.4521475198077913
1.9230917289101586	0.4502166848741252
1.9275249131909356	0.4482913634997405
1.9319683170169242	0.44637156098283254
1.936421963946607	0.44445728222940534
1.9408858775927782	0.44254853174793074
1.9453600816226624	0.44064531364396564
1.9498445997580456	0.438747631614709
1.9543394557753944	0.4368554889435165
1.95884467350599	0.434968888494355
1.9633602768360463	0.4330878327062122
1.967886289706845	0.43121232358744715
1.9724227361148534	0.4293423627100938
1.976969640111861	0.42747795120410476
1.9815270258050979	0.42561908975154755
1.9860949173573716	0.4237657785807398
1.9906733389871865	0.4219180174603359
1.9952623149688797	0.42007580569335295
1.9998618696327437	0.4182391421111457
2.0044720273651615	0.4164080250673202
2.0090928126087277	0.4145824524315968
2.0137242498623884	0.4127624215836091
2.0183663636815607	0.41094792940665253
2.023019178678272	0.4091389722813681
2.0276827195212817	0.4073355460793731
2.032357010936222	0.40553764615682836
2.037042077705718	0.40374526734795013
2.0417379446695296	0.40195840395845794
2.046444636724674	0.40017605393718736
2.0511621788255656	0.39839338807545155
2.0558905959841414	0.3966161889608173
2.0606299132700006	0.39484446511045346
2.065380155810529	0.39307822470760073
2.0701413487910423	0.39131747559684765
2.0749135174549096	0.38956222527936507
2.079696687103696	0.38781248090809245
2.084490883097289	0.3860682492828803
2.0892961308540396	0.384329536845584
2.0941124558508926	0.3825963496751136
2.0989398836235242	0.3808686934824336
2.1037784397664754	0.3791465736055175
2.1086281499332897	0.3774299950042541
2.1134890398366464	0.37571896225530377
2.1183611352485023	0.3740134795469077
2.123244462000219	0.37231355067364974
2.1281390459827123	0.3706191790311623
2.133044913146576	0.36893036761079245
2.1379620895022327	0.367247118994206
2.1428906011200586	0.3655694353479526
2.1478304741305343	0.3638973184179696
2.1527817347243725	0.3622307695240415
2.157744409152667	0.3605697895542024
2.16271852372702	0.3589143789590913
2.167704104819695	0.35726453774624833
2.1727011788637443	0.35562026547436376
2.1777097723531593	0.3539815612474684
2.1827299118430012	0.35234842370907415
2.187761623949553	0.3507208510362547
2.1928049353504484	0.34909884093367843
2.197859872784825	0.3474823906275775
2.202926463053456	0.3458714968596689
2.2080047330189	0.3442661558810126
2.2130947096056377	0.34266636344581763
2.2181964198002193	0.3410721148051876
2.223309890651403	0.3394834047008111
2.2284351492703043	0.33790022735859054
2.2335722228305315	0.3363225764822168
2.23872113856834	0.3347504452466797
2.2438819237827663	0.3331838262917231
2.2490546058357817	0.3316227117152361
2.254239212152429	0.3300670930665883
2.259435770220978	0.3285169613398966
2.2646443075930596	0.32697230696723983
2.2698648518838223	0.32543311981180245
2.2750974307720706	0.32389938916096106
2.2803420720004186	0.32237110371930544
2.28559880337543	0.32084825160159786
2.2908676527677736	0.3193308203256639
2.296148648112362	0.31781770593103875
2.301441817408509	0.31630361197500906
2.306747188720069	0.3147948667022947
2.312064790175595	0.31329147312742217
2.3173946499684783	0.3117934338814931
2.3227367963571073	0.31030075120708733
2.328091257665008	0.30881342695312386
2.3334580622810033	0.3073314625696693
2.338837238659355	0.30585485910270077
2.344228815319923	0.30438361718881696
2.3496328208483073	0.3029177370499028
2.35504928389601	0.30145721848774076
2.360478233180577	0.3000020608785759
2.365919697485759	0.29855226316762584
2.371373705661655	0.29710782386354406
2.3768402866248772	0.29566874103282725
2.38231946935869	0.29423501229417587
2.3878112829131783	0.29280663481279584
2.3933157564053875	0.2913836052946549
2.3988329190194912	0.28996591998067905
2.4043628000069335	0.2885535746409003
2.4099054286865957	0.2871465645685461
2.41546083444494	0.2857448845740792
2.421029046736179	0.28434852897917656
2.4266100950824154	0.2829574916106594
2.432204009073816	0.28157176579436116
2.4378108183687526	0.2801913443489445
2.4434305526939726	0.2788162195796566
2.4490632418447453	0.277446383272032
2.454708915685031	0.2760818266855335
2.4603676041476272	0.2747225405471387
2.46603933723434	0.2733685150448636
2.4717241450161302	0.27201973982123223
2.4774220576332864	0.27067620396668174
2.4831331052955705	0.26933789601291114
2.4888573182823914	0.2680048039261667
2.494594726942955	0.2666769151004685
2.500345361696432	0.26535421635077394
2.506109253032114	0.2640366939060806
2.511886431509581	0.26272433340246404
2.5176769277588558	0.2614171198760567
2.5234807724805757	0.26011503775595807
2.529297996446145	0.2588180708570858
2.5351286304979084	0.25752620237295804
2.540972705549305	0.25623941486841445
2.5468302525850417	0.25495769027226756
2.552701302661247	0.2536810098698923
2.5585858869056453	0.25240935429574457
2.5644840365177175	0.2511427035258161
2.5703957827688635	0.2498810368700197
2.5763211570025755	0.24862286826689248
2.582260190634596	0.24736108262201104
2.588212915153092	0.24610417324592537
2.5941793621188136	0.2448521408169991
2.6001595631652723	0.2436049856441056
2.6061535499988953	0.24236270766183188
2.6121613543992064	0.2411253064256331
2.6181830082189848	0.2398927811069461
2.624218543384442	0.23866513048825375
2.6302679918953813	0.23744235295810698
2.6363313858253803	0.23622444650609653
2.642408757321946	0.2350114087177828
2.648500138606701	0.23380323676957385
2.654605561975539	0.23259992742355998
2.6607250597988097	0.23140147702229785
2.666858664521479	0.2302078814835486
2.6730064086633116	0.2290191362949647
2.6791683248190314	0.22783523650873164
2.6853444456585076	0.22665617673615554
2.691534803926915	0.225481951142206
2.6977394324449206	0.2243125534400042
2.703958364108843	0.22314797688526486
2.7101916318908432	0.2219882142706823
2.7164392688390824	0.2208332579202706
2.7227013080779128	0.21968309968364658
2.7289777828080406	0.21853773093026524
2.7352687263067126	0.21739714254359865
2.741574171927882	0.2162613249152653
2.7478941531023975	0.21513026793910206
2.7542287033381663	0.21400396100518723
2.7605778562203462	0.21288239299380313
2.7669416454115114	0.21176555226934973
2.773320104651841	0.2106534266741989
2.7797132677592886	0.20954600352249503
2.7861211686297707	0.2084432695938988
2.792543841237338	0.20734521112727453
2.798981319634363	0.2062518138143203
2.805433637951713	0.20516306279314114
2.811900830398941	0.20407894264176288
2.8183829312644537	0.20299943737158968
2.8248799749157074	0.20192453042080036
2.831391995799379	0.2008542046476871
2.8379190284415565	0.19978844232393297
2.8444611074479154	0.19872722512783075
2.85101826750391	0.1976705341374382
2.8575905433749464	0.19661834982367615
2.8641779699065815	0.19557065204335938
2.8707805820246906	0.19452742003217127
2.8773984147356697	0.1934886323975694
2.8840315031266055	0.19245426711163396
2.8906798823654762	0.19142273003904084
2.897343587701323	0.1903863877719168
2.904022654464451	0.18935435314371932
2.910717118066605	0.18832662737995468
2.9174270140011673	0.18730321139417683
2.924152377843335	0.18628410578391333
2.9308932452503216	0.18526931082655043
2.9376496519615305	0.18425882647518269
2.9444216337987617	0.1832526523544201
2.9512092266663856	0.1822507877561612
2.9580124665515464	0.18125323163532117
2.9648313895243423	0.18025998260552564
2.971666031738027	0.17927103893475976
2.9785164294291895	0.1782863985409816
2.9853826189179604	0.1773060589876898
2.992264636608189	0.17633001747945576
2.9991625189876516	0.1753582708574091
3.0060763026282307	0.17439081559468636
3.013006024186122	0.1734276477918336
3.019951720402016	0.1724687631721701
3.0269134281013064	0.1715141570771063
3.0338911841942706	0.17056382446142185
3.04088502567628	0.16961775988849714
3.047894989627983	0.1686759575255041
3.054921113215514	0.16773841113854984
3.061963433690677	0.16680511408777957
3.069021988391158	0.1658760593224308
3.076096814740708	0.16495123937584547
3.083187950249355	0.16403064636043452
3.0902954325135905	0.16311427196259848
3.097419299216581	0.16220210743759936
3.1045595881283554	0.16129414360438898
3.1117163371060186	0.1603903708403865
3.118889584093937	0.1594907790762129
3.126079367123956	0.15859535779037368
3.1332857243155856	0.15770409600389643
3.1405086938762183	0.15681698227491742
3.1477483141013156	0.155934004693222
3.1550046233746274	0.15505515087473215
3.1622776601683795	0.1541804079559484
3.169567463043492	0.15330976258833753
3.1768740706497707	0.1524432009326733
3.1841975217261256	0.15158070865332327
3.1915378551007616	0.1507222709124871
3.198895109691399	0.14986787236438018
3.206269324505466	0.1490174971493677
3.213660538640318	0.14817112888804407
3.2210687912834346	0.14732875067526108
3.2284941217126364	0.14649034507410091
3.2359365692962827	0.14565589410979715
3.2433961734934935	0.14482423238591607
3.250872973854344	0.14398978688192257
3.2583670100200885	0.1431592061490004
3.265878321723358	0.1423324888777666
3.273406948788383	0.14150963345262077
3.2809529311311905	0.14069063794786624
3.2885163087598315	0.1398755001237925
3.2960971217745776	0.13906421742272468
3.303695410368149	0.13825678696503302
3.311311214825911	0.13745320554510942
3.3189445755261047	0.1366534696273028
3.326595532940045	0.13585757534182097
3.3342641276323506	0.13506551848059137
3.3419504002611427	0.13427729449308726
3.3496543915782775	0.13349289848211163
3.3573761424295467	0.1327123251995469
3.365115693754908	0.1319355690420615
3.372873086588689	0.1311626240467807
3.380648362059817	0.13039348388691513
3.3884415613920256	0.12962814186735175
3.3962527259040853	0.1288665909202023
3.404081897010009	0.1281088236003138
3.4119291162192864	0.12735483208073536
3.4197944251370886	0.12660460814814678
3.4276778654645046	0.12585814319824262
3.4355794789987466	0.12511542823107724
3.443499307633384	0.12437645384636543
3.451437393358563	0.12364121023874165
3.459393778261219	0.12290968719297676
3.4673685045253166	0.12218187407914972
3.4753616144320576	0.1214577598477782
3.483373150360118	0.12073733302490294
3.4914031547858606	0.12002058170712991
3.499451670283573	0.11930749355662557
3.5075187395256795	0.11859805579607004
3.5156044052829816	0.11789225520356149
3.523708710424871	0.11719007810747825
3.53183169791957	0.11649151038129185
3.5399734108343464	0.1157965374383362
3.548133892335755	0.11510514422652744
3.5563131856898527	0.11441731522303913
3.5645113342624426	0.11373303442892745
3.5727283815192883	0.11305228536371062
3.5809643710263606	0.11237505105989798
3.5892193464500517	0.11170131405747237
3.5974933515574232	0.11103105639832107
3.6057864302164235	0.1103642596206199
3.6140986263961334	0.10970090475316467
3.6224299841669856	0.1090409723096548
3.630780547701014	0.10838444228292403
3.639150361272071	0.10773014302060227
3.6475394692560785	0.10707247896769101
3.6559479161312485	0.10641812135290624
3.664375746478333	0.10576706697539164
3.672823004980846	0.10511931234763787
3.681289736425315	0.10447485369194218
3.6897759857015027	0.10383368693683748
3.6982817978026628	0.10319580771348646
3.7068072178257596	0.10256121135204549
3.715352290971726	0.10192989287799223
3.7239170625456848	0.10130184700842246
3.732501577957206	0.10067706814831083
3.741105882720533	0.10005555038673959
3.7497300224548358	0.0994372874930909
3.758374042884441	0.09882227291320664
3.767037989839089	0.09821049976551098
3.77572190925416	0.0976019608371004
3.7844258471709336	0.0969966485797956
3.793149849736819	0.0963945551061599
3.801893963205613	0.09579567218547952
3.81065823393773	0.09519999123970989
3.8194427084004663	0.09460750333938267
3.8282474331682264	0.09401819919947833
3.8370724549227884	0.09343206917525944
3.8459178204535354	0.09284910325806825
3.8547835766577188	0.0922692910710845
3.8636697705406915	0.09169262186504736
3.8725764492161727	0.09111908451393655
3.8815036599064823	0.09054866751061694
3.8904514499428067	0.08998135896244204
3.899419866765434	0.08941714658682008
3.908408957924021	0.08885601770673854
3.9174187710778305	0.08829795924625046
3.926449353995999	0.08774295772591857
3.9355007545577743	0.08719099925822077
3.944573020752785	0.08664206954291262
3.953666200681279	0.08609615386235044
3.9627803425543955	0.08555323707677093
3.971915494694403	0.08501330361953069
3.981071705534973	0.0844763374923014
3.9902490236214203	0.08394232226022473
3.9994474976109755	0.08341124104702172
4.008667176273028	0.0828830765300611
4.0179081084894	0.08235781093538232
4.027170343254591	0.0818354260326756
4.036453929676051	0.08131590313021678
4.045758916974426	0.08079922306975844
4.055085354483839	0.08028536622137462
4.0644332916521275	0.07977431247826171
4.073802778041128	0.07926604125149182
4.083193863326921	0.0787592936205405
4.09260659730011	0.07824805354384835
4.1020410298660686	0.07773949602814058
4.111497211045223	0.07723361887867344
4.120975190973302	0.07673041967535575
4.130475019901614	0.07622989576995248
4.139996748197304	0.07573204428326522
4.149540426343631	0.07523686210228415
4.1591061049402205	0.07474434587731635
4.168693834703355	0.07425449201908563
4.178303666466218	0.07376729669580782
4.187935651179185	0.07328275583023763
4.1975898399100755	0.07280086509668997
4.207266283844442	0.0723216199180328
4.216965034285822	0.07184501546265395
4.226686142656031	0.07137104664139884
4.2364296604954115	0.07089970810448212
4.24619563946313	0.07043099423836918
4.2559841313374305	0.06996489916263164
4.265795188015928	0.06950141672677206
4.275628861515862	0.06904054050702206
4.285485203974396	0.06858226380310964
4.295364267648873	0.06812657963499859
4.3052661049171075	0.06767348073959759
4.3151907682776525	0.06722295956744045
4.325138310350088	0.06677500827933543
4.335108783875289	0.06632961874298542
4.345102241715717	0.06588678252957705
4.355118736855686	0.06544649091033944
4.365158322401661	0.06500873485307167
4.375221051582521	0.06457350501864001
4.385306977749858	0.06414079175744258
4.395416154378245	0.06371058510584336
4.405548635065534	0.06328287478257358
4.4157044735331255	0.06285765018510163
4.425883723626267	0.06243490038596985
4.436086439314326	0.06201461412909952
4.446312674691089	0.061596779826061585
4.456562483975033	0.06118138555231606
4.466835921509633	0.06076841904341595
4.477133041763626	0.060357867691179304
4.487453899331323	0.059949718539825524
4.49779854893288	0.05954395828207915
4.508167045414603	0.05914057325523749
4.518559443749224	0.05873954943720486
4.528975799036209	0.05834087244249024
4.539416166502032	0.057944527518171245
4.549880601500488	0.05755049953982083
4.560369159512962	0.057158773007399424
4.570881896148752	0.05676933204110942
4.581418867145335	0.05638124285623499
4.591980128368688	0.05599004554838852
4.6025657358135605	0.0556010577239855
4.613175745603796	0.05521427704526451
4.623810213992603	0.05482970098371848
4.634469197362879	0.054447326817751635
4.645152752227495	0.05406715163031629
4.6558609352295885	0.0536891723065274
4.666593803142887	0.053313385531254795
4.677351412871981	0.05293978778669483
4.688133821452653	0.05256837534991825
4.698941086052153	0.05219914429039742
4.709773263969529	0.051832090467509355
4.720630412635905	0.051467209528017595
4.731512589614805	0.051104496903530014
4.7424198526024455	0.05074394780793453
4.753352259428054	0.05038555723481063
4.7643098680541565	0.05002931995481857
4.775292736576909	0.04967523051306369
4.786300923226383	0.04932328322643832
4.797334486366892	0.048973472180938234
4.808393484497285	0.04862579122895631
4.819477976251274	0.048280233986550534
4.830588020397726	0.04793679383068865
4.841723675840994	0.04759546389646683
4.8528850016212095	0.0472562370743044
4.864072056914616	0.046919106007112577
4.875284901033862	0.0465840630874386
4.886523593428336	0.046251100454583284
4.897788193684462	0.04592020999169402
4.909078761526032	0.04559138332283059
4.920395356814509	0.045264611810005684
4.9317380395493595	0.04493988655019827
4.943106869868354	0.0446171983723411
4.954501908047903	0.044296537834280565
4.96592321450336	0.04397789521971031
4.97737084978936	0.04366126053507673
4.9888448746001215	0.04334662350645796
5.000345349769786	0.04303397357641397
5.011872336272722	0.04272329990081009
5.0234258952238715	0.04241459134561095
5.035006087879047	0.04210783648364751
5.046612975635284	0.04180302359135392
5.05824662003114	0.041500140645477294
5.0699070827470445	0.04119917531975656
5.081594425605605	0.0409001149815738
5.093308710571955	0.04060294668857459
5.105049999754062	0.04030765718525959
5.116818355403078	0.04001423289954552
5.1286138399136485	0.03972265993929642
5.140436515824262	0.03943214803793832
5.152286445817564	0.039138924493368296
5.16416369272071	0.038847486547432517
5.176068319505676	0.03855783176699937
5.188000389289612	0.03826995755894198
5.199959965335159	0.037983861168196735
5.211947111050805	0.037699539675802925
5.223961889991197	0.037416989996925706
5.236004365857504	0.03713620887885998
5.248074602497725	0.03685719289901724
5.2601726639070625	0.03657993846289295
5.2722986142282275	0.03630444180201668
5.284452517751805	0.03603069897188265
5.296634438916578	0.03575870584986228
5.308844442309884	0.03548845813309725
5.321082592667942	0.0352199513363743
5.333348954876211	0.034953180789979776
5.345643593969716	0.03468814163753615
5.357966575133418	0.034424828833817506
5.370317963702527	0.034163237142547105
5.382697825162884	0.03390336113417339
5.3951062251512765	0.03364519518362755
5.4075432294558095	0.03338873346805978
5.420008904016238	0.033133969964556094
5.432503314924333	0.032880898447833956
5.445026528424211	0.03262951248791815
5.4575786109127105	0.032379805447794806
5.470159628939716	0.032131770481045596
5.482769649208539	0.03188540052945983
5.495408738576246	0.031640688320626026
5.508076964054036	0.031397626365501356
5.520774392807573	0.03115620695596019
5.533501092157368	0.030916422162320004
5.546257129579107	0.03067826383084621
5.559042572704037	0.030441723581233895
5.5718574893192985	0.03020679280406819
5.584701947368309	0.029973462658261216
5.597576014951102	0.029741724068467135
5.610479760324706	0.029511567722473594
5.623413251903491	0.029282984068570942
5.6363765582595455	0.029055963312897296
5.649369748123025	0.028830495416761085
5.6623928903825345	0.028606570093939136
5.675446054085471	0.028384176807951824
5.688529308438416	0.02816330476931339
5.701642722807475	0.027943942932758863
5.714786366718672	0.027726079994445863
5.727960309858292	0.02750970438913262
5.741164622073277	0.02729480428733052
5.7543993733715695	0.027081367592432272
5.767664633922509	0.026868706374107536
5.780960474057181	0.02665353645983581
5.794286964268812	0.026439772796849212
5.807644175213121	0.02622741331124519
5.821032177708716	0.026016455802094645
5.834451042737448	0.025806897939907862
5.847900841444809	0.02559873726508585
5.861381645140288	0.02539197118635823
5.874893525297769	0.025186596979206333
5.88843655355589	0.024982611784272656
5.902010801718445	0.024780012605755058
5.91561634175474	0.024578796309787446
5.9292532458	0.024378959622804734
5.942921586155727	0.024180499129894
5.956621435290106	0.02398341127312993
5.970352865838369	0.023787692349895993
5.984115950603199	0.023593338511189773
5.997910762555095	0.023400345759913756
6.011737374832782	0.02320870994915003
6.025595860743578	0.023018426780420147
6.0394862937638	0.02282949180192883
6.0534087475391365	0.02264190040679238
6.067363295885055	0.022455647831250737
6.08135001278718	0.022270729152864027
6.095368972401694	0.022087139288692534
6.109420249055721	0.02190487299346089
6.123503917247737	0.02172392485770521
6.137620051647943	0.021544289305904536
6.151768727098683	0.02136596059459483
6.165950018614822	0.021188932810466826
6.180164001384161	0.021013199868446394
6.1944107507678146	0.020838755509758472
6.208690342300634	0.02066559329997311
6.223002851691596	0.02049370662703473
6.237348354824191	0.020323088699273833
6.251726927756859	0.020153732543400665
6.266138646723353	0.019985631002481817
6.2805835881331795	0.01981877673389828
6.295061828571975	0.01965316220728601
6.309573444801933	0.019488779702457854
6.324118513762193	0.01932562130730763
6.33869711256927	0.019163678915695124
6.353309318517436	0.0190029442253133
6.367955209079159	0.018843408735535805
6.382634861905486	0.01868506374524644
6.397348354826482	0.018527900350648836
6.412095765851615	0.018371909443057576
6.4268771731701975	0.018217081706669302
6.441692655151772	0.01806340761631496
6.456542290346556	0.01791087743519168
6.471426157485831	0.01775896310658307
6.486344335482385	0.017605145446528307
6.501296903430906	0.01745242644151507
6.516283940608428	0.01730080401363579
6.531305526474723	0.017150275980456015
6.546361740672751	0.017000840053768885
6.561452663029053	0.01685249383833904
6.576578373554206	0.016705234830634536
6.591738952443213	0.016559060417547854
6.606934480075961	0.01641396787510486
6.622165037017619	0.016269954367162574
6.637430704019089	0.016127016944094786
6.652731562017413	0.015985152541466235
6.668067692136222	0.01584435797869452
6.6834391756861455	0.015704629957700236
6.698846094165265	0.015565965061544795
6.714288529259523	0.015428359753056297
6.729766562843179	0.01529181037344269
6.745280276979219	0.015156313140893
6.760829753919819	0.015021864149165532
6.77641507610675	0.014888459366164009
6.792036326171846	0.0147560946325004
6.807693586937414	0.014624765660045563
6.823386941416698	0.014494468030466334
6.839116472814292	0.014365197193750224
6.8548822645266165	0.014236948466716361
6.870684400142321	0.014109717031513815
6.886522963442762	0.013983497934106038
6.902398038402419	0.013858286082742317
6.918309709189366	0.01373407624641528
6.934258060165691	0.013610863053305125
6.9502431758879695	0.01348864098920971
6.966265141107686	0.013367404395961152
6.982324040771715	0.013247147469827962
6.998419960022734	0.013127864259903674
7.014552984199714	0.01300954866648063
7.030723198838334	0.012892194439410034
7.046930689671471	0.012775795176447028
7.06317554262962	0.012660344321581704
7.07945784384138	0.012545835163355003
7.095777679633888	0.012432260833160238
7.112135136533292	0.012319614303529325
7.128530301265195	0.012207888386404383
7.1449632607551345	0.01209707573139378
7.16143410212902	0.011987168824013341
7.177942912713619	0.01187815998391178
7.194489780036995	0.011770041363080979
7.211074791828998	0.01166280494405031
7.227698036021702	0.011556442538065547
7.2443596007499025	0.011450945783251527
7.261059574351547	0.011345866221659322
7.277798045368242	0.011239064746322233
7.294575102545687	0.011133090254193153
7.311390834834176	0.011027940913730603
7.3282453313890406	0.010923614811670729
7.345138681571151	0.010820109952063292
7.362070974947361	0.010717424255299519
7.379042301291012	0.010615555557130688
7.396052750582378	0.010514501607678304
7.413102413009177	0.010414260070434956
7.430191378967014	0.01031482852125666
7.447319739059893	0.010216204447345644
7.464487584100665	0.010118385246224494
7.481695005111545	0.010021368224700669
7.498942093324558	0.009925150597822162
7.516228940182057	0.009829729487823409
7.533555637337174	0.009735101923062163
7.550922276654341	0.009641264836946493
7.568328950209744	0.009548215066852614
7.58577575029184	0.009455949353032662
7.603262769401819	0.00936446433751313
7.620790100254123	0.009273756562983137
7.638357835776907	0.00918382247167316
7.655966069112566	0.00909465840422349
7.67361489361819	0.009006260598542955
7.691304402866098	0.008918625188657199
7.709034690644301	0.0088317482035471
7.726805850957025	0.008745625565976559
7.744617978025188	0.008660253091310294
7.76247116628692	0.008575626486320802
7.78036551039804	0.00849174134798516
7.798301105232589	0.008408593162270864
7.816278045883297	0.008326177302911337
7.83429642766212	0.008244489030170254
7.852356346100718	0.008163523489595393
7.870457896950989	0.008083275710761176
7.888601176185544	0.008003740606000495
7.906786279998253	0.007924912969125076
7.925013304804718	0.007846787474134954
7.943282347242818	0.007769358673916351
7.961593504173188	0.0076926209989284
7.979946872679768	0.007616568755878142
7.9983425500702845	0.007541196126384211
8.016780633876794	0.007466497165628562
8.035261221856173	0.007392465800996725
8.05378441199067	0.007319095830705914
8.072350302488383	0.007246380922421486
8.090958991783825	0.007174314611861034
8.109610578538408	0.007102890301386661
8.128305161640995	0.007032101258584727
8.147042840208396	0.00696158520109962
8.165823713585926	0.006889613970776077
8.1846478813479	0.006818246868853573
8.203515443298185	0.006747482459806984
8.222426499470712	0.006677319247506173
8.241381150130026	0.006607755674505007
8.260379495771788	0.006538790121324273
8.279421637123345	0.006470420905727804
8.298507675144226	0.006402646281992449
8.317637711026709	0.006335464440171196
8.336811846196344	0.00626887350534985
8.356030182312479	0.006202871536897053
8.375292821268827	0.006137456527707429
8.394599865193973	0.00607262640343822
8.413951416451951	0.0060083790217388125
8.433347577642753	0.005944712171473627
8.452788451602899	0.005881623571937904
8.472274141405963	0.0058191108720666304
8.491804750363139	0.005757171649636295
8.511380382023763	0.005695803410459685
8.531001140175896	0.005635003587573343
8.550667128846833	0.005574769540418054
8.570378452303697	0.005515098554011784
8.590135215053957	0.005455987838115521
8.609937521846007	0.00539743452639156
8.629785477669701	0.005339435675554486
8.649679187756934	0.005281988264514469
8.669618757582166	0.005225089193513239
8.689604292863018	0.005168735283252129
8.709635899560805	0.005112923274012729
8.729713683881117	0.005057649824769545
8.74983775227436	0.005002911512295054
8.770008211436348	0.004948704830256682
8.790225168308842	0.0048950261883060585
8.810488730080142	0.004841871911160048
8.830799004185627	0.004789238237673941
8.851156098308357	0.004737121319906322
8.871560120379607	0.004685517222175924
8.892011178579486	0.004634421920110028
8.912509381337454	0.004583831299684782
8.933054837332953	0.004533741156256866
8.953647655495937	0.004484147193586962
8.974287945007486	0.004435045022854477
8.994975815300352	0.004386430161663867
9.01571137605957	0.004338298033042136
9.036494737223014	0.0042906439644277644
9.057326008982002	0.0042434631866507064
9.078205301781857	0.004196750832903644
9.099132726322518	0.004150501937704194
9.120108393559097	0.004104711435848243
9.141132414702504	0.004059111278771712
9.162204901219997	0.0040124231447199125
9.183325964835811	0.003966170114930554
9.204495717531712	0.0039203510419541536
9.225714271547634	0.0038749647334988205
9.246981739382225	0.0038300099519085356
9.268298233793494	0.003785485413636486
9.289663867799362	0.0037413897887139703
9.311078754678306	0.003697721700214244
9.33254300796991	0.0036544797237118595
9.354056741475521	0.00361166238673688
9.375620069258803	0.0035692681682244873
9.39723310564638	0.003527295497959455
9.418895965228414	0.003485742756015818
9.440608762859236	0.003444608272191442
9.462371613657929	0.0034038903254376756
9.484184633008974	0.0033635871432837632
9.506047936562814	0.0033236969012563457
9.527961640236521	0.003284217722293593
9.549925860214358	0.0032451476761543524
9.571940712948447	0.0032064847788218376
9.594006315159332	0.003168226991902265
9.616122783836648	0.0031303722220179645
9.638290236239705	0.0030929183201952597
9.660508789898136	0.003055863081246871
9.68277856261249	0.003019204243148941
9.7050996724549	0.002982939486412435
9.727472237769652	0.002947066433449178
9.749896377173872	0.002911582647932137
9.772372209558107	0.00287648563415022
9.79489985408699	0.00284177283635729
9.817479430199844	0.0028074416381155686
9.84011105761134	0.0027734893616331653
9.862794856312105	0.0027399132670959158
9.885530946569391	0.0027067105519932573
9.908319448927676	0.002673878350438304
9.93116048420934	0.0026414137324818777
9.954054173515269	0.002609313703420651
9.977000638225535	0.0025775752030991394
10.	0.0025461951052057003
10.023052380778994	0.0025151702165623273
10.046157902783957	0.0024844972764082813
10.069316688518045	0.0024541729556775346
10.092528860766844	0.002424193856269819
10.115794542598982	0.0023945565103154474
10.1391138573668	0.0023652573794336906
10.16248692870696	0.0023362928539847902
10.18591388054117	0.0023076592523153627
10.209394837076797	0.002279352819997382
10.232929922807546	0.002251369729060521
10.256519262514079	0.0022235219783535228
10.280162981264736	0.002194914060209393
10.303861204416158	0.002166612309023726
10.32761405761398	0.0021386156252854354
10.351421666793442	0.0021109228741963536
10.375284158180126	0.002083532885269374
10.39920165829059	0.0020564444519231067
10.423174293933046	0.0020296563310729073
10.447202192208003	0.002003167242718283
10.471285480508996	0.0019769758695265547
10.495424286523221	0.0019510808564129284
10.519618738232236	0.0019254808101167769
10.543868963912592	0.0019001742987742227
10.568175092136585	0.0018751598514868458
10.592537251772887	0.0018504359578866774
10.616955571987253	0.001826001067697278
10.641430182243164	0.0018018535902910226
10.665961212302578	0.0017779918942423538
10.690548792226577	0.0017544143068772137
10.71519305237607	0.0017311191138184518
10.739894123412451	0.001708104558527279
10.76465213629835	0.0016853688418406027
10.789467222298287	0.0016629101215043876
10.814339512979387	0.001640726511702874
10.83926914021204	0.0016188160825837089
10.864256236170656	0.001597176859778838
10.889300933334333	0.001575806823921287
10.91440336448757	0.0015547039101576603
10.939563662720943	0.0015338660076564398
10.964781961431852	0.001513290959111894
10.990058394325208	0.0014929765602437481
11.015393095414156	0.001472920559292436
11.040786199020735	0.0014531206565100115
11.066237839776663	0.0014335745036465394
11.091748152624008	0.0014142797034321034
11.117317272815919	0.0013952338090542633
11.142945335917304	0.0013764343236310182
11.168632477805613	0.0013578786996791181
11.194378834671515	0.0013395643385778473
11.220184543019629	0.0013214885900281177
11.24604973966927	0.0013036487515068753
11.271974561755105	0.0012860420677168422
11.297959146727976	0.0012686657300313962
11.324003632355566	0.0012515168759347581
11.350108156723154	0.001234592588457289
11.37627285823431	0.0012178898956059572
11.402497875611685	0.0012014057697898332
11.428783347897712	0.0011851371272406986
11.45512941445536	0.0011690808274286333
11.481536214968829	0.0011532336724726215
11.508003889444357	0.0011374357838414015
11.534532578210918	0.0011209253748903209
11.561122421920993	0.0011046097078675444
11.587773561551263	0.0010884879276467213
11.614486138403427	0.0010725591546231694
11.641260294104908	0.0010568224844393008
11.66809617060963	0.0010412769877075716
11.694993910198711	0.0010259217097310235
11.721953655481304	0.0010107556702212772
11.748975549395292	0.0009957778630141191
11.776059735208078	0.0009809872557825165
11.803206356517299	0.000966382789747158
11.830415557251646	0.0009519633793843718
11.857687481671597	0.0009377279121315351
11.88502227437019	0.0009236752480898558
11.91242008027375	0.0009098042197245843
11.93988104464273	0.0008961136315625169
11.967405313072431	0.0008826022598869218
11.994993031493793	0.0008692688524297498
12.02264434617413	0.0008561121280611712
12.050359403717973	0.000843130776476356
12.078138351067798	0.0008303234578795599
12.10598133550483	0.000817688802665422
12.133888504649775	0.0008052254110975065
12.161860006463678	0.0007929318529839897
12.189895989248662	0.0007808066673505712
12.217996601648723	0.0007688483621105103
12.246161992650489	0.0007570554137318121
12.274392311584071	0.00074542626690147
12.30268770812381	0.000733959334186848
12.331048332289097	0.0007226529956940863
12.359474334445107	0.0007115055987235741
12.387965865303691	0.000700515457422381
12.416523075924106	0.0006896808524337418
12.445146117713856	0.0006790000305434555
12.473835142429433	0.000668471204323273
12.5025903021772	0.0006580925517711473
12.531411749414156	0.0006478622159484215
12.560299636948754	0.0006377783046138628
12.589254117941675	0.0006278388898545619
12.618275345906707	0.0006180420077136131
12.64736347471151	0.0006083856578146287
12.67651865857846	0.0005988678029829945
12.705741052085418	0.0005894863688638979
12.735030810166617	0.0005802392435370318
12.764388088113435	0.0005711242771280273
12.793813041575252	0.0005621392814165354
12.823305826560219	0.0005532820294409615
12.852866599436155	0.0005445502550997884
12.882495516931336	0.0005359416527495134
12.912192736135347	0.0005273394161329096
12.941958414499863	0.0005181868639219546
12.971792709839558	0.0005091470666355815
13.001695780332899	0.0005002194405013725
13.031667784523	0.0004914033863759175
13.061708881318419	0.0004826982895744393
13.09181922999407	0.00047410351969886844
13.121998990192028	0.00046561843046444577
13.15224832192239	0.0004572423595247785
13.182567385564074	0.0004489746282953762
13.212956341865752	0.0004408145417755993
13.243415351946643	0.00043276138836908205
13.273944577297401	0.0004248144397025587
13.304544179780914	0.00041697295044312025
13.33521432163324	0.0004092361581138389
13.365955165464419	0.00040160328290781073
13.396766874259358	0.00039407352750055175
13.427649611378643	0.0003866460768607783
13.458603540559483	0.000379320098059498
13.489628825916533	0.00037209474007747034
13.52072563194278	0.0003649691336109685
13.551894123510364	0.00035794239087587126
13.583134465871542	0.00035101360541001255
13.614446824659497	0.0003441818518738507
13.645831365889252	0.0003374461858493829
13.677288255958494	0.0003308056436373302
13.708817661648537	0.0003242592420525389
13.740419750125149	0.00031780597821763233
13.772094688939474	0.0003114448293548608
13.803842646028853	0.0003051747525761654
13.83566378971781	0.00029899468467139897
13.867558288718882	0.0002929035418947435
13.89952631213354	0.0002869002197492688
13.931568029453036	0.0002809835927696443
13.963683610559377	0.0002751525143029549
13.995873225726179	0.00026940581628765126
14.028137045619589	0.00026374230903058364
14.060475241299143	0.0002581607809821295
14.092887984218748	0.00025265999850936603
14.12537544622754	0.0002472387056673178
14.157937799570824	0.00024189562396822407
14.190575216890926	0.00023662945214884303
14.223287871228198	0.00023143886593573638
14.25607593602188	0.00022632251780856807
14.288939585111036	0.00022127903676136224
14.321878992735439	0.00021630702806173062
14.35489433353656	0.00021140507300802282
14.387985782558452	0.00020657172868442152
14.421153515248696	0.00020180552771393635
14.45439770745928	0.00019710497800929971
14.487718535447618	0.00019246856252172395
14.52111617587742	0.00018789473898753292
14.554590805819668	0.00018338193967262924
14.58814260275349	0.00017892857111479735
14.621771744567184	0.00017453301386379655
14.655478409559112	0.0001701936222192663
14.689262776438676	0.00016590872396639447
14.723125024327194	0.00016167662010935433
14.757065332758946	0.00015749558460246334
14.791083881682072	0.0001533638640790825
14.825180851459544	0.000149279677578209
14.859356422870075	0.00014524121626876776
14.893610777109155	0.00014124664317155265
14.92794409578996	0.00013729409287883523
14.962356560944343	0.00013338167127159806
14.99684835502374	0.00012950778754777852
15.031419660900225	0.00012567020897160354
15.066070661867418	0.0001218668728068511
15.100801541641477	0.00011809576765160794
15.135612484362087	0.00011435485195046015
15.170503674593368	0.00011064205369721646
15.205475297324954	0.00010695527013511528
15.240527537972907	0.00010329236745452908
15.275660582380732	0.000099651180488123
15.310874616820303	0.00009602951240346289
15.346169827992941	0.00009242513439303108
15.381546403030342	0.00008883578536166055
15.4170045294956	0.00008525917161134023
15.452544395384141	0.00008169296652339481
15.488166189124811	0.00007813481023798618
15.523870099580817	0.00007458230933095526
15.55965631605075	0.00007103303648795152
15.595525028269538	0.00006748453017585329
15.631476426409538	0.0000639342943114293
15.667510701081484	0.000060379797927252706
15.70362804333553	0.00005681847483482214
15.739828644662197	0.000053247723284885916
15.776112696993485	0.0000496649056249216
15.812480392703826	0.00004606734795378337
15.848931924611142	0.00004245233977346714
15.88546748597779	0.000038817133637992936
15.9220872705117	0.00003515894479935241
15.95879147236732	0.00003147495085053738
15.995580286146694	0.000027762291365594073
16.032453906900418	0.000024018067536704574
16.069412530128773	0.00002023934180824569
16.106456351782697	0.00001642313750783156
16.143585568264868	0.000012566438474293005
16.18080037643066	8.666188682592086e-6
16.218100973589298	4.719291865616659e-6