0.1	7.677138022913843
0.10023052380778996	7.669318154176258
0.10046157902783952	7.6614972941714425
0.10069316688518042	7.653675464851772
0.10092528860766845	7.64585268795505
0.10115794542598985	7.638028985000198
0.10139113857366794	7.630204377282853
0.10162486928706957	7.6223788858709565
0.1018591388054117	7.614552531600293
0.102093948370768	7.606725335069946
0.10232929922807542	7.598897316637756
0.10256519262514076	7.591068496415708
0.10280162981264736	7.58323889426524
0.10303861204416162	7.575408529792582
0.10327614057613975	7.567577422343949
0.10351421666793438	7.559745591000756
0.10375284158180126	7.551913054574774
0.10399201658290592	7.544079831603181
0.10423174293933042	7.536245940343645
0.10447202192208001	7.528411398769282
0.10471285480508996	7.5205762245636105
0.10495424286523224	7.512740435115428
0.1051961873823223	7.504904047513655
0.1054386896391259	7.497067078542103
0.10568175092136585	7.489229544674199
0.10592537251772889	7.481391462067681
0.10616955571987247	7.473552846559185
0.10641430182243161	7.465713713658827
0.10665961212302578	7.457874078544716
0.1069054879222658	7.450033956057383
0.10715193052376065	7.4421933606942
0.10739894123412448	7.434352306603716
0.1076465213629835	7.426510807579918
0.10789467222298288	7.41866887705649
0.1081433951297938	7.410826528100943
0.10839269140212036	7.402983773408754
0.10864256236170655	7.395140625297387
0.10889300933334335	7.387297095700308
0.10914403364487565	7.3794531961608945
0.10939563662720939	7.371608937826308
0.1096478196143185	7.363764331441306
0.10990058394325211	7.355919387341976
0.11015393095414151	7.3480741154494345
0.11040786199020733	7.340228525263431
0.11066237839776664	7.332382625855908
0.11091748152624012	7.324533375753884
0.11117317272815914	7.316683595951269
0.11142945335917301	7.308833524059601
0.11168632477805612	7.300983175340967
0.11194378834671516	7.2931325647070135
0.11220184543019636	7.285281706713185
0.11246049739669266	7.277430615552907
0.11271974561755105	7.269579305051677
0.11297959146727979	7.261727788661139
0.11324003632355571	7.253876079453064
0.11350108156723152	7.246024190113278
0.1137627285823431	7.23817213293555
0.11402497875611688	7.2303199198154005
0.11428783347897718	7.222467562243839
0.11455129414455358	7.214615071301051
0.1148153621496883	7.206762457650041
0.11508003889444356	7.198909731530176
0.11534532578210924	7.191056902750687
0.11561122421920987	7.183203980684096
0.11587773561551262	7.175350974259601
0.11614486138403426	7.1674978919563515
0.11641260294104915	7.159644741796706
0.11668096170609624	7.1517915313393905
0.11694993910198712	7.143938267672597
0.11721953655481303	7.136084957407035
0.11748975549395298	7.128231606668872
0.11776059735208072	7.120378221092646
0.11803206356517298	7.112524805814089
0.11830415557251646	7.104671365462887
0.118576874816716	7.096817904155363
0.11885022274370183	7.088964425487087
0.11912420080273747	7.081110932525428
0.1193988104464273	7.073257427802025
0.11967405313072434	7.06540391330517
0.11994993031493788	7.057550390472153
0.12022644346174129	7.049696860181495
0.12050359403717974	7.0418433227451285
0.120781383510678	7.033989777900504
0.12105981335504823	7.02613622480259
0.12133888504649772	7.018282662015855
0.12161860006463679	7.010429087506104
0.12189895989248664	7.0025754986322815
0.12217996601648717	6.994721892138183
0.12246161992650487	6.98686826414409
0.12274392311584072	6.979014610138321
0.12302687708123815	6.971160924968699
0.1233104833228909	6.9633072028339456
0.12359474334445104	6.955453437274986
0.1238796586530369	6.947599621166184
0.1241652307592411	6.939745746706472
0.1244514611771385	6.931880799968175
0.12473835142429429	6.924014920937674
0.125025903021772	6.916148929125332
0.1253141174941416	6.908282842684963
0.1256029963694875	6.900416679448319
0.12589254117941673	6.892550456919538
0.12618275345906707	6.88468419226957
0.12647363474711512	6.8768179023305285
0.12676518658578456	6.86895160358997
0.12705741052085415	6.861085312185163
0.12735030810166617	6.853219043897224
0.12764388088113438	6.8453528141452775
0.12793813041575247	6.837486637980496
0.12823305826560213	6.829620530080102
0.12852866599436155	6.821754504741317
0.1288249551693134	6.813888575875228
0.12912192736135342	6.806022757000617
0.1294195841449986	6.798157061237717
0.12971792709839558	6.790291501301891
0.13001695780332903	6.782426089497291
0.13031667784522993	6.7745608377103865
0.13061708881318415	6.766695757403513
0.1309181922999407	6.758830859608257
0.13121998990192033	6.750966154918887
0.13152248321922383	6.743101653485617
0.1318256738556407	6.735237365007865
0.1321295634186575	6.7273732987274295
0.13243415351946647	6.719509463421591
0.13273944577297395	6.711645867396155
0.1330454417978091	6.703782518478418
0.1333521432163324	6.695919424010081
0.13365955165464422	6.688056590840058
0.1339676687425935	6.680194025317268
0.1342764961137864	6.672331733283295
0.13458603540559483	6.664469720065033
0.13489628825916536	6.656607990467222
0.13520725631942773	6.648746548764922
0.1355189412351036	6.6408853986959135
0.1358313446587154	6.6330245434530335
0.136144468246595	6.625163985676412
0.13645831365889247	6.617303727445671
0.13677288255958492	6.609443770272017
0.13708817661648537	6.601584115090257
0.13740419750125152	6.593724762250769
0.13772094688939465	6.5858657115113495
0.1380384264602885	6.578006962029031
0.1383566378971781	6.570148512351769
0.13867558288718884	6.562290360410102
0.13899526312133534	6.554432503508691
0.13931568029453031	6.546574938317803
0.13963683610559377	6.53870623602152
0.13995873225726183	6.530836927930101
0.14028137045619582	6.522967869757201
0.1406047524129914	6.515099085390929
0.14092887984218747	6.507230598455251
0.14125375446227545	6.499362432304942
0.14157937799570816	6.4914946100204975
0.14190575216890922	6.483627154402993
0.142232878712282	6.475760087968865
0.14256075936021884	6.4678934329446784
0.1428893958511103	6.46002721126181
0.14321878992735435	6.452161444551074
0.1435489433353656	6.444296154137325
0.14387985782558455	6.436431361033962
0.14421153515248689	6.428567085937415
0.14454397707459277	6.420703349221552
0.14487718535447616	6.412840170932022
0.14521116175877424	6.404977570780569
0.14554590805819662	6.397115568139273
0.14588142602753484	6.3892541820347075
0.14621771744567183	6.38139343114208
0.14655478409559117	6.373533333779299
0.1468926277643867	6.365673907900952
0.1472312502432719	6.357815171092264
0.14757065332758945	6.349957140562976
0.14791083881682077	6.342099833141149
0.14825180851459538	6.334243265266935
0.1485935642287007	6.326387452986257
0.14893610777109154	6.318532411944442
0.14927944095789963	6.310678157379795
0.14962356560944334	6.302824704117074
0.1499684835502373	6.29497206656096
0.15031419660900225	6.287120258689388
0.15066070661867417	6.279269294046893
0.15100801541641484	6.271419185737801
0.1513561248436208	6.263569946419436
0.1517050367459337	6.255721588295207
0.15205475297324955	6.247874123107637
0.15240527537972914	6.240027562131335
0.15275660582380723	6.232181916165887
0.15310874616820302	6.224337195528677
0.15346169827992942	6.216493410047657
0.1538154640303035	6.208650569054006
0.15417004529495593	6.200808681374761
0.1545254439538414	6.1929677553253395
0.1548816618912481	6.185127798702022
0.15523870099580825	6.177288818774325
0.15559656316050743	6.169450822277329
0.15595525028269538	6.161613815403915
0.15631476426409538	6.153777803796945
0.15667510701081494	6.145935075543027
0.15703628043335524	6.138092751739384
0.15739828644662196	6.130251417899126
0.15776112696993486	6.122411097542367
0.15812480392703834	6.114571813878589
0.15848931924611134	6.106733589801034
0.15885467485977792	6.098896447881036
0.159220872705117	6.0910604103623
0.15958791472367329	6.083225499155113
0.15995580286146688	6.075391735830518
0.16032453906900418	6.067559141614383
0.1606941253012877	6.059727737381459
0.16106456351782708	6.0518975436493525
0.16143585568264862	6.044068580572446
0.16180800376430657	6.036240867935737
0.16218100973589297	6.028414425148634
0.16255487557504839	6.020589271238697
0.16292960326397224	6.012765424845288
0.16330519478943342	6.004942904213181
0.16368165214278085	5.997121727186091
0.16405897731995392	5.989301911200147
0.16443717232149316	5.981483473277306
0.1648162391525508	5.973666430018677
0.1651961798229015	5.965850797597813
0.1655769963469528	5.958036591753901
0.16595869074375605	5.950223827784901
0.16634126503701693	5.94241252054063
0.16672472125510626	5.9346026844157445
0.16710906143107074	5.926794333342682
0.16749428760264373	5.918987480784516
0.16788040181225602	5.911182139727753
0.16826740610704674	5.903378322675043
0.16865530253887412	5.895576041637833
0.16904409316432642	5.8877753081289335
0.16943378004473283	5.8799761331550275
0.16982436524617442	5.872178527209093
0.17021585083949506	5.864382500262758
0.17060823890031235	5.856588061758578
0.17100153150902875	5.848795220602231
0.17139573075084252	5.841003985154658
0.17179083871575881	5.833214363224098
0.1721868574986007	5.825426362058066
0.17258378919902034	5.817639988335252
0.17298163592151014	5.809855248157318
0.17338039977541378	5.8020721470406516
0.17378008287493754	5.794290689908009
0.17418068733916142	5.786510881080088
0.17458221529205037	5.778732724267037
0.1749846688624657	5.7709562225598425
0.1753880501841761	5.763181378421667
0.17579236139586926	5.755400934892012
0.1761976046411629	5.747621587170121
0.17660378206861643	5.7398438828192315
0.17701089583174212	5.732067840663175
0.17741894808901656	5.7242934791164455
0.1778279410038923	5.716520816177539
0.17823787674480895	5.708749869422232
0.17864875748520506	5.700980655996812
0.17906058540352943	5.693213192611206
0.17947336268325265	5.685447495532062
0.1798870915128788	5.67768358057576
0.1803017740859569	5.669921463101345
0.1807174126010927	5.662161158003401
0.18113400926196024	5.654402679704839
0.18155156627731356	5.646646042149638
0.18197008586099836	5.638891258795482
0.18238957023196378	5.631138342606346
0.1828100216142743	5.623387306045014
0.18323144223712115	5.615638161065498
0.18365383433483465	5.60789091910541
0.18407720014689558	5.600145591078233
0.18450154191794738	5.592402187365546
0.18492686189780783	5.584660717809139
0.18535316234148114	5.57692119170308
0.18578044550916986	5.569183617785695
0.18620871366628675	5.561448004231455
0.186637969083467	5.553714358642804
0.18706821403658005	5.545982688041897
0.18749945080674188	5.538252998862266
0.18793168168032684	5.530525296940393
0.18836490894898006	5.522799587507211
0.18879913490962935	5.5150758751795195
0.18923436186449755	5.507354163951312
0.18967059212111465	5.49963445718504
0.19010782799233	5.4919167576027546
0.19054607179632474	5.484201067277204
0.1909853258566238	5.476487387622823
0.19142559250210858	5.46877571938663
0.19186687406702896	5.461066062639069
0.19230917289101584	5.453358416764713
0.1927524913190936	5.445652780452932
0.1931968317016924	5.437949151688436
0.19364219639466074	5.430247527741731
0.19408858775927784	5.42254790515951
0.19453600816226624	5.414850279754923
0.19498445997580455	5.4071546465977605
0.19543394557753943	5.399461000004564
0.195884467350599	5.391769333528617
0.19633602768360464	5.384079639949853
0.1967886289706845	5.376391911264667
0.19724227361148533	5.368693403707205
0.19769696401118608	5.3609958518016745
0.1981527025805098	5.353300204863952
0.19860949173573716	5.345606484916943
0.19906733389871864	5.337914713609228
0.19952623149688797	5.330224912208725
0.1999861869632744	5.322537101596289
0.20044720273651614	5.314851302259254
0.2009092812608728	5.307167534284892
0.20137242498623883	5.299485817353821
0.20183663636815607	5.291806170733348
0.2023019178678272	5.284128613270732
0.20276827195212818	5.276453163386395
0.20323570109362218	5.2687798390670535
0.2037042077705718	5.261108657858777
0.20417379446695297	5.2534396368600005
0.20464446367246739	5.245772792714441
0.20511621788255657	5.238108141603951
0.20558905959841414	5.230445699241323
0.20606299132700007	5.222785480862981
0.20653801558105292	5.215127501221631
0.20701413487910425	5.207471774578841
0.20749135174549097	5.199818314697521
0.2079696687103696	5.19216713483435
0.20844908830972886	5.184518247732122
0.20892961308540398	5.176871665612025
0.20941124558508925	5.169227400165824
0.20989398836235246	5.161585462547987
0.21037784397664752	5.153945863367731
0.21086281499332898	5.146308612680976
0.21134890398366465	5.138673719982236
0.2118361135248502	5.131041194196423
0.21232444620002192	5.1234110436705755
0.21281390459827124	5.115783276165501
0.21330449131465762	5.10815789884735
0.21379620895022325	5.100534918279075
0.21428906011200585	5.0929143404118635
0.21478304741305343	5.085296170576423
0.21527817347243727	5.077680413474242
0.21577444091526668	5.070067073168715
0.21627185237270202	5.0624561530762175
0.21677041048196952	5.054847655957083
0.21727011788637443	5.0472415839064855
0.2177709772353159	5.039637938345254
0.21827299118430013	5.03203672001057
0.2187761623949553	5.024437928946609
0.21928049353504486	5.01684156449507
0.21978598727848253	5.009247625285615
0.2202926463053456	5.001656109226237
0.22080047330189004	4.9940670134935035
0.22130947096056375	4.986467631186053
0.22181964198002194	4.978869672943244
0.2223309890651403	4.971274091036398
0.22284351492703042	4.96368091279904
0.22335722228305316	4.956090165243652
0.223872113856834	4.948501875055794
0.22438819237827662	4.940916068588182
0.2249054605835781	4.933332771854675
0.22542392121524293	4.92575201052423
0.22594357702209775	4.918173809914782
0.22646443075930595	4.910598194987058
0.2269864851883822	4.903025190338326
0.22750974307720706	4.895454820196101
0.2280342072000418	4.887887108411763
0.22855988033754301	4.880322078454113
0.2290867652767773	4.8727597534028835
0.2296148648112362	4.865200155942153
0.23014418174085083	4.857643308353729
0.2306747188720069	4.850089232510428
0.23120647901755947	4.842537949869316
0.23173946499684786	4.834989481464864
0.2322736796357107	4.82744384790204
0.23280912576650079	4.819901069349344
0.23334580622810028	4.812361165531747
0.23388372386593548	4.804824155723577
0.2344228815319922	4.797290058741341
0.23496328208483072	4.78975889293645
0.23550492838960096	4.782230676187895
0.2360478233180577	4.774705425894848
0.23659196974857583	4.767183158969172
0.23713737056616552	4.759663891827866
0.23768402866248767	4.752147640385461
0.23823194693586902	4.744634420046284
0.23878112829131776	4.7371242456967
0.23933157564053875	4.729617131697254
0.23988329190194904	4.722113091874735
0.24043628000069334	4.714612139514163
0.24099054286865948	4.707114287350702
0.24154608344449405	4.69961954756149
0.2421029046736178	4.692127931757392
0.24266100950824154	4.68463945097467
0.24322040090738153	4.677154115666568
0.24378108183687525	4.669671935694826
0.2443430552693972	4.6621929203211
0.24490632418447456	4.6547170781983045
0.24547089156850305	4.647244417361868
0.24603676041476275	4.639774945220909
0.24660393372343392	4.632308668549318
0.24717241450161304	4.624845593476761
0.24774220576332856	4.617385725479598
0.24831331052955705	4.609918887163349
0.2488857318282391	4.60245447265307
0.24945947269429547	4.594993252760975
0.25003453616964316	4.587535256854074
0.2506109253032114	4.580080513968392
0.251188643150958	4.572629052802897
0.25176769277588557	4.565180901713367
0.25234807724805747	4.557736088706189
0.2529297996446145	4.550294641432098
0.25351286304979076	4.542856587179862
0.25409727055493053	4.535421952869889
0.2546830252585041	4.527990765047766
0.2552701302661247	4.520563049877748
0.2558585886905646	4.513138833136171
0.25644840365177174	4.505718140204793
0.2570395782768864	4.498300996064077
0.25763211570025757	4.490887425286402
0.25822601906345966	4.483477452029207
0.2588212915153092	4.476071100028064
0.2594179362118814	4.468668392589676
0.2600159563165272	4.4612693525848215
0.2606153549998896	4.453874002441204
0.26121613543992067	4.44648236413625
0.2618183008218985	4.439094459189828
0.26242185433844417	4.43171030865689
0.26302679918953814	4.424329933120044
0.263633138582538	4.416953352682056
0.2642408757321946	4.4095805869582705
0.2648500138606701	4.402211655068955
0.2654605561975539	4.3948465756315835
0.26607250597988097	4.387485366753013
0.2666858664521479	4.380128046021625
0.26730064086633115	4.372774630499343
0.2679168324819031	4.365425136713615
0.26853444456585074	4.358079580649278
0.26915348039269155	4.3507379777403745
0.26977394324449205	4.343400342861865
0.2703958364108843	4.336066690321281
0.2710191631890843	4.328737033850266
0.2716439268839082	4.321411386596071
0.2722701308077913	4.3140897611129345
0.272897778280804	4.3067721693533985
0.27352687263067127	4.2994586226595315
0.27415741719278824	4.29214913175407
0.2747894153102397	4.284843706731467
0.2754228703338166	4.277542357048856
0.27605778562203465	4.270245091516945
0.27669416454115114	4.262951918290791
0.2773320104651841	4.25566284486051
0.27797132677592884	4.248377878041885
0.2786121168629771	4.241087668304388
0.27925438412373377	4.233800848832995
0.2798981319634363	4.226518129424314
0.2805433637951713	4.219239538538649
0.28119008303989407	4.211965104252767
0.28183829312644537	4.204694854253243
0.2824879974915708	4.197428815829701
0.2831391995799379	4.190167015868006
0.2837919028441557	4.182909480843371
0.28444611074479154	4.175656236813417
0.285101826750391	4.168407309411135
0.28575905433749466	4.1611627238378
0.2864177969906581	4.1539225048557995
0.28707805820246907	4.146686676781396
0.28773984147356696	4.139455263477416
0.28840315031266056	4.132228288345872
0.2890679882365476	4.125005774320489
0.28973435877013226	4.117787743859192
0.2904022654464451	4.110574218936477
0.2910717118066605	4.103365221035736
0.29174270140011677	4.096160771141505
0.29241523778433354	4.088960889731612
0.2930893245250321	4.081765596769271
0.2937649651961531	4.074574911695083
0.29444216337987617	4.067388853418968
0.29512092266663853	4.060207440312008
0.29580124665515467	4.053030690198218
0.2964831389524342	4.045858620346233
0.29716660317380267	4.038691247460903
0.29785164294291894	4.031528587674829
0.298538261891796	4.024370656539786
0.2992264636608189	4.017217469018098
0.29991625189876514	4.0100690394738825
0.30060763026282306	4.002925381664263
0.3013006024186122	3.9957865087304443
0.3019951720402016	3.9886524331887463
0.30269134281013055	3.9815231669215083
0.30338911841942706	3.974398721167945
0.3040885025676279	3.967279106514882
0.3047894989627983	3.960164332887422
0.3054921113215513	3.953054409539502
0.3061963433690677	3.945949345044388
0.30690219883911574	3.938849147285048
0.3076096814740708	3.9317538234444425
0.3083187950249354	3.9246633799957356
0.30902954325135906	3.917577822692389
0.309741929921658	3.910497156558178
0.31045595881283555	3.9034213858771047
0.31117163371060175	3.896350514183222
0.3118889584093937	3.889284544250338
0.3126079367123955	3.88221214485727
0.31332857243155854	3.8751437686704477
0.3140508693876217	3.868080270214319
0.3147748314101316	3.861021678720046
0.31550046233746265	3.8539680230164612
0.31622776601683794	3.8469193315231633
0.3169567463043491	3.839875632243517
0.31768740706497706	3.8328369527575714
0.3184197521726125	3.8258033202149355
0.31915378551007617	3.818774761327561
0.3198895109691398	3.811751302362459
0.3206269324505466	3.804732969134345
0.3213660538640317	3.7977197869982002
0.32210687912834346	3.790711780841779
0.32284941217126356	3.783708975078015
0.32359365692962827	3.776711393637377
0.32433961734934924	3.7697190599601242
0.3250872973854344	3.762731996988508
0.3258367010020088	3.755750227158872
0.32658783217233583	3.7487737723937022
0.3273406948788382	3.7418026540935676
0.328095293113119	3.7348368931290006
0.32885163087598307	3.7278765098322943
0.32960971217745777	3.7209215239892193
0.3303695410368148	3.713971954830646
0.3311311214825911	3.707027821024105
0.3318944575526104	3.700089140665248
0.33265955329400454	3.693155931269235
0.333426412763235	3.68622820976203
0.3341950400261143	3.679305992471618
0.33496543915782767	3.672389295119127
0.3357376142429547	3.6654781328098753
0.33651156937549076	3.658572520024325
0.3372873086588689	3.651672470608941
0.3380648362059816	3.6447779977669783
0.33884415613920255	3.6378891140491576
0.3396252725904084	3.631005831344272
0.3404081897010009	3.6241281608696916
0.34119291162192855	3.617256113161773
0.3419794425137089	3.6103896980661845
0.3427677865464504	3.6035289247281326
0.34355794789987465	3.596673801582505
0.34434993076333853	3.5898243363438906
0.3451437393358563	3.582980535996551
0.345939377826122	3.5761424067842382
0.34673685045253166	3.5693099541999684
0.34753616144320587	3.5624831829756602
0.34833731503601184	3.5556620970716915
0.34914031547858615	3.548846699666357
0.3499451670283573	3.5420369931452167
0.350751873952568	3.535220059659146
0.35156044052829816	3.5284078142123962
0.35237087104248715	3.5216012303810813
0.353183169791957	3.5148003410176245
0.3539973410834347	3.5080051785952406
0.35481338923357547	3.5012157752011777
0.3556313185689854	3.494432162529887
0.3564511334262443	3.487654371876122
0.35727283815192895	3.480882434127968
0.35809643710263606	3.4741163797598067
0.35892193464500527	3.4673562388251935
0.35974933515574237	3.4606020409496865
0.36057864302164244	3.4538538153235767
0.36140986263961333	3.4471115906945737
0.36224299841669866	3.440375395360384
0.3630780547701014	3.4336452571612464
0.36391503612720716	3.4269212034723737
0.36475394692560786	3.420203261196326
0.36559479161312497	3.413491456755297
0.36643757464783333	3.406785816083349
0.3672823004980847	3.4000863646185295
0.3681289736425315	3.393393127294954
0.3689775985701504	3.3867061285347764
0.3698281797802663	3.380025392240098
0.37068072178257605	3.3733509417847833
0.37153522909717257	3.3669297391779263
0.3723917062545686	3.3610419419827484
0.3732501577957206	3.35516013337094
0.3741105882720534	3.3492843106778727
0.3749730022454836	3.343414470416719
0.3758374042884442	3.3375506082676716
0.37670379898390893	3.331692719067037
0.377572190925416	3.3258407967962524
0.37844258471709324	3.3199948345707777
0.3793149849736819	3.3141548246288974
0.38018939632056115	3.308320758320412
0.381065823393773	3.3024926260952254
0.3819442708400465	3.2966704174918218
0.38282474331682265	3.2908541211256432
0.38370724549227875	3.2850437246773505
0.38459178204535355	3.279239214880979
0.38547835766577176	3.2734405775119804
0.38636697705406914	3.2676477973751616
0.3872576449216172	3.2618608582925077
0.3881503659906482	3.2560797430908823
0.38904514499428056	3.25030443358963
0.3899419866765434	3.244534910588057
0.390840895792402	3.238771153852791
0.3917418771077831	3.233013142105035
0.3926449353995998	3.2272608530076963
0.3935500754557774	3.2214956009738147
0.3944573020752784	3.2157345716807826
0.3953666200681279	3.20997914595657
0.39627803425543945	3.2042293458465223
0.3971915494694403	3.1984851929480054
0.3981071705534972	3.1927467084033276
0.39902490236214205	3.1870139128925765
0.39994474976109745	3.1812868266264016
0.4008667176273028	3.1755654693387068
0.4017908108489399	3.169849860279294
0.4027170343254591	3.164140018206414
0.40364539296760493	3.1584359613792476
0.4045758916974427	3.1527377075503256
0.40550853544838383	3.147045273957858
0.40644332916521275	3.141358677318003
0.40738027780411273	3.13567793381704
0.4083193863326921	3.1300030591034957
0.40926065973001086	3.1243340682801657
0.4102041029866068	3.1186709758960665
0.41114972110452225	3.1130137959383197
0.4120975190973302	3.107362541823949
0.4130475019901614	3.1017172263915915
0.41399967481973043	3.0960778618931415
0.4149540426343629	3.0904444599853007
0.41591061049402206	3.0848170317210615
0.4168693834703354	3.0791955875410912
0.41783036664662176	3.0735801372650484
0.4187935651179184	3.0679706900828028
0.41975898399100753	3.062367254545584
0.4207266283844441	3.056769838557028
0.4216965034285822	3.0511784493641594
0.422668614265603	3.0455930935482676
0.4236429660495411	3.0400137770157043
0.4246195639463129	3.034440504988599
0.4255984131337431	3.0288732819954696
0.42657951880159267	3.0233121118617627
0.4275628861515862	3.017756997700288
0.4285485203974395	3.0122079419015733
0.4295364267648873	3.006664946124117
0.43052661049171065	3.001128011284561
0.43151907682776525	2.9955971375477572
0.43251383103500873	2.9900723243167486
0.4335108783875289	2.9845535702226598
0.43451022417157154	2.9790408731144744
0.4355118736855686	2.973534230048734
0.436515832240166	2.968033637279139
0.4375221051582521	2.962539090246033
0.4385306977749857	2.9570505835658127
0.4395416154378245	2.9515681110202245
0.4405548635065533	2.9460916655455613
0.4415704473533125	2.9406033837480208
0.44258837236262655	2.935119723071078
0.44360864393143257	2.9296420194723543
0.4446312674691087	2.9241703090358393
0.4456562483975033	2.91870462759175
0.44668359215096315	2.9132450107113512
0.44771330417636257	2.907791493701702
0.4487453899331322	2.902344111600355
0.449779854893288	2.8969028991700045
0.45081670454146017	2.8914678908930784
0.4518559443749224	2.8860391209662586
0.4528975799036208	2.8806166232949697
0.4539416166502032	2.875200431487788
0.4549880601500486	2.8697905788508087
0.4560369159512962	2.8643870983819464
0.4570881896148751	2.8589900227651732
0.4581418867145335	2.853599384364715
0.4591980128368686	2.8482152152191613
0.4602565735813561	2.8428375470355443
0.4613175745603794	2.8374664111833323
0.46238102139926035	2.8321018386883785
0.46344691973628804	2.8267438602267987
0.46451527522274944	2.8213925061187894
0.465586093522959	2.8160478063223837
0.46665938031428866	2.810709790427148
0.46773514128719823	2.805378487647801
0.46881338214526524	2.8000539268177893
0.46989410860521547	2.794736136382772
0.47097732639695294	2.789425144394069
0.47206304126359055	2.784120978502018
0.4731512589614805	2.7788236659492775
0.4742419852602447	2.773533233564063
0.47533522594280536	2.7682497077533066
0.47643098680541573	2.7629731144957614
0.47752927365769093	2.7577034793350217
0.4786300923226384	2.752440827372489
0.47973344863668915	2.747185183260258
0.4808393484497286	2.741936571193927
0.4819477976251274	2.736695014905359
0.4830588020397727	2.7314605376553454
0.48417236758409943	2.7262331622262055
0.4852885001621211	2.721012910914328
0.4864072056914617	2.715799805522617
0.4875284901033864	2.7105938673528733
0.48865235934283363	2.705395117198102
0.48977881936844625	2.7002035753347413
0.4909078761526032	2.6950192615148216
0.492039535681451	2.689842194958035
0.49317380395493593	2.684672394343741
0.4943106869868355	2.6795098778028836
0.4954501908047903	2.6743550388740203
0.49659232145033616	2.6692075478543797
0.49773708497893604	2.664067392847008
0.4988844874600123	2.65893458872478
0.5000345349769786	2.65380914975695
0.5011872336272724	2.6486910896004425
0.5023425895223872	2.6435804212910883
0.5035006087879049	2.638477157234754
0.5046612975635284	2.6333813091984037
0.505824662003114	2.628292888301061
0.5069907082747043	2.6232119050046907
0.5081594425605604	2.618138369104993
0.5093308710571953	2.6130722897221097
0.5105049999754062	2.6080136752912355
0.5116818355403077	2.602962533553152
0.5128613839913648	2.597918871544656
0.514043651582426	2.5928826955889064
0.5152286445817564	2.5878540112856823
0.5164163692720709	2.5828328235015365
0.5176068319505677	2.577819136359866
0.5188000389289611	2.572812953230884
0.5199959965335159	2.5678142767214953
0.5211947111050804	2.562823108665081
0.5223961889991198	2.5578394501111816
0.5236004365857502	2.552863301315091
0.5248074602497725	2.5478946617273337
0.5260172663907061	2.5429335299830678
0.5272298614228227	2.5379799038913706
0.5284452517751804	2.533033780424429
0.5296634438916578	2.5280951557066307
0.5308844442309884	2.5231640250035463
0.5321082592667942	2.51824038271082
0.5333348954876209	2.513324222342944
0.5345643593969717	2.5084155365219325
0.5357966575133416	2.503514316965897
0.5370317963702527	2.498620554477504
0.5382697825162883	2.4937342389323294
0.5395106225151276	2.488855359267113
0.5407543229455808	2.4839839034678857
0.5420008904016238	2.479119858558007
0.5432503314924332	2.474263210586078
0.5445026528424212	2.4694139446137444
0.5457578610912709	2.464572044703393
0.5470159628939716	2.4597374939057275
0.5482769649208538	2.454910274247235
0.5495408738576245	2.4500903667175327
0.5508076964054034	2.445277751256601
0.5520774392807574	2.4404724067418964
0.5533501092157367	2.4356743109753514
0.5546257129579107	2.430883440670248
0.5559042572704036	2.4260886255077523
0.5571857489319298	2.421300118706545
0.5584701947368308	2.4165187336131644
0.5597576014951101	2.411744471566466
0.5610479760324705	2.406977333153231
0.5623413251903491	2.402217318198199
0.5636376558259545	2.397464425753996
0.5649369748123025	2.392718654090979
0.5662392890382533	2.387980000686979
0.5675446054085471	2.383248462216948
0.5688529308438415	2.378524034542511
0.5701642722807475	2.373806712701421
0.571478636671867	2.3690964908969097
0.5727960309858292	2.3643933624869455
0.5741164622073276	2.359697319973385
0.5754399373371569	2.355008354991032
0.5767664633922508	2.3503264582965833
0.5780960474057181	2.3456516197574815
0.5794286964268811	2.340983828340656
0.580764417521312	2.336323072101171
0.5821032177708715	2.331669338170751
0.5834451042737447	2.3270226127462204
0.5847900841444807	2.3223828810778175
0.5861381645140288	2.3177501274574137
0.5874893525297767	2.3131243352066164
0.588843655355589	2.308505486664767
0.5902010801718444	2.303893563176822
0.591561634175474	2.299288545081133
0.5929253245799998	2.2946904116971036
0.5942921586155727	2.2900991413127367
0.5956621435290105	2.285514711172072
0.5970352865838369	2.280937097462502
0.5984115950603197	2.2763662753019775
0.5997910762555094	2.271802218726089
0.6011737374832781	2.267244900675036
0.6025595860743578	2.2626942929804787
0.6039486293763798	2.2581503663522633
0.6053408747539136	2.253613090365031
0.6067363295885054	2.2490824334447024
0.6081350012787179	2.244558362854846
0.6095368972401692	2.2400408446829094
0.610942024905572	2.235529843826345
0.6123503917247736	2.2310253239785864
0.6137620051647943	2.2265272476149214
0.6151768727098682	2.2220355759782198
0.6165950018614822	2.2175502690645374
0.618016400138416	2.213071285608597
0.6194410750767815	2.20859858306913
0.6208690342300636	2.204132117614085
0.6223002851691596	2.1996718441057155
0.6237348354824193	2.1951939269303185
0.6251726927756859	2.1907202565364603
0.6266138646723355	2.1862525765757863
0.628058358813318	2.181790898674502
0.6295061828571976	2.177335233938775
0.6309573444801934	2.172885592947298
0.6324118513762195	2.1684419857437662
0.633869711256927	2.164004421829295
0.6353309318517437	2.1595729101547567
0.6367955209079159	2.155147459113046
0.6382634861905487	2.150728076531274
0.6397348354826482	2.1463147696628835
0.6412095765851616	2.141907545179688
0.6426877173170197	2.137506409163841
0.6441692655151774	2.1331113670997244
0.6456542290346556	2.1287224238657556
0.6471426157485832	2.124339583726127
0.6486344335482385	2.119962850322453
0.6501296903430908	2.115592226665355
0.6516283940608427	2.1112277151259495
0.6531305526474724	2.106869317427266
0.654636174067275	2.102517034635583
0.6561452663029055	2.098170867151673
0.6576578373554206	2.0938308147019815
0.6591738952443215	2.089496876329708
0.6606934480075961	2.085169050385805
0.662216503701762	2.0808473345199046
0.6637430704019089	2.07653172567114
0.6652731562017414	2.0722222200589036
0.6668067692136223	2.067918813173495
0.6683439175686147	2.0636214997667035
0.6698846094165265	2.0593302738422836
0.6714288529259524	2.0550451286463556
0.6729766562843179	2.0507660566577104
0.6745280276979221	2.0464930495780234
0.6760829753919819	2.0422260983219784
0.6776415076106752	2.0379651930073024
0.6792036326171846	2.0337103229447027
0.6807693586937414	2.029461476627716
0.6823386941416696	2.025218641722457
0.6839116472814293	2.0209818050572825
0.6854882264526615	2.016750952612346
0.6870684400142321	2.0125260695090668
0.688652296344276	2.0083071399995007
0.6902398038402419	2.004094147455605
0.6918309709189364	1.999887074358416
0.6934258060165691	1.9956859022871167
0.6950243175887968	1.9914906119080096
0.6966265141107687	1.987301182963387
0.6982324040771714	1.9831175942603025
0.6998419960022735	1.9789232850008516
0.7014552984199712	1.9747334839576751
0.7030723198838335	1.9705494134493944
0.7046930689671469	1.9663710916276531
0.7063175542629619	1.9621985362506262
0.7079457843841379	1.9580317646769274
0.7095777679633888	1.953870793859456
0.711213513653329	1.9497156403391875
0.7128530301265195	1.9455663202388973
0.7144963260755133	1.941422849256828
0.716143410212902	1.9372852426602905
0.7177942912713617	1.9331535152792063
0.7194489780036994	1.9290276814995841
0.7211074791828996	1.9249077552569316
0.7227698036021702	1.9207937500296122
0.72443596007499	1.916685678832121
0.7261059574351547	1.9125835542083116
0.727779804536824	1.9084873882245463
0.7294575102545687	1.9043971924627865
0.7311390834834174	1.900312978013612
0.732824533138904	1.8962347554691765
0.734513868157115	1.8921625349160922
0.7362070974947361	1.8880963259282446
0.737904230129101	1.884036137559547
0.7396052750582378	1.8799819783366114
0.7413102413009175	1.8759338562513619
0.7430191378967014	1.8718917787535714
0.744731973905989	1.867855752743324
0.7464487584100665	1.8638257845634143
0.7481695005111544	1.8598018799916634
0.7498942093324559	1.855784044233173
0.7516228940182055	1.8517722819124944
0.7533555637337174	1.8477665970657302
0.7550922276654339	1.843766993132561
0.7568328950209744	1.8397734729481934
0.7585775750291838	1.835786038735232
0.7603262769401818	1.8318046920954767
0.762079010025412	1.8278294340016426
0.7638357835776907	1.8238602647889968
0.7655966069112563	1.8198971841469251
0.7673614893618189	1.8159401911104085
0.7691304402866096	1.8119892840514296
0.7709034690644301	1.8080444606702926
0.7726805850957024	1.8041057179868631
0.7744617978025188	1.8001730523317236
0.7762471166286917	1.796246459337254
0.7780365510398041	1.792325933928618
0.7798301105232588	1.7884114703146712
0.7816278045883297	1.7845030619787867
0.7834296427662119	1.7806007016695893
0.7852356346100718	1.776697172289261
0.7870457896950986	1.7727991132878587
0.7888601176185545	1.768907058445403
0.7906786279998251	1.7650210163077638
0.7925013304804718	1.7611409948997503
0.7943282347242815	1.757267001717844
0.7961593504173188	1.7533990437228457
0.7979946872679766	1.7495371273324647
0.7998342550070284	1.7456812584138284
0.8016780633876791	1.741831442275927
0.8035261221856173	1.737987683661982
0.8053784411990667	1.7341499867417427
0.8072350302488382	1.730318355103714
0.8090958991783823	1.7264927917473045
0.8109610578538409	1.7226732990748994
0.8128305161640993	1.7188598788838703
0.8147042840208396	1.715052532358491
0.8165823713585925	1.711251260061795
0.81846478813479	1.7074560619273438
0.8203515443298183	1.7036669372509217
0.8222426499470712	1.6998838846821553
0.8241381150130024	1.6961069022160489
0.8260379495771788	1.6923359871844472
0.8279421637123342	1.6885711362474094
0.8298507675144225	1.684812345384511
0.8317637711026711	1.6810596098860588
0.8336811846196344	1.6773129243442257
0.835603018231248	1.6735722826441035
0.8375292821268826	1.66983767795467
0.8394599865193975	1.6661091027196755
0.8413951416451951	1.6623865486484417
0.8433347577642755	1.6586700067065752
0.84527884516029	1.6549594671065968
0.8472274141405965	1.6512549192984831
0.8491804750363139	1.6475563519601184
0.8511380382023765	1.6438637529876632
0.8531001140175896	1.6401771094858288
0.8550667128846834	1.6364964077580637
0.8570378452303697	1.6328216332966519
0.8590135215053958	1.629152770772717
0.8609937521846007	1.625489804026135
0.8629785477669704	1.6218327160553567
0.8649679187756933	1.618181489007132
0.8669618757582167	1.614536104166148
0.8689604292863019	1.61089654194456
0.8709635899560808	1.6072627818714418
0.8729713683881117	1.603634802582125
0.8749837752274362	1.6000125818074509
0.8770008211436349	1.5963960963629213
0.8790225168308845	1.5927853221377486
0.8810488730080143	1.5891653920923967
0.8830799004185629	1.5855499674424254
0.8851156098308356	1.5819401397530564
0.887156012037961	1.5783359198650098
0.8892011178579485	1.5747373181744526
0.8912509381337457	1.5711443446266202
0.8933054837332954	1.567557008709372
0.895364765549594	1.5639753194466874
0.8974287945007486	1.5603992853920996
0.8994975815300353	1.5568289146220646
0.9015711376059571	1.553264214729268
0.9036494737223016	1.5497051928158672
0.9057326008982003	1.5461518554866691
0.9078205301781859	1.5426042088422411
0.9099132726322517	1.5390622584719595
0.9120108393559097	1.5355260094469898
0.9141132414702502	1.5319954663131967
0.9162204901219997	1.5284706330839957
0.9183325964835808	1.524951513233127
0.9204495717531712	1.521438109687367
0.9225714271547631	1.5179304248191683
0.9246981739382225	1.5144284604392315
0.9268298233793492	1.5109322177890043
0.9289663867799363	1.507441697533113
0.9311078754678302	1.503956899751721
0.933254300796991	1.5004778239328145
0.9354056741475518	1.4970044689644177
0.9375620069258802	1.4935368331267331
0.9397233105646378	1.4900749140842082
0.9418895965228413	1.486618708877531
0.9440608762859233	1.4831682139155444
0.946237161365793	1.4797234249670903
0.9484184633008971	1.476284337152777
0.9506047936562815	1.4728509449366656
0.9527961640236519	1.4694232421178857
0.9549925860214359	1.4660012218221652
0.9571940712948444	1.4625848764932892
0.9594006315159331	1.459174197884472
0.9616122783836646	1.4557691770496568
0.9638290236239705	1.4523698043347286
0.9660508789898133	1.4489760693686475
0.9682778562612491	1.4455879610545024
0.9705099672454897	1.4422054675604783
0.9727472237769651	1.4388285763107442
0.9749896377173869	1.4354572739762532
0.9772372209558107	1.4320915464654596
0.9794899854086988	1.4287313789149532
0.9817479430199844	1.4253767556800023
0.9840111057611337	1.422027660325014
0.9862794856312105	1.4186840756139045
0.9885530946569389	1.4153333071589094
0.9908319448927676	1.4119870261540741
0.9931160484209338	1.4086461682171318
0.995405417351527	1.4053107459233243
0.9977000638225533	1.4019807714574153
1.	1.3986562566079401
1.0023052380778998	1.3953372127614052
1.0046157902783952	1.3920236508964312
1.0069316688518044	1.3887155815778338
1.0092528860766845	1.3854130149506585
1.0115794542598988	1.3821159607341404
1.0139113857366795	1.3788244282156275
1.016248692870696	1.3755384262444248
1.0185913880541169	1.3722579632255942
1.0209394837076802	1.3689830471136855
1.023292992280754	1.3657136854064145
1.0256519262514079	1.3624498851382723
1.0280162981264735	1.3591916528740828
1.0303861204416165	1.3559389947024896
1.0327614057613974	1.3526919162293884
1.0351421666793441	1.3494504225712916
1.0375284158180127	1.3462145183486318
1.0399201658290596	1.3429842076790024
1.0423174293933042	1.3397594941703315
1.0447202192208003	1.336540380913993
1.0471285480508996	1.3333268704778534
1.0495424286523225	1.3301189648992486
1.051961873823223	1.3269166656779012
1.0543868963912593	1.3237199737687626
1.0568175092136585	1.3205288895747953
1.0592537251772887	1.3173434129396817
1.0616955571987248	1.3141635431404668
1.064143018224316	1.310989278880135
1.066596121230258	1.3078206182801062
1.0690548792226577	1.3046575588726783
1.0715193052376064	1.3015000975933833
1.0739894123412446	1.2983482307732797
1.076465213629835	1.2952019541311737
1.0789467222298286	1.292061262765765
1.081433951297938	1.288926151147717
1.0839269140212033	1.2857966131116634
1.0864256236170655	1.282672641848124
1.0889300933334332	1.2795542298953655
1.0914403364487566	1.276441369131167
1.0939563662720937	1.2733340507645243
1.096478196143185	1.2702322653272695
1.0990058394325208	1.2671360026656144
1.101539309541415	1.264045251931618
1.104078619902073	1.2609600015745743
1.1066237839776665	1.2578802393323163
1.1091748152624008	1.2547959742232855
1.1117317272815914	1.2517163941982186
1.1142945335917298	1.248642236769198
1.1168632477805611	1.245573512802812
1.1194378834671515	1.2425102327711992
1.1220184543019636	1.2394524067463455
1.1246049739669264	1.236400044394328
1.1271974561755105	1.2333531549695023
1.1297959146727976	1.2303117473086371
1.1324003632355573	1.2272758298249866
1.1350108156723149	1.2242454105023148
1.137627285823431	1.2212204968888483
1.1402497875611686	1.2182010960911909
1.1428783347897717	1.215187214768159
1.1455129414455354	1.2121788591245752
1.1481536214968828	1.2091760349049907
1.1508003889444356	1.2061787473873566
1.1534532578210923	1.2031870013766277
1.1561122421920986	1.200200801198312
1.1587773561551262	1.1972201506919524
1.1614486138403426	1.1942450532045539
1.1641260294104914	1.1912755115839389
1.1668096170609623	1.188311528172054
1.1694993910198712	1.1853531047981944
1.1721953655481303	1.1824002427721838
1.1748975549395297	1.179452942877476
1.1776059735208073	1.1765112053641984
1.1803206356517297	1.173575029942127
1.1830415557251646	1.1706444157735996
1.1857687481671602	1.1677193614663541
1.1885022274370183	1.1647998650663116
1.1912420080273751	1.1618859240502803
1.193988104464273	1.1589775353186014
1.1967405313072437	1.156074695187714
1.1994993031493788	1.1531773993826662
1.2022644346174132	1.1502856430295418
1.2050359403717974	1.147399420647827
1.2078138351067804	1.1445187261426983
1.2105981335504823	1.1416435527972475
1.2133888504649775	1.138773893264623
1.2161860006463678	1.1359097395601117
1.2189895989248667	1.1330510830531335
1.2217996601648717	1.1301979144591776
1.2246161992650488	1.1273502238316468
1.2274392311584073	1.124508000553643
1.2302687708123818	1.1216712333296635
1.233104833228909	1.118839910177232
1.2359474334445106	1.1160140184184428
1.238796586530369	1.113193544671437
1.2416523075924113	1.1103784748417898
1.244514611771385	1.1075600288559668
1.2473835142429432	1.1047462744463767
1.2502590302177201	1.1019378558954862
1.2531411749414163	1.0991347790663275
1.2560299636948749	1.0963370493828606
1.2589254117941675	1.0935446718239363
1.2618275345906707	1.0907576509172132
1.2647363474711515	1.0879759907330022
1.2676518658578455	1.0851996948780678
1.270574105208542	1.0824287664893568
1.2735030810166617	1.07966320822768
1.276438808811344	1.0769030222713227
1.2793813041575246	1.074148210309605
1.2823305826560218	1.0713987735363715
1.2852866599436155	1.0686547126434314
1.2882495516931343	1.0659160278139255
1.2912192736135342	1.0631827187156366
1.2941958414499863	1.0604547844942367
1.297179270983956	1.0577322237664715
1.3001695780332907	1.0550150346132763
1.3031667784522993	1.052303214572837
1.3061708881318417	1.0495967606335728
1.309181922999407	1.0468956692270686
1.3121998990192034	1.0441999362209275
1.3152248321922384	1.0415095569115678
1.3182567385564075	1.038824526016945
1.3212956341865751	1.0361448376692126
1.324341535194665	1.0334704854073071
1.3273944577297394	1.030801462169474
1.3304544179780915	1.0281377602857147
1.333521432163324	1.0254793714701729
1.3365955165464425	1.0228262868134406
1.3396766874259352	1.020178496774803
1.3427649611378643	1.017535991174405
1.3458603540559484	1.0148987591853489
1.348962882591654	1.0122667893257151
1.3520725631942772	1.009640069450519
1.3551894123510364	1.0070185867435801
1.3583134465871542	1.0044023277093321
1.3614446824659503	1.0017912781645422
1.3645831365889245	0.9991854232299684
1.3677288255958495	0.9965847473219307
1.3708817661648536	0.9939892341438126
1.3740419750125157	0.9913988666774765
1.3772094688939465	0.9888136271746131
1.3803842646028852	0.986233497147996
1.383566378971781	0.9836584573626752
1.3867558288718889	0.9810884878270719
1.3899526312133532	0.9785235677840082
1.3931568029453036	0.9759636757016438
1.3963683610559376	0.9733965941071218
1.3995873225726185	0.970833546206348
1.4028137045619582	0.9682754271392825
1.4060475241299144	0.965722244037672
1.4092887984218747	0.9631740036541163
1.4125375446227548	0.9606307123567561
1.4157937799570817	0.9580923761239217
1.4190575216890926	0.9555590005387168
1.4223287871228198	0.9530305907835659
1.425607593602188	0.9505071516346952
1.428893958511103	0.9479886874565726
1.432187899273543	0.9454752021962884
1.435489433353656	0.9429666993778828
1.4387985782558452	0.9404631820966246
1.4421153515248688	0.9379646530132282
1.4454397707459272	0.935471114348023
1.4487718535447618	0.9329825678750623
1.452111617587742	0.930499014916182
1.455459080581966	0.9280204563349961
1.4588142602753482	0.9255468925308448
1.4621771744567182	0.9230783234326745
1.4655478409559113	0.9206147484928741
1.468926277643867	0.9181561666810377
1.4723125024327186	0.9157025764776853
1.4757065332758947	0.9132539758679095
1.4791083881682072	0.9108103623349747
1.4825180851459536	0.9083717328538488
1.4859356422870067	0.9059380838846791
1.4893610777109154	0.903509411366205
1.492794409578996	0.901085710709111
1.4962356560944337	0.8986669767893152
1.4996848355023733	0.8962532039412003
1.5031419660900225	0.8938443859507756
1.5066070661867417	0.891440516048783
1.5100801541641484	0.8890415869037297
1.513561248436208	0.8866475906148688
1.5170503674593367	0.8842585187051012
1.5205475297324955	0.8818743621138254
1.5240527537972914	0.8794951111897099
1.5275660582380723	0.8771207556834086
1.5310874616820302	0.8747512847402014
1.5346169827992941	0.8723866868925734
1.5381546403030348	0.8700269500527212
1.5417004529495593	0.8676720615049949
1.545254439538414	0.8653220078982665
1.5488166189124812	0.8629767752382324
1.5523870099580825	0.8606363488796417
1.5559656316050743	0.8583007135184596
1.559552502826954	0.8559698531839505
1.5631476426409538	0.8536437512306978
1.5667510701081493	0.8513121551776642
1.5703628043335522	0.8489844858139451
1.5739828644662197	0.8466614957626245
1.5776112696993485	0.8443431923330724
1.5812480392703834	0.8420295824899544
1.5848931924611134	0.8397206728483749
1.5885467485977791	0.8374164696689721
1.59220872705117	0.8351169788529674
1.5958791472367329	0.8328222059371632
1.5995580286146687	0.8305321560888987
1.6032453906900417	0.8282468341009539
1.6069412530128773	0.825966244386406
1.6106456351782708	0.8236903909734364
1.6143585568264862	0.8214192775000909
1.6180800376430662	0.8191529072089843
1.6218100973589298	0.8168912829419641
1.6255487557504842	0.8146344071347126
1.6292960326397223	0.8123822818113083
1.6330519478943346	0.8101349085787286
1.6368165214278085	0.8078922886213052
1.6405897731995396	0.8056544226951237
1.6443717232149315	0.8034213111223737
1.6481623915255086	0.8011929537856438
1.651961798229015	0.7989693501221644
1.6557699634695284	0.796750499117994
1.6595869074375604	0.7945363993021564
1.6634126503701698	0.7923270487407147
1.6672472125510627	0.7901224450308
1.6710906143107078	0.7879225852945748
1.6749428760264373	0.7857274661731479
1.6788040181225607	0.7835370838204266
1.6826740610704674	0.781351433896917
1.6865530253887415	0.779170511563461
1.690440931643264	0.7769943114749222
1.6943378004473288	0.7748228277738056
1.6982436524617444	0.7726560540838254
1.7021585083949509	0.7704939835034073
1.7060823890031234	0.768336608599135
1.710015315090288	0.7661839213991332
1.7139573075084253	0.7640359133863942
1.7179083871575884	0.7618925754920364
1.721868574986007	0.7597538980885059
1.725837891990204	0.7576198709827141
1.7298163592151015	0.7554904834091125
1.7338039977541384	0.7533657240227025
1.7378008287493754	0.7512455808919851
1.7418068733916146	0.7491300414918395
1.7458221529205038	0.7470190926963455
1.7498466886246573	0.74491272077153
1.7538805018417611	0.7428109113680577
1.7579236139586931	0.740705811433311
1.7619760464116292	0.7386046336046976
1.7660378206861649	0.736507952335346
1.770108958317421	0.7344157712135048
1.7741894808901661	0.7323280934585872
1.7782794100389228	0.7302449219161877
1.78237876744809	0.7281662590530421
1.7864875748520508	0.726092106951949
1.7906058540352947	0.7240224673066353
1.7947336268325265	0.7219573414165799
1.7988709151287883	0.7198967301817832
1.803017740859569	0.7178406340974922
1.8071741260109275	0.7157890532488719
1.8113400926196026	0.7137419873056303
1.8155156627731361	0.7116994355165889
1.8197008586099834	0.7096613967042075
1.8238957023196385	0.7076278692590517
1.8281002161427427	0.7055988511342157
1.832314422371212	0.7035743398396854
1.8365383433483464	0.7015543324366572
1.8407720014689564	0.6995388255317946
1.8450154191794736	0.6975278152714413
1.8492686189780787	0.6955212973357714
1.8535316234148114	0.6935192669328935
1.857804455091699	0.6915217187928921
1.8620871366628675	0.6895286471618219
1.8663796908346704	0.6875400457956387
1.8706821403658007	0.6855559079540813
1.8749945080674193	0.6835762263944912
1.8793168168032686	0.6816009933655809
1.883649089489801	0.6796302006011375
1.8879913490962936	0.6776638393136769
1.892343618644976	0.6757019001880321
1.8967059212111463	0.6737443733748887
1.9010782799233006	0.6717912484842553
1.9054607179632472	0.6698425145788809
1.9098532585662378	0.6678981601676045
1.914255925021086	0.6659581731986502
1.9186687406702891	0.6640225410528582
1.9230917289101586	0.6620912505368531
1.9275249131909356	0.6601642878761539
1.9319683170169242	0.6582416387082151
1.936421963946607	0.6563232880754115
1.9408858775927782	0.654409220417953
1.9453600816226624	0.6524994195667403
1.9498445997580456	0.6505938687361509
1.9543394557753944	0.6486925505167652
1.95884467350599	0.6467954468680204
1.9633602768360463	0.6449025391108044
1.967886289706845	0.6430138079199781
1.9724227361148534	0.6411186147938007
1.976969640111861	0.6392267314425857
1.9815270258050979	0.6373389367902914
1.9860949173573716	0.635455236587756
1.9906733389871865	0.6335756362862881
1.9952623149688797	0.631700141033478
1.9998618696327437	0.6298287556689753
2.0044720273651615	0.6279614847202214
2.0090928126087277	0.6260983323981468
2.0137242498623884	0.6242393025928209
2.0183663636815607	0.6223843988690669
2.023019178678272	0.6205336244620295
2.0276827195212817	0.6186869822727057
2.032357010936222	0.6168444748634266
2.037042077705718	0.6150061044533064
2.0417379446695296	0.6131718729136362
2.046444636724674	0.6113417817632454
2.0511621788255656	0.6095158321638121
2.0558905959841414	0.6076940249151329
2.0606299132700006	0.6058763604503455
2.065380155810529	0.6040628388311113
2.0701413487910423	0.6022534597427459
2.0749135174549096	0.6004482224893105
2.079696687103696	0.5986471259886523
2.084490883097289	0.5968501687674029
2.0892961308540396	0.595057348955926
2.0941124558508926	0.5932686642832209
2.0989398836235242	0.591484112071776
2.1037784397664754	0.5897036892323785
2.1086281499332897	0.5879273922588699
2.1134890398366464	0.5861552172228589
2.1183611352485023	0.5843871597683797
2.123244462000219	0.5826232151065067
2.1281390459827123	0.5808633780099125
2.133044913146576	0.579107642807383
2.1379620895022327	0.5773560033782744
2.1428906011200586	0.5756084531469269
2.1478304741305343	0.5738649850770183
2.1527817347243725	0.5721255916658746
2.157744409152667	0.5703902649387188
2.16271852372702	0.5686589964428778
2.167704104819695	0.5669317772419238
2.1727011788637443	0.565208597909775
2.1777097723531593	0.5634894485247292
2.1827299118430012	0.5617743186634546
2.187761623949553	0.560063197394917
2.1928049353504484	0.5583560732742571
2.197859872784825	0.5566529343366078
2.202926463053456	0.5549537680908593
2.2080047330189	0.553258561513364
2.2130947096056377	0.5515600835757413
2.2181964198002193	0.5498649760819945
2.223309890651403	0.5481737682949
2.2284351492703043	0.5464864638490132
2.2335722228305315	0.5448030660756333
2.23872113856834	0.5431235779986758
2.2438819237827663	0.5414480023305074
2.2490546058357817	0.5397763414677406
2.254239212152429	0.5381085974869904
2.259435770220978	0.5364447721405877
2.2646443075930596	0.5347848668522562
2.2698648518838223	0.5331288827127446
2.2750974307720706	0.5314768204754206
2.2803420720004186	0.5298286805518218
2.28559880337543	0.5281844630071669
2.2908676527677736	0.5265441675558209
2.296148648112362	0.5249077935567236
2.301441817408509	0.5232753400087681
2.306747188720069	0.5216468055461443
2.312064790175595	0.5200221884336311
2.3173946499684783	0.5184014865618505
2.3227367963571073	0.5167846974424734
2.328091257665008	0.5151718182033853
2.3334580622810033	0.5135628455838023
2.338837238659355	0.5119577759293441
2.344228815319923	0.5103566051870623
2.3496328208483073	0.5087593289004207
2.35504928389601	0.5071659422042294
2.360478233180577	0.5055764398195344
2.365919697485759	0.5039908160484559
2.371373705661655	0.502409064768984
2.3768402866248772	0.5008311794297208
2.38231946935869	0.4992571530445806
2.3878112829131783	0.4976869781874342
2.3933157564053875	0.4961206469867117
2.3988329190194912	0.4945581511199476
2.4043628000069335	0.49299948180828446
2.4099054286865957	0.49144462981091785
2.41546083444494	0.4898935854194982
2.421029046736179	0.48834633845247466
2.4266100950824154	0.4868028782493944
2.432204009073816	0.4852631936651413
2.4378108183687526	0.4837272730641325
2.4434305526939726	0.48219510431445095
2.4490632418447453	0.48066667478193575
2.454708915685031	0.47914197132420927
2.4603676041476272	0.4776209802846567
2.46603933723434	0.4761036874863473
2.4717241450161302	0.4745900782259031
2.4774220576332864	0.4730801372673094
2.4831331052955705	0.47156736305510216
2.4888573182823914	0.4700577204244496
2.494594726942955	0.4685516812848787
2.500345361696432	0.4670492451480647
2.506109253032114	0.4655504111963562
2.511886431509581	0.46405517827850457
2.5176769277588558	0.46256354490535884
2.5234807724805757	0.46107550924551605
2.529297996446145	0.45959106912093506
2.5351286304979084	0.45811022200250473
2.540972705549305	0.4566329650055765
2.5468302525850417	0.4551592948854511
2.552701302661247	0.4536892080328253
2.5585858869056453	0.4522227004691965
2.5644840365177175	0.45075976784222305
2.5703957827688635	0.4493004054210458
2.5763211570025755	0.4478446080915605
2.582260190634596	0.4463923703516524
2.588212915153092	0.44494368630638215
2.5941793621188136	0.4434985496631323
2.6001595631652723	0.4420569537267032
2.6061535499988953	0.4406188913943698
2.6121613543992064	0.43918435515088916
2.6181830082189848	0.4377533370634634
2.624218543384442	0.43632582877665693
2.6302679918953813	0.43490182150726703
2.6363313858253803	0.433481306039146
2.642408757321946	0.4320642727179803
2.648500138606701	0.43065071144601524
2.654605561975539	0.42924061167673927
2.6607250597988097	0.4278339624095134
2.666858664521479	0.42643075218415666
2.6730064086633116	0.4250309690754785
2.6791683248190314	0.42363460068776576
2.6853444456585076	0.4222416341492139
2.691534803926915	0.4208520561063148
2.6977394324449206	0.41946585271818715
2.703958364108843	0.4180830096508614
2.7101916318908432	0.41670351207150774
2.7164392688390824	0.41532734464261684
2.7227013080779128	0.41395449151612396
2.7289777828080406	0.4125849363274844
2.7352687263067126	0.41121866218969083
2.741574171927882	0.409855651687242
2.7478941531023975	0.40849588687005206
2.7542287033381663	0.40713934924731116
2.7605778562203462	0.4057860197812842
2.7669416454115114	0.40443587888106086
2.773320104651841	0.4030889063962444
2.7797132677592886	0.4017450816105874
2.7861211686297707	0.40039540255472383
2.792543841237338	0.39904812930150013
2.798981319634363	0.3977039162000632
2.805433637951713	0.3963627636640265
2.811900830398941	0.3950246718339928
2.8183829312644537	0.3936896405739741
2.8248799749157074	0.3923576694677771
2.831391995799379	0.391028757815356
2.8379190284415565	0.38970290462912976
2.8444611074479154	0.38838010863026684
2.85101826750391	0.3870603682449322
2.8575905433749464	0.38574368160050404
2.8641779699065815	0.3844300465217492
2.8707805820246906	0.38311946052697016
2.8773984147356697	0.3818119208241078
2.8840315031266055	0.3805074243068174
2.8906798823654762	0.37920596755049946
2.897343587701323	0.37790754680830074
2.904022654464451	0.3766121580070734
2.910717118066605	0.3753197967433
2.9174270140011673	0.3740304582789783
2.924152377843335	0.3727441375374717
2.9308932452503216	0.37146082909931605
2.9376496519615305	0.37018052719799494
2.9444216337987617	0.36890322571566864
2.9512092266663856	0.36762891817887017
2.9580124665515464	0.36635759775415766
2.9648313895243423	0.36508925724372954
2.971666031738027	0.3638238890809976
2.9785164294291895	0.36256148532612154
2.9853826189179604	0.3613020376615003
2.992264636608189	0.3600455373872258
2.9991625189876516	0.3587919754164901
3.0060763026282307	0.3575413422709574
3.013006024186122	0.356293628076087
3.019951720402016	0.35504882255641956
3.0269134281013064	0.3538069150308165
3.0338911841942706	0.3525678944076587
3.04088502567628	0.35133174918000026
3.047894989627983	0.35009846742068
3.054921113215514	0.348868036777386
3.061963433690677	0.3476404444676795
3.069021988391158	0.34641567727396944
3.076096814740708	0.3451937215384461
3.083187950249355	0.3439745631579648
3.0902954325135905	0.3427581875788884
3.097419299216581	0.3415445797918775
3.1045595881283554	0.34033372432664066
3.1117163371060186	0.33912560524663055
3.118889584093937	0.33792020614369883
3.126079367123956	0.33670878357587125
3.1332857243155856	0.33549936776374817
3.1405086938762183	0.33429259850223253
3.1477483141013156	0.3330884802366006
3.1550046233746274	0.3318870172293772
3.1622776601683795	0.33068821355774136
3.169567463043492	0.3294920731109025
3.1768740706497707	0.3282985995874548
3.1841975217261256	0.32710779649270316
3.1915378551007616	0.32591966713596765
3.198895109691399	0.32473421462785707
3.206269324505466	0.3235514418775221
3.213660538640318	0.3223713515898765
3.2210687912834346	0.32119394626279774
3.2284941217126364	0.32001922818429523
3.2359365692962827	0.3188471994296574
3.2433961734934935	0.31767786185856606
3.250872973854344	0.31651121711218855
3.2583670100200885	0.3153472666102381
3.265878321723358	0.3141860115480108
3.273406948788383	0.31302745289338896
3.2809529311311905	0.311871591383823
3.2885163087598315	0.31071842752327855
3.2960971217745776	0.30956796157915967
3.303695410368149	0.30842019357919953
3.311311214825911	0.3072751233083256
3.3189445755261047	0.3061327503054915
3.326595532940045	0.3049930738604828
3.3342641276323506	0.3038560930106899
3.3419504002611427	0.302721806537854
3.3496543915782775	0.3015902129647791
3.3573761424295467	0.30046131055201697
3.365115693754908	0.2993350972945177
3.372873086588689	0.29821157091825323
3.380648362059817	0.29709072887680515
3.3884415613920256	0.2959725683479246
3.3962527259040853	0.2948570862300575
3.404081897010009	0.29374427913883977
3.4119291162192864	0.2926341434035583
3.4197944251370886	0.2915266750635816
3.4276778654645046	0.29042186986475405
3.4355794789987466	0.28931972325576116
3.443499307633384	0.28822023038445754
3.451437393358563	0.2871233860941634
3.459393778261219	0.286029184919927
3.4673685045253166	0.2849376210847511
3.4753616144320576	0.28384868849578687
3.483373150360118	0.2827623807404915
3.4914031547858606	0.2816786910827518
3.499451670283573	0.2805976124589709
3.5075187395256795	0.2795139357835085
3.5156044052829816	0.278432450299661
3.523708710424871	0.27735353994715084
3.53183169791957	0.27627720989972615
3.5399734108343464	0.2752034651720992
3.548133892335755	0.27413231061762805
3.5563131856898527	0.2730637509259796
3.5645113342624426	0.2719977906207664
3.5727283815192883	0.2709344340571646
3.5809643710263606	0.2698736854195044
3.5892193464500517	0.26881554871884245
3.5974933515574232	0.267760027790506
3.6057864302164235	0.2667071262916176
3.6140986263961334	0.2656568476985928
3.6224299841669856	0.2646091953046172
3.630780547701014	0.2635641722170955
3.639150361272071	0.26252178135508075
3.6475394692560785	0.2614820254466743
3.6559479161312485	0.2604449070264057
3.664375746478333	0.2594104284325834
3.672823004980846	0.25837859180462425
3.681289736425315	0.25734939908035387
3.6897759857015027	0.25632285199328547
3.6982817978026628	0.2552989520698686
3.7068072178257596	0.25427770062671634
3.715352290971726	0.2532590987678022
3.7239170625456848	0.2522431473816343
3.732501577957206	0.25122984713839946
3.741105882720533	0.2502191984870843
3.7497300224548358	0.24921120165256475
3.758374042884441	0.2482058566326733
3.767037989839089	0.24720316319523397
3.77572190925416	0.2462031208750736
3.7844258471709336	0.2452057289710019
3.793149849736819	0.24421098654276627
3.801893963205613	0.24321889240797512
3.81065823393773	0.2422294451389962
3.8194427084004663	0.24124264305982174
3.8282474331682264	0.24025848424290916
3.8370724549227884	0.2392769665059881
3.8459178204535354	0.2382980874088413
3.8547835766577188	0.2373218442500531
3.8636697705406915	0.23634823406373007
3.8725764492161727	0.2353772536161889
3.8815036599064823	0.23440889940261644
3.8904514499428067	0.2334431676436965
3.899419866765434	0.23248005428220733
3.908408957924021	0.23151955497958662
3.9174187710778305	0.23056166511246584
3.926449353995999	0.22960637976917156
3.9355007545577743	0.22864932287457732
3.944573020752785	0.22769451972629062
3.953666200681279	0.2267422939238688
3.9627803425543955	0.2257926507837683
3.971915494694403	0.2248455954746006
3.981071705534973	0.22390113301496017
3.9902490236214203	0.22295926827123638
3.9994474976109755	0.22202000595539945
4.008667176273028	0.22108335062276957
4.0179081084894	0.22014930666976004
4.027170343254591	0.219217878331603
4.036453929676051	0.21828906968004932
4.045758916974426	0.2173628846210502
4.055085354483839	0.21643932689241255
4.0644332916521275	0.2155184000614362
4.073802778041128	0.21460010752252442
4.083193863326921	0.21368445249477522
4.09260659730011	0.21277143801954604
4.1020410298660686	0.21186106695799953
4.111497211045223	0.21095334198862115
4.120975190973302	0.21004826560471795
4.130475019901614	0.20914584011188916
4.139996748197304	0.20824606762547707
4.149540426343631	0.20734895006798973
4.1591061049402205	0.20645448916650294
4.168693834703355	0.20556268645003417
4.178303666466218	0.20467354324689538
4.187935651179185	0.20378706068201752
4.1975898399100755	0.20290323967425233
4.207266283844442	0.20202208093364699
4.216965034285822	0.20114358495869508
4.226686142656031	0.2002677520335591
4.2364296604954115	0.19939458222527046
4.24619563946313	0.19852407538089972
4.2559841313374305	0.19765623112470312
4.265795188015928	0.1967910488552403
4.275628861515862	0.19592852774246788
4.285485203974396	0.19506866672480244
4.295364267648873	0.19421146450615945
4.3052661049171075	0.19335691955296244
4.3151907682776525	0.19250503009112613
4.325138310350088	0.19165579410300967
4.335108783875289	0.19080920932434367
4.345102241715717	0.18996527324112727
4.355118736855686	0.18912398308649736
4.365158322401661	0.1882853358375684
4.375221051582521	0.18744932821224403
4.385306977749858	0.1866159566659975
4.395416154378245	0.18578521738862502
4.405548635065534	0.1849571063009663
4.4157044735331255	0.1841283078315367
4.425883723626267	0.18330187094431835
4.436086439314326	0.18247804027334905
4.446312674691089	0.18165681927936156
4.456562483975033	0.18083821125731192
4.466835921509633	0.1800222193340712
4.477133041763626	0.17920884646609758
4.487453899331323	0.17839809543708407
4.49779854893288	0.17758996885558576
4.508167045414603	0.17678446915262297
4.518559443749224	0.17598159857926315
4.528975799036209	0.17518135920417824
4.539416166502032	0.174383752911181
4.549880601500488	0.17358878139673506
4.560369159512962	0.1727964461674457
4.570881896148752	0.17200674853752201
4.581418867145335	0.17121968962621972
4.591980128368688	0.17043527035525702
4.6025657358135605	0.1696534914462071
4.613175745603796	0.16887435341786627
4.623810213992603	0.16809785658359797
4.634469197362879	0.16732400104865006
4.645152752227495	0.16655278670744905
4.6558609352295885	0.16578421324086906
4.666593803142887	0.1650182801134725
4.677351412871981	0.16425498657072918
4.688133821452653	0.16349433163620591
4.698941086052153	0.16273631410873288
4.709773263969529	0.16198093255954077
4.720630412635905	0.16122818532937455
4.731512589614805	0.1604780705255775
4.7424198526024455	0.1597305860191509
4.753352259428054	0.15898572944178388
4.7643098680541565	0.15824349818285893
4.775292736576909	0.15750388938642648
4.786300923226383	0.15676689994815454
4.797334486366892	0.15603252651224778
4.808393484497285	0.1553007654683409
4.819477976251274	0.1545716129483604
4.830588020397726	0.15384506482336072
4.841723675840994	0.15312111670032863
4.8528850016212095	0.15239976391896073
4.864072056914616	0.15168100154840908
4.875284901033862	0.15096482438399972
4.886523593428336	0.15025122694391851
4.897788193684462	0.1495402034658695
4.909078761526032	0.14883174790370016
4.920395356814509	0.14812585392399852
4.9317380395493595	0.1474225149026567
4.943106869868354	0.14672172392140612
4.954501908047903	0.1460199603186818
4.96592321450336	0.14532045665981533
4.97737084978936	0.14462346990308958
4.9888448746001215	0.14392900109561985
5.000345349769786	0.14323705109990567
5.011872336272722	0.14254762059139897
5.0234258952238715	0.14186071005604675
5.035006087879047	0.1411763197878134
5.046612975635284	0.14049444988617724
5.05824662003114	0.13981510025360644
5.0699070827470445	0.13913827059300862
5.081594425605605	0.13846396040515915
5.093308710571955	0.1377921689861032
5.105049999754062	0.13712289542453612
5.116818355403078	0.13645613859915684
5.1286138399136485	0.13579189717599935
5.140436515824262	0.13513016960573682
5.152286445817564	0.13447095412096338
5.16416369272071	0.13381424873344824
5.176068319505676	0.1331600512313669
5.188000389289612	0.13250835917650453
5.199959965335159	0.13185916990143537
5.211947111050805	0.1312124805066749
5.223961889991197	0.13056828785780705
5.236004365857504	0.12992658858258316
5.248074602497725	0.12928737906799698
5.2601726639070625	0.1286506554573298
5.2722986142282275	0.1280164136471712
5.284452517751805	0.12738464928441087
5.296634438916578	0.12675535776320365
5.308844442309884	0.12612853422190629
5.321082592667942	0.1255041735399875
5.333348954876211	0.12488227033490781
5.345643593969716	0.12426281895897366
5.357966575133418	0.12364581349615976
5.370317963702527	0.12303124775890616
5.382697825162884	0.12241911528488233
5.3951062251512765	0.1218094093337259
5.4075432294558095	0.12120212288374842
5.420008904016238	0.12059724862861365
5.432503314924333	0.11999477897398429
5.445026528424211	0.11939470603414007
5.4575786109127105	0.11879702162856301
5.470159628939716	0.11820171727849486
5.482769649208539	0.11760878420346028
5.495408738576246	0.11701821331776183
5.508076964054036	0.11642999522694103
5.520774392807573	0.11584412022420927
5.533501092157368	0.11526057828684556
5.546257129579107	0.11467935907256308
5.559042572704037	0.11409596891627241
5.5718574893192985	0.11351453102588327
5.584701947368309	0.1129353719259139
5.597576014951102	0.11235849166867502
5.610479760324706	0.11178389013074601
5.623413251903491	0.11121156701070621
5.6363765582595455	0.11064152182684402
5.649369748123025	0.11007375391484588
5.6623928903825345	0.10950826242546169
5.675446054085471	0.1089450463221516
5.688529308438416	0.10838410437870759
5.701642722807475	0.10782543517685608
5.714786366718672	0.10726903710383598
5.727960309858292	0.1067149083499563
5.741164622073277	0.10616304690612928
5.7543993733715695	0.10561345056138285
5.767664633922509	0.10506611690034826
5.780960474057181	0.10452104330072602
5.794286964268812	0.10397822693072759
5.807644175213121	0.1034376647464944
5.821032177708716	0.10289935348949233
5.834451042737448	0.10236328968388339
5.847900841444809	0.10182946963387185
5.861381645140288	0.10129788942102794
5.874893525297769	0.10076854490158532
5.88843655355589	0.10024143170371556
5.902010801718445	0.09971654522477608
5.91561634175474	0.09919388062853474
5.9292532458	0.09867343284236756
5.942921586155727	0.0981551965544326
5.956621435290106	0.09763916621081634
5.970352865838369	0.09712533601265638
5.984115950603199	0.09661369991323573
5.997910762555095	0.09610425161505301
6.011737374832782	0.09559698456686412
6.025595860743578	0.095091891960699
6.0394862937638	0.09458896672885002
6.0534087475391365	0.09408820154083448
6.067363295885055	0.09358958880032842
6.08135001278718	0.09309312064207412
6.095368972401694	0.09259878892875875
6.109420249055721	0.092106585247866
6.123503917247737	0.09161650090849811
6.137620051647943	0.09112852693817124
6.151768727098683	0.09064265407958
6.165950018614822	0.09015887278733525
6.180164001384161	0.08967717322467056
6.1944107507678146	0.08919754526012132
6.208690342300634	0.08871997846417239
6.223002851691596	0.08824446210587701
6.237348354824191	0.08776627578608
6.251726927756859	0.08728975111265742
6.266138646723353	0.08681523133663165
6.2805835881331795	0.08634271678804158
6.295061828571975	0.08587220764883541
6.309573444801933	0.08540370395094639
6.324118513762193	0.08493720557435308
6.33869711256927	0.0844727122451193
6.353309318517436	0.08401022353341814
6.367955209079159	0.08354973885153529
6.382634861905486	0.08309125745185579
6.397348354826482	0.08263477842483068
6.412095765851615	0.08218030069692607
6.4268771731701975	0.0817278230285516
6.441692655151772	0.0812773440119719
6.456542290346556	0.0808288620691965
6.471426157485831	0.08038237544985237
6.486344335482385	0.07993788222903478
6.501296903430906	0.07949538030514063
6.516283940608428	0.07905486739767952
6.531305526474723	0.07861634104506703
6.546361740672751	0.07817979860239564
6.561452663029053	0.07774523723918694
6.576578373554206	0.07731265393712186
6.591738952443213	0.07688204548775163
6.606934480075961	0.07645340849018596
6.622165037017619	0.07602673934876229
6.637430704019089	0.07560203427069163
6.652731562017413	0.07517928926368492
6.668067692136222	0.07475850013355598
6.6834391756861455	0.07433966248180443
6.698846094165265	0.07392277170317496
6.714288529259523	0.07350782298319612
6.729766562843179	0.07309481129569517
6.745280276979219	0.07268373140029201
6.760829753919819	0.07227457783986896
6.77641507610675	0.07186734493801905
6.792036326171846	0.07146202679646997
6.807693586937414	0.07105861729248618
6.823386941416698	0.07065711007624599
6.839116472814292	0.07025749856819694
6.8548822645266165	0.06985977595638526
6.870684400142321	0.06946393519376352
6.886522963442762	0.06906996899547219
6.902398038402419	0.0686778698360983
6.918309709189366	0.06828762994690843
6.934258060165691	0.06789924131305788
6.9502431758879695	0.06751269567077406
6.966265141107686	0.06712798450451536
6.982324040771715	0.06674509904410411
6.998419960022734	0.0663605649577739
7.014552984199714	0.0659775686438938
7.030723198838334	0.06559636170302793
7.046930689671471	0.06521694336884969
7.06317554262962	0.06483931273128497
7.07945784384138	0.06446346873469723
7.095777679633888	0.06408941017605675
7.112135136533292	0.06371713570309216
7.128530301265195	0.06334664381242582
7.1449632607551345	0.06297793284769093
7.16143410212902	0.06261100099763267
7.177942912713619	0.06224584629419029
7.194489780036995	0.06188246661056337
7.211074791828998	0.061520859659258555
7.227698036021702	0.061161022990119926
7.2443596007499025	0.06080295398834024
7.261059574351547	0.06044664987245481
7.277798045368242	0.06009210769231622
7.294575102545687	0.0597393243270516
7.311390834834176	0.059388296483000036
7.3282453313890406	0.05903902069163273
7.345138681571151	0.058691493307452394
7.362070974947361	0.058345710505875455
7.379042301291012	0.0580016682810934
7.396052750582378	0.05765936244391612
7.413102413009177	0.05731878861959437
7.430191378967014	0.05697994224562389
7.447319739059893	0.05664281856952833
7.464487584100665	0.05630741264662348
7.481695005111545	0.05597371933775984
7.498942093324558	0.05564173330704655
7.516228940182057	0.05531144901955309
7.533555637337174	0.05498286073899173
7.550922276654341	0.05465596252537813
7.568328950209744	0.05433074823267169
7.58577575029184	0.054007211506393975
7.603262769401819	0.05368534578122668
7.620790100254123	0.05336514427858702
7.638357835776907	0.0530466000041826
7.655966069112566	0.05272970574554326
7.67361489361819	0.05241445406953199
7.691304402866098	0.052100837319832526
7.709034690644301	0.05178884761441567
7.726805850957025	0.05147847684298189
7.744617978025188	0.051169716664382386
7.76247116628692	0.05086255850401601
7.78036551039804	0.0505569935512041
7.798301105232589	0.05025301275654112
7.816278045883297	0.04995060682922279
7.83429642766212	0.04964976623434937
7.852356346100718	0.049347071455977255
7.870457896950989	0.049045656903125824
7.888601176185544	0.04874576925644907
7.906786279998253	0.04844740688365061
7.925013304804718	0.04815056801809226
7.943282347242818	0.047855250757140554
7.961593504173188	0.04756145306049953
7.979946872679768	0.04726917274852714
7.9983425500702845	0.04697840750053717
8.016780633876794	0.04668915485308478
8.035261221856173	0.04640141219823741
8.05378441199067	0.046115176781828734
8.072350302488383	0.04583044570169801
8.090958991783825	0.04554721590591216
8.109610578538408	0.045265484190972836
8.128305161640995	0.04498524720000618
8.147042840208396	0.04470650142093713
8.165823713585926	0.044429243184646285
8.1846478813479	0.0441534686631109
8.203515443298185	0.04387917386752838
8.222426499470712	0.04360635464642344
8.241381150130026	0.04333500668373758
8.260379495771788	0.043065125496901946
8.279421637123345	0.042796706434892154
8.298507675144226	0.04252974467626653
8.317637711026709	0.042264235227185566
8.336811846196344	0.04200017291941451
8.356030182312479	0.04173755240830793
8.375292821268827	0.041476368170775435
8.394599865193973	0.04121661450323039
8.413951416451951	0.040958285519519
8.433347577642753	0.04070137514883208
8.452788451602899	0.040445877133597194
8.472274141405963	0.040191785027352656
8.491804750363139	0.0399390921926021
8.511380382023763	0.039687791798650465
8.531001140175896	0.03943787681942002
8.550667128846833	0.039189340031247855
8.570378452303697	0.03894217401066282
8.590135215053957	0.03869637113214366
8.609937521846007	0.038451923565856555
8.629785477669701	0.03820882327537315
8.649679187756934	0.03796706201536786
8.669618757582166	0.03772663132929552
8.689604292863018	0.037487522547047555
8.709635899560805	0.03724972678258851
8.729713683881117	0.0370132349315708
8.74983775227436	0.036778037668929224
8.770008211436348	0.03654412544645348
8.790225168308842	0.036311488490340306
8.810488730080142	0.03607645079989295
8.830799004185627	0.03584238290894986
8.851156098308357	0.03560955062887884
8.871560120379607	0.03537795283438968
8.892011178579486	0.03514758829491454
8.912509381337454	0.03491845567330717
8.933054837332953	0.034690553524529266
8.953647655495937	0.03446388029432557
8.974287945007486	0.034238434317886174
8.994975815300352	0.034014213818497153
9.01571137605957	0.033791216906178416
9.036494737223014	0.033569441576309485
9.057326008982002	0.03334888570824242
9.078205301781857	0.033129547063902476
9.099132726322518	0.032911423286375585
9.120108393559097	0.032694511898483505
9.141132414702504	0.03247881030134547
9.162204901219997	0.0322643157729274
9.183325964835811	0.032051025466577336
9.204495717531712	0.03183893640954828
9.225714271547634	0.03162804550150686
9.246981739382225	0.031418349513029506
9.268298233793494	0.03120984508408405
9.289663867799362	0.031002528722498562
9.311078754678306	0.030796396802415405
9.33254300796991	0.030591445562732508
9.354056741475521	0.03038767110552948
9.375620069258803	0.030185069394480523
9.39723310564638	0.029983636253252406
9.418895965228414	0.02978336736388863
9.440608762859236	0.02958425826517856
9.462371613657929	0.029386304351012655
9.484184633008974	0.029189500868722098
9.506047936562814	0.028993842917404585
9.527961640236521	0.0287993254462342
9.549925860214358	0.028605943252757147
9.571940712948447	0.02841369098117134
9.594006315159332	0.028222563120591716
9.616122783836648	0.0280325540032991
9.638290236239705	0.027843657802974278
9.660508789898136	0.02765586853291596
9.68277856261249	0.02746918004424325
9.7050996724549	0.02728358602408172
9.727472237769652	0.027099079993734093
9.749896377173872	0.026915655306833992
9.772372209558107	0.02673330514748409
9.79489985408699	0.026552022528377094
9.817479430199844	0.026371800288900935
9.84011105761134	0.02619263109322647
9.862794856312105	0.02601450742837904
9.885530946569391	0.025834710228898446
9.908319448927676	0.025655732036997902
9.93116048420934	0.025477769130936117
9.954054173515269	0.025300820351792062
9.977000638225535	0.025124884451878993
10.	0.024949960093657665
10.023052380778994	0.024776045848639447
10.046157902783957	0.02460314019627956
10.069316688518045	0.024431241522860452
10.092528860766844	0.024260348120364324
10.115794542598982	0.024090458185336013
10.1391138573668	0.023921569817735227
10.16248692870696	0.023753681019778733
10.18591388054117	0.02358678969477126
10.209394837076797	0.02342089364592658
10.232929922807546	0.023255990575177472
10.256519262514079	0.02309207808197529
10.280162981264736	0.022929153662078035
10.303861204416158	0.022767214706328167
10.32761405761398	0.02260625849941885
10.351421666793442	0.02244628221864974
10.375284158180126	0.0222872829326706
10.39920165829059	0.022129257600214447
10.423174293933046	0.0219722030688189
10.447202192208003	0.021816116073536385
10.471285480508996	0.021660993235632135
10.495424286523221	0.021506831061271218
10.519618738232236	0.021353625940193237
10.543868963912592	0.02120137414437585
10.568175092136585	0.02105007182668541
10.592537251772887	0.02089971501951636
10.616955571987253	0.020750299633418044
10.641430182243164	0.020601821455709712
10.665961212302578	0.020454276149082466
10.690548792226577	0.020307659250189417
10.71519305237607	0.020161966168223
10.739894123412451	0.020017192183479974
10.76465213629835	0.019873332445913012
10.789467222298287	0.01973038197367016
10.814339512979387	0.019588335651620884
10.83926914021204	0.019447188229869565
10.864256236170656	0.019306934322255106
10.889300933334333	0.019167568404837937
10.91440336448757	0.019029084814373348
10.939563662720943	0.01889147774677157
10.964781961431852	0.018754741255543887
10.990058394325208	0.018618869250235506
11.015393095414156	0.018483855494844246
11.040786199020735	0.018349693606225903
11.066237839776663	0.01821637705248472
11.091748152624008	0.018081617598993793
11.117317272815919	0.017947512447938324
11.142945335917304	0.0178142265536305
11.168632477805613	0.017681758732342866
11.194378834671515	0.017550107726038523
11.220184543019629	0.017419272201471537
11.24604973966927	0.01728925074927904
11.271974561755105	0.017160041883065573
11.297959146727976	0.0170316440384782
11.324003632355566	0.016904055572274142
11.350108156723154	0.01677727476137937
11.37627285823431	0.01665129980193911
11.402497875611685	0.016526128808359176
11.428783347897712	0.016401759812339156
11.45512941445536	0.016278190761896606
11.481536214968829	0.0161554195203827
11.508003889444357	0.01603344386548839
11.534532578210918	0.015912261488242412
11.561122421920993	0.015791869991999618
11.587773561551263	0.015672266891420743
11.614486138403427	0.015553449611442454
11.641260294104908	0.015435415486238613
11.66809617060963	0.015318161758171956
11.694993910198711	0.015201685576736684
11.721953655481304	0.015085983997491075
11.748975549395292	0.014971053980981098
11.776059735208078	0.014856892391654004
11.803206356517299	0.014743495996762649
11.830415557251646	0.01463086146525946
11.857687481671597	0.014518985366681052
11.88502227437019	0.014407864170022716
11.91242008027375	0.01429749424260302
11.93988104464273	0.014187871848917972
11.967405313072431	0.01407899314948544
11.994993031493793	0.013970854199679101
12.02264434617413	0.013863450948552179
12.050359403717973	0.013756779237650509
12.078138351067798	0.013650834799815381
12.10598133550483	0.013545613257975672
12.133888504649775	0.01344111012392946
12.161860006463678	0.013337320797114563
12.189895989248662	0.013234240563368527
12.217996601648723	0.013131864593677598
12.246161992650489	0.013030187942914839
12.274392311584071	0.01292920554856671
12.30268770812381	0.012828912229448953
12.331048332289097	0.012729302684410916
12.359474334445107	0.012630371491028759
12.387965865303691	0.012532113104286757
12.416523075924106	0.012434521855247573
12.445146117713856	0.012335611457556668
12.473835142429433	0.012237202390611848
12.5025903021772	0.01213943785938478
12.531411749414156	0.012042316858878816
12.560299636948754	0.01194583832513776
12.589254117941675	0.011850001134535703
12.618275345906707	0.011754804103060021
12.64736347471151	0.011660245985588293
12.67651865857846	0.011566325475158339
12.705741052085418	0.011473041202231972
12.735030810166617	0.011380391733951643
12.764388088113435	0.011288375573390718
12.793813041575252	0.011196991158796852
12.823305826560219	0.01110623686282861
12.852866599436155	0.011016110991784974
12.882495516931336	0.010926611784828205
12.912192736135347	0.010837737413199442
12.941958414499863	0.010749485979427596
12.971792709839558	0.010661855516530648
13.001695780332899	0.010574843987210179
13.031667784523	0.010488449283038494
13.061708881318419	0.01040266922363865
13.09181922999407	0.010317501555856767
13.121998990192028	0.01023294395292729
13.15224832192239	0.010148994013630666
13.182567385564074	0.010065649261443585
13.212956341865752	0.009982907143681382
13.243415351946643	0.009900765030633108
13.273944577297401	0.009819220214688711
13.304544179780914	0.009738269909458624
13.33521432163324	0.009657911248885242
13.365955165464419	0.009578141286346794
13.396766874259358	0.0094989569937531
13.427649611378643	0.009420355260633503
13.458603540559483	0.009342332893216381
13.489628825916533	0.009264886613500853
13.52072563194278	0.00918801305832008
13.551894123510364	0.009111708778396501
13.583134465871542	0.009035970237388365
13.614446824659497	0.008960793810928252
13.645831365889252	0.008886175785652841
13.677288255958494	0.008812112358224392
13.708817661648537	0.008738599634343295
13.740419750125149	0.008665633627752228
13.772094688939474	0.0085932102592314
13.803842646028853	0.008521325355585196
13.83566378971781	0.008449974648619558
13.867558288718882	0.008379153774110776
13.89952631213354	0.008308858270765065
13.931568029453036	0.008239083579169193
13.963683610559377	0.008168305099567083
13.995873225726179	0.008097919755457773
14.028137045619589	0.00802803723242589
14.060475241299143	0.007958656538075959
14.092887984218748	0.007889776631600964
14.12537544622754	0.007821396423207094
14.157937799570824	0.007753514773533057
14.190575216890926	0.007686130493064422
14.223287871228198	0.007619242341542291
14.25607593602188	0.007552849027366984
14.288939585111036	0.007486949206996148
14.321878992735439	0.007421541484337618
14.35489433353656	0.0073566244101365376
14.387985782558452	0.007292196481357273
14.421153515248696	0.007228256140559578
14.45439770745928	0.007164801775269341
14.487718535447618	0.007101831717343426
14.52111617587742	0.007039344242329083
14.554590805819668	0.0069773375688174915
14.58814260275349	0.006915809857791655
14.621771744567184	0.006854759211968234
14.655478409559112	0.006794183675133761
14.689262776438676	0.006734081231474775
14.723125024327194	0.0066744498049021595
14.757065332758946	0.006615287258369206
14.791083881682072	0.0065565913931838775
14.825180851459544	0.00649835994831479
14.859356422870075	0.006440590599691218
14.893610777109155	0.006383280959496634
14.92794409578996	0.006326428575456228
14.962356560944343	0.006270030930117966
14.99684835502374	0.006214085440127492
15.031419660900225	0.006158589455496303
15.066070661867418	0.006103540258863767
15.100801541641477	0.0060489350647524864
15.135612484362087	0.005994771018817103
15.170503674593368	0.005941045197086617
15.205475297324954	0.005887754605199783
15.240527537972907	0.005834896177634044
15.275660582380732	0.005782466776927554
15.310874616820303	0.005730463192894476
15.346169827992941	0.005678882141833226
15.381546403030342	0.005627720265727962
15.4170045294956	0.005576974131442971
15.452544395384141	0.005526640229910148
15.488166189124811	0.005476714975309128
15.523870099580817	0.0054271947042405086
15.55965631605075	0.005378075674891713
15.595525028269538	0.005329354066195696
15.631476426409538	0.0052810259769821444
15.667510701081484	0.005231797726408945
15.70362804333553	0.005182854604392735
15.739828644662197	0.0051342896585102465
15.776112696993485	0.005086102027311142
15.812480392703826	0.005038290811635128
15.848931924611142	0.004990855074167896
15.88546748597779	0.004943793838993228
15.9220872705117	0.004897106091140799
15.95879147236732	0.004850790776130188
15.995580286146694	0.004804846799510611
16.032453906900418	0.004759273026396659
16.069412530128773	0.004714068280999676
16.106456351782697	0.004669231346155135
16.143585568264868	0.004624760962845621
16.18080037643066	0.004580655829719744
16.218100973589298	0.004536914602606474
16.255487557504836	0.004493535894025374
16.292960326397232	0.00445051827269234
16.330519478943348	0.004407860263021042
16.368165214278086	0.0043655603446197426
16.40589773199539	0.004323616951783813
16.443717232149325	0.0042820284729836325
16.481623915255085	0.004240793250348055
16.51961798229015	0.004199909579143092
16.557699634695275	0.0041593757072461626
16.595869074375614	0.0041191898346155725
16.634126503701697	0.004079350112755421
16.672472125510627	0.004039854644175559
16.71090614310707	0.00400070148184699
16.749428760264383	0.0039618886286523335
16.788040181225607	0.003923414036831557
16.82674061070467	0.003885275607422633
16.865530253887407	0.003847471189697454
16.90440931643265	0.00380999858059269
16.94337800447329	0.0037728555241357074
16.982436524617444	0.0037360397108653263
17.0215850839495	0.003699548777247612
17.060823890031244	0.003663380305086469
17.10015315090288	0.003627531820929169
17.139573075084254	0.003592000795466493
17.179083871575877	0.0035567846429278107
17.21868574986008	0.003521880720470748
17.25837891990204	0.0034872863275656443
17.298163592151013	0.003452998705374453
17.338039977541374	0.0034190150361244095
17.378008287493763	0.0033853324424761243
17.418068733916144	0.0033519479868862868
17.458221529205037	0.0033188586709646376
17.498466886246565	0.003286061434825551
17.53880501841762	0.0032535531564338535
17.579236139586932	0.003220295266910992
17.619760464116293	0.003187239344049235
17.66037820686164	0.003154460103953277
17.70108958317422	0.0031219568738178024
17.741894808901662	0.003089728952861593
17.78279410038923	0.003057775611999726
17.82378767448089	0.0030260960935130092
17.864875748520518	0.002994689610714298
17.906058540352948	0.0029635553476119727
17.947336268325266	0.0029326924585701786
17.988709151287875	0.002902100067966224
18.030177408595698	0.0028717772698447826
18.071741260109274	0.0028417231275691007
18.113400926196025	0.002811936673468963
18.15515662773135	0.0027824169084856134
18.197008586099845	0.002753162801813462
18.238957023196384	0.0027241732905386624
18.281002161427427	0.0026954472792743277
18.323144223712113	0.0026669836397926376
18.365383433483473	0.002638781210653621
18.407720014689563	0.0026108387968306673
18.450154191794738	0.0025831551693326297
18.492686189780777	0.002555729064822685
18.535316234148123	0.0025285591852337447
18.57804455091699	0.0025016441973805263
18.620871366628677	0.0024749827325680827
18.663796908346693	0.0024485733861969936
18.706821403658015	0.002422414717364985
18.74994508067419	0.002396505248465116
18.793168168032686	0.0023708434647803046
18.836490894898002	0.002345427814074405
18.879913490962945	0.0023202567061795876
18.92343618644976	0.0022953285125802067
18.967059212111465	0.0022706415659928484
19.010782799232995	0.0022461941599428567
19.054607179632484	0.0022219845483370214
19.098532585662387	0.002198010945032639
19.14255925021086	0.002174271523402657
19.18668740670289	0.002150764415897136
19.230917289101594	0.0021274877136008116
19.275249131909366	0.0021044394657868497
19.31968317016924	0.00208161767946661
19.364219639466068	0.0020590203189355797
19.408858775927794	0.002036645305315296
19.453600816226633	0.0020144905160913345
19.498445997580454	0.0019925537846471695
19.543394557753942	0.00197083289979411
19.58844673505991	0.0019493256052970542
19.633602768360475	0.001928029599396226
19.67886289706845	0.0019069425343246236
19.724227361148536	0.0018852984128452691
19.76969640111862	0.0018637989846568353
19.81527025805099	0.0018424993076510217
19.860949173573715	0.0018213988396988384
19.906733389871864	0.0018004970178672683
19.952623149688808	0.0017797932581775614
19.998618696327448	0.001759286955361423
20.044720273651613	0.0017389774826149233
20.090928126087277	0.0017188641913502927
20.137242498623895	0.0016989464109454402
20.183663636815616	0.001679223448491293
20.23019178678272	0.001659694588536779
20.276827195212817	0.0016403590928316407
20.32357010936221	0.0016212162000668912
20.37042077705719	0.0016022651256129724
20.417379446695296	0.001583505061255626
20.46444636724674	0.0015649351749293177
20.511621788255646	0.0015465546104483996
20.558905959841425	0.0015283624872358117
20.606299132700006	0.0015103579000494529
20.65380155810529	0.0014925399187060249
20.701413487910415	0.0014749075878025188
20.749135174549107	0.0014574599264352047
20.79696687103696	0.0014401959279161576
20.844908830972887	0.0014231145594872346
20.892961308540386	0.0014062147620315735
20.941124558508935	0.001389495449782533
20.989398836235246	0.0013729555100300973
21.03778439766475	0.0013565938028246233
21.086281499332888	0.0013404091606780625
21.134890398366476	0.00132440038826252
21.183611352485023	0.0013085662621061935
21.23244462000219	0.0012929055302865924
21.28139045982711	0.0012774169121211269
21.330449131465773	0.0012620990978549592
21.379620895022324	0.00124695074834615
21.428906011200585	0.0012319704947479956
21.47830474130533	0.0012171569381886592
21.527817347243737	0.0012025086494479498
21.57744409152667	0.0011880241686313526
21.6271852372702	0.0011737020048411203
21.67704104819694	0.0011595406358445915
21.727011788637455	0.0011455385077395709
21.77709772353159	0.0011316940346168414
21.827299118430012	0.0011180055982196908
21.87761623949552	0.0011044715476005323
21.9280493535045	0.0010910901987745232
21.978598727848254	0.0010778598343702099
22.02926463053456	0.001064778703277088
22.080047330188993	0.0010518450202901793
22.13094709605639	0.001038515966751671
22.181964198002195	0.0010252885948307706
22.23309890651403	0.0010122017856205481
22.28435149270303	0.0009992550270427694
22.335722228305325	0.0009864477907108773
22.3872113856834	0.000973779531744477
22.438819237827662	0.0009612496885821261
22.490546058357804	0.0009488576827925052
22.542392121524305	0.0009366029188838779
22.59435770220978	0.000924484784111895
22.646443075930595	0.0009125026482856397
22.698648518838212	0.0009006558635720028
22.750974307720718	0.0008889437642982958
22.803420720004187	0.0008773656667531521
22.8559880337543	0.0008659208689856082
22.908676527677724	0.000854608650602472
22.961486481123632	0.0008434282725638572
23.01441817408509	0.0008323789769769663
23.06747188720069	0.0008214599868879818
23.12064790175594	0.0008106705060721941
23.173946499684796	0.000800009718822248
23.227367963571073	0.0007894767897345516
23.280912576650078	0.0007790708634937688
23.33458062281002	0.0007687910646554656
23.38837238659356	0.0007586364974268247
23.442288153199225	0.0007486062454454601
23.49632820848307	0.0007386993715562607
23.55049283896009	0.0007289149175863196
23.604782331805783	0.0007192519041178714
23.65919697485759	0.0007097093302592763
23.71373705661655	0.0007002861734139593
23.76840286624876	0.0006909813890473776
23.823194693586913	0.0006817939104519394
23.878112829131783	0.000672722648509892
23.933157564053875	0.0006637664914541162
23.9883291901949	0.000654924304626871
24.043628000069347	0.0006461949302364369
24.099054286865954	0.0006375771871116512
24.154608344449404	0.0006290698704542909
24.210290467361776	0.0006206717515893434
24.266100950824168	0.0006123815777130955
24.32204009073816	0.0006041980716390592
24.378108183687527	0.0005961199315416729
24.434305526939713	0.0005881458306978221
24.49063241844747	0.0005802744172261053
24.547089156850312	0.0005725043138238772
24.603676041476273	0.0005648341175019865
24.660393372343385	0.0005572623993172687
24.717241450161318	0.0005497877041027129
24.774220576332862	0.0005424085501953311
24.831331052955704	0.0005346680740477387
24.888573182823905	0.0005269846664466487
24.94594726942956	0.0005193910810386939
25.003453616964322	0.0005118869168226075
25.06109253032114	0.0005044717614105578
25.118864315095795	0.0004971451909005546
25.17676927758857	0.000489906769747706
25.234807724805755	0.00048275605063436046
25.29297996446145	0.00047569257433906437
25.35128630497907	0.00046871586960439763
25.409727055493065	0.0004618254530036197
25.46830252585042	0.00045502082880616594
25.527013026612472	0.0004483014888419187
25.58585886905645	0.00044166691236432364
25.64484036517719	0.00043511656591227785
25.703957827688647	0.00042864990317082634
25.763211570025756	0.0004222663648306027
25.82260190634596	0.00041596537844606894
25.88212915153093	0.0004097463582924941
25.94179362118815	0.00040360870522169654
26.001595631652723	0.00039755180651649926
26.06153549998895	0.0003915750357439366
26.12161354399208	0.00038567775260716313
26.18183008218986	0.00037985930279608955
26.24218543384442	0.0003741190178366821
26.302679918953814	0.0003684562149389832
26.363313858253814	0.00036287019684378644
26.424087573219474	0.00035736025166799724
26.485001386067008	0.0003519256527486198
26.54605561975539	0.0003465656584854175
26.607250597988113	0.00034127951218219005
26.668586645214805	0.0003360664418866908
26.730064086633117	0.0003309256602291284
26.791683248190314	0.0003258563642592996
26.85344445658509	0.00032085773528229205
26.915348039269166	0.00031592893869278587
26.977394324449207	0.00031106912380789614
27.039583641088434	0.0003062774236985978
27.101916318908415	0.00030155295501968336
27.164392688390837	0.0002968948178382548
27.227013080779127	0.0002923020954607494
27.289777828080403	0.0002877738542584544
27.35268726306711	0.0002833091434915413
27.415741719278834	0.0002789069951315776
27.478941531023974	0.00027456642368252273
27.542287033381662	0.00027028642600017
27.605778562203447	0.00026606598111005833
27.669416454115126	0.00026190405002381206
27.73320104651841	0.00025779957555391986
27.797132677592884	0.00025375148212690787
27.861211686297693	0.0002494220999821262
27.925438412373392	0.000245120704597621
27.98981319634363	0.0002408715291030366
28.05433637951713	0.00023667430163594786
28.119008303989396	0.00023252874318979095
28.18382931264455	0.00022843456753468213
28.248799749157076	0.0002243914811375462
28.31391995799379	0.00022039918308152555
28.37919028441555	0.00021645736498469829
28.44461107447917	0.00021256571091806789
28.510182675039097	0.00020872389732284595
28.575905433749465	0.00020493159292698956
28.641779699065797	0.00020118845866102408
28.70780582024692	0.00019749414757311715
28.773984147356696	0.0001938483047434206
28.84031503126606	0.0001902505671976443
28.906798823654746	0.00018670056381989232
28.973435877013245	0.00018319791526472554
29.04022654464451	0.00017974223386846972
29.10717118066605	0.00017633312355973035
29.17427014001166	0.0001729701797691446
29.24152377843337	0.00016965298933834032
29.308932452503214	0.0001663811304281076
29.376496519615305	0.00016315417242575983
29.4442163379876	0.0001599716758517043
29.51209226666387	0.0001568331922651921
29.580124665515466	0.00015373826416925906
29.648313895243422	0.00015068642491482953
29.716660317380253	0.00014767719860400247
29.78516429429191	0.00014471009999249246
29.853826189179603	0.00014178463439123548
29.92264636608189	0.00013890029756713056
29.9916251898765	0.0001360565756429371
30.060763026282324	0.00013325294499630258
30.13006024186122	0.00013048887215792466
30.19951720402016	0.0001277638137088245
30.269134281013045	0.00012507721617674867
30.338911841942718	0.0001224285159316711
30.4088502567628	0.00011981713908040516
30.47894989627983	0.0001172425013602974
30.549211132155122	0.0001147040080320211
30.61963433690679	0.00011220105377144313
30.69021988391158	0.00010973302256057044
30.76096814740708	0.00010729928757755144
30.831879502493535	0.00010489921108574688
30.90295432513592	0.0001025321443218455
30.97419299216581	0.00010019742738302864
31.045595881283557	0.00009789438911316225
31.11716337106017	0.00009562234698802673
31.188895840939384	0.00009338060699956162
31.260793671239558	0.00009116846353913053
31.332857243155857	0.00008898519927978041
31.405086938762164	0.00008683008505751006
31.477483141013174	0.00008470237975152159
31.550046233746276	0.00008260133016346005
31.622776601683793	0.00008052617089561857
31.6956746304349	0.00007847612422811721
31.768740706497724	0.00007645039999503658
31.841975217261254	0.0000744481954595049
31.915378551007617	0.00007246869518771878
31.988951096913972	0.00007051107092190675
32.062693245054675	0.00006857448145221138
32.13660538640318	0.00006665807248749441
32.210687912834345	0.00006476097652504183
32.284941217126345	0.0000628823127191761
32.35936569296285	0.0000610211867487559
32.43396173493493	0.00005917669068356316
32.50872973854344	0.00005734790284955454
32.58367010020087	0.00005553388769298864
32.6587832172336	0.000053733695643402605
32.73406948788383	0.000051946362975441737
32.809529311311906	0.000050170911669520315
32.88516308759829	0.000048406349271318746
32.960971217745794	0.0000466516687500965
33.03695410368149	0.00004490584835582228
33.11311214825911	0.00004316785147509669
33.18944575526103	0.00004143662648587643
33.26595532940047	0.00003971110661097669
33.342641276323505	0.000037990209770352544
33.419504002611426	0.00003627283843213642
33.49654391578276	0.00003455787946243883
33.57376142429548	0.00003284420397388919
33.65115693754908	0.000031130667172916524
33.72873086588689	0.0000294161082057489
33.80648362059815	0.000027699350003135737
33.884415613920275	0.000025979199123771162
33.962527259040854	0.000024254445596419082
34.04081897010009	0.000022523862760714607
34.119291162192845	0.000020786207106650257
34.197944251370906	0.000019040218112721895
34.27677865464505	0.000017284618082735407
34.35579478998746	0.00001551811198124948
34.43499307633384	0.000013739387267660216
34.514373933585645	0.000011947113728905589
34.59393778261221	0.000010139943310787532
34.673685045253166	8.316509947888004e-6
34.753616144320574	6.475429392084293e-6
34.8337315036012	4.615299039641393e-6
34.91403154785863	2.734697756878349e-6
34.99451670283573	8.321857043852067e-7