0.1	8.603338877116183
0.10023052380778996	8.594489487076372
0.10046157902783952	8.58563900177516
0.10069316688518042	8.57678743297491
0.10092528860766845	8.56793479201242
0.10115794542598985	8.559081089792263
0.10139113857366794	8.55022633678006
0.10162486928706957	8.541370542995665
0.1018591388054117	8.532513718006314
0.102093948370768	8.523655870919692
0.10232929922807542	8.51479701037691
0.10256519262514076	8.50593714454545
0.10280162981264736	8.49707628111202
0.10303861204416162	8.488214427275333
0.10327614057613975	8.479351589738823
0.10351421666793438	8.470487774703297
0.10375284158180126	8.4616229878595
0.10399201658290592	8.452757234380611
0.10423174293933042	8.443890518914673
0.10447202192208001	8.435022845576942
0.10471285480508996	8.42615421794216
0.10495424286523224	8.41728463903676
0.1051961873823223	8.408414111330986
0.1054386896391259	8.399542636730938
0.10568175092136585	8.390670216570557
0.10592537251772889	8.381796851603495
0.10616955571987247	8.37292254199495
0.10641430182243161	8.364047287313376
0.10665961212302578	8.355171086522171
0.1069054879222658	8.346293937971215
0.10715193052376065	8.337415839388386
0.10739894123412448	8.328536787870965
0.1076465213629835	8.319656779876954
0.10789467222298288	8.310775811216342
0.1081433951297938	8.301893877042229
0.10839269140212036	8.29301097184195
0.10864256236170655	8.284127089428024
0.10889300933334335	8.27524222292908
0.10914403364487565	8.266354547611543
0.10939563662720939	8.257457610094548
0.1096478196143185	8.248559622577039
0.10990058394325211	8.239660599613883
0.11015393095414151	8.230760555366897
0.11040786199020733	8.221859503598502
0.11066237839776664	8.212957457665254
0.11091748152624012	8.204054430511368
0.11117317272815914	8.19515043466212
0.11142945335917301	8.186245482217236
0.11168632477805612	8.177339584844175
0.11194378834671516	8.16843275377137
0.11220184543019636	8.159524999781388
0.11246049739669266	8.150616333204022
0.11271974561755105	8.14170676390932
0.11297959146727979	8.132796301300552
0.11324003632355571	8.12388495430708
0.11350108156723152	8.114972731377192
0.1137627285823431	8.10605964047084
0.11402497875611688	8.09714568905232
0.11428783347897718	8.088230884082865
0.11455129414455358	8.079315232013187
0.1148153621496883	8.070398738775925
0.11508003889444356	8.061481409778033
0.11534532578210924	8.052563249893076
0.11561122421920987	8.04364426345348
0.11587773561551262	8.034724454242673
0.11614486138403426	8.025803825487177
0.11641260294104915	8.016882379848594
0.11668096170609624	8.007960119415554
0.11694993910198712	7.999037045695536
0.11721953655481303	7.990113159606658
0.11748975549395298	7.981188461469342
0.11776059735208072	7.972262950997941
0.11803206356517298	7.963336627292248
0.11830415557251646	7.954409488828953
0.118576874816716	7.945481533453
0.11885022274370183	7.936552758368854
0.11912420080273747	7.927623160131708
0.1193988104464273	7.918692734638594
0.11967405313072434	7.909761477119396
0.11994993031493788	7.900829382127791
0.12022644346174129	7.891896443532107
0.12050359403717974	7.882962654506086
0.120781383510678	7.874028007519547
0.12105981335504823	7.8650924943289935
0.12133888504649772	7.856156105968085
0.12161860006463679	7.847218832738077
0.12189895989248664	7.8382806641981
0.12217996601648717	7.829341589155409
0.12246161992650487	7.8203992596326275
0.12274392311584072	7.811445377525052
0.12302687708123815	7.8024904978834755
0.1233104833228909	7.793534637587881
0.12359474334445104	7.784577813150145
0.1238796586530369	7.775620040707881
0.1241652307592411	7.766661336018212
0.1244514611771385	7.757701714451487
0.12473835142429429	7.748741190984919
0.125025903021772	7.739779780196187
0.1253141174941416	7.730817496256933
0.1256029963694875	7.72185435292624
0.12589254117941673	7.7128903635440045
0.12618275345906707	7.7039255410242635
0.12647363474711512	7.694959897848453
0.12676518658578456	7.685993446058588
0.12705741052085415	7.6770261972503935
0.12735030810166617	7.668058162566347
0.12764388088113438	7.659089352688662
0.12793813041575247	7.650119777832204
0.12823305826560213	7.641149447737329
0.12852866599436155	7.632178371662655
0.1288249551693134	7.6232065583777615
0.12912192736135342	7.614234016155816
0.1294195841449986	7.605260752766132
0.12971792709839558	7.5962867754666386
0.13001695780332903	7.587312090996309
0.13031667784522993	7.578336705567465
0.13061708881318415	7.56936062485806
0.1309181922999407	7.560383854003842
0.13121998990192033	7.551406397590465
0.13152248321922383	7.542428259645518
0.1318256738556407	7.533449443630472
0.1321295634186575	7.524469952432551
0.13243415351946647	7.515489788356527
0.13273944577297395	7.50650895311643
0.1330454417978091	7.497527447827172
0.1333521432163324	7.488545272996118
0.13365955165464422	7.479562428514531
0.1339676687425935	7.470578913648974
0.1342764961137864	7.461594727032609
0.13458603540559483	7.4526098666564184
0.13489628825916536	7.4436243298603255
0.13520725631942773	7.434638113324272
0.1355189412351036	7.425651213059151
0.1358313446587154	7.416663624397708
0.136144468246595	7.407675341985313
0.13645831365889247	7.398686359770673
0.13677288255958492	7.389696670996438
0.13708817661648537	7.380706268189727
0.13740419750125152	7.371712778204435
0.13772094688939465	7.362707804137619
0.1380384264602885	7.353702035733453
0.1383566378971781	7.344695494126305
0.13867558288718884	7.335688200125691
0.13899526312133534	7.3266801742104875
0.13931568029453031	7.317671436523062
0.13963683610559377	7.308662006863373
0.13995873225726183	7.299651904682976
0.14028137045619582	7.290641149078998
0.1406047524129914	7.28162975878802
0.14092887984218747	7.272617752179927
0.14125375446227545	7.263605147251684
0.14157937799570816	7.2545919616210295
0.14190575216890922	7.245578212520137
0.142232878712282	7.236563916789196
0.14256075936021884	7.227549090869924
0.1428893958511103	7.218533750799014
0.14321878992735435	7.209517912201532
0.1435489433353656	7.200501590284228
0.14387985782558455	7.191484799828784
0.14421153515248689	7.182467555185009
0.14454397707459277	7.173449870263943
0.14487718535447616	7.1644317585309105
0.14521116175877424	7.155413232998488
0.14554590805819662	7.1463943062194275
0.14588142602753484	7.13737499027947
0.14621771744567183	7.128355296790133
0.14655478409559117	7.119335236881382
0.1468926277643867	7.110314821194266
0.1472312502432719	7.1012940598734575
0.14757065332758945	7.09227296255973
0.14791083881682077	7.083251538382342
0.14825180851459538	7.074229795951393
0.1485935642287007	7.065207743350033
0.14893610777109154	7.0561853881266545
0.14927944095789963	7.0471627372869925
0.14962356560944334	7.038139797286127
0.1499684835502373	7.02911657402044
0.15031419660900225	7.020093072819449
0.15066070661867417	7.0110692984376195
0.15100801541641484	7.002045255046037
0.1513561248436208	6.993020946224049
0.1517050367459337	6.983996374950789
0.15205475297324955	6.97497154359664
0.15240527537972914	6.965946453914602
0.15275660582380723	6.95692110703158
0.15310874616820302	6.947895503439597
0.15346169827992942	6.938869642986912
0.1538154640303035	6.9298435248690415
0.15417004529495593	6.92081468737782
0.1545254439538414	6.911774402418964
0.1548816618912481	6.902733797721631
0.15523870099580825	6.893692902616899
0.15559656316050743	6.884651746194147
0.15595525028269538	6.8756103572959155
0.15631476426409538	6.866568764512806
0.15667510701081494	6.8575269961782475
0.15703628043335524	6.8484850803632575
0.15739828644662196	6.83944304487113
0.15776112696993486	6.830400917232064
0.15812480392703834	6.821358724697737
0.15848931924611134	6.812316494235842
0.15885467485977792	6.803274252524519
0.159220872705117	6.794232025946792
0.15958791472367329	6.785189840584887
0.15995580286146688	6.776147722214533
0.16032453906900418	6.767105696299186
0.1606941253012877	6.758063787984193
0.16106456351782708	6.7490220220908945
0.16143585568264862	6.739980423110684
0.16180800376430657	6.730939015198963
0.16218100973589297	6.7218978221691
0.16255487557504839	6.712856867486244
0.16292960326397224	6.703816174261165
0.16330519478943342	6.694775765243952
0.16368165214278085	6.685735662817688
0.16405897731995392	6.676695888992062
0.16443717232149316	6.667656465396895
0.1648162391525508	6.658617413275607
0.1651961798229015	6.649578753478639
0.1655769963469528	6.6405405064567695
0.16595869074375605	6.631502692254389
0.16634126503701693	6.622465330502712
0.16672472125510626	6.613428440412893
0.16710906143107074	6.604392040769101
0.16749428760264373	6.595356149921502
0.16788040181225602	6.586320785779186
0.16826740610704674	6.577285965803024
0.16865530253887412	6.568251706998432
0.16904409316432642	6.5592180259080894
0.16943378004473283	6.550184938604563
0.16982436524617442	6.541152460682873
0.17021585083949506	6.532120607252979
0.17060823890031235	6.523089392932189
0.17100153150902875	6.514058831837485
0.17139573075084252	6.505028937577794
0.17179083871575881	6.495999723246164
0.1721868574986007	6.486971201411873
0.17258378919902034	6.477943384112443
0.17298163592151014	6.468914451962014
0.17338039977541378	6.459877922153995
0.17378008287493754	6.450842088306041
0.17418068733916142	6.441806984684946
0.17458221529205037	6.432772645324886
0.1749846688624657	6.423739104022256
0.1753880501841761	6.4147063943304286
0.17579236139586926	6.4056745495544565
0.1761976046411629	6.396643602745739
0.17660378206861643	6.387613586696606
0.17701089583174212	6.378584533934857
0.17741894808901656	6.369556476718247
0.1778279410038923	6.360529447028902
0.17823787674480895	6.351503476567679
0.17864875748520506	6.3424785967484825
0.17906058540352943	6.333454838692485
0.17947336268325265	6.324432233222326
0.1798870915128788	6.315410810856228
0.1803017740859569	6.306390601802052
0.1807174126010927	6.2973716359513
0.18113400926196024	6.2883539428730435
0.18155156627731356	6.279337551807799
0.18197008586099836	6.270322491661335
0.18238957023196378	6.261308790998411
0.1828100216142743	6.252296478036453
0.18323144223712115	6.243285580639182
0.18365383433483465	6.234276126310139
0.18407720014689558	6.225268142186178
0.18450154191794738	6.216261655030872
0.18492686189780783	6.207256691227866
0.18535316234148114	6.198253276774147
0.18578044550916986	6.189251437273254
0.18620871366628675	6.180251197928413
0.186637969083467	6.171252583535609
0.18706821403658005	6.162255618476584
0.18749945080674188	6.15326032671176
0.18793168168032684	6.144266731773097
0.18836490894898006	6.135274856756869
0.18879913490962935	6.126284724316379
0.18923436186449755	6.117296356654588
0.18967059212111465	6.108309775516686
0.19010782799233	6.099325002182562
0.19054607179632474	6.090342057459232
0.1909853258566238	6.081360961673152
0.19142559250210858	6.072381734662499
0.19186687406702896	6.063404395769325
0.19230917289101584	6.054428963831681
0.1927524913190936	6.045455457175624
0.1931968317016924	6.036483893607165
0.19364219639466074	6.027514290404129
0.19408858775927784	6.0185454032019505
0.19453600816226624	6.009572775321461
0.19498445997580455	6.000602127861011
0.19543394557753943	5.991633492735206
0.195884467350599	5.9826669015228795
0.19633602768360464	5.973702385460724
0.1967886289706845	5.964739975436845
0.19724227361148533	5.955779701984258
0.19769696401118608	5.946821595274298
0.1981527025805098	5.937865685110001
0.19860949173573716	5.928912000919356
0.19906733389871864	5.919960571748558
0.19952623149688797	5.911011426255126
0.1999861869632744	5.902064592701005
0.20044720273651614	5.893120098945552
0.2009092812608728	5.884177972438493
0.20137242498623883	5.8752382402127585
0.20183663636815607	5.866300928877302
0.2023019178678272	5.857366064609797
0.20276827195212818	5.848433673149289
0.20323570109362218	5.839503779788757
0.2037042077705718	5.830576409367612
0.20417379446695297	5.82165158626411
0.20464446367246739	5.812729334387697
0.20511621788255657	5.8038096771712615
0.20558905959841414	5.794892637563334
0.20606299132700007	5.78597823802018
0.20653801558105292	5.777066500497834
0.20701413487910425	5.768157446444046
0.20749135174549097	5.759251096790147
0.2079696687103696	5.750347471942834
0.20844908830972886	5.741446591775879
0.20892961308540398	5.732548475621733
0.20941124558508925	5.723653142263093
0.20989398836235246	5.714760609924327
0.21037784397664752	5.705870896262854
0.21086281499332898	5.69698401836043
0.21134890398366465	5.688099992714343
0.2118361135248502	5.679218835228517
0.21232444620002192	5.670340561204548
0.21281390459827124	5.66146518533262
0.21330449131465762	5.652592721682372
0.21379620895022325	5.643723183693631
0.21428906011200585	5.6348565841670935
0.21478304741305343	5.625992935254887
0.21527817347243727	5.617132248451063
0.21577444091526668	5.6082745345819704
0.21627185237270202	5.599419803796569
0.21677041048196952	5.590568065556606
0.21727011788637443	5.581719328626744
0.2177709772353159	5.572871547491825
0.21827299118430013	5.564017445904647
0.2187761623949553	5.555166321185219
0.21928049353504486	5.546318206618842
0.21978598727848253	5.537473135124369
0.2202926463053456	5.5286311392474055
0.22080047330189004	5.519792251153424
0.22130947096056375	5.5109565026208225
0.22181964198002194	5.502123925033896
0.2223309890651403	5.493294549375747
0.22284351492703042	5.484468406221121
0.22335722228305316	5.475645525729176
0.223872113856834	5.466825937636141
0.22438819237827662	5.458009671247968
0.2249054605835781	5.449196755432832
0.22542392121524293	5.44038721861362
0.22594357702209775	5.431581088760298
0.22646443075930595	5.42277839338222
0.2269864851883822	5.41397915952037
0.22750974307720706	5.405183413739493
0.2280342072000418	5.396391182120188
0.22855988033754301	5.387602490250877
0.2290867652767773	5.378817363219728
0.2296148648112362	5.370035825606489
0.23014418174085083	5.361257901474225
0.2306747188720069	5.352483614360988
0.23120647901755947	5.343712987271398
0.23173946499684786	5.33494604266814
0.2322736796357107	5.326182802463376
0.23280912576650079	5.3174232880100725
0.23334580622810028	5.308667520093241
0.23388372386593548	5.299915518921095
0.2344228815319922	5.291167304116112
0.23496328208483072	5.282422894706011
0.23550492838960096	5.273682309114648
0.2360478233180577	5.264945565152804
0.23659196974857583	5.256212680008906
0.23713737056616552	5.247483670239628
0.23768402866248767	5.238758551760434
0.23823194693586902	5.2300373398359925
0.23878112829131776	5.221320049070526
0.23933157564053875	5.212606693398044
0.23988329190194904	5.203897286072503
0.24043628000069334	5.1951918396578485
0.24099054286865948	5.186490366017975
0.24154608344449405	5.1777928763065795
0.2421029046736178	5.1690993809569274
0.24266100950824154	5.160409889671498
0.24322040090738153	5.15172441141156
0.24378108183687525	5.143042954386618
0.2443430552693972	5.13436324256097
0.24490632418447456	5.125677183578613
0.24547089156850305	5.116995114188156
0.24603676041476275	5.108317069963202
0.24660393372343392	5.0996430860956465
0.24717241450161304	5.090973197388594
0.24774220576332856	5.082307438249208
0.24831331052955705	5.073645842681485
0.2488857318282391	5.064988444278958
0.24945947269429547	5.056335276217314
0.25003453616964316	5.047686371246949
0.2506109253032114	5.03904176168545
0.251188643150958	5.030401479409972
0.25176769277588557	5.0217655558495755
0.25234807724805747	5.013134021977458
0.2529297996446145	5.004506908303115
0.25351286304979076	4.995884244864433
0.25409727055493053	4.987266061219676
0.2546830252585041	4.978652386439425
0.2552701302661247	4.970043249098397
0.2558585886905646	4.961438677267224
0.25644840365177174	4.95283869850411
0.2570395782768864	4.944243339846435
0.25763211570025757	4.935652627802252
0.25822601906345966	4.927066588341713
0.2588212915153092	4.9184852468884035
0.2594179362118814	4.909908628310596
0.2600159563165272	4.9013367569124
0.2606153549998896	4.892769656424849
0.26121613543992067	4.884207349996881
0.2618183008218985	4.875649860186228
0.26242185433844417	4.867097208950232
0.26302679918953814	4.858549417636548
0.263633138582538	4.850006506973775
0.2642408757321946	4.841468497061984
0.2648500138606701	4.832935407363153
0.2654605561975539	4.8244072566915115
0.26607250597988097	4.8158840632037805
0.2666858664521479	4.8073658443893414
0.26730064086633115	4.798852617060269
0.2679168324819031	4.790344397341313
0.26853444456585074	4.781841200659735
0.26915348039269155	4.7733430417350915
0.26977394324449205	4.764849934568877
0.2703958364108843	4.756361892434099
0.2710191631890843	4.747878927864722
0.2716439268839082	4.739401052645044
0.2722701308077913	4.730928277798927
0.272897778280804	4.722460613578975
0.27352687263067127	4.713998069455547
0.27415741719278824	4.705538440618943
0.2747894153102397	4.697073884172894
0.2754228703338166	4.688614421359227
0.27605778562203465	4.680160087952055
0.27669416454115114	4.671710919298195
0.2773320104651841	4.663266950309505
0.27797132677592884	4.6548282154551766
0.2786121168629771	4.646394748753935
0.27925438412373377	4.637966583766167
0.2798981319634363	4.62954375358595
0.2805433637951713	4.6211262908330335
0.28119008303989407	4.6127142276446955
0.28183829312644537	4.60430759566757
0.2824879974915708	4.59590642604933
0.2831391995799379	4.587510749430351
0.2837919028441557	4.579120595935228
0.28444611074479154	4.570735995164265
0.285101826750391	4.562356976184827
0.28575905433749466	4.553983567522651
0.2864177969906581	4.54561579715303
0.28707805820246907	4.537253692491946
0.28773984147356696	4.5288972803870795
0.28840315031266056	4.520546587108755
0.2890679882365476	4.5122016383407875
0.28973435877013226	4.503862459171235
0.2904022654464451	4.495529074083058
0.2910717118066605	4.487201506944702
0.29174270140011677	4.47887978100056
0.29241523778433354	4.470563918861377
0.2930893245250321	4.462253942494511
0.2937649651961531	4.453949873214153
0.29444216337987617	4.445651731671406
0.29512092266663853	4.4373595378442925
0.29580124665515467	4.429073311027647
0.2964831389524342	4.420793069822938
0.29716660317380267	4.412518832127943
0.29785164294291894	4.404250615126372
0.298538261891796	4.395988435277362
0.2992264636608189	4.387732308304869
0.29991625189876514	4.379482249186968
0.30060763026282306	4.371238272145053
0.3013006024186122	4.363000390632902
0.3019951720402016	4.354768617325678
0.30269134281013055	4.346542964108793
0.30338911841942706	4.338323442066677
0.3040885025676279	4.330110061471436
0.3047894989627983	4.3219028317714
0.3054921113215513	4.313701761579561
0.3061963433690677	4.305506858661901
0.30690219883911574	4.297318129925613
0.3076096814740708	4.289133082231284
0.3083187950249354	4.280942856684994
0.30902954325135906	4.272758764236094
0.309741929921658	4.264580841594042
0.31045595881283555	4.256409125013241
0.31117163371060175	4.248243650285054
0.3118889584093937	4.240084452729699
0.3126079367123955	4.231931567188102
0.31332857243155854	4.223785028013635
0.3140508693876217	4.215644869063786
0.3147748314101316	4.207511123691745
0.31550046233746265	4.199383824737895
0.31622776601683794	4.191263004521233
0.3169567463043491	4.1831486948306855
0.31768740706497706	4.1750409269163535
0.3184197521726125	4.166939731480659
0.31915378551007617	4.158845138669413
0.3198895109691398	4.150757178062779
0.3206269324505466	4.142675878666158
0.3213660538640317	4.134601268900986
0.32210687912834346	4.126533376595425
0.32284941217126356	4.118472228974976
0.32359365692962827	4.110417852652984
0.32433961734934924	4.102370273621071
0.3250872973854344	4.094329517239453
0.3258367010020088	4.086295608227166
0.32658783217233583	4.078268570652204
0.3273406948788382	4.070248427921554
0.328095293113119	4.062235202771134
0.32885163087598307	4.0542289172556325
0.32960971217745777	4.046229592738242
0.3303695410368148	4.038237249880301
0.3311311214825911	4.0302519086308335
0.3318944575526104	4.022273588215983
0.33265955329400454	4.014302307128336
0.333426412763235	4.006338083116166
0.3341950400261143	3.99838093317254
0.33496543915782767	3.9904308735243474
0.3357376142429547	3.9824879196212035
0.33651156937549076	3.9745520861242563
0.3372873086588689	3.9666233868948826
0.3380648362059816	3.958701834983272
0.33884415613920255	3.950787442616899
0.3396252725904084	3.942880221188895
0.3404081897010009	3.934980181246295
0.34119291162192855	3.927087332478178
0.3419794425137089	3.9192016837036987
0.3427677865464504	3.9113232428599853
0.34355794789987465	3.903452016989948
0.34434993076333853	3.8955880122299518
0.3451437393358563	3.887728278167566
0.345939377826122	3.87986233609558
0.34673685045253166	3.872003561119902
0.34753616144320587	3.8641519950751757
0.34833731503601184	3.8563076793753055
0.34914031547858615	3.848470655005706
0.3499451670283573	3.8406409625154665
0.350751873952568	3.832818642009448
0.35156044052829816	3.8250037331402797
0.35237087104248715	3.8171962751002932
0.353183169791957	3.8093963066133587
0.3539973410834347	3.801603865926652
0.35481338923357547	3.7938189908023254
0.3556313185689854	3.786041718509098
0.3564511334262443	3.7782720858137733
0.35727283815192895	3.7705101289726426
0.35809643710263606	3.762755883722834
0.35892193464500527	3.7550093852735498
0.35974933515574237	3.7472706682972254
0.36057864302164244	3.739539766920608
0.36140986263961333	3.7318167147157237
0.36224299841669866	3.7241015446907704
0.3630780547701014	3.7163942892809256
0.36391503612720716	3.7086949803390366
0.36475394692560786	3.7010036491262484
0.36559479161312497	3.693801718309896
0.36643757464783333	3.6869106971808128
0.3672823004980847	3.680027390934704
0.3681289736425315	3.6731518043973805
0.3689775985701504	3.666283941501043
0.3698281797802663	3.659423805272184
0.37068072178257605	3.652571397819387
0.37153522909717257	3.6457267203209933
0.3723917062545686	3.6388897730126764
0.3732501577957206	3.6320605551748693
0.3741105882720534	3.625239065120097
0.3749730022454836	3.6184253001801805
0.3758374042884442	3.611619256693318
0.37670379898390893	3.6048209299910425
0.377572190925416	3.5980303143850776
0.37844258471709324	3.5912474031540285
0.3793149849736819	3.5844721885299955
0.38018939632056115	3.5777046616850305
0.381065823393773	3.5709448127174723
0.3819442708400465	3.5641926306381664
0.38282474331682265	3.5574481033565424
0.38370724549227875	3.550711217666566
0.38459178204535355	3.543981959232565
0.38547835766577176	3.5372603125749174
0.38636697705406914	3.5305462610556058
0.3872576449216172	3.5238363380409825
0.3881503659906482	3.517118292288712
0.38904514499428056	3.510407706648967
0.3899419866765434	3.5037046057359333
0.390840895792402	3.497009013571994
0.3917418771077831	3.490320953578643
0.3926449353995998	3.483640448567308
0.3935500754557774	3.4769675207300743
0.3944573020752784	3.4703021916303265
0.3953666200681279	3.463644482193299
0.39627803425543945	3.456994412696525
0.3971915494694403	3.450352002760202
0.3981071705534972	3.4437172713374578
0.39902490236214205	3.437090236704524
0.39994474976109745	3.4304709164508105
0.4008667176273028	3.4238593274688935
0.4017908108489399	3.4172554859443904
0.4027170343254591	3.4106594073457477
0.40364539296760493	3.4040711064139355
0.4045758916974427	3.39749059715202
0.40550853544838383	3.3909178928146666
0.40644332916521275	3.3843530058975126
0.40738027780411273	3.3777959481264554
0.4083193863326921	3.371246730446834
0.40926065973001086	3.3647053630125017
0.4102041029866068	3.358171855174804
0.41114972110452225	3.3516462154714355
0.4120975190973302	3.345128451615209
0.4130475019901614	3.3386185704827023
0.41399967481973043	3.3321165781028017
0.4149540426343629	3.325622479645143
0.41591061049402206	3.3191362794084287
0.4168693834703354	3.3126579808086487
0.41783036664662176	3.306187586367179
0.4187935651179184	3.2997250976987713
0.41975898399100753	3.29327051549943
0.4207266283844441	3.286823839534176
0.4216965034285822	3.280385068624685
0.422668614265603	3.2739542006368207
0.4236429660495411	3.2675312324680514
0.4246195639463129	3.2611161600347347
0.4255984131337431	3.254708978259296
0.42657951880159267	3.248309681057282
0.4275628861515862	3.241918261324288
0.4285485203974395	3.2355347109227766
0.4295364267648873	3.229159020668754
0.43052661049171065	3.222791180318337
0.43151907682776525	3.21643117855419
0.43251383103500873	3.210079002971833
0.4335108783875289	3.2037346400658246
0.43451022417157154	3.1973940238180036
0.4355118736855686	3.1910427690289254
0.436515832240166	3.1846991880083304
0.4375221051582521	3.1783633167818914
0.4385306977749857	3.172035190956095
0.4395416154378245	3.165714845710882
0.4405548635065533	3.1594023157922266
0.4415704473533125	3.1530976355046323
0.44258837236262655	3.146800838703552
0.44360864393143257	3.140511958787734
0.4446312674691087	3.134231028691493
0.4456562483975033	3.127958080876892
0.44668359215096315	3.121693147325864
0.44771330417636257	3.1154362595322382
0.4487453899331322	3.1091874484936928
0.449779854893288	3.1029467447036296
0.45081670454146017	3.096714178142963
0.4518559443749224	3.090489778271831
0.4528975799036208	3.084273574021218
0.4539416166502032	3.078065593784502
0.4549880601500486	3.071865865408912
0.4560369159512962	3.0656744161869027
0.4570881896148751	3.0594912728474437
0.4581418867145335	3.0533164615472206
0.4591980128368686	3.0471500078617577
0.4602565735813561	3.0409919367764386
0.4613175745603794	3.0348422726774515
0.46238102139926035	3.0287010393426392
0.46344691973628804	3.022568259932263
0.46451527522274944	3.016443956979669
0.465586093522959	3.010328152381873
0.46665938031428866	3.004220867390045
0.46773514128719823	2.9981221225999057
0.46881338214526524	2.992031937942028
0.46989410860521547	2.9859503326720445
0.47097732639695294	2.979877325360756
0.47206304126359055	2.9738129338841537
0.4731512589614805	2.967757175413331
0.4742419852602447	2.9617100664043114
0.47533522594280536	2.955671622587771
0.47643098680541573	2.9496418589586546
0.47752927365769093	2.943620789765714
0.4786300923226384	2.937608428500919
0.47973344863668915	2.931604787888786
0.4808393484497286	2.925609879875591
0.4819477976251274	2.9196237156184925
0.4830588020397727	2.9136463054745407
0.48417236758409943	2.9076776589895768
0.4852885001621211	2.901717784887046
0.4864072056914617	2.8957666910566813
0.4875284901033864	2.8898229506040973
0.48865235934283363	2.8838814838392923
0.48977881936844625	2.8779487834621387
0.4909078761526032	2.872024873051694
0.492039535681451	2.8661097755615903
0.49317380395493593	2.8602035133106307
0.4943106869868355	2.8543061079733008
0.4954501908047903	2.8484175805701843
0.49659232145033616	2.842537951458288
0.49773708497893604	2.836667240321266
0.4988844874600123	2.8308054661595583
0.5000345349769786	2.8249526472804263
0.5011872336272724	2.8191088012878947
0.5023425895223872	2.813273945072596
0.5035006087879049	2.807448094801519
0.5046612975635284	2.8016312659076528
0.505824662003114	2.7958234730795346
0.5069907082747043	2.7900247302506993
0.5081594425605604	2.7842350505890225
0.5093308710571953	2.778454446485967
0.5105049999754062	2.7726829295457183
0.5116818355403077	2.7669205105742254
0.5128613839913648	2.7611671995681295
0.514043651582426	2.7554230057035927
0.5152286445817564	2.74968793732501
0.5164163692720709	2.7439620019336317
0.5176068319505677	2.7382452061760576
0.5188000389289611	2.732537555832638
0.5199959965335159	2.726839055805752
0.5211947111050804	2.7211497101079845
0.5223961889991198	2.7154695218501868
0.5236004365857502	2.709798493229424
0.5248074602497725	2.7041366255168064
0.5260172663907061	2.6984839190452177
0.5272298614228227	2.692840373196909
0.5284452517751804	2.6872059863909943
0.5296634438916578	2.6815807560708165
0.5308844442309884	2.6759646786911966
0.5321082592667942	2.6703577497055715
0.5333348954876209	2.6647599635529975
0.5345643593969717	2.6591713136450483
0.5357966575133416	2.6535917923525765
0.5370317963702527	2.6480213909923602
0.5382697825162883	2.6424600998136163
0.5395106225151276	2.636907907984406
0.5407543229455808	2.6313648035778914
0.5420008904016238	2.6258307735584774
0.5432503314924332	2.6203058037678253
0.5445026528424212	2.614789878910734
0.5457578610912709	2.6092829825408876
0.5470159628939716	2.6037830355986706
0.5482769649208538	2.5982827077734294
0.5495408738576245	2.592791305413832
0.5508076964054034	2.5873088348389808
0.5520774392807574	2.581835301526665
0.5533501092157367	2.5763707101019975
0.5546257129579107	2.5709150643259377
0.5559042572704036	2.5654683670837084
0.5571857489319298	2.5600306203731082
0.5584701947368308	2.5546018252927016
0.5597576014951101	2.549181982029913
0.5610479760324705	2.5437710898489927
0.5623413251903491	2.538369147078884
0.5636376558259545	2.532976151100969
0.5649369748123025	2.527592098336697
0.5662392890382533	2.5222169842351048
0.5675446054085471	2.51685080326021
0.5688529308438415	2.511493548878302
0.5701642722807475	2.5061452135450937
0.571478636671867	2.50080578869277
0.5727960309858292	2.495475264716909
0.5741164622073276	2.4901536309632815
0.5754399373371569	2.4848408757145317
0.5767664633922508	2.479536986176722
0.5780960474057181	2.4742419484657763
0.5794286964268811	2.4689557475937676
0.580764417521312	2.4636783674551084
0.5821032177708715	2.4584097908125884
0.5834451042737447	2.4531499992833026
0.5847900841444807	2.447898973324435
0.5861381645140288	2.4426566922189235
0.5874893525297767	2.43742313406098
0.588843655355589	2.4321982757414897
0.5902010801718444	2.4269820929332697
0.591561634175474	2.421774560076191
0.5929253245799998	2.416575650362168
0.5942921586155727	2.4113853357200106
0.5956621435290105	2.406203586800135
0.5970352865838369	2.401030372959131
0.5984115950603197	2.395865662244205
0.5997910762555094	2.3907094213774553
0.6011737374832781	2.3855616157400297
0.6025595860743578	2.3804222093561203
0.6039486293763798	2.3752911648768245
0.6053408747539136	2.37016844356385
0.6067363295885054	2.365054005273084
0.6081350012787179	2.3599478084379966
0.6095368972401692	2.3548498100529103
0.610942024905572	2.349759965656112
0.6123503917247736	2.344678229312805
0.6137620051647943	2.339599651840528
0.6151768727098682	2.334506798811118
0.6165950018614822	2.329421796138171
0.618016400138416	2.3243446572468955
0.6194410750767815	2.3192753949126974
0.6208690342300636	2.3142140212519697
0.6223002851691596	2.3091605477127977
0.6237348354824193	2.3041149850655707
0.6251726927756859	2.2990773433935012
0.6266138646723355	2.294047632083064
0.628058358813318	2.2890258598143327
0.6295061828571976	2.2840120345512256
0.6309573444801934	2.2790061635316676
0.6324118513762195	2.274008253257648
0.633869711256927	2.269018309485188
0.6353309318517437	2.2640363372142125
0.6367955209079159	2.2590623406783252
0.6382634861905487	2.254096323334492
0.6397348354826482	2.2491382878526167
0.6412095765851616	2.2441882361050274
0.6426877173170197	2.2392461691558556
0.6441692655151774	2.2343120872503235
0.6456542290346556	2.2293859898039274
0.6471426157485832	2.2244678753915146
0.6486344335482385	2.2195577417362613
0.6501296903430908	2.2146555856985506
0.6516283940608427	2.209761403264741
0.6531305526474724	2.2048751895358296
0.654636174067275	2.1999969387160143
0.6561452663029055	2.1951266441011437
0.6576578373554206	2.1902642980670617
0.6591738952443215	2.1854098920578457
0.6606934480075961	2.1805634165739294
0.662216503701762	2.1757248611601194
0.6637430704019089	2.1708942143935017
0.6652731562017414	2.1660714638712326
0.6668067692136223	2.1612565961982164
0.6683439175686147	2.1564495969746726
0.6698846094165265	2.151650450783582
0.6714288529259524	2.1468591411780285
0.6729766562843179	2.1420756506684078
0.6745280276979221	2.137299960709531
0.6760829753919819	2.1325320516876025
0.6776415076106752	2.1277719029070856
0.6792036326171846	2.1230194925774346
0.6807693586937414	2.1182747977997227
0.6823386941416696	2.1135377945531273
0.6839116472814293	2.1088084576813086
0.6854882264526615	2.1040867608786566
0.6870684400142321	2.0993726766764085
0.688652296344276	2.09466224114312
0.6902398038402419	2.089941466817168
0.6918309709189364	2.0852281265466175
0.6934258060165691	2.080522240594688
0.6950243175887968	2.075823828721368
0.6966265141107687	2.0711329101758023
0.6982324040771714	2.066449503688606
0.6998419960022735	2.0617736274641056
0.7014552984199712	2.057105299172508
0.7030723198838335	2.0524445359419814
0.7046930689671469	2.0477913543506685
0.7063175542629619	2.0431457704186227
0.7079457843841379	2.0385077995996594
0.7095777679633888	2.0338774567731344
0.711213513653329	2.0292547562356424
0.7128530301265195	2.024639711692629
0.7144963260755133	2.020032336249929
0.716143410212902	2.015432642405222
0.7177942912713617	2.0108406420394
0.7194489780036994	2.0062563464078624
0.7211074791828996	2.0016797661317143
0.7227698036021702	1.9971109111888936
0.72443596007499	1.9925497909052035
0.7261059574351547	1.987996413945264
0.727779804536824	1.9834507883033765
0.7294575102545687	1.9789129212942997
0.7311390834834174	1.9743828195439395
0.732824533138904	1.9698604889799487
0.734513868157115	1.965345934822237
0.7362070974947361	1.960839161573398
0.737904230129101	1.9563401730090302
0.7396052750582378	1.9518489721679841
0.7413102413009175	1.9473655613425045
0.7430191378967014	1.9428899420682857
0.744731973905989	1.9384221151144292
0.7464487584100665	1.9339620804733133
0.7481695005111544	1.9295098373503572
0.7498942093324559	1.9250653841537
0.7516228940182055	1.920628718483773
0.7533555637337174	1.9161998371227829
0.7550922276654339	1.9117787360240874
0.7568328950209744	1.9073654103014837
0.7585775750291838	1.9029598542183812
0.7603262769401818	1.8985620611768874
0.762079010025412	1.8941720237067854
0.7638357835776907	1.8897897334544065
0.7655966069112563	1.8854151811714075
0.7673614893618189	1.8810483567034335
0.7691304402866096	1.876689248978685
0.7709034690644301	1.872337845996372
0.7726805850957024	1.8679921746741728
0.7744617978025188	1.8636452689135912
0.7762471166286917	1.8593059818622386
0.7780365510398041	1.8549743238486138
0.7798301105232588	1.8506503045771148
0.7816278045883297	1.8463339331193436
0.7834296427662119	1.8420252179053413
0.7852356346100718	1.837724166714727
0.7870457896950986	1.8334307866677595
0.7888601176185545	1.829145084216313
0.7906786279998251	1.824867065134765
0.7925013304804718	1.820596734510798
0.7943282347242815	1.816334096736117
0.7961593504173188	1.8120791554970743
0.7979946872679766	1.8078319137652108
0.7998342550070284	1.8035923737877024
0.8016780633876791	1.799360537077722
0.8035261221856173	1.7951364044047042
0.8053784411990667	1.7909199757845256
0.8072350302488382	1.7867112504695861
0.8090958991783823	1.7825102269388025
0.8109610578538409	1.7783169028875032
0.8128305161640993	1.774131275217234
0.8147042840208396	1.7699533400254606
0.8165823713585925	1.7657830925951832
0.81846478813479	1.7616205273844494
0.8203515443298183	1.75746563801577
0.8222426499470712	1.753318417265436
0.8241381150130024	1.749178857052737
0.8260379495771788	1.7450469484290794
0.8279421637123342	1.740922681567003
0.8298507675144225	1.7368060457490937
0.8317637711026711	1.7326970293568007
0.8336811846196344	1.7285956198591392
0.835603018231248	1.7245018038012994
0.8375292821268826	1.7204155667931407
0.8394599865193975	1.7163368934975909
0.8413951416451951	1.7122657676189257
0.8433347577642755	1.7082021718909515
0.84527884516029	1.7041460880650716
0.8472274141405965	1.7000974968982487
0.8491804750363139	1.6960563781408529
0.8511380382023765	1.692022710524398
0.8531001140175896	1.68799647174917
0.8550667128846834	1.6839776384717393
0.8570378452303697	1.6799661862923572
0.8590135215053958	1.67596208974224
0.8609937521846007	1.6719653222707374
0.8629785477669704	1.6679758562323814
0.8649679187756933	1.663993662873821
0.8669618757582167	1.6600153772667317
0.8689604292863019	1.656029139672357
0.8709635899560808	1.6520500062765302
0.8729713683881117	1.6480779882756738
0.8749837752274362	1.6441130963108912
0.8770008211436349	1.640155340460139
0.8790225168308845	1.6362047302303278
0.8810488730080143	1.6322612745493479
0.8830799004185629	1.6283249817580152
0.8851156098308356	1.6243958596019439
0.887156012037961	1.6204739152233396
0.8892011178579485	1.6165591551527136
0.8912509381337457	1.6126515853005232
0.8933054837332954	1.6087512109487236
0.895364765549594	1.6048580367422505
0.8974287945007486	1.6009720666804113
0.8994975815300353	1.597093304108204
0.9015711376059571	1.5932217517075467
0.9036494737223016	1.5893574114884292
0.9057326008982003	1.5855002847799795
0.9078205301781859	1.5816503722214452
0.9099132726322517	1.5778076737530908
0.9120108393559097	1.5739721886070102
0.9141132414702502	1.570143915297851
0.9162204901219997	1.5663228516134555
0.9183325964835808	1.5625089946054083
0.9204495717531712	1.5587023405795009
0.9225714271547631	1.5549028850861053
0.9246981739382225	1.5511106229104556
0.9268298233793492	1.547325548062842
0.9289663867799363	1.5435476537687127
0.9311078754678302	1.5397769324586834
0.933254300796991	1.5360133757584515
0.9354056741475518	1.5322569744786236
0.9375620069258802	1.5285077186044396
0.9397233105646378	1.524765597285409
0.9418895965228413	1.521030598824849
0.9440608762859233	1.5173027106693215
0.946237161365793	1.5135819193979823
0.9484184633008971	1.5098682107118209
0.9506047936562815	1.5061615694228112
0.9527961640236519	1.5024619794429546
0.9549925860214359	1.4987694237732272
0.9571940712948444	1.4950838844924221
0.9594006315159331	1.4914053427458942
0.9616122783836646	1.4877337787341964
0.9638290236239705	1.4840691717016152
0.9660508789898133	1.4804114999245985
0.9682778562612491	1.476760740700084
0.9705099672454897	1.4731168703337123
0.9727472237769651	1.469476817352183
0.9749896377173869	1.4658297497743464
0.9772372209558107	1.4621894249840068
0.9794899854086988	1.4585558558682448
0.9817479430199844	1.454929054828439
0.9840111057611337	1.4513090337732841
0.9862794856312105	1.4476958041117307
0.9885530946569389	1.4440893767458698
0.9908319448927676	1.4404897620637387
0.9931160484209338	1.436896969932063
0.995405417351527	1.4333110096889292
0.9977000638225533	1.4297318901363845
1.	1.4261596195329658
1.0023052380778998	1.4225942055861613
1.0046157902783952	1.4190356554447967
1.0069316688518044	1.415483975691347
1.0092528860766845	1.411939172334182
1.0115794542598988	1.4084012507997303
1.0139113857366795	1.4048702159245743
1.016248692870696	1.4013460719474669
1.0185913880541169	1.3978288225012763
1.0209394837076802	1.3943184706048484
1.023292992280754	1.3908150186548018
1.0256519262514079	1.3873184684172342
1.0280162981264735	1.3838288210193614
1.0303861204416165	1.3803460769410674
1.0327614057613974	1.3768702360063854
1.0351421666793441	1.3734012973748866
1.0375284158180127	1.3699392595330033
1.0399201658290596	1.3664841202852553
1.0423174293933042	1.3630358767454078
1.0447202192208003	1.359594525327533
1.0471285480508996	1.356160061737002
1.0495424286523225	1.3527324809613832
1.051961873823223	1.3493117772612586
1.0543868963912593	1.3458979441609553
1.0568175092136585	1.3424909744391926
1.0592537251772887	1.3390908601196356
1.0616955571987248	1.335697592461369
1.064143018224316	1.3323111619492802
1.066596121230258	1.3289315582843484
1.0690548792226577	1.3255587703738536
1.0715193052376064	1.3221927863214837
1.0739894123412446	1.3188335934173623
1.076465213629835	1.3154811781279727
1.0789467222298286	1.3121355260860006
1.081433951297938	1.308796622080073
1.0839269140212033	1.305464450044413
1.0864256236170655	1.3021389930483882
1.0889300933334332	1.2988202332859762
1.0914403364487566	1.295505731269176
1.0939563662720937	1.2921868813585822
1.096478196143185	1.2888746151440804
1.0990058394325208	1.2855689435221114
1.101539309541415	1.2822698769093668
1.104078619902073	1.2789774252360009
1.1066237839776665	1.2756915979387593
1.1091748152624008	1.2724124039540545
1.1117317272815914	1.2691398517109627
1.1142945335917298	1.2658739491241675
1.1168632477805611	1.262614703586826
1.1194378834671515	1.259362121963371
1.1220184543019636	1.2561162105822423
1.1246049739669264	1.2528769752285531
1.1271974561755105	1.2496444211366813
1.1297959146727976	1.2464185529827967
1.1324003632355573	1.2431993748773074
1.1350108156723149	1.239986890357252
1.137627285823431	1.2367811023785953
1.1402497875611686	1.2335820133084792
1.1428783347897717	1.2303896249173736
1.1455129414455354	1.227203938371176
1.1481536214968828	1.2240249542232187
1.1508003889444356	1.2208526724062174
1.1534532578210923	1.2176870922241279
1.1561122421920986	1.2145282123439405
1.1587773561551262	1.2113760307873858
1.1614486138403426	1.2082305449225756
1.1641260294104914	1.2050917514555508
1.1668096170609623	1.2019596464217652
1.1694993910198712	1.1988342251774766
1.1721953655481303	1.1957154823910716
1.1748975549395297	1.192603412034293
1.1776059735208073	1.189498007373405
1.1803206356517297	1.186399260960257
1.1830415557251646	1.1833071646232813
1.1857687481671602	1.1802217094583942
1.1885022274370183	1.1771428858198236
1.1912420080273751	1.1740706833108427
1.193988104464273	1.171005090774427
1.1967405313072437	1.167946096283815
1.1994993031493788	1.164893687132995
1.2022644346174132	1.1618478498270879
1.2050359403717974	1.1588085700726602
1.2078138351067804	1.15577583276793
1.2105981335504823	1.1527496219928985
1.2133888504649775	1.1497299209993792
1.2161860006463678	1.1467167122009458
1.2189895989248667	1.143709977162778
1.2217996601648717	1.1407096965914254
1.2246161992650488	1.137713748361738
1.2274392311584073	1.1347146562152115
1.2302687708123818	1.13172190785155
1.233104833228909	1.1287355084942623
1.2359474334445106	1.125755462846174
1.238796586530369	1.1227817750823799
1.2416523075924113	1.11981444884312
1.244514611771385	1.1168534872266034
1.2473835142429432	1.1138988927817448
1.2502590302177201	1.1109506675008518
1.2531411749414163	1.108008812812228
1.2560299636948749	1.1050733295727184
1.2589254117941675	1.1021442180601724
1.2618275345906707	1.0992214779658516
1.2647363474711515	1.096305108386748
1.2676518658578455	1.0933951078178483
1.270574105208542	1.090491474144311
1.2735030810166617	1.0875942046335818
1.276438808811344	1.0847032959274252
1.2793813041575246	1.081818744033892
1.2823305826560218	1.0789405443192026
1.2852866599436155	1.0760686914995623
1.2882495516931343	1.0732031796328951
1.2912192736135342	1.070344002110505
1.2941958414499863	1.0674911516486547
1.297179270983956	1.0646446202800732
1.3001695780332907	1.0618043993453787
1.3031667784522993	1.0589704794844268
1.3061708881318417	1.0561428506275718
1.309181922999407	1.0533215019868605
1.3121998990192034	1.0505064220471287
1.3152248321922384	1.0476975985570283
1.3182567385564075	1.0448950185199652
1.3212956341865751	1.042098668184958
1.324341535194665	1.0393085330374086
1.3273944577297394	1.036524597789793
1.3304544179780915	1.0337468463722619
1.333521432163324	1.0309752619231616
1.3365955165464425	1.0282098267794588
1.3396766874259352	1.0254505224670898
1.3427649611378643	1.0226973296912125
1.3458603540559484	1.0199502283263733
1.348962882591654	1.0172091974065833
1.3520725631942772	1.0144742151153077
1.3551894123510364	1.011745258775357
1.3583134465871542	1.0090223048386977
1.3614446824659503	1.0063053288761563
1.3645831365889245	1.003594305567046
1.3677288255958495	1.000889208688683
1.3708817661648536	0.998190011105825
1.3740419750125157	0.9954939085843376
1.3772094688939465	0.9927910256245773
1.3803842646028852	0.9900938921728973
1.383566378971781	0.9874025143909765
1.3867558288718889	0.9847168979894865
1.3899526312133532	0.9820370482219114
1.3931568029453036	0.9793629698782992
1.3963683610559376	0.9766946672789649
1.3995873225726185	0.9740321442681217
1.4028137045619582	0.9713754042074632
1.4060475241299144	0.9687244499696768
1.4092887984218747	0.9660792839319009
1.4125375446227548	0.9634399079691164
1.4157937799570817	0.96080632344748
1.4190575216890926	0.9581785312175902
1.4223287871228198	0.9555565316076959
1.425607593602188	0.9529403244168329
1.428893958511103	0.9503299089079049
1.432187899273543	0.947725283800695
1.435489433353656	0.9451264472648099
1.4387985782558452	0.9425333969125642
1.4421153515248688	0.9399461297917922
1.4454397707459272	0.9373646423785967
1.4487718535447618	0.9347889305700265
1.452111617587742	0.9322189896766931
1.455459080581966	0.9296548144153062
1.4588142602753482	0.9270963989011554
1.4621771744567182	0.9245437366405074
1.4655478409559113	0.9219968205229447
1.468926277643867	0.919455642813625
1.4723125024327186	0.9169201951454745
1.4757065332758947	0.9143904685113045
1.4791083881682072	0.9118664532558615
1.4825180851459536	0.9093481390677958
1.4859356422870067	0.9068355149715644
1.4893610777109154	0.9043285693192545
1.492794409578996	0.9018272897823325
1.4962356560944337	0.8993316633433183
1.4996848355023733	0.8968416762873849
1.5031419660900225	0.8943573141938749
1.5066070661867417	0.8918785619277494
1.5100801541641484	0.8894054036309467
1.513561248436208	0.8869378227136753
1.5170503674593367	0.8844758018456146
1.5205475297324955	0.8820193229470457
1.5240527537972914	0.8795683671798947
1.5275660582380723	0.8771229149387011
1.5310874616820302	0.8746829458414938
1.5346169827992941	0.8722484387205985
1.5381546403030348	0.8698193716133483
1.5417004529495593	0.8673933313805903
1.545254439538414	0.8649618162977317
1.5488166189124812	0.862535616404464
1.5523870099580825	0.8601147383689417
1.5559656316050743	0.8576991884608036
1.559552502826954	0.8552889725456515
1.5631476426409538	0.8528840960794805
1.5667510701081493	0.8504845641030515
1.5703628043335522	0.8480903812362164
1.5739828644662197	0.8457015516721809
1.5776112696993485	0.8433180791717223
1.5812480392703834	0.8409399670573446
1.5848931924611134	0.8385672182073837
1.5885467485977791	0.8361998350500532
1.59220872705117	0.8338378195574379
1.5958791472367329	0.8314811732394249
1.5995580286146687	0.8291298971375863
1.6032453906900417	0.8267839918189931
1.6069412530128773	0.8244434573699818
1.6106456351782708	0.8221082933898549
1.6143585568264862	0.819778498984528
1.6180800376430662	0.8174540727601108
1.6218100973589298	0.8151350128164367
1.6255487557504842	0.8128213167405219
1.6292960326397223	0.8105129815999745
1.6330519478943346	0.8082100039363316
1.6368165214278085	0.8059123797583425
1.6405897731995396	0.8036201045351842
1.6443717232149315	0.8013331731896185
1.6481623915255086	0.7990515800910792
1.651961798229015	0.7967753190487045
1.6557699634695284	0.794504383304293
1.6595869074375604	0.7922387655252079
1.6634126503701698	0.7899784577972032
1.6672472125510627	0.7877234516171937
1.6710906143107078	0.7854737378859509
1.6749428760264373	0.7832293069007377
1.6788040181225607	0.7809901483478692
1.6826740610704674	0.778756251295213
1.6865530253887415	0.7765276041846109
1.690440931643264	0.7743041948242413
1.6943378004473288	0.7720860103809029
1.6982436524617444	0.7698730373722356
1.7021585083949509	0.7676652616588616
1.7060823890031234	0.7654626684364649
1.710015315090288	0.7632652422277884
1.7139573075084253	0.7610729668745667
1.7179083871575884	0.758885825529379
1.721868574986007	0.756703800647433
1.725837891990204	0.7545268739782699
1.7298163592151015	0.7523532170680199
1.7338039977541384	0.7501763923540683
1.7378008287493754	0.7480045658514574
1.7418068733916146	0.7458377405546407
1.7458221529205038	0.7436759190460313
1.7498466886246573	0.7415191034904833
1.7538805018417611	0.7393672956297282
1.7579236139586931	0.7372204967767528
1.7619760464116292	0.7350787078101298
1.7660378206861649	0.7329419291682903
1.770108958317421	0.7308101608437457
1.7741894808901661	0.7286834023772534
1.7782794100389228	0.7265616528519306
1.78237876744809	0.7244449108873081
1.7864875748520508	0.7223331746333358
1.7906058540352947	0.7202264417643236
1.7947336268325265	0.7181247094728341
1.7988709151287883	0.7160279744635119
1.803017740859569	0.7139362329468604
1.8071741260109275	0.711849480632956
1.8113400926196026	0.7097677127251102
1.8155156627731361	0.7076909239134643
1.8197008586099834	0.7056191083685358
1.8238957023196385	0.7035522597346926
1.8281002161427427	0.70149037112358
1.832314422371212	0.6994334351074738
1.8365383433483464	0.6973814437125841
1.8407720014689564	0.6953343884122885
1.8450154191794736	0.6932922601203092
1.8492686189780787	0.6912550491838215
1.8535316234148114	0.6892227453765067
1.857804455091699	0.6871953378915314
1.8620871366628675	0.6851728153344736
1.8663796908346704	0.6831551657161733
1.8706821403658007	0.6811423764455269
1.8749945080674193	0.6791344343222083
1.8793168168032686	0.6771313255293305
1.883649089489801	0.6751330356260327
1.8879913490962936	0.6731395495400077
1.892343618644976	0.6711508515599546
1.8967059212111463	0.6691669253279695
1.9010782799233006	0.6671877538318585
1.9054607179632472	0.6652133193973913
1.9098532585662378	0.6632436036804753
1.914255925021086	0.6612785876592647
1.9186687406702891	0.6593182516261971
1.9230917289101586	0.6573625751799547
1.9275249131909356	0.6554115372173593
1.9319683170169242	0.6534651159251874
1.936421963946607	0.6515232887719176
1.9408858775927782	0.6495837409681728
1.9453600816226624	0.6476383209447678
1.9498445997580456	0.6456973712360718
1.9543394557753944	0.6437608969393559
1.95884467350599	0.6418289028169852
1.9633602768360463	0.6399013932918171
1.967886289706845	0.6379783724425427
1.9724227361148534	0.6360598439989961
1.976969640111861	0.6341458113374088
1.9815270258050979	0.632236277475627
1.9860949173573716	0.6303312450682785
1.9906733389871865	0.6284307164018972
1.9952623149688797	0.626534693389999
1.9998618696327437	0.6246431775681139
2.0044720273651615	0.6227561700887676
2.0090928126087277	0.6208736717164219
2.0137242498623884	0.6189956828223591
2.0183663636815607	0.6171222033795282
2.023019178678272	0.6152532329573324
2.0276827195212817	0.6133887707163785
2.032357010936222	0.6115288154031667
2.037042077705718	0.6096733653447408
2.0417379446695296	0.6078224184432783
2.046444636724674	0.6059759721706409
2.0511621788255656	0.604134023562864
2.0558905959841414	0.6022965692146028
2.0606299132700006	0.6004636052735212
2.065380155810529	0.5986351274346337
2.0701413487910423	0.5968111309345898
2.0749135174549096	0.5949916105459103
2.079696687103696	0.5931765605711654
2.084490883097289	0.5913659748371042
2.0892961308540396	0.5895598466887249
2.0941124558508926	0.5877581689832948
2.0989398836235242	0.5859609340843122
2.1037784397664754	0.5841681338554137
2.1086281499332897	0.5823797596542265
2.1134890398366464	0.5805958023261629
2.1183611352485023	0.5788162521981576
2.123244462000219	0.5770410990723507
2.1281390459827123	0.5752703322197071
2.133044913146576	0.5735039403735855
2.1379620895022327	0.5717419117232396
2.1428906011200586	0.5699842339072695
2.1478304741305343	0.5682308940070033
2.1527817347243725	0.5664818785398298
2.157744409152667	0.5647371734524577
2.16271852372702	0.5629967641141279
2.167704104819695	0.5612606353097495
2.1727011788637443	0.5595287712329867
2.1777097723531593	0.5577995652211837
2.1827299118430012	0.5560673599558155
2.187761623949553	0.5543393324085992
2.1928049353504484	0.5526154855636056
2.197859872784825	0.5508958220736037
2.202926463053456	0.5491803442556074
2.2080047330189	0.5474690540863764
2.2130947096056377	0.5457619531978753
2.2181964198002193	0.5440590428726902
2.223309890651403	0.5423603240394033
2.2284351492703043	0.540665797267919
2.2335722228305315	0.5389754627647558
2.23872113856834	0.5372893203682821
2.2438819237827663	0.5356073695439182
2.2490546058357817	0.5339296093792856
2.254239212152429	0.5322560385793155
2.259435770220978	0.5305866554613093
2.2646443075930596	0.5289214579499554
2.2698648518838223	0.5272604435722952
2.2750974307720706	0.5256036094526488
2.2803420720004186	0.5239509523074866
2.28559880337543	0.5223024684402584
2.2908676527677736	0.5206581537361724
2.296148648112362	0.5190180036569261
2.301441817408509	0.5173820132353882
2.306747188720069	0.5157501770702326
2.312064790175595	0.5141224893205203
2.3173946499684783	0.5124989437002354
2.3227367963571073	0.5108795334727653
2.328091257665008	0.5092642514453362
2.3334580622810033	0.5076530899633921
2.338837238659355	0.5060460409049266
2.344228815319923	0.5044430956747573
2.3496328208483073	0.5028442451987555
2.35504928389601	0.5012494799180144
2.360478233180577	0.499658789782971
2.365919697485759	0.49807216424747003
2.371373705661655	0.4964895922627768
2.3768402866248772	0.4949110622715304
2.38231946935869	0.4933365622016501
2.3878112829131783	0.49176607946017664
2.3933157564053875	0.4901996009270674
2.3988329190194912	0.4886371129489247
2.4043628000069335	0.4870786013326777
2.4099054286865957	0.48552405133919874
2.41546083444494	0.4839734476768675
2.421029046736179	0.48242677449507226
2.4266100950824154	0.48088401537765796
2.432204009073816	0.4793451533363086
2.4378108183687526	0.47781017080387694
2.4434305526939726	0.4762776296295906
2.4490632418447453	0.47474247463596564
2.454708915685031	0.4732111107877491
2.4603676041476272	0.4716835370878292
2.46603933723434	0.47015975218983475
2.4717241450161302	0.46863975439363964
2.4774220576332864	0.46712354164081593
2.4831331052955705	0.4656111115100537
2.4888573182823914	0.46410246121253096
2.494594726942955	0.46259758758724634
2.500345361696432	0.4610964870963035
2.506109253032114	0.4595991558201563
2.511886431509581	0.45810558945280616
2.5176769277588558	0.45661578329695796
2.5234807724805757	0.4551297322591285
2.529297996446145	0.45364743084471315
2.5351286304979084	0.4521688731530031
2.540972705549305	0.4506940528721606
2.5468302525850417	0.4492229632741443
2.552701302661247	0.447755597209592
2.5585858869056453	0.44629194710265163
2.5644840365177175	0.4448320049457696
2.5703957827688635	0.4433757622944287
2.5763211570025755	0.4419232102618375
2.582260190634596	0.44047433951357323
2.588212915153092	0.43902914026217404
2.5941793621188136	0.4375876022616832
2.6001595631652723	0.43614971480214126
2.6061535499988953	0.4347154667040322
2.6121613543992064	0.4332848463126743
2.6181830082189848	0.43185784149256384
2.624218543384442	0.4304344396216653
2.6302679918953813	0.42901462758565084
2.6363313858253803	0.4275983917720864
2.642408757321946	0.4261857180645682
2.648500138606701	0.42477659183680005
2.654605561975539	0.423370997946626
2.6607250597988097	0.4219689207300008
2.666858664521479	0.42057034399491083
2.6730064086633116	0.4191752510152383
2.6791683248190314	0.41778362452457346
2.6853444456585076	0.416395446709964
2.691534803926915	0.4150106992056181
2.6977394324449206	0.4136293630865414
2.703958364108843	0.4122514188621256
2.7101916318908432	0.41087684646967126
2.7164392688390824	0.4095056252678606
2.7227013080779128	0.4081377340301656
2.7289777828080406	0.40677315093820143
2.7352687263067126	0.4054118535750174
2.741574171927882	0.4040519374143484
2.7478941531023975	0.40268670552554925
2.7542287033381663	0.40132464589428335
2.7605778562203462	0.399965758754293
2.7669416454115114	0.3986100440559243
2.773320104651841	0.39725750146241867
2.7797132677592886	0.39590813034617534
2.7861211686297707	0.3945619297849734
2.792543841237338	0.39321889855816367
2.798981319634363	0.39187903514282096
2.805433637951713	0.39054233770986313
2.811900830398941	0.38920880412013215
2.8183829312644537	0.38787843192044086
2.8248799749157074	0.38655121833957967
2.831391995799379	0.3852271602842911
2.8379190284415565	0.383906254335201
2.8444611074479154	0.38258849674271794
2.85101826750391	0.38127388342288976
2.8575905433749464	0.3799624099532262
2.8641779699065815	0.37865407156847847
2.8707805820246906	0.377348863156385
2.8773984147356697	0.37604677925337204
2.8840315031266055	0.3747478140402212
2.8906798823654762	0.3734519613376913
2.897343587701323	0.37215921460210444
2.904022654464451	0.37086956692088846
2.910717118066605	0.369583011008081
2.9174270140011673	0.3682995391997899
2.924152377843335	0.36701914344961584
2.9308932452503216	0.3657418153240276
2.9376496519615305	0.36446754599770165
2.9444216337987617	0.3631963262488134
2.9512092266663856	0.3619281464542898
2.9580124665515464	0.36066299658501577
2.9648313895243423	0.3594008662010003
2.971666031738027	0.3581417444464944
2.9785164294291895	0.3568856200450691
2.9853826189179604	0.3556324812946456
2.992264636608189	0.354382316062483
2.9991625189876516	0.35313511178011797
3.0060763026282307	0.35189085543826176
3.013006024186122	0.350649533581648
3.019951720402016	0.34941113230383747
3.0269134281013064	0.3481756372419717
3.0338911841942706	0.34694303357148515
3.04088502567628	0.34571330600076344
3.047894989627983	0.3444864387657595
3.054921113215514	0.3432624156245558
3.061963433690677	0.3420412198518836
3.069021988391158	0.3408228342335881
3.076096814740708	0.3396054695236705
3.083187950249355	0.3383828242454734
3.0902954325135905	0.3371628944162987
3.097419299216581	0.33594568445558604
3.1045595881283554	0.33473119859465406
3.1117163371060186	0.3335194408740331
3.118889584093937	0.3323104151407776
3.126079367123956	0.3311041250457472
3.1332857243155856	0.32990057404086764
3.1405086938762183	0.32869976537635975
3.1477483141013156	0.3275017020979467
3.1550046233746274	0.32630638704403125
3.1622776601683795	0.3251138228428489
3.169567463043492	0.3239240119095913
3.1768740706497707	0.3227369564435049
3.1841975217261256	0.32155265842495945
3.1915378551007616	0.3203711196124919
3.198895109691399	0.3191923415398187
3.206269324505466	0.318016325512823
3.213660538640318	0.3168430726065119
3.2210687912834346	0.3156725836619451
3.2284941217126364	0.3145048592831345
3.2359365692962827	0.31333989983391597
3.2433961734934935	0.3121777054347893
3.250872973854344	0.3110182759597314
3.2583670100200885	0.3098616110329767
3.265878321723358	0.3087077100257706
3.273406948788383	0.3075565720530884
3.2809529311311905	0.3064081959703291
3.2885163087598315	0.3052625803699722
3.2960971217745776	0.3041197235782094
3.303695410368149	0.30297962365153885
3.311311214825911	0.3018422783733342
3.3189445755261047	0.30070768525037544
3.326595532940045	0.299575841509353
3.3342641276323506	0.29844674409333544
3.3419504002611427	0.29732038965820706
3.3496543915782775	0.2961967745690708
3.3573761424295467	0.2950758948966197
3.365115693754908	0.2939577464134726
3.372873086588689	0.2928423245904792
3.380648362059817	0.29172962459298646
3.3884415613920256	0.29061964127707707
3.3962527259040853	0.28951236918576645
3.404081897010009	0.28840780254517073
3.4119291162192864	0.2873059352606351
3.4197944251370886	0.2862067609128304
3.4276778654645046	0.28511027275381057
3.4355794789987466	0.28401646370303757
3.443499307633384	0.2829253263433669
3.451437393358563	0.2818358076315393
3.459393778261219	0.2807441920588415
3.4673685045253166	0.2796552002203511
3.4753616144320576	0.2785688372634998
3.483373150360118	0.2774851081727208
3.4914031547858606	0.2764040177670847
3.499451670283573	0.2753255706979085
3.5075187395256795	0.2742497714463458
3.5156044052829816	0.27317662432094936
3.523708710424871	0.27210613345521395
3.53183169791957	0.2710383028050935
3.5399734108343464	0.26997313614649504
3.548133892335755	0.2689106370727482
3.5563131856898527	0.2678508089920523
3.5645113342624426	0.26679365512489545
3.5727283815192883	0.2657391785014537
3.5809643710263606	0.2646873819589604
3.5892193464500517	0.26363826813905583
3.5974933515574232	0.2625918394851059
3.6057864302164235	0.2615480982395011
3.6140986263961334	0.2605070464409246
3.6224299841669856	0.25946868592159966
3.630780547701014	0.25843301830450544
3.639150361272071	0.2574000450005719
3.6475394692560785	0.25636976720584376
3.6559479161312485	0.25534218589862134
3.664375746478333	0.25431730183657103
3.672823004980846	0.25329511555381246
3.681289736425315	0.25227562735797415
3.6897759857015027	0.25125883732722565
3.6982817978026628	0.2502447453072777
3.7068072178257596	0.2492333509083588
3.715352290971726	0.24822465350215892
3.7239170625456848	0.24721865221874895
3.732501577957206	0.24621534594346786
3.741105882720533	0.24521473331378346
3.7497300224548358	0.24421681271612206
3.758374042884441	0.24322158228267066
3.767037989839089	0.24222903988814662
3.77572190925416	0.24123918314654103
3.7844258471709336	0.24025200940782804
3.793149849736819	0.23926751575464728
3.801893963205613	0.23828569899895252
3.81065823393773	0.2373065556786323
3.8194427084004663	0.23633008205409617
3.8282474331682264	0.23535627410483315
3.8370724549227884	0.23438512752593485
3.8459178204535354	0.23341663772458987
3.8547835766577188	0.23245079981654315
3.8636697705406915	0.2314876086225255
3.8725764492161727	0.23052617603424708
3.8815036599064823	0.22956336576843756
3.8904514499428067	0.22860316490678634
3.899419866765434	0.22764557883443043
3.908408957924021	0.2266906127871418
3.9174187710778305	0.22573827184913647
3.926449353995999	0.22478856095085964
3.9355007545577743	0.22384148486675184
3.944573020752785	0.22289704821299178
3.953666200681279	0.22195525544521907
3.9627803425543955	0.22101611085623224
3.971915494694403	0.2200796185736691
3.981071705534973	0.21914578255765932
3.9902490236214203	0.21821460659845993
3.9994474976109755	0.21728609431406362
4.008667176273028	0.2163602491477879
4.0179081084894	0.21543707436583784
4.027170343254591	0.21451657305484864
4.036453929676051	0.2135987481194022
4.045758916974426	0.21268360227952238
4.055085354483839	0.21177113806814418
4.0644332916521275	0.21086135782856089
4.073802778041128	0.20995426371184558
4.083193863326921	0.2090498576742494
4.09260659730011	0.2081481414745736
4.1020410298660686	0.2072491166715194
4.111497211045223	0.20635278462100934
4.120975190973302	0.20545914647348687
4.130475019901614	0.20456820317118768
4.139996748197304	0.203679955445388
4.149540426343631	0.20279440381362415
4.1591061049402205	0.2019115485768891
4.168693834703355	0.20103138981679966
4.178303666466218	0.2001539273927405
4.187935651179185	0.1992791609389779
4.1975898399100755	0.19840708986175037
4.207266283844442	0.1975377133363279
4.216965034285822	0.19667103030404812
4.226686142656031	0.1958070394693213
4.2364296604954115	0.19494573929661058
4.24619563946313	0.19408712800738095
4.2559841313374305	0.193231203577023
4.265795188015928	0.19237796373174604
4.275628861515862	0.19152740594544407
4.285485203974396	0.1906795274365308
4.295364267648873	0.18983432516474788
4.3052661049171075	0.18899179582794143
4.3151907682776525	0.18815193585881057
4.325138310350088	0.18731474142162502
4.335108783875289	0.18648020840891336
4.345102241715717	0.18564767812826644
4.355118736855686	0.18481482522017945
4.365158322401661	0.1839846049491412
4.375221051582521	0.183157020820331
4.385306977749858	0.18233207617174374
4.395416154378245	0.18150977417186392
4.405548635065534	0.18069011781731614
4.4157044735331255	0.179873109930493
4.425883723626267	0.17905875315716058
4.436086439314326	0.17824704996404267
4.446312674691089	0.17743800263637863
4.456562483975033	0.17663161327546276
4.466835921509633	0.1758278837961556
4.477133041763626	0.17502681592437602
4.487453899331323	0.17422841119456614
4.49779854893288	0.17343267094713513
4.508167045414603	0.17263959632587647
4.518559443749224	0.17184918827536358
4.528975799036209	0.1710614475383178
4.539416166502032	0.1702763746529555
4.549880601500488	0.16949396995030594
4.560369159512962	0.1687142335515089
4.570881896148752	0.167937165365082
4.581418867145335	0.16716276508416728
4.591980128368688	0.16639103218374782
4.6025657358135605	0.16562196591784226
4.613175745603796	0.1648555653166697
4.623810213992603	0.16409182918379145
4.634469197362879	0.16333075609322364
4.645152752227495	0.16257234438652424
4.6558609352295885	0.1618165921698542
4.666593803142887	0.16106349731100822
4.677351412871981	0.16031305743642216
4.688133821452653	0.15956526992814854
4.698941086052153	0.15882013192080838
4.709773263969529	0.158077640298511
4.720630412635905	0.15733779169174916
4.731512589614805	0.15660058247426187
4.7424198526024455	0.1558660087598725
4.753352259428054	0.1551340663992935
4.7643098680541565	0.15440475097690623
4.775292736576909	0.1536780578075073
4.786300923226383	0.1529539819330283
4.797334486366892	0.15223251811922353
4.808393484497285	0.15151366085232876
4.819477976251274	0.15079740433568806
4.830588020397726	0.15008374248635217
4.841723675840994	0.14937266893164333
4.8528850016212095	0.14866417700569123
4.864072056914616	0.14795825974593518
4.875284901033862	0.14725421351365467
4.886523593428336	0.1465495608442897
4.897788193684462	0.14584744438531122
4.909078761526032	0.14514786524662016
4.920395356814509	0.14445082435286072
4.9317380395493595	0.14375632244097572
4.943106869868354	0.14306436005773984
4.954501908047903	0.14237493755726852
4.96592321450336	0.1416880550985054
4.97737084978936	0.141003712642684
4.9888448746001215	0.1403219099507681
5.000345349769786	0.13964264658086595
5.011872336272722	0.13896592188562296
5.0234258952238715	0.13829173500958664
5.035006087879047	0.13762008488655142
5.046612975635284	0.1369509702368748
5.05824662003114	0.1362843895647714
5.0699070827470445	0.13562034115557994
5.081594425605605	0.13495882307300716
5.093308710571955	0.1342998331563437
5.105049999754062	0.13364336901765667
5.116818355403078	0.13298942803895436
5.1286138399136485	0.13233800736932674
5.140436515824262	0.13168910392205754
5.152286445817564	0.13104271437171205
5.16416369272071	0.1303988351511959
5.176068319505676	0.12975746244878913
5.188000389289612	0.12911859220515087
5.199959965335159	0.12848222011029867
5.211947111050805	0.12784834160055836
5.223961889991197	0.12721695185548804
5.236004365857504	0.12658804579477143
5.248074602497725	0.12596161807508613
5.2601726639070625	0.12533766308693975
5.2722986142282275	0.12471617495148082
5.284452517751805	0.12409714751727778
5.296634438916578	0.12348057435707092
5.308844442309884	0.12286644876449293
5.321082592667942	0.12225476375076183
5.333348954876211	0.12164551204134183
5.345643593969716	0.12103868607257603
5.357966575133418	0.12043427798828676
5.370317963702527	0.11983227963634727
5.382697825162884	0.11923268256521995
5.3951062251512765	0.11863547802046655
5.4075432294558095	0.1180406569412239
5.420008904016238	0.11744820995665047
5.432503314924333	0.11685812738233872
5.445026528424211	0.11627039921669782
5.4575786109127105	0.115685015137301
5.470159628939716	0.11510108111547855
5.482769649208539	0.11451545300813648
5.495408738576246	0.1139321160749876
5.508076964054036	0.11335107046396553
5.520774392807573	0.11277231614756357
5.533501092157368	0.11219585292056317
5.546257129579107	0.1116216803977439
5.559042572704037	0.11104979801157001
5.5718574893192985	0.11048020500985746
5.584701947368309	0.10991290045341708
5.597576014951102	0.10934788321367828
5.610479760324706	0.10878515197028836
5.623413251903491	0.10822470520869167
5.6363765582595455	0.10766654121768485
5.649369748123025	0.10711065808695056
5.6623928903825345	0.1065570537045675
5.675446054085471	0.10600572575449882
5.688529308438416	0.10545667171405534
5.701642722807475	0.10490988885133826
5.714786366718672	0.10436537422265502
5.727960309858292	0.103823124669915
5.741164622073277	0.10328313681799822
5.7543993733715695	0.1027454070721022
5.767664633922509	0.10220993161506292
5.780960474057181	0.10167670640465283
5.794286964268812	0.10114572717085252
5.807644175213121	0.10061698941309946
5.821032177708716	0.10009048839750942
5.834451042737448	0.09956621915407482
5.847900841444809	0.09904417647383582
5.861381645140288	0.09852435490602711
5.874893525297769	0.09800674875519762
5.88843655355589	0.09749135207830524
5.902010801718445	0.09697815868178387
5.91561634175474	0.09646716211858587
5.9292532458	0.09595835568519548
5.942921586155727	0.09545173241861737
5.956621435290106	0.09494728509333641
5.970352865838369	0.09444500621825141
5.984115950603199	0.09394488803357973
5.997910762555095	0.09344692250773597
6.011737374832782	0.0929511013341804
6.025595860743578	0.09245741592824124
6.0394862937638	0.0919658574239065
6.0534087475391365	0.09147641667058913
6.067363295885055	0.09098908422986088
6.08135001278718	0.09050385037215906
6.095368972401694	0.09002070507346253
6.109420249055721	0.08953963801193869
6.123503917247737	0.08906063856455997
6.137620051647943	0.08858277656472549
6.151768727098683	0.08810278043079525
6.165950018614822	0.08762479740659831
6.180164001384161	0.0871488278993618
6.1944107507678146	0.08667487216855357
6.208690342300634	0.08620293032395944
6.223002851691596	0.0857330023237431
6.237348354824191	0.08526508797248847
6.251726927756859	0.08479918691922207
6.266138646723353	0.08433529865541918
6.2805835881331795	0.08387342251298961
6.295061828571975	0.0834135576622462
6.309573444801933	0.0829557031098535
6.324118513762193	0.0824998576967581
6.33869711256927	0.0820460200960991
6.353309318517436	0.08159418881110048
6.367955209079159	0.08114436217294245
6.382634861905486	0.08069653833861484
6.397348354826482	0.08025071528874904
6.412095765851615	0.07980689082543153
6.4268771731701975	0.07936506256999608
6.441692655151772	0.07892522796079707
6.456542290346556	0.07848738425096027
6.471426157485831	0.07805152850611576
6.486344335482385	0.07761765760210741
6.501296903430906	0.07718576822268361
6.516283940608428	0.07675585685716528
6.531305526474723	0.0763279197980939
6.546361740672751	0.07590195313885685
6.561452663029053	0.07547795277129256
6.576578373554206	0.07505591438327235
6.591738952443213	0.07463583345626167
6.606934480075961	0.07421770526285816
6.622165037017619	0.07380152486430833
6.637430704019089	0.07338728710800053
6.652731562017413	0.07297498662493673
6.668067692136222	0.0725646178271801
6.6834391756861455	0.0721561749052804
6.698846094165265	0.0717496518256756
6.714288529259523	0.07134504232807069
6.729766562843179	0.07094233992279203
6.745280276979219	0.07054153788811897
6.760829753919819	0.07014262926759016
6.77641507610675	0.06974560686728729
6.792036326171846	0.06935046325309276
6.807693586937414	0.06895719074792421
6.823386941416698	0.06856578142894318
6.839116472814292	0.06817622712473986
6.8548822645266165	0.06778851941249138
6.870684400142321	0.06740264961509629
6.886522963442762	0.06701792806125684
6.902398038402419	0.06663193112653776
6.918309709189366	0.06624772912186133
6.934258060165691	0.06586532140991719
6.9502431758879695	0.06548470721088702
6.966265141107686	0.06510588560064093
6.982324040771715	0.06472885550891541
6.998419960022734	0.06435361571747661
7.014552984199714	0.06398016485826437
7.030723198838334	0.06360850141152113
7.046930689671471	0.06323862370390222
7.06317554262962	0.06287052990656963
7.07945784384138	0.0625042180332675
7.095777679633888	0.06213968593838097
7.112135136533292	0.061776931314975955
7.128530301265195	0.061415951692822296
7.1449632607551345	0.06105674443639741
7.16143410212902	0.0606993067428733
7.177942912713619	0.060343635640083486
7.194489780036995	0.05998972798447295
7.211074791828998	0.05963758045902803
7.227698036021702	0.05928718957118869
7.2443596007499025	0.05893855165074057
7.261059574351547	0.05859166284768936
7.277798045368242	0.058246519130114145
7.294575102545687	0.057903116282003016
7.311390834834176	0.05756144990106752
7.3282453313890406	0.05722151539653874
7.345138681571151	0.0568833079869422
7.362070974947361	0.05654682269785369
7.379042301291012	0.056212054359633896
7.396052750582378	0.05587899760514382
7.413102413009177	0.05554764686743805
7.430191378967014	0.055217996377438905
7.447319739059893	0.05489004016158832
7.464487584100665	0.0545637720394797
7.481695005111545	0.054239185621467595
7.498942093324558	0.05391627430625688
7.516228940182057	0.05359503127846936
7.533555637337174	0.053275449506189614
7.550922276654341	0.05295752173848799
7.568328950209744	0.05264124050292224
7.58577575029184	0.05232659810301606
7.603262769401819	0.05201358661571627
7.620790100254123	0.05170219788882589
7.638357835776907	0.051392423538415895
7.655966069112566	0.05108425494621261
7.67361489361819	0.05077768325696312
7.691304402866098	0.05047269937577602
7.709034690644301	0.050169293965439996
7.726805850957025	0.049866798346032484
7.744617978025188	0.04956286500764271
7.76247116628692	0.049260465738083785
7.78036551039804	0.048959599000819566
7.798301105232589	0.04866026312569225
7.816278045883297	0.048362456307275314
7.83429642766212	0.04806617660320995
7.852356346100718	0.04777142193252742
7.870457896950989	0.04747819007395504
7.888601176185544	0.04718647866420791
7.906786279998253	0.04689628519626347
7.925013304804718	0.04660760701762211
7.943282347242818	0.046320441328550156
7.961593504173188	0.04603478518030841
7.979946872679768	0.04575063547336339
7.9983425500702845	0.04546798895558315
8.016780633876794	0.045186842220416135
8.035261221856173	0.044907191705054104
8.05378441199067	0.04462903368857765
8.072350302488383	0.04435236429008595
8.090958991783825	0.04407717946680844
8.109610578538408	0.043803475012200596
8.128305161640995	0.043531246554021505
8.147042840208396	0.04326048955239508
8.165823713585926	0.04299119929785275
8.1846478813479	0.04272337090935968
8.203515443298185	0.04245699933232229
8.222426499470712	0.04219207933657853
8.241381150130026	0.04192860551436957
8.260379495771788	0.04166657227829411
8.279421637123345	0.04140597385924333
8.298507675144226	0.041146804304318406
8.317637711026709	0.04088905747472855
8.336811846196344	0.04063272704367078
8.356030182312479	0.040377806494190954
8.375292821268827	0.04012428911702486
8.394599865193973	0.039872168008421326
8.413951416451951	0.039621436067944604
8.433347577642753	0.039372085996258556
8.452788451602899	0.03912411029289005
8.472274141405963	0.03887750125397332
8.491804750363139	0.03863225096997365
8.511380382023763	0.03838835132339162
8.531001140175896	0.038145793986446214
8.550667128846833	0.037904570418738355
8.570378452303697	0.03766467186489286
8.590135215053957	0.037426089352180426
8.609937521846007	0.03718881368811792
8.629785477669701	0.03695283545804815
8.649679187756934	0.03671814502269779
8.669618757582166	0.03648402088247101
8.689604292863018	0.03624792892903241
8.709635899560805	0.036013078382377196
8.729713683881117	0.0357794681783877
8.74983775227436	0.035547097148027534
8.770008211436348	0.03531596401604161
8.790225168308842	0.03508606739964517
8.810488730080142	0.03485740580720005
8.830799004185627	0.034629977636879396
8.851156098308357	0.034403781175319594
8.871560120379607	0.03417881459626044
8.892011178579486	0.03395507595917229
8.912509381337454	0.0337325632078715
8.933054837332953	0.03351127416912225
8.953647655495937	0.03329120655122649
8.974287945007486	0.033072357942600446
8.994975815300352	0.03285472581033886
9.01571137605957	0.03263830749876535
9.036494737223014	0.03242310022797042
9.057326008982002	0.0322091010923356
9.078205301781857	0.03199630705904484
9.099132726322518	0.031784714966581744
9.120108393559097	0.03157432152321396
9.141132414702504	0.03136512330546317
9.162204901219997	0.03115711675656202
9.183325964835811	0.03095029818489644
9.204495717531712	0.030744663762434607
9.225714271547634	0.03054020952314107
9.246981739382225	0.03033693136137755
9.268298233793494	0.030134825030288293
9.289663867799362	0.029933886140172113
9.311078754678306	0.029734110156838644
9.33254300796991	0.029535492399951162
9.354056741475521	0.029338028041353353
9.375620069258803	0.02914171210338214
9.39723310564638	0.02894653945716478
9.418895965228414	0.028752504820901234
9.440608762859236	0.02855960275813083
9.462371613657929	0.028367827675983975
9.484184633008974	0.028177173823417695
9.506047936562814	0.027987635289436378
9.527961640236521	0.02779920600129563
9.549925860214358	0.02761187972269132
9.571940712948447	0.027425650051931646
9.594006315159332	0.027240510420093712
9.616122783836648	0.0270564540891633
9.638290236239705	0.026873474150158606
9.660508789898136	0.026691563521236996
9.68277856261249	0.026510714945785566
9.7050996724549	0.026330920990494264
9.727472237769652	0.026151643989302868
9.749896377173872	0.025970996159976178
9.772372209558107	0.025791367580955023
9.79489985408699	0.025612757167391295
9.817479430199844	0.025435163746341957
9.84011105761134	0.02525858605568705
9.862794856312105	0.025083022743038603
9.885530946569391	0.02490847236463878
9.908319448927676	0.024734933384248696
9.93116048420934	0.02456240417202648
9.954054173515269	0.02439088300339555
9.977000638225535	0.024220368057902283
10.	0.02405085741806356
10.023052380778994	0.023882349068203593
10.046157902783957	0.023714840893280242
10.069316688518045	0.023548330677701047
10.092528860766844	0.023382816104127877
10.115794542598982	0.02321829475227125
10.1391138573668	0.02305476409767357
10.16248692870696	0.022892221510481727
10.18591388054117	0.022730664254207826
10.209394837076797	0.022570089484479503
10.232929922807546	0.022410494247778624
10.256519262514079	0.022251875480168933
10.280162981264736	0.022094230006011704
10.303861204416158	0.02193755453667042
10.32761405761398	0.021781845669203426
10.351421666793442	0.021627099885045506
10.375284158180126	0.021473313548676567
10.39920165829059	0.021320482906279394
10.423174293933046	0.021168604084384934
10.447202192208003	0.021017673088505835
10.471285480508996	0.02086768580175709
10.495424286523221	0.02071863798346524
10.519618738232236	0.02057052526776449
10.543868963912592	0.020423343162181053
10.568175092136585	0.020277087046203967
10.592537251772887	0.020131752169843992
10.616955571987253	0.01998733365217949
10.641430182243164	0.019843826479889394
10.665961212302578	0.019701225505772985
10.690548792226577	0.019559525447256806
10.71519305237607	0.01941872088488839
10.739894123412451	0.01927880626081663
10.76465213629835	0.019139775877258472
10.789467222298287	0.019001623894952475
10.814339512979387	0.01886434433159848
10.83926914021204	0.01872793106028383
10.864256236170656	0.018592377807895178
10.889300933334333	0.01845767815351695
10.91440336448757	0.018323383996517065
10.939563662720943	0.01818792260104399
10.964781961431852	0.018053284650044094
10.990058394325208	0.017919469008383395
11.015393095414156	0.017786474466946058
11.040786199020735	0.017654299741737017
11.066237839776663	0.017522943472975873
11.091748152624008	0.01739240422418312
11.117317272815919	0.017262680481257734
11.142945335917304	0.017133770651546632
11.168632477805613	0.017005673062905274
11.194378834671515	0.016878385962750115
11.220184543019629	0.01675190751710241
11.24604973966927	0.016626235809623142
11.271974561755105	0.016501368840639706
11.297959146727976	0.01637730452616307
11.324003632355566	0.01625404069689673
11.350108156723154	0.016131575097236412
11.37627285823431	0.01600990538426096
11.402497875611685	0.01588902912671377
11.428783347897712	0.01576894380397547
11.45512941445536	0.015649646805027152
11.481536214968829	0.015531135427404525
11.508003889444357	0.015413406876142271
11.534532578210918	0.015296458262709365
11.561122421920993	0.015180286603934627
11.587773561551263	0.015064888820922967
11.614486138403427	0.014950261737961382
11.641260294104908	0.014836402081415815
11.66809617060963	0.014723306478617726
11.694993910198711	0.014610971456741199
11.721953655481304	0.014499393441669423
11.748975549395292	0.014388568756851681
11.776059735208078	0.01427849362214989
11.803206356517299	0.014169164152675077
11.830415557251646	0.014060576357613241
11.857687481671597	0.013952726139041105
11.88502227437019	0.013845609290731281
11.91242008027375	0.013739221496946986
11.93988104464273	0.0136335583312257
11.967405313072431	0.013528615255152622
11.994993031493793	0.013424387617122918
12.02264434617413	0.013320870651093396
12.050359403717973	0.01321805947532271
12.078138351067798	0.013115949091100936
12.10598133550483	0.013014534381467751
12.133888504649775	0.012913810109919488
12.161860006463678	0.01281377091910461
12.189895989248662	0.012714411329507949
12.217996601648723	0.012615725738123345
12.246161992650489	0.012517322985864991
12.274392311584071	0.012417830175692004
12.30268770812381	0.01231898508157404
12.331048332289097	0.012220786737547796
12.359474334445107	0.012123234118964979
12.387965865303691	0.012026326141783405
12.416523075924106	0.01193006166185227
12.445146117713856	0.01183443947419047
12.473835142429433	0.011739458312258803
12.5025903021772	0.011645116847224997
12.531411749414156	0.011551413687222572
12.560299636948754	0.011458347376602798
12.589254117941675	0.011365916395179962
12.618275345906707	0.011274119157469592
12.64736347471151	0.011182954011920114
12.67651865857846	0.011092419240137345
12.705741052085418	0.01100251305610224
12.735030810166617	0.010913233605381257
12.764388088113435	0.01082457896432992
12.793813041575252	0.010736547139289072
12.823305826560219	0.010649136065774107
12.852866599436155	0.010562343607656566
12.882495516931336	0.010476167556338747
12.912192736135347	0.010390605629920774
12.941958414499863	0.010305655472360358
12.971792709839558	0.010221314652624736
13.001695780332899	0.010137580663835391
13.031667784523	0.010054450922404923
13.061708881318419	0.009971922767166456
13.09181922999407	0.009889993458494938
13.121998990192028	0.00980866017742095
13.15224832192239	0.009727920024736488
13.182567385564074	0.009647770020092967
13.212956341865752	0.009568207101090895
13.243415351946643	0.009489228122361835
13.273944577297401	0.009410829854642
13.304544179780914	0.009333008983837893
13.33521432163324	0.009255762110083346
13.365955165464419	0.009179085746788532
13.396766874259358	0.009102976319680432
13.427649611378643	0.009027430165835014
13.458603540559483	0.008952443532700567
13.489628825916533	0.008878012577112739
13.52072563194278	0.008804133364300786
13.551894123510364	0.008730801866885214
13.583134465871542	0.008658013963866304
13.614446824659497	0.008585765439604156
13.645831365889252	0.008514051982789532
13.677288255958494	0.008442869185405856
13.708817661648537	0.00837221254168193
13.740419750125149	0.008301780233579508
13.772094688939474	0.008230513403448988
13.803842646028853	0.00815975188933614
13.83566378971781	0.00808949475082945
13.867558288718882	0.008019740999614819
13.89952631213354	0.007950489598904353
13.931568029453036	0.007881739462860075
13.963683610559377	0.007813489456012188
13.995873225726179	0.0077457383926723715
14.028137045619589	0.007678485036341565
14.060475241299143	0.00761172809911261
14.092887984218748	0.0075454662410672215
14.12537544622754	0.007479698069667808
14.157937799570824	0.007414422139143631
14.190575216890926	0.007349636949871667
14.223287871228198	0.007285340947751547
14.25607593602188	0.0072215325235752675
14.288939585111036	0.007158210012391007
14.321878992735439	0.007095371692861426
14.35489433353656	0.007033015786616004
14.387985782558452	0.006971140457597769
14.421153515248696	0.006909743811404137
14.45439770745928	0.006848823894621926
14.487718535447618	0.006788378694156257
14.52111617587742	0.006728406136553693
14.554590805819668	0.006668904087319244
14.58814260275349	0.006609870350227393
14.621771744567184	0.006551302666626805
14.655478409559112	0.0064931987147391
14.689262776438676	0.00643555610895123
14.723125024327194	0.006378372399101792
14.757065332758946	0.0063216450697607205
14.791083881682072	0.006265371539502893
14.825180851459544	0.006209549160175161
14.859356422870075	0.006154175216157054
14.893610777109155	0.006099246923614714
14.92794409578996	0.006044761429748515
14.962356560944343	0.005990715812033888
14.99684835502374	0.005937107077455637
15.031419660900225	0.0058839321617352655
15.066070661867418	0.005831187928551767
15.100801541641477	0.005778871168755445
15.135612484362087	0.005726978599574855
15.170503674593368	0.005675506863816897
15.205475297324954	0.0056244525290597
15.240527537972907	0.005573812086838643
15.275660582380732	0.005523581951825164
15.310874616820303	0.005473758460998477
15.346169827992941	0.0054243378728099055
15.381546403030342	0.005375316366340102
15.4170045294956	0.00532644301174874
15.452544395384141	0.005276837668328841
15.488166189124811	0.005227613871131696
15.523870099580817	0.005178770770375603
15.55965631605075	0.0051303074784841115
15.595525028269538	0.005082223069640514
15.631476426409538	0.005034516579338065
15.667510701081484	0.0049871870039264075
15.70362804333553	0.004940233300153759
15.739828644662197	0.004893654384705105
15.776112696993485	0.004847449133736045
15.812480392703826	0.00480161638240266
15.848931924611142	0.004756154924387015
15.88546748597779	0.0047110635114185895
15.9220872705117	0.004666340852791132
15.95879147236732	0.0046219856148754885
15.995580286146694	0.00457799642062788
16.032453906900418	0.004534371849093952
16.069412530128773	0.004491110434908208
16.106456351782697	0.004448210667789133
16.143585568264868	0.004405670992029742
16.18080037643066	0.004363489805983706
16.218100973589298	0.004321665461546713
16.255487557504836	0.0042801962636334154
16.292960326397232	0.0042390804696496275
16.330519478943348	0.004198316288959927
16.368165214278086	0.004157901882350412
16.40589773199539	0.004117835361486831
16.443717232149325	0.004078114788367851
16.481623915255085	0.004038738174773582
16.51961798229015	0.003999703481709057
16.557699634695275	0.0039610086188429944
16.595869074375614	0.003922651443941502
16.634126503701697	0.003884629762296887
16.672472125510627	0.0038469413261512943
16.71090614310707	0.0038095838341154265
16.749428760264383	0.003772554930582063
16.788040181225607	0.003735852205134557
16.82674061070467	0.0036994731919499377
16.865530253887407	0.0036634153691969683
16.90440931643265	0.003627676158428875
16.94337800447329	0.0035922529239707777
16.982436524617444	0.003557142972301693
17.0215850839495	0.0035223435514312455
17.060823890031244	0.003487851850270857
17.10015315090288	0.0034536649979995736
17.139573075084254	0.003419780063424173
17.179083871575877	0.003386194054333889
17.21868574986008	0.0033529039168494136
17.25837891990204	0.003319906534766335
17.298163592151013	0.003286994976092511
17.338039977541374	0.0032534433299448336
17.378008287493763	0.0032201701009409137
17.418068733916144	0.0031871746364697633
17.458221529205037	0.003154456256085914
17.498466886246565	0.003122014251182695
17.53880501841762	0.003089847884662468
17.579236139586932	0.003057956390603958
17.619760464116293	0.0030263389739264954
17.66037820686164	0.0029949948100513445
17.70108958317422	0.0029639230445599385
17.741894808901662	0.002933122792849104
17.78279410038923	0.00290259313978309
17.82378767448089	0.0028723331393426055
17.864875748520518	0.002842341814270624
17.906058540352948	0.0028126181557151368
17.947336268325266	0.0027831611228685584
17.988709151287875	0.002753969642604058
18.030177408595698	0.002725042609108577
18.071741260109274	0.002696378883512656
18.113400926196025	0.0026679772935168334
18.15515662773135	0.002639836633014868
18.197008586099845	0.0026119556617135277
18.238957023196384	0.0025843331047490947
18.281002161427427	0.00255696765230033
18.323144223712113	0.0025298579591981527
18.365383433483473	0.002503002644531793
18.407720014689563	0.002476400291251522
18.450154191794738	0.002450049445767763
18.492686189780777	0.002423948617546798
18.535316234148123	0.002398096278702814
18.57804455091699	0.002372490863586445
18.620871366628677	0.00234713076836957
18.663796908346693	0.0023220143506265923
18.706821403658015	0.0022971399289119358
18.74994508067419	0.0022725057823339335
18.793168168032686	0.0022481101501248555
18.836490894898002	0.0022239512312072877
18.879913490962945	0.002200027183756631
18.92343618644976	0.0021763361247598427
18.967059212111465	0.002152876129570236
19.010782799232995	0.002129645231458466
19.054607179632484	0.0021066414211595515
19.098532585662387	0.0020838626464160085
19.14255925021086	0.0020613068115168886
19.18668740670289	0.002038971776832924
19.230917289101594	0.002016855358347549
19.275249131909366	0.001994955327183911
19.31968317016924	0.001973269409127691
19.364219639466068	0.0019517952841458536
19.408858775927794	0.0019303818119077642
19.453600816226633	0.0019084989094321893
19.498445997580454	0.0018868171947644579
19.543394557753942	0.001865336145449393
19.58844673505991	0.0018440552183878183
19.633602768360475	0.0018229738495960735
19.67886289706845	0.0018020914539632897
19.724227361148536	0.0017814074250065786
19.76969640111862	0.0017609211346239684
19.81527025805099	0.0017406319328451766
19.860949173573715	0.001720539147580074
19.906733389871864	0.0017006420843649758
19.952623149688808	0.0016809400261066372
19.998618696327448	0.001661432232823977
20.044720273651613	0.001642117941387454
20.090928126087277	0.0016229963652561817
20.137242498623895	0.0016040666942126617
20.183663636815616	0.001585328094095205
20.23019178678272	0.0015667797065279006
20.276827195212817	0.0015484206486482562
20.32357010936221	0.0015302500128324009
20.37042077705719	0.0015122668664178333
20.417379446695296	0.0014944702514237784
20.46444636724674	0.001476859184268961
20.511621788255646	0.0014594326554869988
20.558905959841425	0.0014421896294392069
20.606299132700006	0.001425129044024934
20.65380155810529	0.001408249810389258
20.701413487910415	0.001391550812628182
20.749135174549107	0.0013750309074912104
20.79696687103696	0.0013586889240813226
20.844908830972887	0.0013425236635522667
20.892961308540386	0.0013265338988032547
20.941124558508935	0.0013107183741709332
20.989398836235246	0.0012950758051187158
21.03778439766475	0.0012796048779233065
21.086281499332888	0.0012643042493585496
21.134890398366476	0.0012491725463764992
21.183611352485023	0.0012342083657857102
21.23244462000219	0.0012194102739266823
21.28139045982711	0.0012047768063445181
21.330449131465773	0.0011903064674587127
21.379620895022324	0.0011759977302300865
21.428906011200585	0.0011618490358247635
21.47830474130533	0.0011478587932752995
21.527817347243737	0.0011340253791388168
21.57744409152667	0.0011203471371522178
21.6271852372702	0.001106822377884347
21.67704104819694	0.0010934493783851889
21.727011788637455	0.0010802263818320101
21.77709772353159	0.0010670469536209987
21.827299118430012	0.0010535381195924632
21.87761623949552	0.0010401714441050256
21.9280493535045	0.0010269464279667171
21.978598727848254	0.0010138625557414758
22.02926463053456	0.0010009192955638382
22.080047330188993	0.0009881160989520241
22.13094709605639	0.0009754524006193346
22.181964198002195	0.0009629276182839007
22.23309890651403	0.000950541152476685
22.28435149270303	0.0009382923863478322
22.335722228305325	0.0009261806854712751
22.3872113856834	0.000914205397647633
22.438819237827662	0.0009023658527053148
22.490546058357804	0.0008906613622999182
22.542392121524305	0.0008790912197118121
22.59435770220978	0.0008676546996419793
22.646443075930595	0.0008563510580059894
22.698648518838212	0.0008451795317262152
22.750974307720718	0.0008341393385221874
22.803420720004187	0.0008232296766991298
22.8559880337543	0.0008124497249345843
22.908676527677724	0.0008017986420632156
22.961486481123632	0.0007912755668596929
23.01441817408509	0.0007808796178196941
23.06747188720069	0.0007706098929389446
23.12064790175594	0.0007604654694903669
23.173946499684796	0.0007504454037992546
23.227367963571073	0.0007405487310164975
23.280912576650078	0.0007307744648897962
23.33458062281002	0.0007211215975329067
23.38837238659356	0.0007115890991928603
23.442288153199225	0.0007021759180151666
23.49632820848307	0.0006928809798069366
23.55049283896009	0.0006837031877979882
23.604782331805783	0.0006746414223998419
23.65919697485759	0.000665694540962652
23.71373705661655	0.000656861377529983
23.76840286624876	0.0006481407425915017
23.823194693586913	0.0006395314228335019
23.878112829131783	0.0006310321808872842
23.933157564053875	0.0006226417550753296
23.9883291901949	0.0006143588591553072
24.043628000069347	0.0006061821820618513
24.099054286865954	0.0005981103876461269
24.154608344449404	0.0005901421144131132
24.210290467361776	0.0005822759752566615
24.266100950824168	0.0005745105571922381
24.32204009073816	0.0005668444210873979
24.378108183687527	0.0005592761013898963
24.434305526939713	0.0005517163775083985
24.49063241844747	0.0005438525763634098
24.547089156850312	0.0005360800492154111
24.603676041476273	0.000528398393014706
24.660393372343385	0.0005208071931982649
24.717241450161318	0.0005133060235605857
24.774220576332862	0.0005058944461234303
24.831331052955704	0.0004985720110043715
24.888573182823905	0.0004913382562842144
24.94594726942956	0.0004841927078732275
25.003453616964322	0.00047713487937620823
25.06109253032114	0.0004701642719563321
25.118864315095795	0.0004632803741978284
25.17676927758857	0.00045648266196743304
25.234807724805755	0.0004497705982746367
25.29297996446145	0.0004431436331306785
25.35128630497907	0.0004366012034063288
25.409727055493065	0.00043014273268840436
25.46830252585042	0.0004237676311350507
25.527013026612472	0.00041747529532971885
25.58585886905645	0.0004112651081338984
25.64484036517719	0.0004051364385385418
25.703957827688647	0.00039908864151421233
25.763211570025756	0.0003931210578598897
25.82260190634596	0.00038723301405048957
25.88212915153093	0.0003814238220830327
25.94179362118815	0.00037569277932149396
26.001595631652723	0.00037003916834027186
26.06153549998895	0.00036446225676632676
26.12161354399208	0.0003589612971199254
26.18183008218986	0.0003535355266540249
26.24218543384442	0.0003481841671922318
26.302679918953814	0.00034290642496538664
26.363313858253814	0.0003377014904467142
26.424087573219474	0.0003325685381855629
26.485001386067008	0.000327506726639681
26.54605561975539	0.000322515198006069
26.607250597988113	0.0003175930780503544
26.668586645214805	0.0003127394759347103
26.730064086633117	0.00030795348404426417
26.791683248190314	0.0003032341778120386
26.85344445658509	0.00029858061554236274
26.915348039269166	0.00029399183823278745
26.977394324449207	0.0002894668693944384
27.039583641088434	0.000285004714870854
27.101916318908415	0.0002806043626552538
27.164392688390837	0.0002762647827062386
27.227013080779127	0.0002719849267619243
27.289777828080403	0.000267763728152459
27.35268726306711	0.0002636001016109571
27.415741719278834	0.00025942572805582134
27.478941531023974	0.00025500108698514866
27.542287033381662	0.000250629128230082
27.605778562203447	0.0002463095873597434
27.669416454115126	0.00024204219286586533
27.73320104651841	0.0002378266660841423
27.797132677592884	0.00023366272111486852
27.861211686297693	0.00022955006474289656
27.925438412373392	0.00022548839635687812
27.98981319634363	0.0002214774078678057
28.05433637951713	0.00021751678362681828
28.119008303989396	0.00021360620034230376
28.18382931264455	0.00020974532699626373
28.248799749157076	0.0002059338247599512
28.31391995799379	0.00020217134690875488
28.37919028441555	0.00019845753873635384
28.44461107447917	0.0001947920374681104
28.510182675039097	0.00019117447217371585
28.575905433749465	0.0001876044636790557
28.641779699065797	0.00018408162447732264
28.70780582024692	0.00018060555863934412
28.773984147356696	0.00017717586172313687
28.84031503126606	0.00017379212068265826
28.906798823654746	0.00017045391377578032
28.973435877013245	0.0001671608104714515
29.04022654464451	0.0001639123713560639
29.10717118066605	0.00016070814803898905
29.17427014001166	0.00015754768305731244
29.24152377843337	0.00015443050977973066
29.308932452503214	0.00015135615230962537
29.376496519615305	0.00014832412538728462
29.4442163379876	0.00014533393429129145
29.51209226666387	0.00014238507473905286
29.580124665515466	0.00013947703278647709
29.648313895243422	0.00013660928472677167
29.716660317380253	0.00013378129698838205
29.78516429429191	0.00013099252603204366
29.853826189179603	0.00012824241824695328
29.92264636608189	0.00012553040984603713
29.9916251898765	0.00012285592676032742
30.060763026282324	0.00012021838453242749
30.13006024186122	0.00011761718820906694
30.19951720402016	0.00011505173223272403
30.269134281013045	0.00011252140033233074
30.338911841942718	0.00011002556541303428
30.4088502567628	0.00010756358944502163
30.47894989627983	0.00010513482335138207
30.549211132155122	0.00010273860689502096
30.61963433690679	0.00010037426856460286
30.69021988391158	0.00009804112545952553
30.76096814740708	0.00009573848317390294
30.831879502493535	0.00009346563567956946
30.90295432513592	0.0000912218652080817
30.97419299216581	0.0000890064421317201
31.045595881283557	0.00008681862484347076
31.11716337106017	0.00008465765963599462
31.188895840939384	0.00008252278057956354
31.260793671239558	0.0000804132093989654
31.332857243155857	0.00007832815534935592
31.405086938762164	0.00007626681509106633
31.477483141013174	0.00007422837256334508
31.550046233746276	0.0000722119988570366
31.622776601683793	0.00007021685208617299
31.6956746304349	0.00006824207725848824
31.768740706497724	0.0000662868061448344
31.841975217261254	0.00006435015714749904
31.915378551007617	0.00006243123516740257
31.988951096913972	0.0000605291314701854
32.062693245054675	0.00005864292355115941
32.13660538640318	0.00005677167499912868
32.210687912834345	0.00005491443535905397
32.284941217126345	0.000053070239993571327
32.35936569296285	0.00005123810994334096
32.43396173493493	0.000049417051786228075
32.50872973854344	0.000047606057495291823
32.58367010020087	0.00004580410429559289
32.6587832172336	0.000044010154519793533
32.73406948788383	0.000042223155462553006
32.809529311311906	0.000040442039233695675
32.88516308759829	0.00003866572261015725
32.960971217745794	0.000036893106886687944
33.03695410368149	0.000035123077725313364
33.11311214825911	0.00003335450500352742
33.18944575526103	0.0000315862426612282
33.26595532940047	0.000029817128546368844
33.342641276323505	0.000028045984259328483
33.419504002611426	0.000026271614995976484
33.49654391578276	0.000024492809389437534
33.57376142429548	0.000022708339350535638
33.65115693754908	0.00002091695990691301
33.72873086588689	0.000019117409040806326
33.80648362059815	0.00001730840752547967
33.884415613920275	0.00001548865876029621
33.962527259040854	0.000013656848604424982
34.04081897010009	0.000011811645209159459
34.119291162192845	9.951698848854932e-6
34.197944251370906	8.075641750458879e-6
34.27677865464505	6.1820879216353655e-6
34.35579478998746	4.2696329774584916e-6
34.43499307633384	2.3368539656791877e-6