0.1	10.607674118914282
0.10023052380778996	10.594078908906123
0.10046157902783952	10.580483184554481
0.10069316688518042	10.566886955213983
0.10092528860766845	10.553290229396245
0.10115794542598985	10.539693014757624
0.10139113857366794	10.526095318086833
0.10162486928706957	10.512497145292436
0.1018591388054117	10.498898501390212
0.102093948370768	10.485299390490413
0.10232929922807542	10.471699815784902
0.10256519262514076	10.458099779534123
0.10280162981264736	10.44449928305402
0.10303861204416162	10.430898326702755
0.10327614057613975	10.417296909867336
0.10351421666793438	10.403695030950113
0.10375284158180126	10.390092687355136
0.10399201658290592	10.376477715331497
0.10423174293933042	10.362853271030112
0.10447202192208001	10.349228282054288
0.10471285480508996	10.335602792775509
0.10495424286523224	10.321976847206965
0.1051961873823223	10.308350488995945
0.1054386896391259	10.294723761416146
0.10568175092136585	10.281096707359906
0.10592537251772889	10.267469369330355
0.10616955571987247	10.253841789433496
0.10641430182243161	10.240214009370163
0.10665961212302578	10.226586070427944
0.1069054879222658	10.212958013472972
0.10715193052376065	10.199329878941674
0.10739894123412448	10.185701706832393
0.1076465213629835	10.17207353669695
0.10789467222298288	10.158445407632103
0.1081433951297938	10.14481735827093
0.10839269140212036	10.131189426774105
0.10864256236170655	10.117561650821104
0.10889300933334335	10.10393406760129
0.10914403364487565	10.090306713804944
0.10939563662720939	10.076679625614172
0.1096478196143185	10.063052838693723
0.10990058394325211	10.049426388181738
0.11015393095414151	10.035800308680363
0.11040786199020733	10.022174634246305
0.11066237839776664	10.008549398381252
0.11091748152624012	9.994924634022237
0.11117317272815914	9.981300373531871
0.11142945335917301	9.967676648688483
0.11168632477805612	9.954053490676177
0.11194378834671516	9.940430930074763
0.11220184543019636	9.92680899684961
0.11246049739669266	9.913187720341362
0.11271974561755105	9.899567129255598
0.11297959146727979	9.885947251652347
0.11324003632355571	9.87232811493551
0.11350108156723152	9.858709745842177
0.1137627285823431	9.84509217043185
0.11402497875611688	9.831475414075516
0.11428783347897718	9.817859501444671
0.11455129414455358	9.804244456500177
0.1148153621496883	9.790630302481045
0.11508003889444356	9.777017061893092
0.11534532578210924	9.763404756497469
0.11561122421920987	9.749793407299126
0.11587773561551262	9.736183034535088
0.11614486138403426	9.722573657662698
0.11641260294104915	9.708965295347662
0.11668096170609624	9.695349000277812
0.11694993910198712	9.681727119816351
0.11721953655481303	9.668106256320133
0.11748975549395298	9.654486462840502
0.11776059735208072	9.640867792099431
0.11803206356517298	9.627250296481861
0.11830415557251646	9.613634028028075
0.118576874816716	9.600019038425893
0.11885022274370183	9.586405379002848
0.11912420080273747	9.572793100718258
0.1193988104464273	9.559182254155196
0.11967405313072434	9.545572889512401
0.11994993031493788	9.531965056596087
0.12022644346174129	9.518358804811673
0.12050359403717974	9.504754183155413
0.120781383510678	9.491151240205946
0.12105981335504823	9.477550024115759
0.12133888504649772	9.46395058260256
0.12161860006463679	9.450352962940556
0.12189895989248664	9.436757211951628
0.12217996601648717	9.42316337599644
0.12246161992650487	9.409571500965423
0.12274392311584072	9.395981632269702
0.12302687708123815	9.382393814831895
0.1233104833228909	9.368808093076824
0.12359474334445104	9.355224510922149
0.1238796586530369	9.341643111768882
0.1241652307592411	9.328063938491804
0.1244514611771385	9.314487033429794
0.12473835142429429	9.300912438376065
0.125025903021772	9.287340194568268
0.1253141174941416	9.27377034267852
0.1256029963694875	9.26020292280334
0.12589254117941673	9.246637974453437
0.12618275345906707	9.233075536543437
0.12647363474711512	9.219515647381492
0.12676518658578456	9.205958344658766
0.12705741052085415	9.192403665438848
0.12735030810166617	9.178851646147015
0.12764388088113438	9.165302322559425
0.12793813041575247	9.151755729792173
0.12823305826560213	9.138211902290255
0.12852866599436155	9.124670873816402
0.1288249551693134	9.111132677439825
0.12912192736135342	9.097597345524811
0.1294195841449986	9.084064909719256
0.12971792709839558	9.07053540094302
0.13001695780332903	9.05700884937623
0.13031667784522993	9.043485284447408
0.13061708881318415	9.029964734821517
0.1309181922999407	9.016441679430478
0.13121998990192033	9.00291758771578
0.13152248321922383	8.989396562441943
0.1318256738556407	8.975878652415608
0.1321295634186575	8.962363905942292
0.13243415351946647	8.948852370816812
0.13273944577297395	8.935344094313614
0.1330454417978091	8.921839123176985
0.1333521432163324	8.90833750361118
0.13365955165464422	8.894839281270452
0.1339676687425935	8.881344501248948
0.1342764961137864	8.86785320807054
0.13458603540559483	8.85436544567852
0.13489628825916536	8.840881257425206
0.13520725631942773	8.827400686061447
0.1355189412351036	8.813923773725984
0.1358313446587154	8.800450561934756
0.136144468246595	8.786981091570064
0.13645831365889247	8.773515402869606
0.13677288255958492	8.760053535415459
0.13708817661648537	8.746595528122889
0.13740419750125152	8.733141419229083
0.13772094688939465	8.71969124628176
0.1380384264602885	8.706245046127647
0.1383566378971781	8.69280285490088
0.13867558288718884	8.679364708011237
0.13899526312133534	8.665930640132302
0.13931568029453031	8.652500685189471
0.13963683610559377	8.639074876347856
0.13995873225726183	8.625653246000072
0.14028137045619582	8.612235825753897
0.1406047524129914	8.598822646419789
0.14092887984218747	8.585413737998318
0.14125375446227545	8.572009129667432
0.14157937799570816	8.558608849769644
0.14190575216890922	8.545212925799026
0.142232878712282	8.531821384388145
0.14256075936021884	8.518434251294813
0.1428893958511103	8.505051551388753
0.14321878992735435	8.491673308638081
0.1435489433353656	8.478299546095705
0.14387985782558455	8.46493028588557
0.14421153515248689	8.451565549188752
0.14454397707459277	8.43820535622944
0.14487718535447616	8.424849726260769
0.14521116175877424	8.411498677550517
0.14554590805819662	8.398152227366669
0.14588142602753484	8.384810391962816
0.14621771744567183	8.37147318656344
0.14655478409559117	8.358140625349046
0.1468926277643867	8.344803132863035
0.1472312502432719	8.331463213511046
0.14757065332758945	8.318127922364514
0.14791083881682077	8.30479730956977
0.14825180851459538	8.291471424712638
0.1485935642287007	8.278150316808045
0.14893610777109154	8.264834034289565
0.14927944095789963	8.251522624998838
0.14962356560944334	8.238216136174886
0.1499684835502373	8.224914614443318
0.15031419660900225	8.211618105805405
0.15066070661867417	8.198326655627096
0.15100801541641484	8.185040308627851
0.1513561248436208	8.171759108869425
0.1517050367459337	8.158483099744489
0.15205475297324955	8.145212323965158
0.15240527537972914	8.131946823551413
0.15275660582380723	8.11868663981938
0.15310874616820302	8.105431813369501
0.15346169827992942	8.092182384074599
0.1538154640303035	8.078938391067801
0.15417004529495593	8.065699872730354
0.1545254439538414	8.052466866679309
0.1548816618912481	8.039239409755089
0.15523870099580825	8.026017538008928
0.15559656316050743	8.012801286690195
0.15595525028269538	7.999590690233567
0.15631476426409538	7.986385782246103
0.15667510701081494	7.973186595494158
0.15703628043335524	7.959993161890208
0.15739828644662196	7.946805512479498
0.15776112696993486	7.933623677426594
0.15812480392703834	7.92044768600178
0.15848931924611134	7.90727756656734
0.15885467485977792	7.894113346563675
0.159220872705117	7.880955052495314
0.15958791472367329	7.867802709916777
0.15995580286146688	7.854656343418276
0.16032453906900418	7.841515976611322
0.1606941253012877	7.828381632114154
0.16106456351782708	7.815253331537026
0.16143585568264862	7.8021310954673835
0.16180800376430657	7.789014943454843
0.16218100973589297	7.77590489399608
0.16255487557504839	7.762800964519534
0.16292960326397224	7.749703171369975
0.16330519478943342	7.736611529792919
0.16368165214278085	7.723526053918893
0.16405897731995392	7.71044675674756
0.16443717232149316	7.69737365013166
0.1648162391525508	7.684295721212273
0.1651961798229015	7.671215844849605
0.1655769963469528	7.658142127652179
0.16595869074375605	7.645074623044996
0.16634126503701693	7.63201338386739
0.16672472125510626	7.618958462362252
0.16710906143107074	7.605909910165108
0.16749428760264373	7.592867778293122
0.16788040181225602	7.57983211713397
0.16826740610704674	7.566802976434579
0.16865530253887412	7.553780405289799
0.16904409316432642	7.540764452130907
0.16943378004473283	7.527755164714038
0.16982436524617442	7.5147525901084595
0.17021585083949506	7.50175677468476
0.17060823890031235	7.4887677641028985
0.17100153150902875	7.475785603300134
0.17139573075084252	7.462810336478839
0.17179083871575881	7.449842007094189
0.1721868574986007	7.436880657841724
0.17258378919902034	7.423926330644783
0.17298163592151014	7.410979066641831
0.17338039977541378	7.3980389061736185
0.17378008287493754	7.3851058887702665
0.17418068733916142	7.372180053138171
0.17458221529205037	7.359261437146809
0.1749846688624657	7.346350077815399
0.1753880501841761	7.333446011299439
0.17579236139586926	7.3205492728771
0.1761976046411629	7.307659896935488
0.17660378206861643	7.2947779169567655
0.17701089583174212	7.281903365504158
0.17741894808901656	7.269036274207783
0.1778279410038923	7.256176673750374
0.17823787674480895	7.243324593852847
0.17864875748520506	7.230480063259733
0.17906058540352943	7.217643109724451
0.17947336268325265	7.204813759994459
0.1798870915128788	7.191992039796248
0.1803017740859569	7.179177973820189
0.1807174126010927	7.166371585705227
0.18113400926196024	7.153572898023433
0.18155156627731356	7.1407819322644155
0.18197008586099836	7.127998708819556
0.18238957023196378	7.115223246966105
0.1828100216142743	7.102455564851128
0.18323144223712115	7.089695679475291
0.18365383433483465	7.076943606676478
0.18407720014689558	7.064199361113275
0.18450154191794738	7.051462956248268
0.18492686189780783	7.038723612614319
0.18535316234148114	7.025984146321356
0.18578044550916986	7.013252495124676
0.18620871366628675	7.000528712881976
0.186637969083467	6.987812852799319
0.18706821403658005	6.97510496741955
0.18749945080674188	6.96240510861055
0.18793168168032684	6.949713327553403
0.18836490894898006	6.937029674730421
0.18879913490962935	6.9243541999130676
0.18923436186449755	6.911686952149734
0.18967059212111465	6.8990279797534155
0.19010782799233	6.886377330289248
0.19054607179632474	6.873735050561921
0.1909853258566238	6.861101186602973
0.19142559250210858	6.848475783657944
0.19186687406702896	6.835858886173412
0.19230917289101584	6.823250537783883
0.1927524913190936	6.8106507812985795
0.1931968317016924	6.7980596586880635
0.19364219639466074	6.785477211070741
0.19408858775927784	6.772903478699236
0.19453600816226624	6.760338500946623
0.19498445997580455	6.747782316292515
0.19543394557753943	6.735234962309038
0.195884467350599	6.7226964756466305
0.19633602768360464	6.7101668920197435
0.1967886289706845	6.697646246192352
0.19724227361148533	6.685134571963374
0.19769696401118608	6.672631902151903
0.1981527025805098	6.660138268582329
0.19860949173573716	6.647653702069271
0.19906733389871864	6.635178232402423
0.19952623149688797	6.622711888331185
0.1999861869632744	6.6102546975491965
0.20044720273651614	6.597806686678677
0.2009092812608728	6.585367881254658
0.20137242498623883	6.572938305709016
0.20183663636815607	6.560517983354385
0.2023019178678272	6.54810693636788
0.20276827195212818	6.535705185774716
0.20323570109362218	6.523312751431591
0.2037042077705718	6.510929652009988
0.20417379446695297	6.498555904979252
0.20464446367246739	6.486191526589544
0.20511621788255657	6.473836531854612
0.20558905959841414	6.461490934534403
0.20606299132700007	6.449154747117498
0.20653801558105292	6.436827980803401
0.20701413487910425	6.424510645484622
0.20749135174549097	6.412190662995599
0.2079696687103696	6.399871182263984
0.20844908830972886	6.387561088500024
0.20892961308540398	6.3752604369770545
0.20941124558508925	6.362969282275247
0.20989398836235246	6.3506876782694475
0.21037784397664752	6.338415678116914
0.21086281499332898	6.326153334244903
0.21134890398366465	6.313900698338168
0.2118361135248502	6.3016578213262875
0.21232444620002192	6.289424753370899
0.21281390459827124	6.277201543852787
0.21330449131465762	6.264988241358849
0.21379620895022325	6.252784893668921
0.21428906011200585	6.240591547742488
0.21478304741305343	6.228408249705235
0.21527817347243727	6.216235044835494
0.21577444091526668	6.20407197755052
0.21627185237270202	6.191919091392679
0.21677041048196952	6.179776429015438
0.21727011788637443	6.167644032169268
0.2177709772353159	6.155521941687373
0.21827299118430013	6.143410197471309
0.2187761623949553	6.131308838476411
0.21928049353504486	6.119217902697144
0.21978598727848253	6.107137427152236
0.2202926463053456	6.09506744786973
0.22080047330189004	6.083007999871835
0.22130947096056375	6.070959117159679
0.22181964198002194	6.058920832697852
0.2223309890651403	6.046893178398865
0.22284351492703042	6.034876185107396
0.22335722228305316	6.022869882584433
0.223872113856834	6.010874299491207
0.22438819237827662	5.998889463373036
0.2249054605835781	5.986915400642941
0.22542392121524293	5.974952136565163
0.22594357702209775	5.962999695238476
0.22646443075930595	5.951058099579368
0.2269864851883822	5.939127371305037
0.22750974307720706	5.927207530916243
0.2280342072000418	5.915298597679972
0.22855988033754301	5.9034005896119615
0.2290867652767773	5.891513523459016
0.2296148648112362	5.8796374146812065
0.23014418174085083	5.867772277433845
0.2306747188720069	5.855918124549331
0.23120647901755947	5.844074967518788
0.23173946499684786	5.832242816473548
0.2322736796357107	5.820421680166452
0.23280912576650079	5.808597281217128
0.23334580622810028	5.796773338594772
0.23388372386593548	5.784960350882266
0.2344228815319922	5.773158381155553
0.23496328208483072	5.761367491850139
0.23550492838960096	5.749587744749325
0.2360478233180577	5.737819200972338
0.23659196974857583	5.726061920962316
0.23713737056616552	5.714315964474184
0.23768402866248767	5.7025813905624085
0.23823194693586902	5.690858257568617
0.23878112829131776	5.679146623109098
0.23933157564053875	5.667446544062183
0.23988329190194904	5.655758076555471
0.24043628000069334	5.64408127595296
0.24099054286865948	5.632416196842023
0.24154608344449405	5.620762893020263
0.2421029046736178	5.609121417482241
0.24266100950824154	5.597491822406043
0.24322040090738153	5.5858741591397525
0.24378108183687525	5.574268478187754
0.2443430552693972	5.562674829196926
0.24490632418447456	5.551093260942663
0.24547089156850305	5.539523821314788
0.24603676041476275	5.528099986038045
0.24660393372343392	5.5177188058431295
0.24717241450161304	5.5073493897676595
0.24774220576332856	5.496991746672171
0.24831331052955705	5.4866458840847026
0.2488857318282391	5.476311808182707
0.24945947269429547	5.465989523774749
0.25003453616964316	5.455679034282056
0.2506109253032114	5.445380341719899
0.251188643150958	5.435093446678764
0.25176769277588557	5.424818348305382
0.25234807724805747	5.414555044283567
0.2529297996446145	5.404303530814851
0.25351286304979076	5.394063802598983
0.25409727055493053	5.383835852814196
0.2546830252585041	5.373619673097319
0.2552701302661247	5.363415253523699
0.2558585886905646	5.353222582586917
0.25644840365177174	5.343041647178334
0.2570395782768864	5.3328724325664405
0.25763211570025757	5.322714922375997
0.25822601906345966	5.312569098567012
0.2588212915153092	5.302434941413487
0.2594179362118814	5.292312429481995
0.2600159563165272	5.282201539610036
0.2606153549998896	5.272102246884207
0.26121613543992067	5.261998210110846
0.2618183008218985	5.251893641436916
0.26242185433844417	5.241800495785714
0.26302679918953814	5.231718809575021
0.263633138582538	5.221648618312253
0.2642408757321946	5.211589956580585
0.2648500138606701	5.2015428580248875
0.2654605561975539	5.191507355337576
0.26607250597988097	5.181483480244265
0.2666858664521479	5.171471263489343
0.26730064086633115	5.161470734821343
0.2679168324819031	5.151481922978237
0.26853444456585074	5.1415048556725225
0.26915348039269155	5.131539559576215
0.26977394324449205	5.121586060305666
0.2703958364108843	5.11164438240624
0.2710191631890843	5.101714549336853
0.2716439268839082	5.0917965834543475
0.2722701308077913	5.0818905059977215
0.272897778280804	5.071996337072217
0.27352687263067127	5.062114095633225
0.27415741719278824	5.052243799470082
0.2747894153102397	5.042385465189655
0.2754228703338166	5.032539108199823
0.27605778562203465	5.02270474269276
0.27669416454115114	5.012882381628084
0.2773320104651841	5.003072036715824
0.27797132677592884	4.99327371839924
0.2786121168629771	4.983487435837473
0.27925438412373377	4.9737131968880375
0.2798981319634363	4.963951008089123
0.2805433637951713	4.954200874641766
0.28119008303989407	4.9444628003918165
0.28183829312644537	4.934736787811759
0.2824879974915708	4.925022837982338
0.2831391995799379	4.915320950574042
0.2837919028441557	4.9056311238283765
0.28444611074479154	4.895953354538994
0.285101826750391	4.886287638032608
0.28575905433749466	4.876633968149776
0.2864177969906581	4.866992337225454
0.28707805820246907	4.8573627360694
0.28773984147356696	4.8477451539463825
0.28840315031266056	4.838139578556206
0.2890679882365476	4.828545996013539
0.28973435877013226	4.81896439082758
0.2904022654464451	4.809394745881502
0.2910717118066605	4.799837042411729
0.29174270140011677	4.790291259987002
0.29241523778433354	4.78075737648727
0.2930893245250321	4.771215835458291
0.2937649651961531	4.761671688451568
0.29444216337987617	4.75213925751848
0.29512092266663853	4.7426185956491125
0.29580124665515467	4.733109755176925
0.2964831389524342	4.723612787767425
0.29716660317380267	4.7141277444067
0.29785164294291894	4.704654675389869
0.298538261891796	4.695193630309376
0.2992264636608189	4.685744658043204
0.29991625189876514	4.676307806742945
0.30060763026282306	4.6668831238217665
0.3013006024186122	4.657470655942242
0.3019951720402016	4.648070449004078
0.30269134281013055	4.638682548131696
0.30338911841942706	4.629306997661718
0.3040885025676279	4.6199438411303
0.3047894989627983	4.610593121260361
0.3054921113215513	4.601254879948669
0.3061963433690677	4.591929158252814
0.30690219883911574	4.582615996378039
0.3076096814740708	4.573315433663953
0.3083187950249354	4.564027508571095
0.30902954325135906	4.5547522586673885
0.309741929921658	4.545489720614448
0.31045595881283555	4.53623993015375
0.31117163371060175	4.5270029220926755
0.3118889584093937	4.517778730290416
0.3126079367123955	4.508567387643733
0.31332857243155854	4.499368926072591
0.3140508693876217	4.490183376505627
0.3147748314101316	4.48101076886552
0.31550046233746265	4.471851132054176
0.31622776601683794	4.46270449393778
0.3169567463043491	4.453570881331729
0.31768740706497706	4.444450319985385
0.3184197521726125	4.435342834566696
0.31915378551007617	4.426248448646668
0.3198895109691398	4.417167184683692
0.3206269324505466	4.408099064007704
0.3213660538640317	4.399044106804209
0.32210687912834346	4.390002332098143
0.32284941217126356	4.380973757737584
0.32359365692962827	4.371958400377305
0.32433961734934924	4.362956275462166
0.3250872973854344	4.353967397210353
0.3258367010020088	4.34499177859646
0.32658783217233583	4.336029431334394
0.3273406948788382	4.327080365860137
0.328095293113119	4.31814459131433
0.32885163087598307	4.309214503998665
0.32960971217745777	4.300292088873514
0.3303695410368148	4.291382942787505
0.3311311214825911	4.282487101507819
0.3318944575526104	4.273604599861262
0.33265955329400454	4.264735471720116
0.333426412763235	4.255879749987867
0.3341950400261143	4.247037466584774
0.33496543915782767	4.2382086524333085
0.3357376142429547	4.229393337443453
0.33651156937549076	4.220591550497849
0.3372873086588689	4.211803319436811
0.3380648362059816	4.203028671043187
0.33884415613920255	4.194267631027077
0.3396252725904084	4.185520224010402
0.3404081897010009	4.176786473511323
0.34119291162192855	4.1680664019285185
0.3419794425137089	4.159360030525291
0.3427677865464504	4.1506673794135445
0.34355794789987465	4.141988467537595
0.34434993076333853	4.1333233126578195
0.3451437393358563	4.124671931334172
0.345939377826122	4.116034338909512
0.34673685045253166	4.107410549492797
0.34753616144320587	4.098800575942102
0.34833731503601184	4.090204429847484
0.34914031547858615	4.081622121513682
0.3499451670283573	4.073053659942648
0.350751873952568	4.0644990528159175
0.35156044052829816	4.055958306476808
0.35237087104248715	4.047431425912464
0.353183169791957	4.038918414735701
0.3539973410834347	4.0304192751667145
0.35481338923357547	4.0219340080145916
0.3556313185689854	4.013462612658656
0.3564511334262443	4.005005087029637
0.35727283815192895	3.996561427590672
0.35809643710263606	3.988131629318104
0.35892193464500527	3.979715685682128
0.35974933515574237	3.971313588627242
0.36057864302164244	3.9629253285525157
0.36140986263961333	3.9545508942916716
0.36224299841669866	3.946190273092996
0.3630780547701014	3.937843450599039
0.36391503612720716	3.92951041082615
0.36475394692560786	3.9211911361437957
0.36559479161312497	3.912885607253721
0.36643757464783333	3.9045938031688734
0.3672823004980847	3.8963157011921776
0.3681289736425315	3.888051276895073
0.3689775985701504	3.8797907280449153
0.3698281797802663	3.8715365677731524
0.37068072178257605	3.8632959481639517
0.37153522909717257	3.8550688787255694
0.3723917062545686	3.846855367695492
0.3732501577957206	3.838655422023285
0.3741105882720534	3.8304690473532568
0.3749730022454836	3.8222962480069778
0.3758374042884442	3.814137026965626
0.37670379898390893	3.8059913858521606
0.377572190925416	3.797859324913342
0.37844258471709324	3.789740843001566
0.3793149849736819	3.78163593755654
0.38018939632056115	3.7735446045867853
0.381065823393773	3.7654668386509527
0.3819442708400465	3.7574026328389847
0.38282474331682265	3.749351978753081
0.38370724549227875	3.741314866488504
0.38459178204535355	3.7332912846141832
0.38547835766577176	3.7252812201531658
0.38636697705406914	3.717284658562859
0.3872576449216172	3.709301583715109
0.3881503659906482	3.701331977876081
0.38904514499428056	3.6933758216859585
0.3899419866765434	3.6854330941384523
0.390840895792402	3.6775037725601263
0.3917418771077831	3.669587832589518
0.3926449353995998	3.66168524815608
0.3935500754557774	3.653795991458919
0.3944573020752784	3.6459200329453405
0.3953666200681279	3.638057341289199
0.39627803425543945	3.6302078833690428
0.3971915494694403	3.622371624246063
0.3981071705534972	3.614548527141839
0.39902490236214205	3.6067385534158753
0.39994474976109745	3.5989416625429413
0.4008667176273028	3.591157812090191
0.4017908108489399	3.5833869576940915
0.4027170343254591	3.575629053037117
0.40364539296760493	3.5678840498242543
0.4045758916974427	3.5601518977592743
0.40550853544838383	3.5524325445208027
0.40644332916521275	3.544725935738159
0.40738027780411273	3.5370320149669885
0.4083193863326921	3.529350723664664
0.40926065973001086	3.5216820011654693
0.4102041029866068	3.5140257846555536
0.41114972110452225	3.506382009147663
0.4120975190973302	3.498750607455645
0.4130475019901614	3.4911315101687115
0.41399967481973043	3.4835012621631107
0.4149540426343629	3.4758658675620437
0.41591061049402206	3.4682424284546247
0.4168693834703354	3.4606309645321396
0.41783036664662176	3.453031494494726
0.4187935651179184	3.445444036037365
0.41975898399100753	3.4378686058357517
0.4207266283844441	3.4303052195320154
0.4216965034285822	3.4227538917203173
0.422668614265603	3.4152146359322986
0.4236429660495411	3.4076874646223976
0.4246195639463129	3.4001723891530196
0.4255984131337431	3.392669419779577
0.42657951880159267	3.3851785656353726
0.4275628861515862	3.377699834716349
0.4285485203974395	3.370233233865693
0.4295364267648873	3.362778768758286
0.43052661049171065	3.3553364438850197
0.43151907682776525	3.347906262536953
0.43251383103500873	3.3404882267893217
0.4335108783875289	3.3330823374854024
0.43451022417157154	3.325688594220215
0.4355118736855686	3.3183069953240834
0.436515832240166	3.3109375378460335
0.4375221051582521	3.3035802175370357
0.4385306977749857	3.2962350288330926
0.4395416154378245	3.2889019648381708
0.4405548635065533	3.2815810173069653
0.4415704473533125	3.274272176627511
0.44258837236262655	3.2669754318036266
0.44360864393143257	3.2596907704371967
0.4446312674691087	3.252418178710291
0.4456562483975033	3.245157641367109
0.44668359215096315	3.2379091416957713
0.44771330417636257	3.2306726615099244
0.4487453899331322	3.2234481811301925
0.449779854893288	3.216235679365442
0.45081670454146017	3.209035133493882
0.4518559443749224	3.2018465192439907
0.4528975799036208	3.194669810775259
0.4539416166502032	3.187504980658761
0.4549880601500486	3.180351999857545
0.4560369159512962	3.173210837706844
0.4570881896148751	3.1660814618941076
0.4581418867145335	3.1589638384388388
0.4591980128368686	3.151857931672264
0.4602565735813561	3.1447637042167975
0.4613175745603794	3.137681116965336
0.46238102139926035	3.1306101290603485
0.46344691973628804	3.123550697872786
0.46451527522274944	3.1164837765591327
0.465586093522959	3.109414258181078
0.46665938031428866	3.102356054527303
0.46773514128719823	3.0953091955203047
0.46881338214526524	3.088273710312458
0.46989410860521547	3.0812496272744245
0.47097732639695294	3.0742369739834503
0.47206304126359055	3.067235777211557
0.4731512589614805	3.060246062913604
0.4742419852602447	3.053267856215248
0.47533522594280536	3.046301181400779
0.47643098680541573	3.0393460619008366
0.47752927365769093	3.032402520280013
0.4786300923226384	3.025470578224333
0.47973344863668915	3.018550256528611
0.4808393484497286	3.011641575083687
0.4819477976251274	3.004744552863547
0.4830588020397727	2.997859207912307
0.48417236758409943	2.990985557331081
0.4852885001621211	2.9841236172647183
0.4864072056914617	2.9772734028884194
0.4875284901033864	2.9704349283942153
0.48865235934283363	2.963608206977326
0.48977881936844625	2.956793250822382
0.4909078761526032	2.949990071089519
0.492039535681451	2.9431986779003387
0.49317380395493593	2.9364190803237333
0.4943106869868355	2.9296512863615845
0.4954501908047903	2.922895302934311
0.49659232145033616	2.916151135866295
0.49773708497893604	2.9094187898711645
0.4988844874600123	2.902698268536929
0.5000345349769786	2.895989574310992
0.5011872336272724	2.889292708485003
0.5023425895223872	2.8826076711795796
0.5035006087879049	2.875934461328886
0.5046612975635284	2.8692730766650567
0.505824662003114	2.86262351370248
0.5069907082747043	2.85598576772194
0.5081594425605604	2.8493598327545984
0.5093308710571953	2.8427457015658377
0.5105049999754062	2.836143365638943
0.5116818355403077	2.8295528151586407
0.5128613839913648	2.8229740389944764
0.514043651582426	2.8164070246840445
0.5152286445817564	2.8098517584160585
0.5164163692720709	2.8033082250132595
0.5176068319505677	2.7967764079151785
0.5188000389289611	2.790256289160724
0.5199959965335159	2.7837478493706223
0.5211947111050804	2.7772414797424445
0.5223961889991198	2.7707396502118966
0.5236004365857502	2.764249380717573
0.5248074602497725	2.7577706863194007
0.5260172663907061	2.751303581128786
0.5272298614228227	2.744848078295447
0.5284452517751804	2.738404189994114
0.5296634438916578	2.7319719274111147
0.5308844442309884	2.725551300730816
0.5321082592667942	2.7191423191219513
0.5333348954876209	2.712744990723808
0.5345643593969717	2.706359322632289
0.5357966575133416	2.6999853208858435
0.5370317963702527	2.6936229904512565
0.5382697825162883	2.6872723352093124
0.5395106225151276	2.680933357940325
0.5407543229455808	2.6746060603095145
0.5420008904016238	2.668290442852269
0.5432503314924332	2.6619865049592564
0.5445026528424212	2.6556942448613903
0.5457578610912709	2.6494136596146682
0.5470159628939716	2.6431447450848564
0.5482769649208538	2.6368874959320383
0.5495408738576245	2.6306419055950188
0.5508076964054034	2.624407966275568
0.5520774392807574	2.618185668922548
0.5533501092157367	2.6119750032158593
0.5546257129579107	2.6057759575502573
0.5559042572704036	2.599588519019014
0.5571857489319298	2.5934126733974274
0.5584701947368308	2.587248405126172
0.5597576014951101	2.5810956972945096
0.5610479760324705	2.5749545316233267
0.5623413251903491	2.568824888448031
0.5636376558259545	2.562706746701279
0.5649369748123025	2.556600083895549
0.5662392890382533	2.5505048761055527
0.5675446054085471	2.5444210979504827
0.5688529308438415	2.5383487225761026
0.5701642722807475	2.5322877216366657
0.571478636671867	2.526238065276672
0.5727960309858292	2.520199722112454
0.5741164622073276	2.5141726592136004
0.5754399373371569	2.5081568420842024
0.5767664633922508	2.502152234643933
0.5780960474057181	2.496158799208954
0.5794286964268811	2.4901764964726447
0.580764417521312	2.484205285486161
0.5821032177708715	2.478245123638809
0.5834451042737447	2.4722959666382516
0.5847900841444807	2.466341721050296
0.5861381645140288	2.460386510368955
0.5874893525297767	2.454442074161741
0.588843655355589	2.448508428643062
0.5902010801718444	2.4425855891811588
0.591561634175474	2.436673570286232
0.5929253245799998	2.430772385598446
0.5942921586155727	2.4248820478758275
0.5956621435290105	2.4190025689820427
0.5970352865838369	2.413133959874059
0.5984115950603197	2.407276230589689
0.5997910762555094	2.4014293902350157
0.6011737374832781	2.395593446971704
0.6025595860743578	2.389768408004179
0.6039486293763798	2.3839542795666953
0.6053408747539136	2.378151066910278
0.6067363295885054	2.372358774289542
0.6081350012787179	2.3665774049493833
0.6095368972401692	2.3608069611115483
0.610942024905572	2.3550474439610802
0.6123503917247736	2.3492988536326247
0.6137620051647943	2.3435611891966244
0.6151768727098682	2.337834448645368
0.6165950018614822	2.3321186288789186
0.618016400138416	2.3264137256909065
0.6194410750767815	2.3207197337541907
0.6208690342300636	2.315036646606381
0.6223002851691596	2.309364456635235
0.6237348354824193	2.3037031550639093
0.6251726927756859	2.2980527319360764
0.6266138646723355	2.292413176100909
0.628058358813318	2.2867844751979116
0.6295061828571976	2.281166615641627
0.6309573444801934	2.275559582606189
0.6324118513762195	2.269963360009739
0.633869711256927	2.2643779304986906
0.6353309318517437	2.2588032754318617
0.6367955209079159	2.2532393748644446
0.6382634861905487	2.2476862075318427
0.6397348354826482	2.2421437508333453
0.6412095765851616	2.236611980815664
0.6426877173170197	2.2310908721563085
0.6441692655151774	2.225580398146813
0.6456542290346556	2.220080530675817
0.6471426157485832	2.2145912402119707
0.6486344335482385	2.2091124957867048
0.6501296903430908	2.203644264976835
0.6516283940608427	2.198186513887001
0.6531305526474724	2.192739207131958
0.654636174067275	2.1873023078186944
0.6561452663029055	2.1818610670154768
0.6576578373554206	2.176419268461845
0.6591738952443215	2.1709876775032257
0.6606934480075961	2.1655663128503857
0.662216503701762	2.1601551924736038
0.6637430704019089	2.154754333592067
0.6652731562017414	2.1493637526631697
0.6668067692136223	2.1439834653717056
0.6683439175686147	2.1386134866189583
0.6698846094165265	2.133253830511682
0.6714288529259524	2.1279045103509877
0.6729766562843179	2.122565538621111
0.6745280276979221	2.1172369269780806
0.6760829753919819	2.1119186862382757
0.6776415076106752	2.1066108263668735
0.6792036326171846	2.1013133564661866
0.6807693586937414	2.096026284763896
0.6823386941416696	2.090749618601163
0.6839116472814293	2.08548336442063
0.6854882264526615	2.08022752775432
0.6870684400142321	2.0749821132114
0.688652296344276	2.0697471244658496
0.6902398038402419	2.0645225642439993
0.6918309709189364	2.059308434311959
0.6934258060165691	2.054104735462924
0.6950243175887968	2.048911467504364
0.6966265141107687	2.043728629245091
0.6982324040771714	2.0385562184822046
0.6998419960022735	2.0333942319879172
0.7014552984199712	2.028242665496257
0.7030723198838335	2.0231015136896384
0.7046930689671469	2.0179707701853222
0.7063175542629619	2.0128504275217316
0.7079457843841379	2.007740477144656
0.7095777679633888	2.002640909393317
0.711213513653329	1.9975517134863094
0.7128530301265195	1.99247287750741
0.7144963260755133	1.9874043883912529
0.716143410212902	1.9823462319088783
0.7177942912713617	1.9772983926531402
0.7194489780036994	1.972260854023984
0.7211074791828996	1.9672335982135858
0.7227698036021702	1.9622166061913573
0.72443596007499	1.9572098576888075
0.7261059574351547	1.9522133311842718
0.727779804536824	1.9472270038874953
0.7294575102545687	1.9422508517240757
0.7311390834834174	1.9372848493197683
0.732824533138904	1.9323289699846369
0.734513868157115	1.9273831856970702
0.7362070974947361	1.9224357457231658
0.737904230129101	1.9174896660626723
0.7396052750582378	1.9125535255364836
0.7413102413009175	1.9076273398892638
0.7430191378967014	1.9027111241363994
0.744731973905989	1.897804892553709
0.7464487584100665	1.8929086586670432
0.7481695005111544	1.8880224352418045
0.7498942093324559	1.8831462342723504
0.7516228940182055	1.878280066971304
0.7533555637337174	1.8734239437587568
0.7550922276654339	1.8685778742513783
0.7568328950209744	1.8637418672514081
0.7585775750291838	1.858915930735558
0.7603262769401818	1.8541000718437965
0.762079010025412	1.849294296868035
0.7638357835776907	1.8444986112407042
0.7655966069112563	1.8397130195232199
0.7673614893618189	1.8349375253943465
0.7691304402866096	1.8301721316384443
0.7709034690644301	1.8254168401336064
0.7726805850957024	1.8206716518396913
0.7744617978025188	1.8159365667862335
0.7762471166286917	1.8112115840602443
0.7780365510398041	1.8064967017939033
0.7798301105232588	1.8017919171521262
0.7816278045883297	1.7970972263200207
0.7834296427662119	1.7924126244902268
0.7852356346100718	1.7877381058501338
0.7870457896950986	1.7830736635689832
0.7888601176185545	1.7784192897848496
0.7906786279998251	1.773774975591498
0.7925013304804718	1.7691407110251245
0.7943282347242815	1.7645164850509687
0.7961593504173188	1.7599022855498034
0.7979946872679766	1.7552980993043037
0.7998342550070284	1.7507039119852803
0.8016780633876791	1.7461197081377968
0.8035261221856173	1.7415454711671507
0.8053784411990667	1.7369811833247275
0.8072350302488382	1.7324268256937274
0.8090958991783823	1.7278823781747565
0.8109610578538409	1.7233478194712872
0.8128305161640993	1.718823127074985
0.8147042840208396	1.714308277250903
0.8165823713585925	1.709803245022537
0.81846478813479	1.705308004156744
0.8203515443298183	1.700822527148529
0.8222426499470712	1.6963467852056815
0.8241381150130024	1.6918807482332854
0.8260379495771788	1.6874142164559556
0.8279421637123342	1.6829498001877936
0.8298507675144225	1.6784949353750276
0.8317637711026711	1.674049629283834
0.8336811846196344	1.6696138883919107
0.835603018231248	1.665187718377832
0.8375292821268826	1.6607711241103038
0.8394599865193975	1.6563641096373178
0.8413951416451951	1.6519666781752023
0.8433347577642755	1.6475788320975713
0.84527884516029	1.643200572924169
0.8472274141405965	1.6388319013096062
0.8491804750363139	1.634472817031999
0.8511380382023765	1.6301233189814897
0.8531001140175896	1.625783405148671
0.8550667128846834	1.6214530726128937
0.8570378452303697	1.617132317530471
0.8590135215053958	1.6128211351227681
0.8609937521846007	1.608519519664183
0.8629785477669704	1.604227464470015
0.8649679187756933	1.599944961884222
0.8669618757582167	1.5956720032670595
0.8689604292863019	1.591408578982608
0.8709635899560808	1.587154678386187
0.8729713683881117	1.5829102898116463
0.8749837752274362	1.578675400558545
0.8770008211436349	1.57444999687921
0.8790225168308845	1.570234063965672
0.8810488730080143	1.5660275859364905
0.8830799004185629	1.5618305458234434
0.8851156098308356	1.5576429255581068
0.887156012037961	1.5534647059583044
0.8892011178579485	1.5492958667144339
0.8912509381337457	1.545136386375667
0.8933054837332954	1.5409862423360297
0.895364765549594	1.5368454108203427
0.8974287945007486	1.5327138668700426
0.8994975815300353	1.5285915843288733
0.9015711376059571	1.5244785358284427
0.9036494737223016	1.520374692773647
0.9057326008982003	1.5162800253279702
0.9078205301781859	1.51219450239864
0.9099132726322517	1.508118091621654
0.9120108393559097	1.5040507593466705
0.9141132414702502	1.4999924706217587
0.9162204901219997	1.495943189178014
0.9183325964835808	1.4919028774140326
0.9204495717531712	1.4878714963802446
0.9225714271547631	1.4838490057631082
0.9246981739382225	1.4798353638691586
0.9268298233793492	1.4758171933725661
0.9289663867799363	1.4717979157385026
0.9311078754678302	1.467787280845066
0.933254300796991	1.4637852973501586
0.9354056741475518	1.459791973228581
0.9375620069258802	1.4558073157626945
0.9397233105646378	1.4518313315330027
0.9418895965228413	1.4478640264086395
0.9440608762859233	1.4439054055377694
0.946237161365793	1.4399554733378923
0.9484184633008971	1.4360142334860653
0.9506047936562815	1.4320816889090229
0.9527961640236519	1.428157841773212
0.9549925860214359	1.424242693474725
0.9571940712948444	1.4203362446291472
0.9594006315159331	1.4164384950613005
0.9616122783836646	1.4125494437948976
0.9638290236239705	1.4086690890420952
0.9660508789898133	1.40479742819295
0.9682778562612491	1.4009344578047784
0.9705099672454897	1.397080173591413
0.9727472237769651	1.3932345704123628
0.9749896377173869	1.3893976422618712
0.9772372209558107	1.3855693822578683
0.9794899854086988	1.3817497826308296
0.9817479430199844	1.3779388347125192
0.9840111057611337	1.37413652892464
0.9862794856312105	1.3703428547673715
0.9885530946569389	1.3665578008078034
0.9908319448927676	1.3627813546682646
0.9931160484209338	1.3590135030145398
0.995405417351527	1.3552542315439824
0.9977000638225533	1.3515035249735143
1.	1.3477613670275177
1.0023052380778998	1.3440277404256118
1.0046157902783952	1.3403026268703246
1.0069316688518044	1.336586007034641
1.0092528860766845	1.3328778605494476
1.0115794542598988	1.329178165990853
1.0139113857366795	1.3254869008674033
1.016248692870696	1.3218040416071644
1.0185913880541169	1.318129563544708
1.0209394837076802	1.3144634409079545
1.023292992280754	1.3108056468049207
1.0256519262514079	1.3071561532103262
1.0280162981264735	1.3035149309520913
1.0303861204416165	1.2998819496977037
1.0327614057613974	1.2962571779404723
1.0351421666793441	1.29264058298564
1.0375284158180127	1.2890321309363908
1.0399201658290596	1.2854202945477677
1.0423174293933042	1.2818080246251788
1.0447202192208003	1.278203726112803
1.0471285480508996	1.2746074084555072
1.0495424286523225	1.2710190804953203
1.051961873823223	1.267438750463124
1.0543868963912593	1.2638664259702528
1.0568175092136585	1.260302114000021
1.0592537251772887	1.2567458208991646
1.0616955571987248	1.253197552369204
1.064143018224316	1.2496573134577298
1.066596121230258	1.2461251085495928
1.0690548792226577	1.2426009413580281
1.0715193052376064	1.2390848149156803
1.0739894123412446	1.2355767315655537
1.076465213629835	1.232076692951872
1.0789467222298286	1.2285847000108565
1.081433951297938	1.2251007529614117
1.0839269140212033	1.2216248512957322
1.0864256236170655	1.218156993769809
1.0889300933334332	1.2146971783938623
1.0914403364487566	1.2112454024226702
1.0939563662720937	1.2078016623458192
1.096478196143185	1.2043659538778544
1.0990058394325208	1.200938271948343
1.101539309541415	1.197518610691844
1.104078619902073	1.194106963437787
1.1066237839776665	1.1907033227002493
1.1091748152624008	1.1873076801676512
1.1117317272815914	1.1839200266923409
1.1142945335917298	1.1805403522800966
1.1168632477805611	1.1771686460795197
1.1194378834671515	1.1738048963713408
1.1220184543019636	1.1704490905576175
1.1246049739669264	1.1671012151508409
1.1271974561755105	1.1637612557629342
1.1297959146727976	1.160429197094158
1.1324003632355573	1.1571050229219049
1.1350108156723149	1.1537887160894014
1.137627285823431	1.1504802584942941
1.1402497875611686	1.1471796310771463
1.1428783347897717	1.1438868138098117
1.1455129414455354	1.1406017856837203
1.1481536214968828	1.1373245246980412
1.1508003889444356	1.13405500784775
1.1534532578210923	1.1307932111115777
1.1561122421920986	1.1275391094398584
1.1587773561551262	1.1242926767422574
1.1614486138403426	1.121053885875399
1.1641260294104914	1.1178227086303691
1.1668096170609623	1.114590400454378
1.1694993910198712	1.1113591963277925
1.1721953655481303	1.1081354673159467
1.1748975549395297	1.104919217444106
1.1776059735208073	1.101710450116825
1.1803206356517297	1.0985091681096608
1.1830415557251646	1.095315373560813
1.1857687481671602	1.0921290679626825
1.1885022274370183	1.0889502521533563
1.1912420080273751	1.085778926308001
1.193988104464273	1.082615089930192
1.1967405313072437	1.079458741843142
1.1994993031493788	1.076309880180868
1.2022644346174132	1.0731685023792568
1.2050359403717974	1.0700346051670615
1.2078138351067804	1.0669081845568051
1.2105981335504823	1.063789235835605
1.2133888504649775	1.0606777535559055
1.2161860006463678	1.0575737315261344
1.2189895989248667	1.05447716280126
1.2217996601648717	1.0513880396732733
1.2246161992650488	1.0483063536615718
1.2274392311584073	1.0452320955032606
1.2302687708123818	1.0421652551433607
1.233104833228909	1.0391058217249307
1.2359474334445106	1.0360537835790888
1.238796586530369	1.0330091282149563
1.2416523075924113	1.0299718423094941
1.244514611771385	1.0269419116972576
1.2473835142429432	1.02391932136005
1.2502590302177201	1.0209040554164839
1.2531411749414163	1.017896097111446
1.2560299636948749	1.0148954288054681
1.2589254117941675	1.0119020319639953
1.2618275345906707	1.0089158871465622
1.2647363474711515	1.0059369739958668
1.2676518658578455	1.0029652712267458
1.270574105208542	1.0000007566150477
1.2735030810166617	0.9970434069864108
1.276438808811344	0.9940931982049285
1.2793813041575246	0.9911501051617236
1.2823305826560218	0.9882141017634086
1.2852866599436155	0.9852851609204502
1.2882495516931343	0.98236325453542
1.2912192736135342	0.9794483534911471
1.2941958414499863	0.9765404276387561
1.297179270983956	0.9736394457856054
1.3001695780332907	0.9707453756831058
1.3031667784522993	0.967858184014443
1.3061708881318417	0.9649778363821747
1.309181922999407	0.9620933303963023
1.3121998990192034	0.9592074800857302
1.3152248321922384	0.9563283044134826
1.3182567385564075	0.9534558106187978
1.3212956341865751	0.950590005437116
1.324341535194665	0.9477308950931654
1.3273944577297394	0.9448784852939899
1.3304544179780915	0.9420327812218995
1.333521432163324	0.9391937875273687
1.3365955165464425	0.9363615083218519
1.3396766874259352	0.9335359471705459
1.3427649611378643	0.9307171070850689
1.3458603540559484	0.9279049905160861
1.348962882591654	0.9250995993458507
1.3520725631942772	0.9223009348806881
1.3551894123510364	0.9195089978433978
1.3583134465871542	0.9167237883655952
1.3614446824659503	0.9139453059799699
1.3645831365889245	0.9111735496124833
1.3677288255958495	0.9084085175744818
1.3708817661648536	0.9056502075547472
1.3740419750125157	0.9028986166114621
1.3772094688939465	0.9001537411641112
1.3803842646028852	0.8974155769852971
1.383566378971781	0.8946841191924891
1.3867558288718889	0.8919593622396864
1.3899526312133532	0.8892412999090129
1.3931568029453036	0.8865299253022247
1.3963683610559376	0.8838252308321508
1.3995873225726185	0.8811272082140387
1.4028137045619582	0.8784358484568376
1.4060475241299144	0.8757511418543867
1.4092887984218747	0.8730730779765317
1.4125375446227548	0.8704016456601528
1.4157937799570817	0.8677368330001164
1.4190575216890926	0.865078627340137
1.4223287871228198	0.8624270152635628
1.425607593602188	0.8597819825840689
1.428893958511103	0.8571435143362705
1.432187899273543	0.8545115947662498
1.435489433353656	0.8518862073219923
1.4387985782558452	0.8492673346437422
1.4421153515248688	0.8466549585542625
1.4454397707459272	0.8440490600490139
1.4487718535447618	0.8414496192862355
1.452111617587742	0.8388566155769461
1.455459080581966	0.8362700273748428
1.4588142602753482	0.8336898322661184
1.4621771744567182	0.8311160069591781
1.4655478409559113	0.8285485272742711
1.468926277643867	0.8259797609835202
1.4723125024327186	0.8234116594250795
1.4757065332758947	0.8208497841765193
1.4791083881682072	0.8182941393667884
1.4825180851459536	0.8157447286276639
1.4859356422870067	0.8132015550870825
1.4893610777109154	0.8106646213624069
1.492794409578996	0.8081339295536317
1.4962356560944337	0.80560948123652
1.4996848355023733	0.8030912774556803
1.5031419660900225	0.8005793187175758
1.5066070661867417	0.798073604983471
1.5100801541641484	0.7955741356623056
1.513561248436208	0.7930809096035115
1.5170503674593367	0.7905939250897537
1.5205475297324955	0.7881131798296085
1.5240527537972914	0.7856386709501717
1.5275660582380723	0.7831703949895984
1.5310874616820302	0.7807083478895724
1.5346169827992941	0.7782525249877077
1.5381546403030348	0.7758029210098764
1.5417004529495593	0.7733595300624689
1.545254439538414	0.7709223456245791
1.5488166189124812	0.7684913605401202
1.5523870099580825	0.7660665670098643
1.5559656316050743	0.7636479565834131
1.559552502826954	0.761235520151088
1.5631476426409538	0.7588292479357545
1.5667510701081493	0.7564291294845603
1.5703628043335522	0.7540351536606088
1.5739828644662197	0.751647308634545
1.5776112696993485	0.7492655818760755
1.5812480392703834	0.7468899601453998
1.5848931924611134	0.7445204294845726
1.5885467485977791	0.7421569752087801
1.59220872705117	0.7397995818975404
1.5958791472367329	0.7374482333858222
1.5995580286146687	0.7351029127550838
1.6032453906900417	0.7327636023242271
1.6069412530128773	0.7304302836404754
1.6106456351782708	0.7281029374701602
1.6143585568264862	0.7257815437894329
1.6180800376430662	0.7234660817748841
1.6218100973589298	0.7211565297940848
1.6255487557504842	0.7188528653960367
1.6292960326397223	0.7165550653015405
1.6330519478943346	0.7142631053934716
1.6368165214278085	0.7119769607069756
1.6405897731995396	0.7096966054195674
1.6443717232149315	0.7074220128411474
1.6481623915255086	0.705146374724926
1.651961798229015	0.7028714251165631
1.6557699634695284	0.7006021159923819
1.6595869074375604	0.6983384455840834
1.6634126503701698	0.696080411600463
1.6672472125510627	0.6938280112206909
1.6710906143107078	0.6915812410875213
1.6749428760264373	0.6893400973004461
1.6788040181225607	0.687104575408779
1.6826740610704674	0.6848746704046804
1.6865530253887415	0.682650376716112
1.690440931643264	0.6804316881997331
1.6943378004473288	0.6782185981337233
1.6982436524617444	0.6760110992105476
1.7021585083949509	0.6738091835296448
1.7060823890031234	0.6716128425900592
1.710015315090288	0.6694220672829938
1.7139573075084253	0.667236847884305
1.7179083871575884	0.6650571740469193
1.721868574986007	0.6628830347931874
1.725837891990204	0.6607144185071635
1.7298163592151015	0.6585513129268175
1.7338039977541384	0.6563937051361712
1.7378008287493754	0.6542415815573693
1.7418068733916146	0.6520949279426699
1.7458221529205038	0.6499537293663702
1.7498466886246573	0.6478179702166508
1.7538805018417611	0.6456876341873531
1.7579236139586931	0.643562704269674
1.7619760464116292	0.6414431627437952
1.7660378206861649	0.6393289911704231
1.770108958317421	0.6372201703822673
1.7741894808901661	0.6351166804754278
1.7782794100389228	0.633018500800715
1.78237876744809	0.6309256099548832
1.7864875748520508	0.6288379857717922
1.7906058540352947	0.6267556053134814
1.7947336268325265	0.6246784448611707
1.7988709151287883	0.6226064799061746
1.803017740859569	0.6205396851407383
1.8071741260109275	0.6184780344487892
1.8113400926196026	0.6164215008966076
1.8155156627731361	0.614370056723409
1.8197008586099834	0.6123236733318506
1.8238957023196385	0.6102823212784397
1.8281002161427427	0.6082459702638723
1.832314422371212	0.6062145891232696
1.8365383433483464	0.6041881458163396
1.8407720014689564	0.6021666074174427
1.8450154191794736	0.6001499401055742
1.8492686189780787	0.5981291562706811
1.8535316234148114	0.5961065473928681
1.857804455091699	0.59408865401353
1.8620871366628675	0.5920754762502312
1.8663796908346704	0.5900670137965831
1.8706821403658007	0.5880632659167183
1.8749945080674193	0.5860642314397021
1.8793168168032686	0.5840699087539006
1.883649089489801	0.582080295801288
1.8879913490962936	0.5800953900717086
1.892343618644976	0.5781151885970799
1.8967059212111463	0.5761396879455443
1.9010782799233006	0.5741688842155641
1.9054607179632472	0.5722027730299668
1.9098532585662378	0.5702413495299277
1.914255925021086	0.5682846083689022
1.9186687406702891	0.5663325437065029
1.9230917289101586	0.5643851492023132
1.9275249131909356	0.5624424180096526
1.9319683170169242	0.5605043427692754
1.936421963946607	0.5585709156030222
1.9408858775927782	0.5566421281074003
1.9453600816226624	0.5547179713471172
1.9498445997580456	0.5527984358485442
1.9543394557753944	0.5508835115931299
1.95884467350599	0.5489731880107438
1.9633602768360463	0.5470674539729673
1.967886289706845	0.545166297786316
1.9724227361148534	0.5432697071854076
1.976969640111861	0.5413776693260595
1.9815270258050979	0.5394901707783312
1.9860949173573716	0.5376071975194957
1.9906733389871865	0.5357287349269547
1.9952623149688797	0.5338547677710822
1.9998618696327437	0.5319852802080088
2.0044720273651615	0.5301202557723359
2.0090928126087277	0.5282596773697896
2.0137242498623884	0.5264035272697994
2.0183663636815607	0.5245517870980204
2.023019178678272	0.5227044378287784
2.0276827195212817	0.5208614597774539
2.032357010936222	0.5190228325927907
2.037042077705718	0.5171885352491435
2.0417379446695296	0.5153585460386467
2.046444636724674	0.5135328425633205
2.0511621788255656	0.5117114017271
2.0558905959841414	0.5098941997277979
2.0606299132700006	0.5080812120489904
2.065380155810529	0.5062724134518348
2.0701413487910423	0.5044677779668096
2.0749135174549096	0.5026588599020059
2.079696687103696	0.5008478201471045
2.084490883097289	0.4990408153775408
2.0892961308540396	0.4972378519954773
2.0941124558508926	0.4954389361216795
2.0989398836235242	0.4936440735915376
2.1037784397664754	0.4918532699510547
2.1086281499332897	0.49006653045279325
2.1134890398366464	0.48828386005178465
2.1183611352485023	0.4865052634013979
2.123244462000219	0.4847307448491731
2.1281390459827123	0.48296030843260784
2.133044913146576	0.48119395787491215
2.1379620895022327	0.4794316965807154
2.1428906011200586	0.4776735276317394
2.1478304741305343	0.4759194537824236
2.1527817347243725	0.4741694774555151
2.157744409152667	0.4724236007376115
2.16271852372702	0.47068182537466846
2.167704104819695	0.4689441527674554
2.1727011788637443	0.4672105839669789
2.1777097723531593	0.465481119669854
2.1827299118430012	0.463755760213639
2.187761623949553	0.4620345055721205
2.1928049353504484	0.46031735535056045
2.197859872784825	0.4586043087808914
2.202926463053456	0.4568953647168749
2.2080047330189	0.4551905216292071
2.2130947096056377	0.4534897776005845
2.2181964198002193	0.4517931303207198
2.223309890651403	0.45010057708131457
2.2284351492703043	0.44841211477098064
2.2335722228305315	0.44672773987012115
2.23872113856834	0.44504744844575533
2.2438819237827663	0.44337123614630497
2.2490546058357817	0.44169909819632325
2.254239212152429	0.4400310293911831
2.259435770220978	0.43836702409170925
2.2646443075930596	0.4367070762187671
2.2698648518838223	0.43505117924779657
2.2750974307720706	0.4333993262032994
2.2803420720004186	0.4317515096532726
2.28559880337543	0.430107721703594
2.2908676527677736	0.4284679539923524
2.296148648112362	0.42683219768413055
2.301441817408509	0.4252004434642305
2.306747188720069	0.4235726815328502
2.312064790175595	0.42194890159920456
2.3173946499684783	0.42032909287559517
2.3227367963571073	0.4187132440714212
2.328091257665008	0.41709637684156703
2.3334580622810033	0.41547976982522056
2.338837238659355	0.41386705878920516
2.344228815319923	0.4122582512409014
2.3496328208483073	0.4106533544440915
2.35504928389601	0.409052375415429
2.360478233180577	0.4074553209208815
2.365919697485759	0.4058621974721316
2.371373705661655	0.4042730113229488
2.3768402866248772	0.4026877684655229
2.38231946935869	0.4011064746267666
2.3878112829131783	0.3995291352645756
2.3933157564053875	0.3979557555640618
2.3988329190194912	0.396386340433742
2.4043628000069335	0.3948208945016968
2.4099054286865957	0.3932594221116878
2.41546083444494	0.39170192731924297
2.421029046736179	0.3901484138876984
2.4266100950824154	0.38859888528421016
2.432204009073816	0.38705334467572017
2.4378108183687526	0.38551179492489074
2.4434305526939726	0.3839742385859963
2.4490632418447453	0.3824406779007788
2.454708915685031	0.38091111479426104
2.4603676041476272	0.3793855508705251
2.46603933723434	0.37786398740844535
2.4717241450161302	0.3763464253573873
2.4774220576332864	0.3748328653328603
2.4831331052955705	0.37332330761213434
2.4888573182823914	0.3718177521298115
2.494594726942955	0.37031619847335967
2.500345361696432	0.36881864587860225
2.506109253032114	0.3673250932251666
2.511886431509581	0.3658355390318883
2.5176769277588558	0.36434998145217656
2.5234807724805757	0.3628684182693308
2.529297996446145	0.36139084689182027
2.5351286304979084	0.3599172643485127
2.540972705549305	0.35844766728386546
2.5468302525850417	0.3569820519530666
2.552701302661247	0.3555204142171355
2.5585858869056453	0.35406274953797406
2.5644840365177175	0.35260905297337486
2.5703957827688635	0.35115931917198373
2.5763211570025755	0.34971354236821206
2.582260190634596	0.34827171637710785
2.588212915153092	0.34683383458917394
2.5941793621188136	0.34539988996514376
2.6001595631652723	0.34396987503070425
2.6061535499988953	0.3425437818711751
2.6121613543992064	0.3411174116254401
2.6181830082189848	0.33969184471840386
2.624218543384442	0.3382701503740245
2.6302679918953813	0.33685233647136287
2.6363313858253803	0.3354384106664893
2.642408757321946	0.3340283803892237
2.648500138606701	0.3326222528398342
2.654605561975539	0.3312200349857123
2.6607250597988097	0.3298217335580086
2.666858664521479	0.3284273550482429
2.6730064086633116	0.327036905704876
2.6791683248190314	0.32565039152985353
2.6853444456585076	0.32426781827511114
2.691534803926915	0.3228891914390523
2.6977394324449206	0.32151451626298616
2.703958364108843	0.32014379772753787
2.7101916318908432	0.3187770405490178
2.7164392688390824	0.31741424917576255
2.7227013080779128	0.3160554277844359
2.7289777828080406	0.3147005802762988
2.7352687263067126	0.3133497102734402
2.741574171927882	0.3120028211149755
2.7478941531023975	0.31065991585320546
2.7542287033381663	0.3093209972497436
2.7605778562203462	0.30798606777160026
2.7669416454115114	0.3066551295872376
2.773320104651841	0.30532818456258
2.7797132677592886	0.3040052342569924
2.7861211686297707	0.3026862799192167
2.792543841237338	0.3013713224832746
2.798981319634363	0.3000603625643263
2.805433637951713	0.29875340045449594
2.811900830398941	0.2974504361186531
2.8183829312644537	0.29615146919015956
2.8248799749157074	0.2948564989665721
2.831391995799379	0.2935655244053078
2.8379190284415565	0.2922785441192682
2.8444611074479154	0.2909955563724226
2.85101826750391	0.28971655907535004
2.8575905433749464	0.2884415497807415
2.8641779699065815	0.28717052567885704
2.8707805820246906	0.28590348359294576
2.8773984147356697	0.2846404199746174
2.8840315031266055	0.28338133089917705
2.8906798823654762	0.2821262120609116
2.897343587701323	0.2808750587683374
2.904022654464451	0.2796278659393996
2.910717118066605	0.27838462809663184
2.9174270140011673	0.2771453393622663
2.924152377843335	0.2759099934533048
2.9308932452503216	0.2746754782338891
2.9376496519615305	0.27344259379302105
2.9444216337987617	0.2722136139715563
2.9512092266663856	0.2709885438651049
2.9580124665515464	0.26976738832006214
2.9648313895243423	0.2685501519301471
2.971666031738027	0.26733683903290645
2.9785164294291895	0.2661274537061854
2.9853826189179604	0.26492199976456415
2.992264636608189	0.2637204807557625
2.9991625189876516	0.26252289995700795
3.0060763026282307	0.26132926037137194
3.013006024186122	0.26013956472406913
3.019951720402016	0.25895381545872376
3.0269134281013064	0.2577720147335981
3.0338911841942706	0.25659416441779004
3.04088502567628	0.25542026608738816
3.047894989627983	0.25425032102159817
3.054921113215514	0.25308433019882587
3.061963433690677	0.2519222942927301
3.069021988391158	0.25076421366823226
3.076096814740708	0.24961008837749413
3.083187950249355	0.24845991815585375
3.0902954325135905	0.24731370241772663
3.097419299216581	0.2461714402524665
3.1045595881283554	0.24503313042018887
3.1117163371060186	0.24389877134755433
3.118889584093937	0.24276836112351546
3.126079367123956	0.24164189749501963
3.1332857243155856	0.24051937786267796
3.1405086938762183	0.23940079927638735
3.1477483141013156	0.23828615843091944
3.1550046233746274	0.23717545166146128
3.1622776601683795	0.23606867493912173
3.169567463043492	0.23496582386639064
3.1768740706497707	0.2338668936725609
3.1841975217261256	0.2327718792091043
3.1915378551007616	0.23168077494500908
3.198895109691399	0.23059357496207006
3.206269324505466	0.22951027295014034
3.213660538640318	0.22843086220233494
3.2210687912834346	0.22735533561019464
3.2284941217126364	0.22628368565880236
3.2359365692962827	0.2252159044218573
3.2433961734934935	0.22415198355670182
3.250872973854344	0.22309191429930622
3.2583670100200885	0.22203568745920374
3.265878321723358	0.22098329341438394
3.273406948788383	0.21993472210613488
3.2809529311311905	0.21888996303384398
3.2885163087598315	0.21784570811576848
3.2960971217745776	0.21680280297544813
3.303695410368149	0.21576365794780214
3.311311214825911	0.21472827456693672
3.3189445755261047	0.2136966540908892
3.326595532940045	0.21266879749799347
3.3342641276323506	0.2116447054832069
3.3419504002611427	0.2106243784544075
3.3496543915782775	0.2096078165286514
3.3573761424295467	0.20859501952839993
3.365115693754908	0.20758598697770808
3.372873086588689	0.20658071809838033
3.380648362059817	0.20557921180608757
3.3884415613920256	0.20458146670645136
3.3962527259040853	0.20358748109108823
3.404081897010009	0.202597252933621
3.4119291162192864	0.20161077988564943
3.4197944251370886	0.20062805927268715
3.4276778654645046	0.19964908809005738
3.4355794789987466	0.19867386299875475
3.443499307633384	0.19770238032126486
3.451437393358563	0.1967346360373484
3.459393778261219	0.1957706257797854
3.4673685045253166	0.19481034483007953
3.4753616144320576	0.19385378811412443
3.483373150360118	0.192900950197829
3.4914031547858606	0.19195182528270374
3.499451670283573	0.191006407201405
3.5075187395256795	0.19006468941324095
3.5156044052829816	0.1891266649996336
3.523708710424871	0.18819232665954228
3.53183169791957	0.18726166670484218
3.5399734108343464	0.18633467705566475
3.548133892335755	0.18541134923569114
3.5563131856898527	0.18449167436740763
3.5645113342624426	0.183575643167313
3.5727283815192883	0.1826632459410873
3.5809643710263606	0.18175447257871272
3.5892193464500517	0.18084931254955325
3.5974933515574232	0.17994775489738762
3.6057864302164235	0.17904978823539916
3.6140986263961334	0.178155400741119
3.6224299841669856	0.17726458015132468
3.630780547701014	0.17637731375689178
3.639150361272071	0.17549358839760076
3.6475394692560785	0.1746133904568948
3.6559479161312485	0.17373670585659312
3.664375746478333	0.17286352005155436
3.672823004980846	0.17199381802429442
3.681289736425315	0.1711275842795536
3.6897759857015027	0.17026062020345828
3.6982817978026628	0.16939399652075976
3.7068072178257596	0.16853076898381272
3.715352290971726	0.16767093770733726
3.7239170625456848	0.16681450254466063
3.732501577957206	0.16596146308433768
3.741105882720533	0.1651118186467438
3.7497300224548358	0.1642655682806334
3.758374042884441	0.16342271075966847
3.767037989839089	0.16258324457891285
3.77572190925416	0.16174716795129643
3.7844258471709336	0.1609144788040439
3.793149849736819	0.1600851747750732
3.801893963205613	0.15925925320935802
3.81065823393773	0.15843671115525942
3.8194427084004663	0.15761754536082084
3.8282474331682264	0.1568017522700316
3.8370724549227884	0.15598932801905363
3.8459178204535354	0.15518026843241614
3.8547835766577188	0.15437456901917215
3.8636697705406915	0.15357222496902326
3.8725764492161727	0.1527732311484058
3.8815036599064823	0.1519775820965434
3.8904514499428067	0.15118527202146187
3.899419866765434	0.15039629479596942
3.908408957924021	0.14961064395359777
3.9174187710778305	0.14882831268450938
3.926449353995999	0.14804929383136392
3.9355007545577743	0.14727357988515036
3.944573020752785	0.14650116298097882
3.953666200681279	0.14573203489383588
3.9627803425543955	0.1449661870342998
3.971915494694403	0.1442036104442188
3.981071705534973	0.14344429579234785
3.9902490236214203	0.14268823336994918
3.9994474976109755	0.141935413086349
4.008667176273028	0.14118582446445843
4.0179081084894	0.14043945663625032
4.027170343254591	0.1396962983381981
4.036453929676051	0.13895633790667158
4.045758916974426	0.13821956327329277
4.055085354483839	0.13748596196024898
4.0644332916521275	0.13675552107556485
4.073802778041128	0.1360282273083307
4.083193863326921	0.1353040669238898
4.09260659730011	0.1345830257589804
4.1020410298660686	0.1338650892168371
4.111497211045223	0.1331502422622454
4.120975190973302	0.13243846941655504
4.130475019901614	0.13172975475264606
4.139996748197304	0.1310197295398465
4.149540426343631	0.13030950824478513
4.1591061049402205	0.12960227095677512
4.168693834703355	0.1288980181931459
4.178303666466218	0.12819675025110364
4.187935651179185	0.12749846720487074
4.1975898399100755	0.12680316890280044
4.207266283844442	0.12611085496446264
4.216965034285822	0.12542152477770505
4.226686142656031	0.12473517749568418
4.2364296604954115	0.12405181203387172
4.24619563946313	0.12337142706703036
4.2559841313374305	0.12269402102616386
4.265795188015928	0.12201959209543703
4.275628861515862	0.12134813820906931
4.285485203974396	0.12067965704819747
4.295364267648873	0.12001414603771078
4.3052661049171075	0.11935160234305667
4.3151907682776525	0.11869202286701708
4.325138310350088	0.1180354042464546
4.335108783875289	0.11738174284902979
4.345102241715717	0.11673103476988718
4.355118736855686	0.11608327582831188
4.365158322401661	0.11543846156435492
4.375221051582521	0.1147965872354284
4.385306977749858	0.11415764781286834
4.395416154378245	0.1135216379784678
4.405548635065534	0.11288855212097698
4.4157044735331255	0.11225838433257213
4.425883723626267	0.11163112840529205
4.436086439314326	0.1110067778274429
4.446312674691089	0.11038532577996867
4.456562483975033	0.10976676513279111
4.466835921509633	0.10915108844111417
4.477133041763626	0.10853828794169681
4.487453899331323	0.1079283555490907
4.49779854893288	0.10732128285184495
4.508167045414603	0.10671706110867589
4.518559443749224	0.106115681244603
4.528975799036209	0.10551713384704862
4.539416166502032	0.10492140916190508
4.549880601500488	0.1043284970895632
4.560369159512962	0.10373838718090832
4.570881896148752	0.10315106863327748
4.581418867145335	0.10256653028638321
4.591980128368688	0.10198476061819796
4.6025657358135605	0.10140574774080426
4.613175745603796	0.10082947939620537
4.623810213992603	0.10025594295210095
4.634469197362879	0.09968512539762277
4.645152752227495	0.09911379207545219
4.6558609352295885	0.09854276650741058
4.666593803142887	0.09797440097677665
4.677351412871981	0.0974086944514879
4.688133821452653	0.09684564568714972
4.698941086052153	0.09628525322435268
4.709773263969529	0.09572751538596119
4.720630412635905	0.09517243027438047
4.731512589614805	0.09461999576879583
4.7424198526024455	0.09407020952238825
4.753352259428054	0.09352306895952257
4.7643098680541565	0.09297857127291227
4.775292736576909	0.09243671342075525
4.786300923226383	0.091897492123846
4.797334486366892	0.0913609038626593
4.808393484497285	0.09082694487440894
4.819477976251274	0.09029561115007755
4.830588020397726	0.08976689843142163
4.841723675840994	0.08924080220794693
4.8528850016212095	0.08871731771385805
4.864072056914616	0.08819643992497901
4.875284901033862	0.0876781635556469
4.886523593428336	0.08716248305557601
4.897788193684462	0.08664939260669481
4.909078761526032	0.08613888611995306
4.920395356814509	0.085630957232101
4.9317380395493595	0.08512559930243842
4.943106869868354	0.08462280540953525
4.954501908047903	0.08412256834792144
4.96592321450336	0.08362488062474847
4.97737084978936	0.08312973445641876
4.9888448746001215	0.0826371217651868
5.000345349769786	0.08214703417572783
5.011872336272722	0.08165946301167723
5.0234258952238715	0.08117439929213734
5.035006087879047	0.0806918337281545
5.046612975635284	0.08021175671916274
5.05824662003114	0.07973415834939743
5.0699070827470445	0.07925902838427498
5.081594425605605	0.07878635626674221
5.093308710571955	0.07831613111359075
5.105049999754062	0.07784834171174092
5.116818355403078	0.07738297651449025
5.1286138399136485	0.07692002363773078
5.140436515824262	0.07645947085613045
5.152286445817564	0.07600130559928243
5.16416369272071	0.07554551494781876
5.176068319505676	0.07509208562949088
5.188000389289612	0.07464100401521376
5.199959965335159	0.07419225611507674
5.211947111050805	0.07374270616394642
5.223961889991197	0.07329315078607827
5.236004365857504	0.07284586798484761
5.248074602497725	0.07240085540329559
5.2601726639070625	0.0719581104854485
5.2722986142282275	0.0715176304738675
5.284452517751805	0.07107941240717439
5.296634438916578	0.07064345311755586
5.308844442309884	0.07020974922824412
5.321082592667942	0.06977829715097507
5.333348954876211	0.06934909308342269
5.345643593969716	0.06892213300661096
5.357966575133418	0.06849741268230086
5.370317963702527	0.06807492765035522
5.382697825162884	0.06765467322607786
5.3951062251512765	0.06723664449753036
5.4075432294558095	0.06682083632282285
5.420008904016238	0.06640724332738158
5.432503314924333	0.06599585990119054
5.445026528424211	0.06558668019600965
5.4575786109127105	0.06517969812256587
5.470159628939716	0.06477490734772101
5.482769649208539	0.06437230129161212
5.495408738576246	0.06397187312476782
5.508076964054036	0.06357361576519696
5.520774392807573	0.06317752187545295
5.533501092157368	0.06278358385966981
5.546257129579107	0.062391793860573426
5.559042572704037	0.062002143756464324
5.5718574893192985	0.06161462515817501
5.584701947368309	0.0612292294059986
5.597576014951102	0.060845947566591264
5.610479760324706	0.06046477042984598
5.623413251903491	0.06008568850573905
5.6363765582595455	0.05970869202114813
5.649369748123025	0.05933377091664228
5.6623928903825345	0.05896091484324274
5.675446054085471	0.05859011315915602
5.688529308438416	0.05822135492647658
5.701642722807475	0.0578546289078616
5.714786366718672	0.05748992356317507
5.727960309858292	0.05712722704610314
5.741164622073277	0.0567665272007386
5.7543993733715695	0.05640781155813612
5.767664633922509	0.0560510673328359
5.780960474057181	0.05569628141935774
5.794286964268812	0.0553434403886633
5.807644175213121	0.05499253048458779
5.821032177708716	0.054643537620239685
5.834451042737448	0.05429644737436945
5.847900841444809	0.05394787583667731
5.861381645140288	0.053598683649311724
5.874893525297769	0.05325133046507315
5.88843655355589	0.05290581464624884
5.902010801718445	0.052562134398891
5.91561634175474	0.05222028777088494
5.9292532458	0.051880272649997956
5.942921586155727	0.05154208676191177
5.956621435290106	0.05120572766823562
5.970352865838369	0.050871192764502304
5.984115950603199	0.0505384792781451
5.997910762555095	0.050207584266456766
6.011737374832782	0.04987850461452942
6.025595860743578	0.049551237033176244
6.0394862937638	0.0492257780568336
6.0534087475391365	0.04890212404144482
6.067363295885055	0.04858027116232403
6.08135001278718	0.04826021541200116
6.095368972401694	0.047941952598047066
6.109420249055721	0.047625478340879254
6.123503917247737	0.04731078807154731
6.137620051647943	0.046997877029498994
6.151768727098683	0.04668674026032532
6.165950018614822	0.046377372613486144
6.180164001384161	0.04606976874001446
6.1944107507678146	0.04576392309020082
6.208690342300634	0.04545982991125623
6.223002851691596	0.04515748324495423
6.237348354824191	0.044856876925252545
6.251726927756859	0.04455800457589181
6.266138646723353	0.044260859607974705
6.2805835881331795	0.04396543521752164
6.295061828571975	0.043671724383006
6.309573444801933	0.04337971986286631
6.324118513762193	0.04308941419299702
6.33869711256927	0.042800799684215976
6.353309318517436	0.04251386841971057
6.367955209079159	0.04222861225245973
6.382634861905486	0.04194502280263432
6.397348354826482	0.0416630914549732
6.412095765851615	0.04138280935613724
6.4268771731701975	0.041104167412038525
6.441692655151772	0.04082715628514723
6.456542290346556	0.04055176639177338
6.471426157485831	0.040277987899325705
6.486344335482385	0.04000581072354518
6.501296903430906	0.03973522452571519
6.516283940608428	0.039466218709846033
6.531305526474723	0.03919878241983567
6.546361740672751	0.03893290453660419
6.561452663029053	0.03866606497386388
6.576578373554206	0.0383989041644086
6.591738952443213	0.03813325316480522
6.606934480075961	0.037869110317034646
6.622165037017619	0.037606473831908085
6.637430704019089	0.03734534178745787
6.652731562017413	0.03708571212731489
6.668067692136222	0.03682758265906996
6.6834391756861455	0.03657095105262127
6.698846094165265	0.03631581483850578
6.714288529259523	0.03606217140621654
6.729766562843179	0.035810018002503385
6.745280276979219	0.03555935172965955
6.760829753919819	0.035310169543791396
6.77641507610675	0.03506246825307368
6.792036326171846	0.034816244515987825
6.807693586937414	0.03457149483954536
6.823386941416698	0.03432821557749422
6.839116472814292	0.03408640292850992
6.8548822645266165	0.03384605293436918
6.870684400142321	0.03360716147810836
6.886522963442762	0.033369724282164115
6.902398038402419	0.03313373690649832
6.918309709189366	0.032899194746705246
6.934258060165691	0.03266609303210246
6.9502431758879695	0.03243442682380402
6.966265141107686	0.03220419101277693
6.982324040771715	0.03197538031787941
6.998419960022734	0.03174798928388265
7.014552984199714	0.03152201227947373
7.030723198838334	0.03129744349524171
7.046930689671471	0.031074276941644916
7.06317554262962	0.030852506446960734
7.07945784384138	0.030632125655216617
7.095777679633888	0.030413128024103172
7.112135136533292	0.030195506822868097
7.128530301265195	0.02997925513019201
7.1449632607551345	0.02976436583204486
7.16143410212902	0.029550831619523887
7.177942912713619	0.029338644986671707
7.194489780036995	0.0291277982282759
7.211074791828998	0.02891828343764829
7.227698036021702	0.02871009250438537
7.2443596007499025	0.028503217112108178
7.261059574351547	0.02829764873618306
7.277798045368242	0.02809337864142143
7.294575102545687	0.027890397879760085
7.311390834834176	0.02768869728792045
7.3282453313890406	0.027488267485047763
7.345138681571151	0.027289098870328994
7.362070974947361	0.02708909230962996
7.379042301291012	0.026888780829410777
7.396052750582378	0.026689689037282714
7.413102413009177	0.026491815208115083
7.430191378967014	0.026295157506613657
7.447319739059893	0.026099713985985387
7.464487584100665	0.025905482586591515
7.481695005111545	0.025712461134587857
7.498942093324558	0.025520647340553416
7.516228940182057	0.02533003879810574
7.533555637337174	0.025140632982504497
7.550922276654341	0.024952427249241706
7.568328950209744	0.024765418832619797
7.58577575029184	0.024579604844316257
7.603262769401819	0.024394982271935817
7.620790100254123	0.024211547977549073
7.638357835776907	0.02402929869621841
7.655966069112566	0.023848231034510208
7.67361489361819	0.023668341468993978
7.691304402866098	0.023489626344727715
7.709034690644301	0.02331208187372996
7.726805850957025	0.023135704133437806
7.744617978025188	0.022960489065151392
7.76247116628692	0.022786432472464136
7.78036551039804	0.022613530019679282
7.798301105232589	0.02244177723021178
7.816278045883297	0.022271169484976604
7.83429642766212	0.022101702020761817
7.852356346100718	0.021933369928587926
7.870457896950989	0.021766168152051988
7.888601176185544	0.021600091485657485
7.906786279998253	0.021435134573128838
7.925013304804718	0.021271291905711462
7.943282347242818	0.021108557820456193
7.961593504173188	0.02094692649848905
7.979946872679768	0.020786391963265045
7.9983425500702845	0.0206269480788072
8.016780633876794	0.020468588547929288
8.035261221856173	0.020311306910443555
8.05378441199067	0.02015509654135186
8.072350302488383	0.01999995064902171
8.090958991783825	0.019845862273345283
8.109610578538408	0.019692824283883102
8.128305161640995	0.019540829377990586
8.147042840208396	0.019389870078928877
8.165823713585926	0.019239938733958302
8.1846478813479	0.019091027512415766
8.203515443298185	0.0189431284037748
8.222426499470712	0.0187962332156889
8.241381150130026	0.018650333572017452
8.260379495771788	0.01850359658149009
8.279421637123345	0.01835648769215719
8.298507675144226	0.018210338182275736
8.317637711026709	0.01806514658668385
8.336811846196344	0.017920911352839245
8.356030182312479	0.017777630839765416
8.375292821268827	0.017635303316988
8.394599865193973	0.01749392696346209
8.413951416451951	0.01735349986648907
8.433347577642753	0.017214020020624245
8.452788451602899	0.017075485326574196
8.472274141405963	0.016937893590084362
8.491804750363139	0.016801242520816384
8.511380382023763	0.016665529731215566
8.531001140175896	0.016530752735367752
8.550667128846833	0.01639690894784642
8.570378452303697	0.016263995682548677
8.590135215053957	0.01613201015152156
8.609937521846007	0.016000949463777177
8.629785477669701	0.015870810624097578
8.649679187756934	0.015741590531828602
8.669618757582166	0.015613285979663355
8.689604292863018	0.015485893652414184
8.709635899560805	0.015359410125774272
8.729713683881117	0.015233831865067715
8.74983775227436	0.01510915522398875
8.770008211436348	0.014985376443329423
8.790225168308842	0.014862491649696276
8.810488730080142	0.014740496854215236
8.830799004185627	0.014619387951225322
8.851156098308357	0.01449916071696041
8.871560120379607	0.014379810808219665
8.892011178579486	0.014261333761025683
8.912509381337454	0.014143724989271312
8.933054837332953	0.014026979783353941
8.953647655495937	0.01391109330879814
8.974287945007486	0.013796060604865741
8.994975815300352	0.013681876583154052
9.01571137605957	0.01356853602618122
9.036494737223014	0.013456033585959565
9.057326008982002	0.013344363782555994
9.078205301781857	0.01323352100264002
9.099132726322518	0.013123499498018722
9.120108393559097	0.01301429338415912
9.141132414702504	0.012905896638697264
9.162204901219997	0.0127983030999346
9.183325964835811	0.012691506465320723
9.204495717531712	0.012585500289923278
9.225714271547634	0.012480277984884039
9.246981739382225	0.012375832815861921
9.268298233793494	0.012270751169845077
9.289663867799362	0.012165391668428754
9.311078754678306	0.01206078056686443
9.33254300796991	0.011956916444435346
9.354056741475521	0.01185379780910562
9.375620069258803	0.011751423096671007
9.39723310564638	0.011649790669901513
9.418895965228414	0.011548898817676683
9.440608762859236	0.011448745754112602
9.462371613657929	0.011349329617681527
9.484184633008974	0.011250648470323059
9.506047936562814	0.011152700296547823
9.527961640236521	0.011055483002532552
9.549925860214358	0.010958994415207557
9.571940712948447	0.010863232281335521
9.594006315159332	0.010768194266582416
9.616122783836648	0.010673877954579776
9.638290236239705	0.010580280845978824
9.660508789898136	0.010487400357495883
9.68277856261249	0.010395233820949552
9.7050996724549	0.010303778482288917
9.727472237769652	0.010213031500613447
9.749896377173872	0.010122989947183842
9.772372209558107	0.01003365080442432
9.79489985408699	0.00994501096491579
9.817479430199844	0.009857067230380302
9.84011105761134	0.009769816310656241
9.862794856312105	0.009683254822664659
9.885530946569391	0.009597379289366157
9.908319448927676	0.009512186138708856
9.93116048420934	0.009427671702566705
9.954054173515269	0.009343832215668707
9.977000638225535	0.009260663814518405
10.	0.009178162536304083
10.023052380778994	0.00909632431779912
10.046157902783957	0.00901514499425275
10.069316688518045	0.008934620298271209
10.092528860766844	0.008854745858688635
10.115794542598982	0.008775517199428415
10.1391138573668	0.008696929738354347
10.16248692870696	0.008618978786111847
10.18591388054117	0.008541659544958741
10.209394837076797	0.008464967107586046
10.232929922807546	0.00838889645592831
10.256519262514079	0.008313442459963693
10.280162981264736	0.008238599876503211
10.303861204416158	0.008164363347969812
10.32761405761398	0.008090727401166453
10.351421666793442	0.008017686446033795
10.375284158180126	0.007945234774396612
10.39920165829059	0.007872197884145917
10.423174293933046	0.007798873600547626
10.447202192208003	0.007726114403710712
10.471285480508996	0.007653919011276663
10.495424286523221	0.007582286084592325
10.519618738232236	0.007511214228046831
10.543868963912592	0.00744070198840276
10.568175092136585	0.007370747854120945
10.592537251772887	0.00730135025467954
10.616955571987253	0.007232507559886764
10.641430182243164	0.007164218079187649
10.665961212302578	0.0070964800609642446
10.690548792226577	0.007029291691829906
10.71519305237607	0.006962651095917033
10.739894123412451	0.006896556334158612
10.76465213629835	0.006831005403563057
10.789467222298287	0.006765996236482865
10.814339512979387	0.006701526699876564
10.83926914021204	0.006637594594564234
10.864256236170656	0.006574197654476147
10.889300933334333	0.006511333545894964
10.91440336448757	0.006448999866691058
10.939563662720943	0.006387194145551169
10.964781961431852	0.006325913841199993
10.990058394325208	0.00626515634161508
11.015393095414156	0.006204918963234634
11.040786199020735	0.006145198950158483
11.066237839776663	0.006085993473341686
11.091748152624008	0.006027299629781283
11.117317272815919	0.005969114441695705
11.142945335917304	0.005911434855697109
11.168632477805613	0.005854257741956147
11.194378834671515	0.005797579893359637
11.220184543019629	0.0057413980246606945
11.24604973966927	0.005685708771621379
11.271974561755105	0.0056305086901479754
11.297959146727976	0.005575794255418358
11.324003632355566	0.005521561861002025
11.350108156723154	0.005467807817972232
11.37627285823431	0.005414528354010486
11.402497875611685	0.005361719612503011
11.428783347897712	0.0053093776516294836
11.45512941445536	0.005257498443443736
11.481536214968829	0.005206077872946526
11.508003889444357	0.005155111737150008
11.534532578210918	0.005104595744134273
11.561122421920993	0.005054525512095534
11.587773561551263	0.0050048965683861905
11.614486138403427	0.004955704348546276
11.641260294104908	0.004906944195326746
11.66809617060963	0.00485764638600723
11.694993910198711	0.004808056899806539
11.721953655481304	0.004758879697995682
11.748975549395292	0.004710113797258369
11.776059735208078	0.00466175817283322
11.803206356517299	0.004613811758027734
11.830415557251646	0.004566273443727759
11.857687481671597	0.004519142077902646
11.88502227437019	0.004472416465105949
11.91242008027375	0.004426095365971661
11.93988104464273	0.0043801774967057935
11.967405313072431	0.004334661528573582
11.994993031493793	0.004289546087381988
12.02264434617413	0.0042448297529576575
12.050359403717973	0.004200511058620062
12.078138351067798	0.004156588490650103
12.10598133550483	0.004113060487753886
12.133888504649775	0.0040699254405217825
12.161860006463678	0.004027181690882542
12.189895989248662	0.00398482753155269
12.217996601648723	0.003942861205480954
12.246161992650489	0.003901280905287846
12.274392311584071	0.0038600847727000855
12.30268770812381	0.0038192708979802176
12.331048332289097	0.003778837319351043
12.359474334445107	0.0037387820224150806
12.387965865303691	0.003699102939568691
12.416523075924106	0.0036597979494112478
12.445146117713856	0.0036208648761489443
12.473835142429433	0.0035823014889934607
12.5025903021772	0.003544105501555197
12.531411749414156	0.0035062745712312457
12.560299636948754	0.003468806298587996
12.589254117941675	0.0034316982267383013
12.618275345906707	0.003394947840713084
12.64736347471151	0.0033585525668275835
12.67651865857846	0.003322509772041894
12.705741052085418	0.003286816763316074
12.735030810166617	0.003251470786959393
12.764388088113435	0.0032164690279740797
12.793813041575252	0.003181808609393234
12.823305826560219	0.0031474865916130174
12.852866599436155	0.0031134999717189245
12.882495516931336	0.0030798456828062806
12.912192736135347	0.003046520593294759
12.941958414499863	0.0030135215062369997
12.971792709839558	0.002980845158621103
13.001695780332899	0.002948488220667152
13.031667784523	0.002916447295117604
13.061708881318419	0.0028847189165215597
13.09181922999407	0.0028525952479713803
13.121998990192028	0.0028202557547563198
13.15224832192239	0.0027882141684067363
13.182567385564074	0.0027564697030530837
13.212956341865752	0.002725021542092371
13.243415351946643	0.00269386883783052
13.273944577297401	0.0026630107111214147
13.304544179780914	0.0026324462510028067
13.33521432163324	0.0026021745143288188
13.365955165464419	0.002572194525399278
13.396766874259358	0.0025425052755856906
13.427649611378643	0.0025131057229539015
13.458603540559483	0.002483994791883312
13.489628825916533	0.0024551713726827648
13.52072563194278	0.0024266343212029965
13.551894123510364	0.002398382458445665
13.583134465871542	0.002370414570168788
13.614446824659497	0.002342729406488811
13.645831365889252	0.0023153256814790555
13.677288255958494	0.002288202072764679
13.708817661648537	0.0022613572211139152
13.740419750125149	0.0022347897300258423
13.772094688939474	0.0022084981653143917
13.803842646028853	0.002182481054688785
13.83566378971781	0.002156736887330123
13.867558288718882	0.0021312641134643676
13.89952631213354	0.0021060611439314846
13.931568029453036	0.0020811263497508533
13.963683610559377	0.0020564580616827493
13.995873225726179	0.0020320545697860644
14.028137045619589	0.002007914122972092
14.060475241299143	0.001984034928554443
14.092887984218748	0.0019604151517949122
14.12537544622754	0.001937052915445471
14.157937799570824	0.001913946299286185
14.190575216890926	0.0018910933396591404
14.223287871228198	0.0018684920289981975
14.25607593602188	0.0018461403153547462
14.288939585111036	0.0018240361019192456
14.321878992735439	0.0018021772465386472
14.35489433353656	0.0017805615612295285
14.387985782558452	0.001759186811687074
14.421153515248696	0.0017380507167897188
14.45439770745928	0.0017171509480995507
14.487718535447618	0.0016964851293582732
14.52111617587742	0.0016760508359788795
14.554590805819668	0.0016558455945328775
14.58814260275349	0.0016358668822330942
14.621771744567184	0.001616112126411942
14.655478409559112	0.0015965787039952382
14.689262776438676	0.0015767687706339766
14.723125024327194	0.0015568083104272395
14.757065332758946	0.001537058315775459
14.791083881682072	0.0015175180374413166
14.825180851459544	0.0014981867019999242
14.859356422870075	0.001479063511563237
14.893610777109155	0.0014601476435019225
14.92794409578996	0.0014414382501648404
14.962356560944343	0.0014229344585959735
14.99684835502374	0.0014046353702489049
15.031419660900225	0.0013865400606986546
15.066070661867418	0.0013686475793510747
15.100801541641477	0.0013509569491495959
15.135612484362087	0.0013334671662794018
15.170503674593368	0.0013161771998690113
15.205475297324954	0.001299085991689153
15.240527537972907	0.0012821924558490533
15.275660582380732	0.0012654954784899995
15.310874616820303	0.0012489939174762548
15.346169827992941	0.0012326866020831546
15.381546403030342	0.0012165723326825588
15.4170045294956	0.0012006498804254778
15.452544395384141	0.0011849179869219493
15.488166189124811	0.0011693753639180507
15.523870099580817	0.0011540206929701337
15.55965631605075	0.001138852625116167
15.595525028269538	0.0011238697805442414
15.631476426409538	0.0011090707482581082
15.667510701081484	0.0010944540857398613
15.70362804333553	0.0010800183186096262
15.739828644662197	0.0010657619402823248
15.776112696993485	0.0010516834116213799
15.812480392703826	0.0010377811605894614
15.848931924611142	0.0010240535818961606
15.88546748597779	0.0010104990366426327
15.9220872705117	0.000997115851963081
15.95879147236732	0.0009839023206632037
15.995580286146694	0.0009708567008554503
16.032453906900418	0.0009579772155911568
16.069412530128773	0.000945262052489435
16.106456351782697	0.0009327093633629025
16.143585568264868	0.0009203172638401398
16.18080037643066	0.0009080838329849165
16.218100973589298	0.0008960071129120772
16.255487557504836	0.0008840851084001541
16.292960326397232	0.0008723157865006172
16.330519478943348	0.0008606970761437776
16.368165214278086	0.0008492268677412494
16.40589773199539	0.0008379030127850385
16.443717232149325	0.0008267233234431522
16.481623915255085	0.0008152702375396965
16.51961798229015	0.0008036494452577036
16.557699634695275	0.0007921637580409481
16.595869074375614	0.0007808125719770583
16.634126503701697	0.0007695952660116005
16.672472125510627	0.0007585112017559536
16.71090614310707	0.0007475597232935205
16.749428760264383	0.0007367401569842043
16.788040181225607	0.0007260518112671863
16.82674061070467	0.0007154939764619069
16.865530253887407	0.0007050659245673414
16.90440931643265	0.0006947669090594873
16.94337800447329	0.0006845961646870761
16.982436524617444	0.0006745529072654609
17.0215850839495	0.0006646363334687246
17.060823890031244	0.0006548456206199368
17.10015315090288	0.0006451799264796024
17.139573075084254	0.0006356383890322023
17.179083871575877	0.0006262201262709105
17.21868574986008	0.0006169242359804002
17.25837891990204	0.0006077497955177744
17.298163592151013	0.0005986958615915399
17.338039977541374	0.0005897614700386909
17.378008287493763	0.0005809456355998216
17.418068733916144	0.0005722473516923059
17.458221529205037	0.0005636655901814509
17.498466886246565	0.0005551993011497107
17.53880501841762	0.0005468474126638569
17.579236139586932	0.0005386088305401522
17.619760464116293	0.0005304824381074485
17.66037820686164	0.0005224670959682617
17.70108958317422	0.0005145616417577557
17.741894808901662	0.0005067648899006534
17.78279410038923	0.0004990756313660152
17.82378767448089	0.0004914926334199237
17.864875748520518	0.00048401463937601085
17.906058540352948	0.0004766403683438521
17.947336268325266	0.0004693685149751494
17.988709151287875	0.00046219774920776415
18.030177408595698	0.0004551267160075192
18.071741260109274	0.000448154035107795
18.113400926196025	0.00044127830074685616
18.15515662773135	0.00043449808140294673
18.197008586099845	0.0004278119195270925
18.238957023196384	0.0004212183312736223
18.281002161427427	0.00041471580622835
18.323144223712113	0.0004083028071344522
18.365383433483473	0.0004019777696159831
18.407720014689563	0.0003957391018990298
18.450154191794738	0.00038958518453046417
18.492686189780777	0.00038319619298484694
18.535316234148123	0.00037665315534604333
18.57804455091699	0.00037018811173306445
18.620871366628677	0.0003638006661668575
18.663796908346693	0.00035749041212880485
18.706821403658015	0.00035125693244367353
18.74994508067419	0.0003450997991615593
18.793168168032686	0.0003390185734387567
18.836490894898002	0.00033301280541760803
18.879913490962945	0.0003270820341052779
18.92343618644976	0.00032122578725148065
18.967059212111465	0.00031544358122510184
19.010782799232995	0.00030973492088977095
19.054607179632484	0.0003040992994783155
19.098532585662387	0.0002985361984661423
19.14255925021086	0.0002930450874434744
19.18668740670289	0.0002876254239865027
19.230917289101594	0.00028227665352739245
19.275249131909366	0.0002769982092231668
19.31968317016924	0.00027178951182342683
19.364219639466068	0.000266649969536938
19.408858775927794	0.0002615789778970405
19.453600816226633	0.00025657591962590276
19.498445997580454	0.0002516401644975676
19.543394557753942	0.0002467710691998342
19.58844673505991	0.00024196797719492445
19.633602768360475	0.00023723021857895447
19.67886289706845	0.000232557109940162
19.724227361148536	0.0002279479542159305
19.76969640111862	0.0002234020405485613
19.81527025805099	0.00021891864413980727
19.860949173573715	0.00021449702610413143
19.906733389871864	0.00021013643332071588
19.952623149688808	0.00020583609828418232
19.998618696327448	0.0002015952389540344
20.044720273651613	0.00019741305860278394
20.090928126087277	0.00019328874566278842
20.137242498623895	0.00018922147357175627
20.183663636815616	0.00018521040061693798
20.23019178678272	0.00018125466977795418
20.276827195212817	0.00017735340856829814
20.32357010936221	0.00017350572887546312
20.37042077705719	0.00016971072679970205
20.417379446695296	0.00016596748249141216
20.46444636724674	0.00016227505998710933
20.511621788255646	0.00015863250704401845
20.558905959841425	0.00015503885497323352
20.606299132700006	0.00015149311847146768
20.65380155810529	0.00014799429545134645
20.701413487910415	0.00014454136687026722
20.749135174549107	0.0001411332965577959
20.79696687103696	0.00013776903104159292
20.844908830972887	0.00013444749937184967
20.892961308540386	0.00013116761294423935
20.941124558508935	0.00012792826532135714
20.989398836235246	0.00012472833205265003
21.03778439766475	0.00012156667049280233
21.086281499332888	0.00011844211961859305
21.134890398366476	0.00011535349984419536
21.183611352485023	0.0001122996128349126
21.23244462000219	0.00010927924131932896
21.28139045982711	0.00010629114889987739
21.330449131465773	0.00010333407986180296
21.379620895022324	0.00010040675898051484
21.428906011200585	0.00009750789132729764
21.47830474130533	0.00009463616207339928
21.527817347243737	0.00009179023629245223
21.57744409152667	0.00008896875876124186
21.6271852372702	0.00008617035375877962
21.67704104819694	0.00008339362486369789
21.727011788637455	0.00008063715474993248
21.77709772353159	0.00007789950498069422
21.827299118430012	0.00007517921580069464
21.87761623949552	0.00007247480592664169
21.9280493535045	0.0000697847723359673
21.978598727848254	0.00006710759005378908
22.02926463053456	0.00006444171193807628
22.080047330188993	0.00006178556846302506
22.13094709605639	0.00005913756750061463
22.181964198002195	0.000056496094100341115
22.23309890651403	0.000053859510267097185
22.28435149270303	0.000051226154737208304
22.335722228305325	0.00004859434275258972
22.3872113856834	0.00004596236583302485
22.438819237827662	0.000043328491546534036
22.490546058357804	0.00004069096327783695
22.542392121524305	0.00003804799999488161
22.59435770220978	0.00003539779601343401
22.646443075930595	0.00003273852075969706
22.698648518838212	0.00003006831853096697
22.750974307720718	0.000027385308254291836
22.803420720004187	0.00002468758324313346
22.8559880337543	0.000021973210951994738
22.908676527677724	0.000019240232729023748
22.961486481123632	0.000016486663566558476
23.01441817408509	0.000013710491849611008
23.06747188720069	0.00001090967910225431
23.12064790175594	8.082159731923385e-6
23.173946499684796	5.225840771591981e-6
23.227367963571073	2.3386016198232427e-6