0.1	15.15386828980487
0.10023052380778996	15.138943420309454
0.10046157902783952	15.124011060582658
0.10069316688518042	15.109071235189496
0.10092528860766845	15.094123968373504
0.10115794542598985	15.079169284050288
0.10139113857366794	15.064207205801022
0.10162486928706957	15.049237756865878
0.1018591388054117	15.034260960137333
0.102093948370768	15.019276838153484
0.10232929922807542	15.004285413091235
0.10256519262514076	14.98928670675943
0.10280162981264736	14.974280740591924
0.10303861204416162	14.959267535640558
0.10327614057613975	14.944247112568089
0.10351421666793438	14.929219491641012
0.10375284158180126	14.914184692722348
0.10399201658290592	14.89914273526432
0.10423174293933042	14.884093638300959
0.10447202192208001	14.869037420440668
0.10471285480508996	14.853974099858652
0.10495424286523224	14.838903694289334
0.1051961873823223	14.823826221018619
0.1054386896391259	14.808741696876137
0.10568175092136585	14.793650138227406
0.10592537251772889	14.778551560965857
0.10616955571987247	14.763445980504848
0.10641430182243161	14.748333411769533
0.10665961212302578	14.733213869188713
0.1069054879222658	14.718087366686529
0.10715193052376065	14.702953917674149
0.10739894123412448	14.687813535041304
0.1076465213629835	14.672666231147774
0.10789467222298288	14.657512017814787
0.1081433951297938	14.6423509063163
0.10839269140212036	14.627182907370244
0.10864256236170655	14.612008031129635
0.10889300933334335	14.596826287173604
0.10914403364487565	14.581636172652086
0.10939563662720939	14.566432333770637
0.1096478196143185	14.551221618177836
0.10990058394325211	14.536004053245124
0.11015393095414151	14.520779666004813
0.11040786199020733	14.505548483143256
0.11066237839776664	14.490310530994002
0.11091748152624012	14.475065835530794
0.11117317272815914	14.459814422360582
0.11142945335917301	14.444556316716392
0.11168632477805612	14.429291543450164
0.11194378834671516	14.414020127025491
0.11220184543019636	14.398742091510298
0.11246049739669266	14.383457460569415
0.11271974561755105	14.368166257457121
0.11297959146727979	14.352868505009553
0.11324003632355571	14.337564225637081
0.11350108156723152	14.322253441316589
0.1137627285823431	14.306936173583658
0.11402497875611688	14.2916124435247
0.11428783347897718	14.276282271768984
0.11455129414455358	14.260945678480589
0.1148153621496883	14.245602683350278
0.11508003889444356	14.230253305587285
0.11534532578210924	14.214897563911011
0.11561122421920987	14.199535476542646
0.11587773561551262	14.18416706119669
0.11614486138403426	14.168792335072421
0.11641260294104915	14.153411314845217
0.11668096170609624	14.138024016657848
0.11694993910198712	14.122630456111647
0.11721953655481303	14.107230648257605
0.11748975549395298	14.091824607587352
0.11776059735208072	14.076412348024096
0.11803206356517298	14.060993882913403
0.11830415557251646	14.04556922501394
0.118576874816716	14.030138386488112
0.11885022274370183	14.014701378892568
0.11912420080273747	13.999258213168664
0.1193988104464273	13.983808899632805
0.11967405313072434	13.968353447966674
0.11994993031493788	13.952891867207398
0.12022644346174129	13.937424165737593
0.12050359403717974	13.921950351275308
0.120781383510678	13.906470430863894
0.12105981335504823	13.890984410861728
0.12133888504649772	13.875492296931878
0.12161860006463679	13.859994094031645
0.12189895989248664	13.844489806402
0.12217996601648717	13.828979437556931
0.12246161992650487	13.813460765065
0.12274392311584072	13.797925898613421
0.12302687708123815	13.782384906682344
0.1233104833228909	13.76683781946983
0.12359474334445104	13.751284666805512
0.1238796586530369	13.735725478143273
0.1241652307592411	13.720160282553838
0.1244514611771385	13.704589108717288
0.12473835142429429	13.689011984915524
0.125025903021772	13.673428939024584
0.1253141174941416	13.657839998506965
0.1256029963694875	13.642245190403798
0.12589254117941673	13.626644541326964
0.12618275345906707	13.611038077451147
0.12647363474711512	13.595425824505751
0.12676518658578456	13.579807807766807
0.12705741052085415	13.56418405204872
0.12735030810166617	13.548554581696
0.12764388088113438	13.53291942057483
0.12793813041575247	13.517278592064638
0.12823305826560213	13.501632119049496
0.12852866599436155	13.485980023909486
0.1288249551693134	13.470322328511955
0.12912192736135342	13.45465905420268
0.1294195841449986	13.438990221796955
0.12971792709839558	13.423315851570571
0.13001695780332903	13.407635963250721
0.13031667784522993	13.391950576006774
0.13061708881318415	13.376259708441031
0.1309181922999407	13.360563378579295
0.13121998990192033	13.344861603861396
0.13152248321922383	13.329154401131646
0.1318256738556407	13.313441786629122
0.1321295634186575	13.29772377597792
0.13243415351946647	13.282000384177268
0.13273944577297395	13.266271625591576
0.1330454417978091	13.250537513940332
0.1333521432163324	13.234798062287961
0.13365955165464422	13.219053283033542
0.1339676687425935	13.203303187900403
0.1342764961137864	13.187547787925693
0.13458603540559483	13.171787093449751
0.13489628825916536	13.156021114105423
0.13520725631942773	13.140249858807278
0.1355189412351036	13.1244733357407
0.1358313446587154	13.108691552350864
0.136144468246595	13.092904515331613
0.13645831365889247	13.07711223061425
0.13677288255958492	13.06131470335615
0.13708817661648537	13.045511937929353
0.13740419750125152	13.029701200729058
0.13772094688939465	13.013872786324269
0.1380384264602885	12.998039080121393
0.1383566378971781	12.982200119768496
0.13867558288718884	12.966355942577898
0.13899526312133534	12.950506585518935
0.13931568029453031	12.934652085210622
0.13963683610559377	12.918792477914257
0.13995873225726183	12.902927799525928
0.14028137045619582	12.887058085568967
0.1406047524129914	12.87118337118628
0.14092887984218747	12.855303691132638
0.14125375446227545	12.839419079766872
0.14157937799570816	12.82352957104397
0.14190575216890922	12.807635198507105
0.142232878712282	12.79173599527959
0.14256075936021884	12.775831994056716
0.1428893958511103	12.759923227097525
0.14321878992735435	12.744009726216508
0.1435489433353656	12.728091522775186
0.14387985782558455	12.712168647673645
0.14421153515248689	12.69624113134191
0.14454397707459277	12.680309003731324
0.14487718535447616	12.664372294305755
0.14521116175877424	12.648431032032768
0.14554590805819662	12.632485245374662
0.14588142602753484	12.61653496227946
0.14621771744567183	12.600580210171747
0.14655478409559117	12.584621015943489
0.1468926277643867	12.56865740594467
0.1472312502432719	12.552689405973918
0.14757065332758945	12.536717041268975
0.14791083881682077	12.520740336497086
0.14825180851459538	12.504759315745313
0.1485935642287007	12.488774002510695
0.14893610777109154	12.47278441969039
0.14927944095789963	12.456790589571625
0.14962356560944334	12.440792533821615
0.1499684835502373	12.424790273477345
0.15031419660900225	12.40878382893525
0.15066070661867417	12.392773219940812
0.15100801541641484	12.376758465578025
0.1513561248436208	12.360739584258763
0.1517050367459337	12.344716593712057
0.15205475297324955	12.32868951097324
0.15240527537972914	12.312658352372992
0.15275660582380723	12.296623133526293
0.15310874616820302	12.280583869321225
0.15346169827992942	12.264540573907713
0.1538154640303035	12.2484932606861
0.15417004529495593	12.232438443943032
0.1545254439538414	12.216363727629053
0.1548816618912481	12.200284949959581
0.15523870099580825	12.184202167914416
0.15559656316050743	12.16811543831515
0.15595525028269538	12.152024817819292
0.15631476426409538	12.135930362914394
0.15667510701081494	12.119832129912076
0.15703628043335524	12.103730174941989
0.15739828644662196	12.087624553945723
0.15776112696993486	12.071515322670624
0.15812480392703834	12.05540253666354
0.15848931924611134	12.039286251264524
0.15885467485977792	12.023166521600439
0.159220872705117	12.007043402578498
0.15958791472367329	11.99091694887973
0.15995580286146688	11.97478721495238
0.16032453906900418	11.958654255005227
0.1606941253012877	11.942518123000829
0.16106456351782708	11.92637887264868
0.16143585568264862	11.910236557398338
0.16180800376430657	11.894091230432402
0.16218100973589297	11.87794294465948
0.16255487557504839	11.86179175270703
0.16292960326397224	11.845637706914157
0.16330519478943342	11.82948085932431
0.16368165214278085	11.813321261677897
0.16405897731995392	11.797158965404842
0.16443717232149316	11.780994021617026
0.1648162391525508	11.764826481100677
0.1651961798229015	11.748656394308668
0.1655769963469528	11.73248381135271
0.16595869074375605	11.71630878199548
0.16634126503701693	11.700131355642684
0.16672472125510626	11.68395158133498
0.16710906143107074	11.667769507739871
0.16749428760264373	11.651585183143462
0.16788040181225602	11.635398655442165
0.16826740610704674	11.6192099721343
0.16865530253887412	11.603019180311598
0.16904409316432642	11.586826326650634
0.16943378004473283	11.570631457404144
0.16982436524617442	11.554434618392273
0.17021585083949506	11.538235854993719
0.17060823890031235	11.522035212136775
0.17100153150902875	11.505832734290285
0.17139573075084252	11.489628465454524
0.17179083871575881	11.473422449151919
0.1721868574986007	11.457214728417775
0.17258378919902034	11.44100534579078
0.17298163592151014	11.424792058563577
0.17338039977541378	11.408566804764208
0.17378008287493754	11.392339961930244
0.17418068733916142	11.376111601013129
0.17458221529205037	11.359881792843597
0.1749846688624657	11.343650608125733
0.1753880501841761	11.327418117430941
0.17579236139586926	11.31118439119187
0.1761976046411629	11.294949499696253
0.17660378206861643	11.278713513080653
0.17701089583174212	11.262476501324182
0.17741894808901656	11.24623853424212
0.1778279410038923	11.229999681479445
0.17823787674480895	11.213760012504332
0.17864875748520506	11.197519596601529
0.17906058540352943	11.181278502865691
0.17947336268325265	11.16503680019462
0.1798870915128788	11.14879455728244
0.1803017740859569	11.132551842612672
0.1807174126010927	11.116308724451265
0.18113400926196024	11.100065270839512
0.18155156627731356	11.08382154958691
0.18197008586099836	11.06757762826393
0.18238957023196378	11.051333574194713
0.1828100216142743	11.03508945444965
0.18323144223712115	11.018845335837945
0.18365383433483465	11.002601284900024
0.18407720014689558	10.986357367899917
0.18450154191794738	10.97011365081749
0.18492686189780783	10.95387019934069
0.18535316234148114	10.937627078857574
0.18578044550916986	10.921384354448378
0.18620871366628675	10.905142090877408
0.186637969083467	10.888900352584871
0.18706821403658005	10.872659203678644
0.18749945080674188	10.856418707925897
0.18793168168032684	10.84017892874468
0.18836490894898006	10.823939929195374
0.18879913490962935	10.807701771972075
0.18923436186449755	10.79146451939388
0.18967059212111465	10.775228233396065
0.19010782799233	10.758992975521185
0.19054607179632474	10.742758806910079
0.1909853258566238	10.726525788292735
0.19142559250210858	10.71029397997914
0.19186687406702896	10.694063441849934
0.19230917289101584	10.677834233347058
0.1927524913190936	10.661606413464206
0.1931968317016924	10.645380040737281
0.19364219639466074	10.629155173234645
0.19408858775927784	10.6129311916474
0.19453600816226624	10.596705752258622
0.19498445997580455	10.580481974083549
0.19543394557753943	10.56425992225623
0.195884467350599	10.548039661518906
0.19633602768360464	10.531821256212872
0.1967886289706845	10.515604770269253
0.19724227361148533	10.499390267199699
0.19769696401118608	10.483177810086936
0.1981527025805098	10.46696746157529
0.19860949173573716	10.450759283861
0.19906733389871864	10.434553338682552
0.19952623149688797	10.418349687310798
0.1999861869632744	10.402148390539054
0.20044720273651614	10.385949508673033
0.2009092812608728	10.36975310152072
0.20137242498623883	10.35355922838209
0.20183663636815607	10.337367948038775
0.2023019178678272	10.321179318743546
0.20276827195212818	10.304993398209785
0.20323570109362218	10.288810243600729
0.2037042077705718	10.272629911518717
0.20417379446695297	10.256452457994223
0.20464446367246739	10.24027793847486
0.20511621788255657	10.224106407814192
0.20558905959841414	10.207937920260505
0.20606299132700007	10.191772529445394
0.20653801558105292	10.175610288372274
0.20701413487910425	10.15945124940475
0.20749135174549097	10.1432954642549
0.2079696687103696	10.127142983971366
0.20844908830972886	10.110993858927426
0.20892961308540398	10.09484813880884
0.20941124558508925	10.078705872601638
0.20989398836235246	10.06256710857976
0.21037784397664752	10.046431894292576
0.21086281499332898	10.03030027655225
0.21134890398366465	10.014172301421043
0.2118361135248502	9.998048014198389
0.21232444620002192	9.981927459407942
0.21281390459827124	9.96581068078441
0.21330449131465762	9.949697721260305
0.21379620895022325	9.933588622952529
0.21428906011200585	9.917483427148865
0.21478304741305343	9.901382174294257
0.21527817347243727	9.885284903977052
0.21577444091526668	9.86919165491501
0.21627185237270202	9.853102464941243
0.21677041048196952	9.83701737098996
0.21727011788637443	9.820936409082117
0.2177709772353159	9.804857119262488
0.21827299118430013	9.788770686273521
0.2187761623949553	9.772688431325493
0.21928049353504486	9.756610419942152
0.21978598727848253	9.740536717123547
0.2202926463053456	9.724467387335249
0.22080047330189004	9.708402494497447
0.22130947096056375	9.692342101973939
0.22181964198002194	9.676286272560992
0.2223309890651403	9.660235068476098
0.22284351492703042	9.644188551346609
0.22335722228305316	9.62814678219825
0.223872113856834	9.612109821443507
0.22438819237827662	9.596077728869915
0.2249054605835781	9.580050563628198
0.22542392121524293	9.564028384220295
0.22594357702209775	9.548011248487287
0.22646443075930595	9.53199921359714
0.2269864851883822	9.515992336032399
0.22750974307720706	9.499990671577674
0.2280342072000418	9.48399427530708
0.22855988033754301	9.468003201571456
0.2290867652767773	9.452017503985552
0.2296148648112362	9.436037235414991
0.23014418174085083	9.420062447963176
0.2306747188720069	9.404093192958014
0.23120647901755947	9.388129520938511
0.23173946499684786	9.372171481641258
0.2322736796357107	9.35621912398675
0.23280912576650079	9.340272496065573
0.23334580622810028	9.324331645124468
0.23388372386593548	9.308396617552237
0.2344228815319922	9.292467458865502
0.23496328208483072	9.276544213694349
0.23550492838960096	9.260626925767783
0.2360478233180577	9.24471563789909
0.23659196974857583	9.22881039197101
0.23713737056616552	9.21291122892077
0.23768402866248767	9.19701818872499
0.23823194693586902	9.18113131038441
0.23878112829131776	9.165250631908483
0.23933157564053875	9.149376190299805
0.23988329190194904	9.133508021538395
0.24043628000069334	9.11764616056582
0.24099054286865948	9.101790641269156
0.24154608344449405	9.085941496464802
0.2421029046736178	9.070098757882121
0.24266100950824154	9.054262456146926
0.24322040090738153	9.038432620764807
0.24378108183687525	9.022609280104293
0.2443430552693972	9.006789097061624
0.24490632418447456	8.990960165155766
0.24547089156850305	8.975137729980384
0.24603676041476275	8.95932186008899
0.24660393372343392	8.94351262343645
0.24717241450161304	8.927710087367158
0.24774220576332856	8.91191431860309
0.24831331052955705	8.896125383231707
0.2488857318282391	8.88034334669377
0.24945947269429547	8.864568273770981
0.25003453616964316	8.848800228573541
0.2506109253032114	8.833039274527556
0.251188643150958	8.81728547436231
0.25176769277588557	8.80153889009741
0.25234807724805747	8.785799583029824
0.2529297996446145	8.770067613720734
0.25351286304979076	8.754343041982297
0.25409727055493053	8.73862592686426
0.2546830252585041	8.722916326640416
0.2552701302661247	8.707214298794966
0.2558585886905646	8.691519900008693
0.25644840365177174	8.675833186145024
0.2570395782768864	8.660154212235947
0.25763211570025757	8.644483032467777
0.25822601906345966	8.628819700166792
0.2588212915153092	8.613164267784697
0.2594179362118814	8.597516786883972
0.2600159563165272	8.581877308123053
0.2606153549998896	8.566245881241365
0.26121613543992067	8.550622555044226
0.2618183008218985	8.535007377387554
0.26242185433844417	8.51940039516247
0.26302679918953814	8.503801654279721
0.263633138582538	8.48821119965394
0.2642408757321946	8.472629075187783
0.2648500138606701	8.457055323755853
0.2654605561975539	8.441489987188541
0.26607250597988097	8.425933106255615
0.2666858664521479	8.410384720649727
0.26730064086633115	8.394844868969706
0.2679168324819031	8.379313588703715
0.26853444456585074	8.363790916212208
0.26915348039269155	8.34827688671077
0.26977394324449205	8.332771534252737
0.2703958364108843	8.317274891711671
0.2710191631890843	8.301786990763654
0.2716439268839082	8.286307861869435
0.2722701308077913	8.270837534256346
0.272897778280804	8.255376035900106
0.27352687263067127	8.239923393506391
0.27415741719278824	8.224476011016826
0.2747894153102397	8.209021067934549
0.2754228703338166	8.193574971204425
0.27605778562203465	8.178137790601719
0.27669416454115114	8.162709595209854
0.2773320104651841	8.147290453407372
0.27797132677592884	8.131880432854786
0.2786121168629771	8.11647960048129
0.27925438412373377	8.101088022471332
0.2798981319634363	8.085705764251028
0.2805433637951713	8.07033289047449
0.28119008303989407	8.054969465009933
0.28183829312644537	8.039615550925745
0.2824879974915708	8.024271210476291
0.2831391995799379	8.008936505087698
0.2837919028441557	7.993611495343375
0.28444611074479154	7.9782962409695015
0.285101826750391	7.962990800820263
0.28575905433749466	7.947695232863031
0.2864177969906581	7.9324095941633
0.28707805820246907	7.917133940869563
0.28773984147356696	7.901868328197967
0.28840315031266056	7.886612810416849
0.2890679882365476	7.871367440831102
0.28973435877013226	7.856132271766385
0.2904022654464451	7.840907354553186
0.2910717118066605	7.82569273951072
0.29174270140011677	7.810488475930643
0.29241523778433354	7.7952946120606565
0.2930893245250321	7.780111195087883
0.2937649651961531	7.764938271122138
0.29444216337987617	7.749775885178989
0.29512092266663853	7.734624081162676
0.29580124665515467	7.719482901848832
0.2964831389524342	7.704352388867094
0.29716660317380267	7.689232582683452
0.29785164294291894	7.67412352258251
0.298538261891796	7.659025246649509
0.2992264636608189	7.643937791752223
0.29991625189876514	7.628861193522632
0.30060763026282306	7.6137954863384625
0.3013006024186122	7.598740703304494
0.3019951720402016	7.583696876233733
0.30269134281013055	7.568664035628369
0.30338911841942706	7.55364221066056
0.3040885025676279	7.538631429153038
0.3047894989627983	7.5236317175595016
0.3054921113215513	7.508643100944835
0.3061963433690677	7.4936656029651445
0.30690219883911574	7.478699245847581
0.3076096814740708	7.463739859143223
0.3083187950249354	7.448772596766279
0.30902954325135906	7.433816438345875
0.309741929921658	7.418871456129823
0.31045595881283555	7.403937721611969
0.31117163371060175	7.3890153055183445
0.3118889584093937	7.374104277793154
0.3126079367123955	7.359204707584638
0.31332857243155854	7.3443166632307655
0.3140508693876217	7.329440212244821
0.3147748314101316	7.3145754213007965
0.31550046233746265	7.299722356218671
0.31622776601683794	7.284881081949525
0.3169567463043491	7.270051662560503
0.31768740706497706	7.255234161219624
0.3184197521726125	7.240428640180455
0.31915378551007617	7.225635160766593
0.3198895109691398	7.210853783356032
0.3206269324505466	7.196084567365341
0.3213660538640317	7.1813275712337
0.32210687912834346	7.166582852406772
0.32284941217126356	7.151850467320406
0.32359365692962827	7.137130471384184
0.32433961734934924	7.122422918964809
0.3250872973854344	7.10772786336931
0.3258367010020088	7.093045356828098
0.32658783217233583	7.078375450477837
0.3273406948788382	7.063718194344159
0.328095293113119	7.049073637324205
0.32885163087598307	7.034441827168977
0.32960971217745777	7.0198228104655405
0.3303695410368148	7.005216632619033
0.3311311214825911	6.990623337834494
0.3318944575526104	6.976042969098539
0.33265955329400454	6.961475568160821
0.333426412763235	6.946921175515334
0.3341950400261143	6.932379830381524
0.33496543915782767	6.917851570685215
0.3357376142429547	6.903336433039348
0.33651156937549076	6.8888344527245335
0.3372873086588689	6.874345663669423
0.3380648362059816	6.859870098430865
0.33884415613920255	6.845407788173895
0.3396252725904084	6.830958762651515
0.3404081897010009	6.816523050184287
0.34119291162192855	6.802100677639716
0.3419794425137089	6.787691670411448
0.3427677865464504	6.773296052398252
0.34355794789987465	6.758913845982816
0.34434993076333853	6.7445450720103235
0.3451437393358563	6.730184681642835
0.345939377826122	6.715814717022827
0.34673685045253166	6.701458123294269
0.34753616144320587	6.687114982580421
0.34833731503601184	6.672785376298563
0.34914031547858615	6.658469385146392
0.3499451670283573	6.644167089088262
0.350751873952568	6.62987856734131
0.35156044052829816	6.615603898361408
0.35237087104248715	6.601343159828989
0.353183169791957	6.587096428634725
0.3539973410834347	6.572863780865057
0.35481338923357547	6.558645291787562
0.3556313185689854	6.544441035836195
0.3564511334262443	6.5302510865963725
0.35727283815192895	6.516075516789883
0.35809643710263606	6.501914398259668
0.35892193464500527	6.487767801954447
0.35974933515574237	6.473635797913167
0.36057864302164244	6.459518455249323
0.36140986263961333	6.445415842135082
0.36224299841669866	6.4313280257852865
0.3630780547701014	6.417255072441276
0.36391503612720716	6.4031970473545385
0.36475394692560786	6.389154014770214
0.36559479161312497	6.376514781050499
0.36643757464783333	6.3640190807528345
0.3672823004980847	6.351537875450599
0.3681289736425315	6.339071178812535
0.3689775985701504	6.326619002925479
0.3698281797802663	6.314181358272712
0.37068072178257605	6.301758253712105
0.37153522909717257	6.289349696454062
0.3723917062545686	6.2769556920392535
0.3732501577957206	6.264576244316131
0.3741105882720534	6.252211355418234
0.3749730022454836	6.239861025741289
0.3758374042884442	6.227525253920071
0.37670379898390893	6.21520403680507
0.377572190925416	6.202897369438934
0.37844258471709324	6.1906052450326605
0.3793149849736819	6.178327654941614
0.38018939632056115	6.166064588641278
0.381065823393773	6.15381603370279
0.3819442708400465	6.141581975768257
0.38282474331682265	6.129362398525837
0.38370724549227875	6.1171572836845645
0.38459178204535355	6.1049666109489875
0.38547835766577176	6.092790357993512
0.38636697705406914	6.080628500436553
0.3872576449216172	6.06847515698782
0.3881503659906482	6.056309533245021
0.38904514499428056	6.044158086717146
0.3899419866765434	6.032020862681969
0.390840895792402	6.019897905316195
0.3917418771077831	6.007789257678602
0.3926449353995998	5.995694961693009
0.3935500754557774	5.983615058131089
0.3944573020752784	5.971549586595002
0.3953666200681279	5.95949858549987
0.39627803425543945	5.947462092056058
0.3971915494694403	5.935440142251316
0.3981071705534972	5.923432770832719
0.39902490236214205	5.911440011288438
0.39994474976109745	5.8994618958293445
0.4008667176273028	5.887498455370426
0.4017908108489399	5.875549719512022
0.4027170343254591	5.863615716520881
0.40364539296760493	5.851696473311041
0.4045758916974427	5.8397920154245035
0.40550853544838383	5.827902367011755
0.40644332916521275	5.816027550812063
0.40738027780411273	5.804167588133621
0.4083193863326921	5.79232249883347
0.40926065973001086	5.7804923012972385
0.4102041029866068	5.768677012418712
0.41114972110452225	5.756876647579158
0.4120975190973302	5.745091220626506
0.4130475019901614	5.733320743854289
0.41399967481973043	5.721565227980405
0.4149540426343629	5.709824682125681
0.41591061049402206	5.698099113792199
0.4168693834703354	5.686388528841465
0.41783036664662176	5.674692931472343
0.4187935651179184	5.663012324198773
0.41975898399100753	5.651346707827295
0.4207266283844441	5.639696081434359
0.4216965034285822	5.628060442343413
0.422668614265603	5.616439786101775
0.4236429660495411	5.604834106457307
0.4246195639463129	5.59324339533483
0.4255984131337431	5.581667642812361
0.42657951880159267	5.570106837097104
0.4275628861515862	5.5585609645012095
0.4285485203974395	5.547030009417331
0.4295364267648873	5.535513954293931
0.43052661049171065	5.524012779610369
0.43151907682776525	5.51252646385175
0.43251383103500873	5.50105498348354
0.4335108783875289	5.489598312925959
0.43451022417157154	5.478148870254104
0.4355118736855686	5.466679832309664
0.436515832240166	5.455225344021848
0.4375221051582521	5.443785472198965
0.4385306977749857	5.432360282876068
0.4395416154378245	5.420949841301385
0.4405548635065533	5.409554211922636
0.4415704473533125	5.398173458373197
0.44258837236262655	5.386807643458132
0.44360864393143257	5.375456829140082
0.4446312674691087	5.3641210765250085
0.4456562483975033	5.352800445847795
0.44668359215096315	5.341494996457713
0.44771330417636257	5.330204786803725
0.4487453899331322	5.318929874419652
0.449779854893288	5.307670315909192
0.45081670454146017	5.296426166930784
0.4518559443749224	5.285197482182327
0.4528975799036208	5.273984315385747
0.4539416166502032	5.2627867192713955
0.4549880601500486	5.25160474556232
0.4560369159512962	5.24043844495835
0.4570881896148751	5.229287867120055
0.4581418867145335	5.218153060652511
0.4591980128368686	5.207034073088943
0.4602565735813561	5.195930950874166
0.4613175745603794	5.184843739347907
0.46238102139926035	5.173772482727923
0.46344691973628804	5.162717224092981
0.46451527522274944	5.151678005365662
0.465586093522959	5.140654867294991
0.46665938031428866	5.129647849438903
0.46773514128719823	5.118656990146543
0.46881338214526524	5.1076823265403855
0.46989410860521547	5.096723894498185
0.47097732639695294	5.085781728634742
0.47206304126359055	5.074855862283509
0.4731512589614805	5.063946327478001
0.4742419852602447	5.0530531549330355
0.47533522594280536	5.0421763740257965
0.47643098680541573	5.031316012776699
0.47752927365769093	5.0204720978300825
0.4786300923226384	5.009644654434718
0.47973344863668915	4.998833706424121
0.4808393484497286	4.988039276196683
0.4819477976251274	4.977261384695605
0.4830588020397727	4.966500051388649
0.48417236758409943	4.9557552942476795
0.4852885001621211	4.945027129728035
0.4864072056914617	4.934315572747674
0.4875284901033864	4.923617759966729
0.48865235934283363	4.912923500121441
0.48977881936844625	4.902245818060579
0.4909078761526032	4.891584760736729
0.492039535681451	4.8809403739924315
0.49317380395493593	4.870312702543264
0.4943106869868355	4.85970178996077
0.4954501908047903	4.849107678655225
0.49659232145033616	4.838530409858224
0.49773708497893604	4.827970023605105
0.4988844874600123	4.817426558717201
0.5000345349769786	4.806900052783917
0.5011872336272724	4.7963905421446364
0.5023425895223872	4.785898061870442
0.5035006087879049	4.775422645745681
0.5046612975635284	4.764964326249327
0.505824662003114	4.754523134536173
0.5069907082747043	4.744099100417854
0.5081594425605604	4.7336922523436575
0.5093308710571953	4.723302617381186
0.5105049999754062	4.712930221196801
0.5116818355403077	4.702575088035902
0.5128613839913648	4.692237240702998
0.514043651582426	4.681916700541611
0.5152286445817564	4.671613487413958
0.5164163692720709	4.661327619680469
0.5176068319505677	4.651059114179084
0.5188000389289611	4.640807986204379
0.5199959965335159	4.630574249486461
0.5211947111050804	4.620357916169689
0.5223961889991198	4.610158996791187
0.5236004365857502	4.599977500259147
0.5248074602497725	4.5898134338309236
0.5260172663907061	4.579666803090939
0.5272298614228227	4.569537611928363
0.5284452517751804	4.5594258625145825
0.5296634438916578	4.549331555280475
0.5308844442309884	4.539254688893444
0.5321082592667942	4.52919526023426
0.5333348954876209	4.519153264373672
0.5345643593969717	4.509128694548806
0.5357966575133416	4.499121542139333
0.5370317963702527	4.489131796643432
0.5382697825162883	4.479159445653499
0.5395106225151276	4.469204474831668
0.5407543229455808	4.459266867885066
0.5420008904016238	4.449346606540861
0.5432503314924332	4.439443670521073
0.5445026528424212	4.429558037517147
0.5457578610912709	4.41968968316429
0.5470159628939716	4.409835255854182
0.5482769649208538	4.399982933388311
0.5495408738576245	4.390147728663873
0.5508076964054034	4.380329653212069
0.5520774392807574	4.370528716993813
0.5533501092157367	4.360744928378568
0.5546257129579107	4.350978294122979
0.5559042572704036	4.341228819349304
0.5571857489319298	4.331496507523642
0.5584701947368308	4.3217813604339534
0.5597576014951101	4.312083378167886
0.5610479760324705	4.302402559090365
0.5623413251903491	4.292738899821005
0.5636376558259545	4.283092395211287
0.5649369748123025	4.273463038321531
0.5662392890382533	4.26385082039765
0.5675446054085471	4.254255730847686
0.5688529308438415	4.244677757218137
0.5701642722807475	4.235116885170042
0.571478636671867	4.225573098454863
0.5727960309858292	4.216046378890137
0.5741164622073276	4.206536706334891
0.5754399373371569	4.197044058664851
0.5767664633922508	4.187568411747388
0.5780960474057181	4.178109739416275
0.5794286964268811	4.168668013446162
0.580764417521312	4.1592432035268585
0.5821032177708715	4.149835277237345
0.5834451042737447	4.140444200019573
0.5847900841444807	4.131069935151994
0.5861381645140288	4.121712443722875
0.5874893525297767	4.11237168460334
0.588843655355589	4.103047614420188
0.5902010801718444	4.093740187528445
0.591561634175474	4.084449355983674
0.5929253245799998	4.075175069514023
0.5942921586155727	4.065917275492027
0.5956621435290105	4.056675918906144
0.5970352865838369	4.047450942332033
0.5984115950603197	4.038242285903577
0.5997910762555094	4.029049887283628
0.6011737374832781	4.019873681634499
0.6025595860743578	4.010713601588181
0.6039486293763798	4.001569577216293
0.6053408747539136	3.9924415359997516
0.6067363295885054	3.9833294027981783
0.6081350012787179	3.974233099819014
0.6095368972401692	3.9651525465863693
0.610942024905572	3.956087659909586
0.6123503917247736	3.9470383538515046
0.6137620051647943	3.937995473664852
0.6151768727098682	3.928926772528834
0.6165950018614822	3.9198731723191216
0.618016400138416	3.910834696797767
0.6194410750767815	3.9018113685019826
0.6208690342300636	3.892803208726889
0.6223002851691596	3.8838102375081034
0.6237348354824193	3.8748324736041666
0.6251726927756859	3.865869934478787
0.6266138646723355	3.856922636282935
0.628058358813318	3.8479905938367525
0.6295061828571976	3.839073820611285
0.6309573444801934	3.830172328710062
0.6324118513762195	3.8212861288504794
0.633869711256927	3.812415230345019
0.6353309318517437	3.8035596410822845
0.6367955209079159	3.7947193675078554
0.6382634861905487	3.7858944146049716
0.6397348354826482	3.777084785875018
0.6412095765851616	3.7682904833178417
0.6426877173170197	3.759511507411871
0.6441692655151774	3.750747857094056
0.6456542290346556	3.741999529739619
0.6471426157485832	3.733266521141609
0.6486344335482385	3.7245488254902677
0.6501296903430908	3.7158464353522085
0.6516283940608427	3.7071593416493918
0.6531305526474724	3.6984875336379064
0.654636174067275	3.689830998886557
0.6561452663029055	3.681189723255243
0.6576578373554206	3.672563690873151
0.6591738952443215	3.6639528841167253
0.6606934480075961	3.655357283587448
0.662216503701762	3.6467768680894084
0.6637430704019089	3.6382116146066648
0.6652731562017414	3.629661498280393
0.6668067692136223	3.621126492385829
0.6683439175686147	3.612606568308997
0.6698846094165265	3.6041016955232172
0.6714288529259524	3.595611841565408
0.6729766562843179	3.587136972012158
0.6745280276979221	3.578677050455585
0.6760829753919819	3.57023203847897
0.6776415076106752	3.5618018956321706
0.6792036326171846	3.553386579406806
0.6807693586937414	3.544986045211216
0.6823386941416696	3.5366002463451878
0.6839116472814293	3.528229133974456
0.6854882264526615	3.5198726571049708
0.6870684400142321	3.5115307625569234
0.688652296344276	3.5031959856783006
0.6902398038402419	3.494841989761836
0.6918309709189364	3.486502235646547
0.6934258060165691	3.478176760039671
0.6950243175887968	3.4698655987060003
0.6966265141107687	3.461568786453721
0.6982324040771714	3.4532863571201236
0.6998419960022735	3.445018343557166
0.7014552984199712	3.4367647776169017
0.7030723198838335	3.4285256901367602
0.7046930689671469	3.42030111092469
0.7063175542629619	3.4120910687441555
0.7079457843841379	3.403895591298988
0.7095777679633888	3.395714705218092
0.711213513653329	3.3875484360400026
0.7128530301265195	3.379396808197292
0.7144963260755133	3.371259845000835
0.716143410212902	3.363137568623906
0.7177942912713617	3.3550300000861433
0.7194489780036994	3.346937159237348
0.7211074791828996	3.3388590647411216
0.7227698036021702	3.330795734058368
0.72443596007499	3.3227471834306157
0.7261059574351547	3.3147134278631936
0.727779804536824	3.3066944811082446
0.7294575102545687	3.298690355647574
0.7311390834834174	3.2907010626753372
0.732824533138904	3.2827266120805643
0.734513868157115	3.2747670124295167
0.7362070974947361	3.266822270947877
0.737904230129101	3.258892393502771
0.7396052750582378	3.2509773845846235
0.7413102413009175	3.2430772472888343
0.7430191378967014	3.235191983297286
0.744731973905989	3.227321592859684
0.7464487584100665	3.21946607477471
0.7481695005111544	3.2116254263710076
0.7498942093324559	3.2037996434879816
0.7516228940182055	3.1959887204564255
0.7533555637337174	3.1881926500789604
0.7550922276654339	3.180411423610295
0.7568328950209744	3.1726450307373053
0.7585775750291838	3.1648934595589178
0.7603262769401818	3.1571566965658144
0.762079010025412	3.1494347266199445
0.7638357835776907	3.14172753293385
0.7655966069112563	3.134035097049794
0.7673614893618189	3.126357398818696
0.7691304402866096	3.118694416378881
0.7709034690644301	3.1110461261346147
0.7726805850957024	3.1034088861484643
0.7744617978025188	3.0957698420267454
0.7762471166286917	3.0881453268816403
0.7780365510398041	3.0805353582347674
0.7798301105232588	3.0729399524354317
0.7816278045883297	3.0653591246444205
0.7834296427662119	3.05779288881766
0.7852356346100718	3.0502412576897044
0.7870457896950986	3.0427042427570785
0.7888601176185545	3.0351818542614546
0.7906786279998251	3.0276741011726744
0.7925013304804718	3.020180991171608
0.7943282347242815	3.0127025306328505
0.7961593504173188	3.005238724607256
0.7979946872679766	2.9977895768043075
0.7998342550070284	2.990355089574319
0.8016780633876791	2.9829352638904725
0.8035261221856173	2.975530099330679
0.8053784411990667	2.9681395940592803
0.8072350302488382	2.960763744808573
0.8090958991783823	2.9534025468601564
0.8109610578538409	2.94605599402611
0.8128305161640993	2.938724078629998
0.8147042840208396	2.931406791487688
0.8165823713585925	2.9241041218879964
0.81846478813479	2.9168160575731537
0.8203515443298183	2.9095425847190897
0.8222426499470712	2.902283687915526
0.8241381150130024	2.895039350145894
0.8260379495771788	2.8878095527670653
0.8279421637123342	2.880594275488888
0.8298507675144225	2.8733934963535375
0.8317637711026711	2.8662071917146803
0.8336811846196344	2.8590353362164374
0.835603018231248	2.851877902772162
0.8375292821268826	2.844734862543011
0.8394599865193975	2.8376061849163348
0.8413951416451951	2.830491837483852
0.8433347577642755	2.823391786019633
0.84527884516029	2.816305994457883
0.8472274141405965	2.8092344248705103
0.8491804750363139	2.8021770374445087
0.8511380382023765	2.7951337904591074
0.8531001140175896	2.788104640262736
0.8550667128846834	2.7810895412497656
0.8570378452303697	2.774088445837042
0.8590135215053958	2.7671013044402053
0.8609937521846007	2.7601280654497886
0.8629785477669704	2.753168675207112
0.8649679187756933	2.7462230779799435
0.8669618757582167	2.739284971136219
0.8689604292863019	2.7323321457334013
0.8709635899560808	2.7253927921993357
0.8729713683881117	2.718466929611832
0.8749837752274362	2.711554576010511
0.8770008211436349	2.7046557483823026
0.8790225168308845	2.6977704626467993
0.8810488730080143	2.6908987336414687
0.8830799004185629	2.68404057510673
0.8851156098308356	2.6771959996708885
0.887156012037961	2.6703650188349197
0.8892011178579485	2.6635476429571137
0.8912509381337457	2.6567438812375763
0.8933054837332954	2.649953741702582
0.895364765549594	2.6431772311887736
0.8974287945007486	2.636414355327215
0.8994975815300353	2.6296651185273023
0.9015711376059571	2.622929523960507
0.9036494737223016	2.616207573543978
0.9057326008982003	2.609499267923989
0.9078205301781859	2.6028046064592214
0.9099132726322517	2.596123587203901
0.9120108393559097	2.589456206890772
0.9141132414702502	2.582802460913902
0.9162204901219997	2.576162343311351
0.9183325964835808	2.5695358467476486
0.9204495717531712	2.562922962496132
0.9225714271547631	2.556323680421103
0.9246981739382225	2.5497379889598286
0.9268298233793492	2.5431658751043695
0.9289663867799363	2.5366073243832425
0.9311078754678302	2.5300623208429074
0.933254300796991	2.5235308470290914
0.9354056741475518	2.5170128839679324
0.9375620069258802	2.5105084111469527
0.9397233105646378	2.50401740649585
0.9418895965228413	2.4975398463671246
0.9440608762859233	2.491075705516512
0.946237161365793	2.4846249570832475
0.9484184633008971	2.4781875725701408
0.9506047936562815	2.471763521823476
0.9527961640236519	2.46535277301272
0.9549925860214359	2.4589552926100438
0.9571940712948444	2.452571045369665
0.9594006315159331	2.446199994306994
0.9616122783836646	2.4398421006775908
0.9638290236239705	2.4334973239559297
0.9660508789898133	2.427165621813972
0.9682778562612491	2.4208469500995404
0.9705099672454897	2.4145412628145007
0.9727472237769651	2.4082428738258024
0.9749896377173869	2.4019317356382563
0.9772372209558107	2.3956333050469234
0.9794899854086988	2.389347603703971
0.9817479430199844	2.3830746523511714
0.9840111057611337	2.376814470806952
0.9862794856312105	2.3705670779533317
0.9885530946569389	2.3643324917227257
0.9908319448927676	2.358110729084629
0.9931160484209338	2.351901806032165
0.995405417351527	2.3457057375685126
0.9977000638225533	2.339522537693203
1.	2.333352219388281
1.0023052380778998	2.3271947946043383
1.0046157902783952	2.321050274246415
1.0069316688518044	2.314918668159762
1.0092528860766845	2.308799985115476
1.0115794542598988	2.302694232795992
1.0139113857366795	2.2966014177804417
1.016248692870696	2.290521545529868
1.0185913880541169	2.2844546203723164
1.0209394837076802	2.2784006454877566
1.023292992280754	2.2723596228928984
1.0256519262514079	2.2663315534258284
1.0280162981264735	2.260316436730537
1.0303861204416165	2.2543142712412645
1.0327614057613974	2.2483250541667377
1.0351421666793441	2.2423487814742247
1.0375284158180127	2.2363854478734666
1.0399201658290596	2.2304350468004435
1.0423174293933042	2.224497570400997
1.0447202192208003	2.218573009514297
1.0471285480508996	2.212661353656151
1.0495424286523225	2.2067625910021684
1.051961873823223	2.200876708370759
1.0543868963912593	2.1950036912059754
1.0568175092136585	2.1891435235602055
1.0592537251772887	2.183296188076684
1.0616955571987248	2.1774616659718675
1.064143018224316	2.171639937017633
1.066596121230258	2.1658309795233075
1.0690548792226577	2.160034770317546
1.0715193052376064	2.1542512847300292
1.0739894123412446	2.148480496573005
1.076465213629835	2.142722378122647
1.0789467222298286	2.136976900100257
1.081433951297938	2.131244031653279
1.0839269140212033	2.1255237403361553
1.0864256236170655	2.119815992090995
1.0889300933334332	2.1141207512280755
1.0914403364487566	2.108433455788521
1.0939563662720937	2.1027380188991156
1.096478196143185	2.0970548699838
1.0990058394325208	2.0913840270188833
1.101539309541415	2.085725507089356
1.104078619902073	2.0800793263764117
1.1066237839776665	2.074445500144817
1.1091748152624008	2.068824042730191
1.1117317272815914	2.063214967526135
1.1142945335917298	2.0576182869712705
1.1168632477805611	2.0520340125361196
1.1194378834671515	2.046462154709895
1.1220184543019636	2.040902722987137
1.1246049739669264	2.035355725854237
1.1271974561755105	2.029821170775834
1.1297959146727976	2.0242990641810805
1.1324003632355573	2.018789411449769
1.1350108156723149	2.013292216898351
1.137627285823431	2.007807483765794
1.1402497875611686	2.0023352141993347
1.1428783347897717	1.9968754092400727
1.1455129414455354	1.9914280688084518
1.1481536214968828	1.985993191689583
1.1508003889444356	1.9805707755184527
1.1534532578210923	1.9751608167649695
1.1561122421920986	1.9697633107188948
1.1587773561551262	1.9643782514746058
1.1614486138403426	1.9590056319157478
1.1641260294104914	1.9536454436997106
1.1668096170609623	1.9482976772419907
1.1694993910198712	1.942962321700383
1.1721953655481303	1.9376393649590475
1.1748975549395297	1.932328793612405
1.1776059735208073	1.9270305929489109
1.1803206356517297	1.921744746934651
1.1830415557251646	1.916471238196809
1.1857687481671602	1.911210048006963
1.1885022274370183	1.9059611562642451
1.1912420080273751	1.900724541478328
1.193988104464273	1.895500180752272
1.1967405313072437	1.890288049765199
1.1994993031493788	1.885088122754822
1.2022644346174132	1.8799003724997994
1.2050359403717974	1.874724770301945
1.2078138351067804	1.869561285968253
1.2105981335504823	1.8644098877927835
1.2133888504649775	1.8592705425383607
1.2161860006463678	1.8541432154181183
1.2189895989248667	1.8490278700768692
1.2217996601648717	1.843924468572312
1.2246161992650488	1.8388290799793316
1.2274392311584073	1.8337278612351144
1.2302687708123818	1.82863837476156
1.233104833228909	1.8235606280163352
1.2359474334445106	1.8184946274964797
1.238796586530369	1.8134403787255364
1.2416523075924113	1.808397886240539
1.244514611771385	1.8033671535789009
1.2473835142429432	1.79834818326516
1.2502590302177201	1.7933409767976123
1.2531411749414163	1.7883455346348112
1.2560299636948749	1.7833618561819484
1.2589254117941675	1.7783899397770973
1.2618275345906707	1.7734297826773404
1.2647363474711515	1.7684813810447508
1.2676518658578455	1.7635447299322593
1.270574105208542	1.758619823269378
1.2735030810166617	1.7537066538477981
1.276438808811344	1.7488052133068448
1.2793813041575246	1.74391549211881
1.2823305826560218	1.7390374795741348
1.2852866599436155	1.7341711637664663
1.2882495516931343	1.729316531577568
1.2912192736135342	1.724473568662097
1.2941958414499863	1.7196422594322274
1.297179270983956	1.7148225870421547
1.3001695780332907	1.7100145333724337
1.3031667784522993	1.7052180790141875
1.3061708881318417	1.7004332032531593
1.309181922999407	1.6956598840536343
1.3121998990192034	1.6908980980421926
1.3152248321922384	1.686147820491332
1.3182567385564075	1.6814090253029272
1.3212956341865751	1.676681684991549
1.324341535194665	1.6719657706676174
1.3273944577297394	1.6672612520204164
1.3304544179780915	1.662568097300937
1.333521432163324	1.6578862733045825
1.3365955165464425	1.6532157453536958
1.3396766874259352	1.6485564772799448
1.3427649611378643	1.643908431406539
1.3458603540559484	1.639271568530287
1.348962882591654	1.6346458479034884
1.3520725631942772	1.6300312272156658
1.3551894123510364	1.6254276625751285
1.3583134465871542	1.6208351084903725
1.3614446824659503	1.6162535178513058
1.3645831365889245	1.6116828419103133
1.3677288255958495	1.6071230302631412
1.3708817661648536	1.6025740308296206
1.3740419750125157	1.5980306838379963
1.3772094688939465	1.5934748239104204
1.3803842646028852	1.5889294942035537
1.383566378971781	1.5843947038891226
1.3867558288718889	1.579870461312651
1.3899526312133532	1.5753567739822656
1.3931568029453036	1.5708536485573719
1.3963683610559376	1.566361090837247
1.3995873225726185	1.5618791057495005
1.4028137045619582	1.5574076973384505
1.4060475241299144	1.552946868753368
1.4092887984218747	1.548496622236629
1.4125375446227548	1.5440569591117397
1.4157937799570817	1.539627879771264
1.4190575216890926	1.535209383664624
1.4223287871228198	1.530801469285797
1.425607593602188	1.526404134160889
1.428893958511103	1.5220173748355992
1.432187899273543	1.5176411868625643
1.435489433353656	1.5132755647885803
1.4387985782558452	1.5089205021417158
1.4421153515248688	1.5045759914182932
1.4454397707459272	1.5002420240697618
1.4487718535447618	1.4959185904894323
1.452111617587742	1.4916056799991106
1.455459080581966	1.4873032808355826
1.4588142602753482	1.4830113801369964
1.4621771744567182	1.4787299639291032
1.4655478409559113	1.4744590171113796
1.468926277643867	1.4701985234430173
1.4723125024327186	1.4659484655287875
1.4757065332758947	1.4617088248047696
1.4791083881682072	1.4574795815239578
1.4825180851459536	1.453260714741724
1.4859356422870067	1.449052202301158
1.4893610777109154	1.4448540208182654
1.492794409578996	1.4406661456670362
1.4962356560944337	1.4364885509643708
1.4996848355023733	1.4323212095548743
1.5031419660900225	1.428164092995506
1.5066070661867417	1.424017171540096
1.5100801541641484	1.4198804141237107
1.513561248436208	1.4157537883468896
1.5170503674593367	1.4116372604597254
1.5205475297324955	1.4075307953458083
1.5240527537972914	1.4034343565060194
1.5275660582380723	1.3993479060421845
1.5310874616820302	1.3952714046405672
1.5346169827992941	1.391204811555229
1.5381546403030348	1.3871480845912236
1.5417004529495593	1.383096848459604
1.545254439538414	1.3790356946489952
1.5488166189124812	1.3749841735259019
1.5523870099580825	1.370942294744392
1.5559656316050743	1.3669100672281163
1.559552502826954	1.36288749916033
1.5631476426409538	1.3588745979738297
1.5667510701081493	1.3548713703407866
1.5703628043335522	1.3508778221624882
1.5739828644662197	1.346893958558978
1.5776112696993485	1.3429197838586069
1.5812480392703834	1.3389553015874727
1.5848931924611134	1.335000514458774
1.5885467485977791	1.3310554243620512
1.59220872705117	1.3271200323523384
1.5958791472367329	1.3231943386392022
1.5995580286146687	1.3192783425756873
1.6032453906900417	1.3153720426471514
1.6069412530128773	1.31147543646
1.6106456351782708	1.307588520730315
1.6143585568264862	1.303711291272376
1.6180800376430662	1.2998437429870737
1.6218100973589298	1.2959858698502227
1.6255487557504842	1.2921376649007519
1.6292960326397223	1.2882991202288008
1.6330519478943346	1.2844702269636925
1.6368165214278085	1.2806509752618045
1.6405897731995396	1.2768413542943193
1.6443717232149315	1.2730413522348702
1.6481623915255086	1.2692509562470629
1.651961798229015	1.265470152471893
1.6557699634695284	1.2616989260150375
1.6595869074375604	1.2579372609340376
1.6634126503701698	1.254185140225355
1.6672472125510627	1.2504425458113195
1.6710906143107078	1.2467094585269458
1.6749428760264373	1.2429858581066398
1.6788040181225607	1.2392717231707726
1.6826740610704674	1.2355670312121445
1.6865530253887415	1.23187175858231
1.690440931643264	1.2281858804777923
1.6943378004473288	1.2245093709261603
1.6982436524617444	1.2208422027719912
1.7021585083949509	1.217184347662688
1.7060823890031234	1.213535776034189
1.710015315090288	1.2098964570965276
1.7139573075084253	1.2062663588192766
1.7179083871575884	1.2026454479168485
1.721868574986007	1.1990336898336735
1.725837891990204	1.1954310487292328
1.7298163592151015	1.1918341917450137
1.7338039977541384	1.1882313912115037
1.7378008287493754	1.1846375177222268
1.7418068733916146	1.1810525741338824
1.7458221529205038	1.1774765625537593
1.7498466886246573	1.1739094843298397
1.7538805018417611	1.1703513400408208
1.7579236139586931	1.1668021294860353
1.7619760464116292	1.1632618516752822
1.7660378206861649	1.1597305048185558
1.770108958317421	1.1562080863156898
1.7741894808901661	1.1526945927458911
1.7782794100389228	1.14919001985719
1.78237876744809	1.145694362555779
1.7864875748520508	1.1422076148952631
1.7906058540352947	1.1387297700658028
1.7947336268325265	1.1352608203831613
1.7988709151287883	1.1318007572776458
1.803017740859569	1.1283495712829519
1.8071741260109275	1.124907252024896
1.8113400926196026	1.1214737882100574
1.8155156627731361	1.1180491676142967
1.8197008586099834	1.1146333770711896
1.8238957023196385	1.1112264024603333
1.8281002161427427	1.1078282286955654
1.832314422371212	1.1044388397130538
1.8365383433483464	1.1010582184592976
1.8407720014689564	1.0976863468790008
1.8450154191794736	1.0943232059028485
1.8492686189780787	1.0909687754351574
1.8535316234148114	1.0876230343414302
1.857804455091699	1.084285960435778
1.8620871366628675	1.080957530468245
1.8663796908346704	1.0776377201120018
1.8706821403658007	1.074326503950437
1.8749945080674193	1.0710238554641194
1.8793168168032686	1.0677297470176492
1.883649089489801	1.0644441498463848
1.8879913490962936	1.0611670340430537
1.892343618644976	1.0578983685442385
1.8967059212111463	1.0546381211167437
1.9010782799233006	1.0513862583438331
1.9054607179632472	1.0481427456113555
1.9098532585662378	1.044907547093726
1.914255925021086	1.0416806257398001
1.9186687406702891	1.0384619432586106
1.9230917289101586	1.0352514601049736
1.9275249131909356	1.0320491354649748
1.9319683170169242	1.0288549272413139
1.936421963946607	1.0256687920385303
1.9408858775927782	1.0224864539101233
1.9453600816226624	1.0192928595143997
1.9498445997580456	1.0161071043005891
1.9543394557753944	1.0129291960062192
1.95884467350599	1.0097591417809588
1.9633602768360463	1.0065969481786088
1.967886289706845	1.0034426211489984
1.9724227361148534	1.0002961660298204
1.976969640111861	0.997157587538377
1.9815270258050979	0.9940268897632593
1.9860949173573716	0.9909040761559338
1.9906733389871865	0.9877891495222677
1.9952623149688797	0.9846821120139552
1.9998618696327437	0.981582965119879
2.0044720273651615	0.9784917096573799
2.0090928126087277	0.9754083457634536
2.0137242498623884	0.972332872885853
2.0183663636815607	0.9692652897741235
2.023019178678272	0.9662055944705357
2.0276827195212817	0.9631537843009516
2.032357010936222	0.9601098558655898
2.037042077705718	0.9570738050297188
2.0417379446695296	0.95404562691425
2.046444636724674	0.9510253158862566
2.0511621788255656	0.9480128655493918
2.0558905959841414	0.9450082687342298
2.0606299132700006	0.9420115174885059
2.065380155810529	0.9390226030672787
2.0701413487910423	0.9360415159229882
2.0749135174549096	0.9330682456954346
2.079696687103696	0.9301027812016531
2.084490883097289	0.9271451104257055
2.0892961308540396	0.9241952205083706
2.0941124558508926	0.9212530977367435
2.0989398836235242	0.9183187275337387
2.1037784397664754	0.9153920944474949
2.1086281499332897	0.9124731821406864
2.1134890398366464	0.909561973379734
2.1183611352485023	0.9066584500239153
2.123244462000219	0.9037625930143829
2.1281390459827123	0.9008743823630713
2.133044913146576	0.8979937971415148
2.1379620895022327	0.8951208154695514
2.1428906011200586	0.8922554145039363
2.1478304741305343	0.8893975704268394
2.1527817347243725	0.88654725843425
2.157744409152667	0.883704452724264
2.16271852372702	0.8808691264852812
2.167704104819695	0.8780412518840749
2.1727011788637443	0.8752208000537757
2.1777097723531593	0.8724049549821179
2.1827299118430012	0.8695838039930962
2.187761623949553	0.8667699198269049
2.1928049353504484	0.8639633065468764
2.197859872784825	0.8611639676386074
2.202926463053456	0.8583719060022587
2.2080047330189	0.8555871239447724
2.2130947096056377	0.8528096231720259
2.2181964198002193	0.8500394047809012
2.223309890651403	0.8472764692512922
2.2284351492703043	0.8445208164380236
2.2335722228305315	0.8417724455627078
2.23872113856834	0.8390313552055124
2.2438819237827663	0.8362975432968629
2.2490546058357817	0.8335710071090581
2.254239212152429	0.8308517432478143
2.259435770220978	0.8281397476437258
2.2646443075930596	0.8254350155436512
2.2698648518838223	0.8227375415020128
2.2750974307720706	0.8200473193720235
2.2803420720004186	0.8173643422968238
2.28559880337543	0.814688602700545
2.2908676527677736	0.8120200922792825
2.296148648112362	0.809358801991991
2.301441817408509	0.8067047220512926
2.306747188720069	0.8040578419142024
2.312064790175595	0.8014181502727655
2.3173946499684783	0.7987856350446126
2.3227367963571073	0.7961602833634227
2.328091257665008	0.7935420815693057
2.3334580622810033	0.790931015199089
2.338837238659355	0.7883270689765222
2.344228815319923	0.7857302268023854
2.3496328208483073	0.7831404717445141
2.35504928389601	0.7805577860277262
2.360478233180577	0.7779821510236639
2.365919697485759	0.7754135472405355
2.371373705661655	0.772851954312772
2.3768402866248772	0.770297350990581
2.38231946935869	0.7677497151294153
2.3878112829131783	0.7652090236793346
2.3933157564053875	0.7626752526742848
2.3988329190194912	0.7601483772212633
2.4043628000069335	0.7576283714894025
2.4099054286865957	0.7551152086989432
2.41546083444494	0.7526088611101158
2.421029046736179	0.750109300011913
2.4266100950824154	0.7476164957107726
2.432204009073816	0.7451304175191463
2.4378108183687526	0.7426510337439753
2.4434305526939726	0.7401758939246568
2.4490632418447453	0.737696389073425
2.454708915685031	0.7352234227182242
2.4603676041476272	0.732756991297318
2.46603933723434	0.7302970906334961
2.4717241450161302	0.7278437159262445
2.4774220576332864	0.7253968617438334
2.4831331052955705	0.722956522015339
2.4888573182823914	0.7205226900225867
2.494594726942955	0.7180953583920242
2.500345361696432	0.7156745190865132
2.506109253032114	0.7132601633970541
2.511886431509581	0.7108522819344248
2.5176769277588558	0.7084508646207507
2.5234807724805757	0.7060559006809899
2.529297996446145	0.7036673786343481
2.5351286304979084	0.7012852862856062
2.540972705549305	0.6989096107163761
2.5468302525850417	0.6965403382762696
2.552701302661247	0.6941774545739925
2.5585858869056453	0.6918209444683522
2.5644840365177175	0.6894707920591863
2.5703957827688635	0.687126980678209
2.5763211570025755	0.6847894928797694
2.582260190634596	0.6824583104315315
2.588212915153092	0.6801334143050656
2.5941793621188136	0.6778147846663564
2.6001595631652723	0.6755024008662214
2.6061535499988953	0.6731962414306482
2.6121613543992064	0.6708962840510381
2.6181830082189848	0.668602505574366
2.624218543384442	0.6663148819932484
2.6302679918953813	0.664033388435924
2.6363313858253803	0.6617579991561405
2.642408757321946	0.6594886875229562
2.648500138606701	0.6572254260104399
2.654605561975539	0.6549681861872911
2.6607250597988097	0.6527169387063545
2.666858664521479	0.6504716532940481
2.6730064086633116	0.6482322987396926
2.6791683248190314	0.6459988428847501
2.6853444456585076	0.6437712526119564
2.691534803926915	0.6415494938343698
2.6977394324449206	0.639333531484308
2.703958364108843	0.637123329502199
2.7101916318908432	0.63491885082532
2.7164392688390824	0.6327200573764484
2.7227013080779128	0.6305269100524008
2.7289777828080406	0.6283393687124779
2.7352687263067126	0.6261573921668001
2.741574171927882	0.6239776357803535
2.7478941531023975	0.6217883433720809
2.7542287033381663	0.6196044110727678
2.7605778562203462	0.6174258374554458
2.7669416454115114	0.6152526205977262
2.773320104651841	0.6130847580754106
2.7797132677592886	0.610922246956052
2.7861211686297707	0.6087650837924476
2.792543841237338	0.6066132646160786
2.798981319634363	0.6044667849304808
2.805433637951713	0.6023256397045629
2.811900830398941	0.6001898233658538
2.8183829312644537	0.5980593297936967
2.8248799749157074	0.5959341523123696
2.831391995799379	0.5938142836841533
2.8379190284415565	0.591699716102326
2.8444611074479154	0.5895904411841003
2.85101826750391	0.5874864499634899
2.8575905433749464	0.5853877328841158
2.8641779699065815	0.58329427979194
2.8707805820246906	0.5812060799279412
2.8773984147356697	0.5791231219207121
2.8840315031266055	0.5770453937790017
2.8906798823654762	0.5749728828841765
2.897343587701323	0.5729055759826244
2.904022654464451	0.5708434591780802
2.910717118066605	0.5687865179238871
2.9174270140011673	0.5667347370151826
2.924152377843335	0.5646881005810208
2.9308932452503216	0.5626465920764123
2.9376496519615305	0.5606101942743031
2.9444216337987617	0.5585788892574717
2.9512092266663856	0.5565526584103585
2.9580124665515464	0.5545314824108177
2.9648313895243423	0.5525153412217982
2.971666031738027	0.5505042140829431
2.9785164294291895	0.5484980795021217
2.9853826189179604	0.5464969152468775
2.992264636608189	0.5445006983358042
2.9991625189876516	0.54250940502984
3.0060763026282307	0.5405230108234886
3.013006024186122	0.5385414904359554
3.019951720402016	0.5365648178022094
3.0269134281013064	0.5345929660639601
3.0338911841942706	0.5326259075605595
3.04088502567628	0.5306636138198151
3.047894989627983	0.5287060555487287
3.054921113215514	0.526753202624144
3.061963433690677	0.5248050240833203
3.069021988391158	0.5228614881144115
3.076096814740708	0.5209194069099037
3.083187950249355	0.518967556328169
3.0902954325135905	0.517020176320198
3.097419299216581	0.5150772736938203
3.1045595881283554	0.5131388549451711
3.1117163371060186	0.5112049262543003
3.118889584093937	0.509275493480747
3.126079367123956	0.5073505621590646
3.1332857243155856	0.5054301374943098
3.1405086938762183	0.5035142243574818
3.1477483141013156	0.5016028272809263
3.1550046233746274	0.4996959504536858
3.1622776601683795	0.4977935977168155
3.169567463043492	0.49589577255864725
3.1768740706497707	0.4940024781100138
3.1841975217261256	0.49211371713942376
3.1915378551007616	0.49022949204819477
3.198895109691399	0.48834980486553675
3.206269324505466	0.48647465724359307
3.213660538640318	0.4846040504524307
3.2210687912834346	0.48273798537498724
3.2284941217126364	0.48087646250196575
3.2359365692962827	0.4790194819266883
3.2433961734934935	0.4771670433398932
3.250872973854344	0.4753191460244913
3.2583670100200885	0.4734757888502668
3.265878321723358	0.4716369702685339
3.273406948788383	0.46980268830673777
3.2809529311311905	0.4679729405630129
3.2885163087598315	0.4661477242006816
3.2960971217745776	0.4643270359427105
3.303695410368149	0.46251087206610664
3.311311214825911	0.46069922839627075
3.3189445755261047	0.45889210030128935
3.326595532940045	0.4570894826861809
3.3342641276323506	0.4552913699870841
3.3419504002611427	0.4534977561653965
3.3496543915782775	0.45170863470185374
3.3573761424295467	0.4499239985905608
3.365115693754908	0.44814384033296173
3.372873086588689	0.44636815193175955
3.380648362059817	0.4445969248847747
3.3884415613920256	0.44283015017875427
3.3962527259040853	0.4410678182831153
3.404081897010009	0.4393099191436406
3.4119291162192864	0.4375564421761076
3.4197944251370886	0.4358073762598674
3.4276778654645046	0.43406270973135747
3.4355794789987466	0.4323224303775619
3.443499307633384	0.43058652542940745
3.451437393358563	0.428853210500485
3.459393778261219	0.42711619013387964
3.4673685045253166	0.42538346239983615
3.4753616144320576	0.4236550358768355
3.483373150360118	0.42193091888246403
3.4914031547858606	0.42021111946961626
3.499451670283573	0.41849564542265516
3.5075187395256795	0.41678450425354074
3.5156044052829816	0.4150777031979161
3.523708710424871	0.4133752492111607
3.53183169791957	0.4116771489644017
3.5399734108343464	0.40998340884049006
3.548133892335755	0.4082940349299354
3.5563131856898527	0.4066090330268048
3.5645113342624426	0.40492840862457896
3.5727283815192883	0.40325216691197296
3.5809643710263606	0.40158031276871253
3.5892193464500517	0.39991285076127503
3.5974933515574232	0.39824978513858417
3.6057864302164235	0.39659111982767054
3.6140986263961334	0.3949368584292838
3.6224299841669856	0.3932870042134709
3.630780547701014	0.3916415601151038
3.639150361272071	0.39000052872937424
3.6475394692560785	0.3883639123072373
3.6559479161312485	0.38673171275081925
3.664375746478333	0.38510393160877543
3.672823004980846	0.38348057007161196
3.681289736425315	0.38186162896695486
3.6897759857015027	0.38024710875478385
3.6982817978026628	0.37863700952261264
3.7068072178257596	0.37703133098063224
3.715352290971726	0.3754300724568013
3.7239170625456848	0.3738332328918976
3.732501577957206	0.3722408108345173
3.741105882720533	0.37065280443603227
3.7497300224548358	0.3690692114454965
3.758374042884441	0.3674900292045095
3.767037989839089	0.3659152546420268
3.77572190925416	0.36434488426912814
3.7844258471709336	0.36277891417373054
3.793149849736819	0.36121734001525957
3.801893963205613	0.35966015701926485
3.81065823393773	0.35810735997199095
3.8194427084004663	0.3565589432148932
3.8282474331682264	0.3550149006391091
3.8370724549227884	0.35347522567987194
3.8459178204535354	0.3519399113108792
3.8547835766577188	0.3504089500386043
3.8636697705406915	0.34888233389656
3.8725764492161727	0.34735862342989077
3.8815036599064823	0.34583273422068656
3.8904514499428067	0.34431113097579347
3.899419866765434	0.34279382287872806
3.908408957924021	0.34128081887645745
3.9174187710778305	0.33977212767590226
3.926449353995999	0.33826775774040196
3.9355007545577743	0.3367677172861489
3.944573020752785	0.335272014278586
3.953666200681279	0.3337806564287712
3.9627803425543955	0.3322936511897043
3.971915494694403	0.3308110057526225
3.981071705534973	0.3293327270432553
3.9902490236214203	0.3278588217180482
3.9994474976109755	0.3263892961603463
4.008667176273028	0.324924156476545
4.0179081084894	0.3234634084921994
4.027170343254591	0.32200705774810134
4.036453929676051	0.32055510949631494
4.045758916974426	0.31910756869617773
4.055085354483839	0.31766444001026023
4.0644332916521275	0.3162257278002906
4.073802778041128	0.3147914361230377
4.083193863326921	0.3133615687261578
4.09260659730011	0.3119361290439979
4.1020410298660686	0.31051512019336563
4.111497211045223	0.3090985449692521
4.120975190973302	0.3076864058405196
4.130475019901614	0.3062787049455459
4.139996748197304	0.30487544408782974
4.149540426343631	0.30347662473155174
4.1591061049402205	0.30208224799709793
4.168693834703355	0.300692314656536
4.178303666466218	0.29930682512905554
4.187935651179185	0.29792577947635884
4.1975898399100755	0.2965491773980146
4.207266283844442	0.29517701822676323
4.216965034285822	0.29380930092378255
4.226686142656031	0.29244602407390596
4.2364296604954115	0.29108718588079957
4.24619563946313	0.28973278416208975
4.2559841313374305	0.2883828163444515
4.265795188015928	0.287037279458645
4.275628861515862	0.28569617013451176
4.285485203974396	0.2843594845959196
4.295364267648873	0.2830272186556653
4.3052661049171075	0.2816993677103263
4.3151907682776525	0.28037592673506745
4.325138310350088	0.27905689027839925
4.335108783875289	0.2777422524568876
4.345102241715717	0.27643099185400577
4.355118736855686	0.275119501376489
4.365158322401661	0.2738123662762935
4.375221051582521	0.27250959243724
4.385306977749858	0.27121118547263473
4.395416154378245	0.2699171507214998
4.405548635065534	0.26862749324476604
4.4157044735331255	0.2673422178214296
4.425883723626267	0.26606132894467194
4.436086439314326	0.26478483081794496
4.446312674691089	0.26351272735101416
4.456562483975033	0.26224502215597106
4.466835921509633	0.26098171854320096
4.477133041763626	0.25972281951731885
4.487453899331323	0.2584683277730613
4.49779854893288	0.257218245691145
4.508167045414603	0.255972575334081
4.518559443749224	0.254731318441955
4.528975799036209	0.2534944764281623
4.539416166502032	0.2522620503751087
4.549880601500488	0.25103404102986465
4.560369159512962	0.24981044879978606
4.570881896148752	0.24859127374808632
4.581418867145335	0.24737651558937432
4.591980128368688	0.24616617368514462
4.6025657358135605	0.2449602470392306
4.613175745603796	0.2437587342932115
4.623810213992603	0.2425616337217793
4.634469197362879	0.24136894322806107
4.645152752227495	0.24018066033889834
4.6558609352295885	0.23899678220008425
4.666593803142887	0.23781730557155276
4.677351412871981	0.23664222682252914
4.688133821452653	0.2354715419266284
4.698941086052153	0.23430524645691642
4.709773263969529	0.23314333558091857
4.720630412635905	0.23198580405558772
4.731512589614805	0.23083264622222158
4.7424198526024455	0.22968385600133784
4.753352259428054	0.22853942688749743
4.7643098680541565	0.22739935194408514
4.775292736576909	0.22626362379803797
4.786300923226383	0.2251322346345293
4.797334486366892	0.22400517619160112
4.808393484497285	0.22288243975475003
4.819477976251274	0.22176401615146085
4.830588020397726	0.2206498957456942
4.841723675840994	0.21954006843232002
4.8528850016212095	0.21843452363150398
4.864072056914616	0.21733325028303918
4.875284901033862	0.21623515458394985
4.886523593428336	0.21513638596081325
4.897788193684462	0.21404182818828596
4.909078761526032	0.21295148267231706
4.920395356814509	0.21186535051047334
4.9317380395493595	0.210783432487894
4.943106869868354	0.20970572907321047
4.954501908047903	0.20863224041442532
4.96592321450336	0.20756296633475566
4.97737084978936	0.20649790632843396
4.9888448746001215	0.2054370595564743
5.000345349769786	0.20438042484239496
5.011872336272722	0.2033280006679051
5.0234258952238715	0.20227978516854686
5.035006087879047	0.20123577612930282
5.046612975635284	0.2001959709801568
5.05824662003114	0.19916036679161872
5.0699070827470445	0.19812896027020366
5.081594425605605	0.1971017477538735
5.093308710571955	0.19607872520743244
5.105049999754062	0.19505988821788348
5.116818355403078	0.19404523198973955
5.1286138399136485	0.19303475134029374
5.140436515824262	0.19202844069484407
5.152286445817564	0.19102629408187655
5.16416369272071	0.19002830512820157
5.176068319505676	0.18903446705404875
5.188000389289612	0.18804477266811406
5.199959965335159	0.18705921436256412
5.211947111050805	0.18607778410799253
5.223961889991197	0.18510047344833339
5.236004365857504	0.18412727349572414
5.248074602497725	0.18315817492532688
5.2601726639070625	0.18219316797009708
5.2722986142282275	0.1812322424155102
5.284452517751805	0.1802753875942359
5.296634438916578	0.17932259238076734
5.308844442309884	0.1783738451859992
5.321082592667942	0.17742913395175935
5.333348954876211	0.17648844614528836
5.345643593969716	0.17555176875367196
5.357966575133418	0.17461908827822012
5.370317963702527	0.17369039072879963
5.382697825162884	0.1727656616181104
5.3951062251512765	0.17184488595591596
5.4075432294558095	0.1709280482432172
5.420008904016238	0.17001513246637767
5.432503314924333	0.16910612209119302
5.445026528424211	0.1682010000569104
5.4575786109127105	0.167299748770191
5.470159628939716	0.16640090113862233
5.482769649208539	0.16549929932966628
5.495408738576246	0.16460147945500636
5.508076964054036	0.16370744106940863
5.520774392807573	0.16281718343329615
5.533501092157368	0.16193070550897506
5.546257129579107	0.16104800595682864
5.559042572704037	0.1601690831314728
5.5718574893192985	0.15929393507787953
5.584701947368309	0.15842255952746084
5.597576014951102	0.15755495389411997
5.610479760324706	0.15669111527026275
5.623413251903491	0.15583104042277526
5.6363765582595455	0.15497472578896193
5.649369748123025	0.15412216747244814
5.6623928903825345	0.15327336123904342
5.675446054085471	0.1524283025125686
5.688529308438416	0.1515869863706421
5.701642722807475	0.1507494075404311
5.714786366718672	0.14991556039435922
5.727960309858292	0.1490854389457801
5.741164622073277	0.14825903684460667
5.7543993733715695	0.1474363473729043
5.767664633922509	0.14661736344044055
5.780960474057181	0.14580207758019764
5.794286964268812	0.14499048194384084
5.807644175213121	0.14418256829714832
5.821032177708716	0.1433783280153974
5.834451042737448	0.14257775207871104
5.847900841444809	0.14178083106735953
5.861381645140288	0.1409875551570227
5.874893525297769	0.14019791411400612
5.88843655355589	0.13941189729041695
5.902010801718445	0.13862949361929353
5.91561634175474	0.1378506916096939
5.9292532458	0.13707547934173678
5.942921586155727	0.13630384446160135
5.956621435290106	0.13553577417647888
5.970352865838369	0.1347712552494817
5.984115950603199	0.13401027399450394
5.997910762555095	0.13325281627103888
6.011737374832782	0.13249886747894696
6.025595860743578	0.13174841255317957
6.0394862937638	0.1310014359584535
6.0534087475391365	0.1302579216838799
6.067363295885055	0.12951785323754283
6.08135001278718	0.1287812136410319
6.095368972401694	0.12804798542392415
6.109420249055721	0.12731815061821872
6.123503917247737	0.12659169075271964
6.137620051647943	0.12586703084766376
6.151768727098683	0.12513863260695454
6.165950018614822	0.12441351561890623
6.180164001384161	0.12369168011096941
6.1944107507678146	0.12297312606769191
6.208690342300634	0.12225785322758195
6.223002851691596	0.121545861079943
6.237348354824191	0.1208371488616797
6.251726927756859	0.120131715554072
6.266138646723353	0.11942955987952215
6.2805835881331795	0.11873068029826914
6.295061828571975	0.11803507500507451
6.309573444801933	0.11734274192587624
6.324118513762193	0.11665367871441268
6.33869711256927	0.11596788274881427
6.353309318517436	0.11528535112816557
6.367955209079159	0.11460608066903333
6.382634861905486	0.11393006790196512
6.397348354826482	0.11325730906795337
6.412095765851615	0.11258780011486907
6.4268771731701975	0.11192153669386103
6.441692655151772	0.11125851415572424
6.456542290346556	0.1105987275472321
6.471426157485831	0.10994217160743829
6.486344335482385	0.10928884076394235
6.501296903430906	0.10863872912912302
6.516283940608428	0.10799183049633578
6.531305526474723	0.10734813833607725
6.546361740672751	0.10670764579211288
6.561452663029053	0.1060703456775721
6.576578373554206	0.10543623047100478
6.591738952443213	0.10480529231240499
6.606934480075961	0.10417752299919661
6.622165037017619	0.10355291398218412
6.637430704019089	0.10293145636146513
6.652731562017413	0.10231314088230814
6.668067692136222	0.10169795793099094
6.6834391756861455	0.10108589753060329
6.698846094165265	0.10047694933681034
6.714288529259523	0.09987110263357944
6.729766562843179	0.09926834632886689
6.745280276979219	0.09866866895026774
6.760829753919819	0.09807205864062477
6.77641507610675	0.0974785031535999
6.792036326171846	0.09688798984920426
6.807693586937414	0.09630050568928981
6.823386941416698	0.09571603723299929
6.839116472814292	0.095134570632177
6.8548822645266165	0.09455609162673699
6.870684400142321	0.0939805855399918
6.886522963442762	0.09340693406858619
6.902398038402419	0.09283120885267916
6.918309709189366	0.09225838502310939
6.934258060165691	0.09168846091417132
6.9502431758879695	0.09112143462455687
6.966265141107686	0.09055730401440444
6.982324040771715	0.08999606670231822
6.998419960022734	0.08943772006236307
7.014552984199714	0.08888226122102855
7.030723198838334	0.0883296870541681
7.046930689671471	0.08777999418390751
7.06317554262962	0.0872331789755271
7.07945784384138	0.08668923753431367
7.095777679633888	0.08614816570238541
7.112135136533292	0.08560995905548578
7.128530301265195	0.08507461289975016
7.1449632607551345	0.08454212226844114
7.16143410212902	0.0840124819186558
7.177942912713619	0.08348568632800135
7.194489780036995	0.08296172969124226
7.211074791828998	0.08244060591691503
7.227698036021702	0.08192230862391427
7.2443596007499025	0.08140683113804581
7.261059574351547	0.08089416648855074
7.277798045368242	0.08038430740459562
7.294575102545687	0.07987724631173342
7.311390834834176	0.07937297532833013
7.3282453313890406	0.07887148626196142
7.345138681571151	0.07837277060577469
7.362070974947361	0.07787681953482031
7.379042301291012	0.0773836239023479
7.396052750582378	0.07689317423607159
7.413102413009177	0.07640546073439917
7.430191378967014	0.07592047326262996
7.447319739059893	0.0754382013491165
7.464487584100665	0.0749586341813935
7.481695005111545	0.0744817606022707
7.498942093324558	0.07400756910589243
7.516228940182057	0.0735360478337602
7.533555637337174	0.07306718457072162
7.550922276654341	0.07260096674092187
7.568328950209744	0.07213738140372064
7.58577575029184	0.0716764152495714
7.603262769401819	0.07121805459586537
7.620790100254123	0.07076228538273716
7.638357835776907	0.07030909316883462
7.655966069112566	0.06985846312704992
7.67361489361819	0.06941038004021402
7.691304402866098	0.06896482829675163
7.709034690644301	0.0685217918862995
7.726805850957025	0.06808017241423112
7.744617978025188	0.06763611550162857
7.76247116628692	0.06719449897858139
7.78036551039804	0.06675531963662623
7.798301105232589	0.06631857404705856
7.816278045883297	0.06588425855825063
7.83429642766212	0.0654523692929433
7.852356346100718	0.0650229021455147
7.870457896950989	0.06459585277922252
7.888601176185544	0.06417121662342287
7.906786279998253	0.06374898887076194
7.925013304804718	0.0633291644743443
7.943282347242818	0.0629117381448732
7.961593504173188	0.06249670434776715
7.979946872679768	0.06208405730024857
7.9983425500702845	0.061673790968407444
8.016780633876794	0.061265899064237433
8.035261221856173	0.060860375042646166
8.05378441199067	0.06045721209843743
8.072350302488383	0.060056403163267554
8.090958991783825	0.059657940902572856
8.109610578538408	0.05926181771247101
8.128305161640995	0.05886802571663292
8.147042840208396	0.058476556763128414
8.165823713585926	0.058087402421241545
8.1846478813479	0.05770055397825929
8.203515443298185	0.057316002436230126
8.222426499470712	0.056933738508694404
8.241381150130026	0.05655375261738479
8.260379495771788	0.05617603488889839
8.279421637123345	0.05580057515133769
8.298507675144226	0.055427362930923076
8.317637711026709	0.055056387448573836
8.336811846196344	0.05468763761645962
8.356030182312479	0.0543211020345214
8.375292821268827	0.05395676898696033
8.394599865193973	0.053594626438697245
8.413951416451951	0.05323466203179872
8.433347577642753	0.052876863081873546
8.452788451602899	0.05252121657443563
8.472274141405963	0.05216770916123593
8.491804750363139	0.05181632715656098
8.511380382023763	0.05146705653349987
8.531001140175896	0.05111988292017705
8.550667128846833	0.05077479159595321
8.570378452303697	0.05043176748759153
8.590135215053957	0.05009079516539125
8.609937521846007	0.049751858839286386
8.629785477669701	0.0494149423549109
8.649679187756934	0.04908002918962868
8.669618757582166	0.04874591077340453
8.689604292863018	0.04840834321569519
8.709635899560805	0.04807270020274482
8.729713683881117	0.04773897960423335
8.74983775227436	0.04740717912262586
8.770008211436348	0.04707729629112229
8.790225168308842	0.04674932847158979
8.810488730080142	0.046423272852474995
8.830799004185627	0.04609912644669824
8.851156098308357	0.04577688608952761
8.871560120379607	0.04545654843643451
8.892011178579486	0.04513810996092883
8.912509381337454	0.04482156695237565
8.933054837332953	0.04450691551379057
8.953647655495937	0.04419415155961643
8.974287945007486	0.04388327081347878
8.994975815300352	0.04357426880592227
9.01571137605957	0.04326714087212499
9.036494737223014	0.04296188214959366
9.057326008982002	0.0426584875758368
9.078205301781857	0.04235695188601803
9.099132726322518	0.04205726961058708
9.120108393559097	0.041759435072890566
9.141132414702504	0.0414634423867602
9.162204901219997	0.041169285454080495
9.183325964835811	0.04087695796233343
9.204495717531712	0.040586453382122224
9.225714271547634	0.04029776496467178
9.246981739382225	0.040010885739308104
9.268298233793494	0.039725808510913625
9.289663867799362	0.039442525857361375
9.311078754678306	0.03916103012692472
9.33254300796991	0.03888131343566544
9.354056741475521	0.03860336766479728
9.375620069258803	0.038327184458026936
9.39723310564638	0.03805275521887081
9.418895965228414	0.03778007110794841
9.440608762859236	0.037509123040251086
9.462371613657929	0.03723990168238735
9.484184633008974	0.036972397449802775
9.506047936562814	0.036706600503976526
9.527961640236521	0.03644250074959166
9.549925860214358	0.036180087831681806
9.571940712948447	0.035919351132751395
9.594006315159332	0.03566027976987153
9.616122783836648	0.03540286259174944
9.638290236239705	0.03514708817577271
9.660508789898136	0.0348929448250269
9.68277856261249	0.034640420565287725
9.7050996724549	0.034389503141985786
9.727472237769652	0.0341393317711252
9.749896377173872	0.033886885079225486
9.772372209558107	0.033635987559276055
9.79489985408699	0.03338663712634378
9.817479430199844	0.033138831557189975
9.84011105761134	0.03289256848859036
9.862794856312105	0.03264784541564088
9.885530946569391	0.03240465969004697
9.908319448927676	0.032163008518398324
9.93116048420934	0.031922888960427005
9.954054173515269	0.03168429792725056
9.977000638225535	0.03144723217959853
10.	0.031211688326023494
10.023052380778994	0.03097766282109537
10.046157902783957	0.030745151963579614
10.069316688518045	0.03051415189459936
10.092528860766844	0.0302846585957801
10.115794542598982	0.030056667887378305
10.1391138573668	0.02983017542639292
10.16248692870696	0.029605176704660376
10.18591388054117	0.029381667046931348
10.209394837076797	0.029159641608931326
10.232929922807546	0.02893909537540321
10.256519262514079	0.028720023158132876
10.280162981264736	0.028502419593956153
10.303861204416158	0.028286279142748817
10.32761405761398	0.02807159608539811
10.351421666793442	0.027858364521756863
10.375284158180126	0.027646578368578027
10.39920165829059	0.02743623135743201
10.423174293933046	0.027227317032604975
10.447202192208003	0.02701982874897869
10.471285480508996	0.026813759669890806
10.495424286523221	0.026609102764977056
10.519618738232236	0.026405850807993573
10.543868963912592	0.026203996374620696
10.568175092136585	0.026003531840246112
10.592537251772887	0.025804449377729487
10.616955571987253	0.02560674095514682
10.641430182243164	0.025410398333515074
10.665961212302578	0.02521541306449628
10.690548792226577	0.025021776488081803
10.71519305237607	0.02482947973025612
10.739894123412451	0.024638513700640123
10.76465213629835	0.024448869090113103
10.789467222298287	0.02426053636841456
10.814339512979387	0.024073505781724472
10.83926914021204	0.02388776735022276
10.864256236170656	0.02370331086562657
10.889300933334333	0.023520125888706816
10.91440336448757	0.023337507152407042
10.939563662720943	0.02315298016890482
10.964781961431852	0.022969676252301643
10.990058394325208	0.022787593285352528
11.015393095414156	0.022606729036183056
11.040786199020735	0.02242708115691605
11.066237839776663	0.022248647182284993
11.091748152624008	0.022071424528235736
11.117317272815919	0.021895410490515004
11.142945335917304	0.021720602243246644
11.168632477805613	0.021546996837494156
11.194378834671515	0.021374591199811117
11.220184543019629	0.02120338213077809
11.24604973966927	0.0210333663035263
11.271974561755105	0.020864540262248515
11.297959146727976	0.02069690042069564
11.324003632355566	0.020530443060660625
11.350108156723154	0.020365164330448403
11.37627285823431	0.02020106024333227
11.402497875611685	0.02003812667599604
11.428783347897712	0.01987635936696272
11.45512941445536	0.019715753915008818
11.481536214968829	0.019556305777564897
11.508003889444357	0.0193980102691011
11.534532578210918	0.01924086255949901
11.561122421920993	0.019084857672408573
11.587773561551263	0.018929990483590786
11.614486138403427	0.018776255719244975
11.641260294104908	0.018623647954321934
11.66809617060963	0.018472161610821495
11.694993910198711	0.018321790956075695
11.721953655481304	0.01817253010101574
11.748975549395292	0.018024372998424507
11.776059735208078	0.017877313441173097
11.803206356517299	0.01773134506044217
11.830415557251646	0.01758646132392697
11.857687481671597	0.01744265553402711
11.88502227437019	0.017299920826020058
11.91242008027375	0.017158250166218855
11.93988104464273	0.017017636350112945
11.967405313072431	0.016878072000493453
11.994993031493793	0.016739549565561406
12.02264434617413	0.01660206131701983
12.050359403717973	0.016465599348148445
12.078138351067798	0.01633015557186212
12.10598133550483	0.016195721718751967
12.133888504649775	0.016062289335109524
12.161860006463678	0.0159298497809333
12.189895989248662	0.015798394227918226
12.217996601648723	0.015667913657427385
12.246161992650489	0.015537793839004702
12.274392311584071	0.015405879491353663
12.30268770812381	0.015274898221782744
12.331048332289097	0.015144848305140337
12.359474334445107	0.015015727927955332
12.387965865303691	0.014887535187383198
12.416523075924106	0.014760268090143228
12.445146117713856	0.014633924551445614
12.473835142429433	0.014508502393909424
12.5025903021772	0.014383999346469972
12.531411749414156	0.014260413043277069
12.560299636948754	0.014137741022582985
12.589254117941675	0.014015980725620622
12.618275345906707	0.01389512949547116
12.64736347471151	0.013775184575922035
12.67651865857846	0.013656143110314293
12.705741052085418	0.013538002140379956
12.735030810166617	0.013420758605068467
12.764388088113435	0.013304409339363091
12.793813041575252	0.01318895107308644
12.823305826560219	0.01307438042969564
12.852866599436155	0.012960693925066205
12.882495516931336	0.012847887966265575
12.912192736135347	0.012735958850315431
12.941958414499863	0.012624902762943261
12.971792709839558	0.012514715777322343
13.001695780332899	0.012405393852801002
13.031667784523	0.012296932833620284
13.061708881318419	0.012189328447620572
13.09181922999407	0.0120825763049362
13.121998990192028	0.01197667189667902
13.15224832192239	0.011871610593610016
13.182567385564074	0.011767387644799449
13.212956341865752	0.011663998176274707
13.243415351946643	0.011561437189656677
13.273944577297401	0.011459699560783803
13.304544179780914	0.011358780038324263
13.33521432163324	0.011258673242375585
13.365955165464419	0.011159373663052216
13.396766874259358	0.011060875659060576
13.427649611378643	0.010963173456261731
13.458603540559483	0.0108662611462211
13.489628825916533	0.0107701326847458
13.52072563194278	0.010674781890409013
13.551894123510364	0.010580202443061605
13.583134465871542	0.010486387882330304
13.614446824659497	0.010393331606103253
13.645831365889252	0.010301026869002016
13.677288255958494	0.010209466780840445
13.708817661648537	0.010118644305069886
13.740419750125149	0.010028098308565377
13.772094688939474	0.009936211397617262
13.803842646028853	0.009845029826829527
13.83566378971781	0.009754552017429245
13.867558288718882	0.009664776320652643
13.89952631213354	0.009575701016920068
13.931568029453036	0.009487324315003678
13.963683610559377	0.009399644351187252
13.995873225726179	0.009312659188418856
14.028137045619589	0.009226366815455658
14.060475241299143	0.009140765146001201
14.092887984218748	0.009055852017834676
14.12537544622754	0.008971625191932682
14.157937799570824	0.008888082351582881
14.190575216890926	0.008805221101490032
14.223287871228198	0.008723038966873523
14.25607593602188	0.008641533392557342
14.288939585111036	0.008560701742051608
14.321878992735439	0.008480541296626154
14.35489433353656	0.008401049254375535
14.387985782558452	0.008322222729275987
14.421153515248696	0.008244058750233874
14.45439770745928	0.008166554260125808
14.487718535447618	0.008089706114829944
14.52111617587742	0.00801351108224903
14.554590805819668	0.007937965841324552
14.58814260275349	0.007863066981042386
14.621771744567184	0.007788810999429299
14.655478409559112	0.007715194302540928
14.689262776438676	0.007642213203440584
14.723125024327194	0.007569863921169291
14.757065332758946	0.007498142579706363
14.791083881682072	0.007427045206921186
14.825180851459544	0.007356567733515561
14.859356422870075	0.00728670599195695
14.893610777109155	0.007217455715401992
14.92794409578996	0.007148812536610929
14.962356560944343	0.007080771986852293
14.99684835502374	0.007013329494798173
15.031419660900225	0.006946480385409507
15.066070661867418	0.006880219878811927
15.100801541641477	0.0068145430891616
15.135612484362087	0.006749445023501195
15.170503674593368	0.0066849205806059474
15.205475297324954	0.0066209645498194495
15.240527537972907	0.006557571609879496
15.275660582380732	0.006494736327733594
15.310874616820303	0.006432453157344283
15.346169827992941	0.006370716438483831
15.381546403030342	0.006309520395518704
15.4170045294956	0.006248489622529834
15.452544395384141	0.006186307522702251
15.488166189124811	0.006124639708442769
15.523870099580817	0.006063484862181072
15.55965631605075	0.006002841613363848
15.595525028269538	0.005942708537836108
15.631476426409538	0.0058830841572166635
15.667510701081484	0.005823966938268271
15.70362804333553	0.005765355292261957
15.739828644662197	0.005707247574335798
15.776112696993485	0.005649642082847699
15.812480392703826	0.005592537058722653
15.848931924611142	0.005535930684793976
15.88546748597779	0.005479821085138867
15.9220872705117	0.005424206324407712
15.95879147236732	0.00536908440714773
15.995580286146694	0.0053144532771203885
16.032453906900418	0.005260310816612934
16.069412530128773	0.005206654845743532
16.106456351782697	0.005153483121760484
16.143585568264868	0.005100793338335065
16.18080037643066	0.005048583124848259
16.218100973589298	0.004996850045670927
16.255487557504836	0.004945591599437827
16.292960326397232	0.0048948052183150886
16.330519478943348	0.004844488267261324
16.368165214278086	0.004794638043282034
16.40589773199539	0.004745251774677608
16.443717232149325	0.004696326620284607
16.481623915255085	0.004647859668710479
16.51961798229015	0.004599847937561289
16.557699634695275	0.004552288372662942
16.595869074375614	0.00450517784727538
16.634126503701697	0.004458513161300028
16.672472125510627	0.004412291040480088
16.71090614310707	0.004366508135594012
16.749428760264383	0.004321161021641803
16.788040181225607	0.004276246197024327
16.82674061070467	0.004231760082715221
16.865530253887407	0.004187699021425785
16.90440931643265	0.004144059276762499
16.94337800447329	0.004100837032377226
16.982436524617444	0.004058028391109909
17.0215850839495	0.004015629374123937
17.060823890031244	0.00397363592003388
17.10015315090288	0.0039320438840257915
17.139573075084254	0.0038908490369696305
17.179083871575877	0.0038500470645242094
17.21868574986008	0.0038096335662342385
17.25837891990204	0.0037696040546196644
17.298163592151013	0.0037296618983595205
17.338039977541374	0.003688766572737895
17.378008287493763	0.0036482346334526516
17.418068733916144	0.003608065133852227
17.458221529205037	0.0035682570898552214
17.498466886246565	0.0035288094795142685
17.53880501841762	0.0034897212425758716
17.579236139586932	0.003450991280036363
17.619760464116293	0.0034126184536937667
17.66037820686164	0.003374601585695771
17.70108958317422	0.003336939458083584
17.741894808901662	0.003299630812331779
17.78279410038923	0.003262674348883903
17.82378767448089	0.0032260687266840787
17.864875748520518	0.0031898125627043243
17.906058540352948	0.0031539044314677946
17.947336268325266	0.0031183428645675786
17.988709151287875	0.003083126350181399
18.030177408595698	0.003048253332581909
18.071741260109274	0.003013722211642718
18.113400926196025	0.002979531342339893
18.15515662773135	0.0029456790342491956
18.197008586099845	0.0029121635510387742
18.238957023196384	0.0028789831099574623
18.281002161427427	0.002846135881318395
18.323144223712113	0.0028136199879782242
18.365383433483473	0.0027814335048116515
18.407720014689563	0.0027495744581814085
18.450154191794738	0.002718040825403419
18.492686189780777	0.002686830534207427
18.535316234148123	0.002655941462192753
18.57804455091699	0.0026253714362793877
18.620871366628677	0.002595118232154108
18.663796908346693	0.002565179573711904
18.706821403658015	0.002535553132492368
18.74994508067419	0.0025062365271112897
18.793168168032686	0.002477227322687117
18.836490894898002	0.002448523030262543
18.879913490962945	0.0024201211062209473
18.92343618644976	0.00239201895169783
18.967059212111465	0.0023642139119870002
19.010782799232995	0.002336703275941688
19.054607179632484	0.0023094842753703863
19.098532585662387	0.0022825540844275036
19.14255925021086	0.002255909818998596
19.18668740670289	0.0022295485360803824
19.230917289101594	0.002203467233155305
19.275249131909366	0.002177662847560727
19.31968317016924	0.002152132255852571
19.364219639466068	0.0021268722731635353
19.408858775927794	0.0021016763134547607
19.453600816226633	0.002075819866332901
19.498445997580454	0.0020502194989038334
19.543394557753942	0.002024874488130475
19.58844673505991	0.0019997840840425937
19.633602768360475	0.00197494750942501
19.67886289706845	0.001950363959502916
19.724227361148536	0.0019260326016244797
19.76969640111862	0.0019019525749405485
19.81527025805099	0.0018781229900815368
19.860949173573715	0.0018545429288313521
19.906733389871864	0.0018312114437984916
19.952623149688808	0.001808127558084171
19.998618696327448	0.0017852902649475226
20.044720273651613	0.0017626985274677557
20.090928126087277	0.0017403512782033866
20.137242498623895	0.0017182474188483922
20.183663636815616	0.0016963858198853702
20.23019178678272	0.001674765320235535
20.276827195212817	0.001653384726905693
20.32357010936221	0.0016322428146320679
20.37042077705719	0.0016113383255209575
20.417379446695296	0.0015906699686862836
20.46444636724674	0.0015702364198838202
20.511621788255646	0.0015500363211423244
20.558905959841425	0.0015300682803913329
20.606299132700006	0.0015103308710857552
20.65380155810529	0.0014908226318270628
20.701413487910415	0.0014715420659812408
20.749135174549107	0.0014524876412933456
20.79696687103696	0.0014336577894987052
20.844908830972887	0.001415050905930653
20.892961308540386	0.0013966653491248957
20.941124558508935	0.0013784994404203647
20.989398836235246	0.0013605514635566445
21.03778439766475	0.0013428196642677832
21.086281499332888	0.0013253022498726371
21.134890398366476	0.00130799738886162
21.183611352485023	0.0012909032104798555
21.23244462000219	0.0012740178043066613
21.28139045982711	0.0012573392198314188
21.330449131465773	0.0012408654660257333
21.379620895022324	0.0012245945109119055
21.428906011200585	0.0012085242811275827
21.47830474130533	0.00119265266148672
21.527817347243737	0.0011769774945366738
21.57744409152667	0.0011614965801115126
21.6271852372702	0.0011462076748813927
21.67704104819694	0.0011311084918980906
21.727011788637455	0.001116196700136591
21.77709772353159	0.0011013328372127611
21.827299118430012	0.001086028264636002
21.87761623949552	0.0010709007200946851
21.9280493535045	0.0010559495213486828
21.978598727848254	0.0010411739652017517
22.02926463053456	0.001026573327264246
22.080047330188993	0.001012146861713774
22.13094709605639	0.0009978938010537068
22.181964198002195	0.0009838133558695693
22.23309890651403	0.0009699047145832172
22.28435149270303	0.0009561670432048926
22.335722228305325	0.0009425994850830566
22.3872113856834	0.0009292011606520404
22.438819237827662	0.0009159711671774083
22.490546058357804	0.0009029085784991384
22.542392121524305	0.0008900124447724915
22.59435770220978	0.000877281792206647
22.646443075930595	0.0008647156228009683
22.698648518838212	0.0008523129140790094
22.750974307720718	0.0008400726188201554
22.803420720004187	0.0008279936647889304
22.8559880337543	0.0008160749544618802
22.908676527677724	0.000804315364752117
22.961486481123632	0.0007927137467314189
23.01441817408509	0.0007812689253499234
23.06747188720069	0.0007699796991533225
23.12064790175594	0.0007588448399976389
23.173946499684796	0.00074786309276148
23.227367963571073	0.000737033175055806
23.280912576650078	0.0007263537769311317
23.33458062281002	0.0007158235605822136
23.38837238659356	0.0007054411600501475
23.442288153199225	0.0006952051809218987
23.49632820848307	0.0006851142000271721
23.55049283896009	0.0006751667651327085
23.604782331805783	0.0006653613946338881
23.65919697485759	0.0006556965772436945
23.71373705661655	0.0006461707716789351
23.76840286624876	0.0006367824063437974
23.823194693586913	0.0006275298790106354
23.878112829131783	0.0006184115564980221
23.933157564053875	0.0006094257743459869
23.9883291901949	0.0006005708364884847
24.043628000069347	0.00059184501492302
24.099054286865954	0.0005832465493774454
24.154608344449404	0.0005747736469738531
24.210290467361776	0.0005664244818896194
24.266100950824168	0.0005581971950154984
24.32204009073816	0.0005500898936108142
24.378108183687527	0.0005421006509556474
24.434305526939713	0.0005341118321705586
24.49063241844747	0.0005257111709436466
24.547089156850312	0.0005174199642794037
24.603676041476273	0.0005092376899506631
24.660393372343385	0.000501163811460749
24.717241450161318	0.0004931977778844831
24.774220576332862	0.0004853390237078069
24.831331052955704	0.0004775869686659498
24.888573182823905	0.00046994101758020837
24.94594726942956	0.00046240056019326864
25.003453616964322	0.00045496497100309204
25.06109253032114	0.0004476336090953146
25.118864315095795	0.00044040581797419906
25.17676927758857	0.00043328092539208894
25.234807724805755	0.00042625824317737987
25.29297996446145	0.0004193370670609564
25.35128630497907	0.0004125166765011353
25.409727055493065	0.00040579633450705816
25.46830252585042	0.0003991752874605636
25.527013026612472	0.00039265276493646444
25.58585886905645	0.0003862279795212916
25.64484036517719	0.0003799001266304338
25.703957827688647	0.0003736683843237074
25.763211570025756	0.0003675319131192838
25.82260190634596	0.0003614898558060307
25.88212915153093	0.00035554133725420174
25.94179362118815	0.0003496854642244983
26.001595631652723	0.00034392132517544626
26.06153549998895	0.00033824799006913043
26.12161354399208	0.000332664510175223
26.18183008218986	0.00032716991787333705
26.24218543384442	0.0003217632264536366
26.302679918953814	0.0003164434299157533
26.363313858253814	0.0003112095027659465
26.424087573219474	0.00030606039981252665
26.485001386067008	0.00030099505595948886
26.54605561975539	0.0002960123859983924
26.607250597988113	0.00029111128439842976
26.668586645214805	0.00028629062509470454
26.730064086633117	0.0002815492612746619
26.791683248190314	0.00027688602516270943
26.85344445658509	0.00027229972780296784
26.915348039269166	0.00026778915884017625
26.977394324449207	0.0002633530862986904
27.039583641088434	0.0002589902563596118
27.101916318908415	0.00025469939313599446
27.164392688390837	0.00025047919844612684
27.227013080779127	0.00024632835158488716
27.289777828080403	0.00024224550909312007
27.35268726306711	0.00023822930452506593
27.415741719278834	0.00023419497645105523
27.478941531023974	0.000229845409758814
27.542287033381662	0.00022555635544578128
27.605778562203447	0.00022132746555225376
27.669416454115126	0.00021715838343061922
27.73320104651841	0.0002130487436498712
27.797132677592884	0.00020899817189926493
27.861211686297693	0.0002050062848911491
27.925438412373392	0.00020107269026293123
27.98981319634363	0.00019719698647819575
28.05433637951713	0.0001933787627269374
28.119008303989396	0.00018961759882493953
28.18382931264455	0.0001859130651122632
28.248799749157076	0.0001822647223508559
28.31391995799379	0.00017867212162125305
28.37919028441555	0.00017513480421839367
28.44461107447917	0.00017165230154651774
28.510182675039097	0.00016822413501315798
28.575905433749465	0.0001648498159221929
28.641779699065797	0.00016152884536598604
28.70780582024692	0.0001582607141165785
28.773984147356696	0.00015504490251594527
28.84031503126606	0.00015188088036528446
28.906798823654746	0.000148768106813363
28.973435877013245	0.00014570603024388384
29.04022654464451	0.00014269408816188956
29.10717118066605	0.00013973170707916644
29.17427014001166	0.00013681830239867476
29.24152377843337	0.00013395327829797106
29.308932452503214	0.0001311360276116326
29.376496519615305	0.00012836593171265508
29.4442163379876	0.00012564236039284128
29.51209226666387	0.00012296467174215199
29.580124665515466	0.00012033221202702666
29.648313895243422	0.00011774431556764479
29.716660317380253	0.00011520030461414562
29.78516429429191	0.0001126994892217781
29.853826189179603	0.00011024116712498563
29.92264636608189	0.00010782462361040164
29.9916251898765	0.00010544913138876627
30.060763026282324	0.00010311395046574201
30.13006024186122	0.00010081832801162936
30.19951720402016	0.00009856149822995819
30.269134281013045	0.00009634268222496776
30.338911841942718	0.00009416108786794874
30.4088502567628	0.00009201590966245111
30.47894989627983	0.0000899063286083334
30.549211132155122	0.00008783151206466277
30.61963433690679	0.00008579061361144353
30.69021988391158	0.00008378277291017383
30.76096814740708	0.00008180711556320813
30.831879502493535	0.00007986275297193398
30.90295432513592	0.00007794878219373996
30.97419299216581	0.00007606428579777354
31.045595881283557	0.00007420833171947007
31.11716337106017	0.00007237997311385553
31.188895840939384	0.00007057824820760332
31.260793671239558	0.00006880218014984358
31.332857243155857	0.00006705077686170374
31.405086938762164	0.0000653230308845846
31.477483141013174	0.00006361791922715071
31.550046233746276	0.00006193440321103493
31.622776601683793	0.00006027142831523334
31.6956746304349	0.000058627924019195556
31.768740706497724	0.00005700280364459071
31.841975217261254	0.0000553949641957444
31.915378551007617	0.000053803286198726346
31.988951096913972	0.00005222663353909343
32.062693245054675	0.00005066385329826395
32.13660538640318	0.00004911377558852332
32.210687912834345	0.00004757521338663752
32.284941217126345	0.000046046962366078835
32.35936569296285	0.000044527800727841145
32.43396173493493	0.000043016489029842665
32.50872973854344	0.00004151177001489274
32.58367010020087	0.00004001236843722837
32.6587832172336	0.00003851699088759471
32.73406948788383	0.00003702432561686915
32.809529311311906	0.000035533042358205925
32.88516308759829	0.00003404179214770276
32.960971217745794	0.00003254920714356797
33.03695410368149	0.00003105390044378549
33.11311214825911	0.000029554465902252435
33.18944575526103	0.000028049477943394858
33.26595532940047	0.00002653749137523487
33.342641276323505	0.00002501704120090944
33.419504002611426	0.000023486642428614912
33.49654391578276	0.000021944789879980005
33.57376142429548	0.00002038995799684489
33.65115693754908	0.00001882060064643965
33.72873086588689	0.000017235150924943133
33.80648362059815	0.000015632020959418397
33.884415613920275	0.000014009601708105402
33.962527259040854	0.00001236626275906459
34.04081897010009	0.000010700352127147068
34.119291162192845	9.010196049294397e-6
34.197944251370906	7.294098778141568e-6
34.27677865464505	5.550342373920849e-6
34.35579478998746	3.7771864946404682e-6
34.43499307633384	1.9728681845389344e-6