0.1	10.075922530413754
0.10023052380778996	10.064330690627777
0.10046157902783952	10.052738422878852
0.10069316688518042	10.041145744563966
0.10092528860766845	10.029552672491207
0.10115794542598985	10.017959222870552
0.10139113857366794	10.006365411304591
0.10162486928706957	9.99477125277911
0.1018591388054117	9.983176761653615
0.102093948370768	9.971581951651752
0.10232929922807542	9.959986835851625
0.10256519262514076	9.948391426676023
0.10280162981264736	9.93679573588257
0.10303861204416162	9.925199774553738
0.10327614057613975	9.91360355308679
0.10351421666793438	9.902007081183633
0.10375284158180126	9.890410367840529
0.10399201658290592	9.87881342133775
0.10423174293933042	9.867216249229116
0.10447202192208001	9.85561885833142
0.10471285480508996	9.844021254713759
0.10495424286523224	9.832423443686762
0.1051961873823223	9.820825429791714
0.1054386896391259	9.809227216789564
0.10568175092136585	9.797628807649847
0.10592537251772889	9.786030204539466
0.10616955571987247	9.774431408811404
0.10641430182243161	9.762832420993298
0.10665961212302578	9.751233240775912
0.1069054879222658	9.7396338670015
0.10715193052376065	9.728034297652053
0.10739894123412448	9.71643452983745
0.1076465213629835	9.704834559783453
0.10789467222298288	9.69323438281965
0.1081433951297938	9.681633993367207
0.10839269140212036	9.670033384926583
0.10864256236170655	9.65843255006506
0.10889300933334335	9.646831480404188
0.10914403364487565	9.635230166607114
0.10939563662720939	9.623628598365762
0.1096478196143185	9.612026764387927
0.10990058394325211	9.600424652384207
0.11015393095414151	9.588811902458145
0.11040786199020733	9.577192916372855
0.11066237839776664	9.565573560850162
0.11091748152624012	9.553953858810857
0.11117317272815914	9.542333832657922
0.11142945335917301	9.530713504267998
0.11168632477805612	9.519092894982744
0.11194378834671516	9.507472025600118
0.11220184543019636	9.49585091636558
0.11246049739669266	9.4842295869632
0.11271974561755105	9.472608056506663
0.11297959146727979	9.460986343530212
0.11324003632355571	9.44936446597947
0.11350108156723152	9.437742441202197
0.1137627285823431	9.42612028593893
0.11402497875611688	9.41449801631356
0.11428783347897718	9.402875647823773
0.11455129414455358	9.391253195331455
0.1148153621496883	9.379630673052924
0.11508003889444356	9.368008094549152
0.11534532578210924	9.356385472715813
0.11561122421920987	9.344762819773289
0.11587773561551262	9.333140147256549
0.11614486138403426	9.321517466004924
0.11641260294104915	9.309894786151812
0.11668096170609624	9.298272117114248
0.11694993910198712	9.286649467582384
0.11721953655481303	9.275026845508881
0.11748975549395298	9.263404258098168
0.11776059735208072	9.251781711795635
0.11803206356517298	9.240159212276662
0.11830415557251646	9.228536764435619
0.118576874816716	9.216914372374685
0.11885022274370183	9.205292039392608
0.11912420080273747	9.193669767973331
0.1193988104464273	9.182047559774519
0.11967405313072434	9.170425415615963
0.11994993031493788	9.158803335467903
0.12022644346174129	9.147181318439188
0.12050359403717974	9.135559362765369
0.120781383510678	9.123937465796647
0.12105981335504823	9.112315623985728
0.12133888504649772	9.100693832875537
0.12161860006463679	9.089072087086844
0.12189895989248664	9.077450380305734
0.12217996601648717	9.065828705270997
0.12246161992650487	9.05420705376137
0.12274392311584072	9.042585416582662
0.12302687708123815	9.030963783554778
0.1233104833228909	9.019342143498573
0.12359474334445104	9.007709654545021
0.1238796586530369	8.996070925749947
0.1241652307592411	8.984432099572913
0.1244514611771385	8.972793201873255
0.12473835142429429	8.961154258015808
0.125025903021772	8.949515292862538
0.1253141174941416	8.937876330764064
0.1256029963694875	8.926237395551148
0.12589254117941673	8.914598510526032
0.12618275345906707	8.902959698453742
0.12647363474711512	8.891320981553259
0.12676518658578456	8.879682381488658
0.12705741052085415	8.868043919360087
0.12735030810166617	8.85640561569472
0.12764388088113438	8.844767490437581
0.12793813041575247	8.83312956294228
0.12823305826560213	8.821491851961683
0.12852866599436155	8.80985437563844
0.1288249551693134	8.798217151495477
0.12912192736135342	8.78658019642634
0.1294195841449986	8.774943526685483
0.12971792709839558	8.763307157878433
0.13001695780332903	8.751671104951875
0.13031667784522993	8.74003538218362
0.13061708881318415	8.728400003172501
0.1309181922999407	8.716764980828149
0.13121998990192033	8.70513032736066
0.13152248321922383	8.693496054270186
0.1318256738556407	8.681862172336418
0.1321295634186575	8.670228691607933
0.13243415351946647	8.658595621391493
0.13273944577297395	8.646962970241185
0.1330454417978091	8.635330745947492
0.1333521432163324	8.623698955526235
0.13365955165464422	8.612067605207429
0.1339676687425935	8.600436700423996
0.1342764961137864	8.588806245800416
0.13458603540559483	8.577176245141224
0.13489628825916536	8.565546701419418
0.13520725631942773	8.55391761676475
0.1355189412351036	8.542288992451908
0.1358313446587154	8.530660828888575
0.136144468246595	8.519033125603372
0.13645831365889247	8.507405881233714
0.13677288255958492	8.495779093513494
0.13708817661648537	8.484152759260711
0.13740419750125152	8.47252687436492
0.13772094688939465	8.460901433774614
0.1380384264602885	8.449276431484458
0.1383566378971781	8.437651860522386
0.13867558288718884	8.426014509261833
0.13899526312133534	8.414370004289523
0.13931568029453031	8.402725841997503
0.13963683610559377	8.39108206160841
0.13995873225726183	8.379438702009269
0.14028137045619582	8.367795801744588
0.1406047524129914	8.356153399009347
0.14092887984218747	8.344511531641938
0.14125375446227545	8.332870237117007
0.14157937799570816	8.321229552538254
0.14190575216890922	8.309589514631117
0.142232878712282	8.297950159735416
0.14256075936021884	8.286311523797886
0.1428893958511103	8.274673642364677
0.14321878992735435	8.26303655057371
0.1435489433353656	8.251400283147031
0.14387985782558455	8.239764874383008
0.14421153515248689	8.228130358148519
0.14454397707459277	8.216496767871005
0.14487718535447616	8.204864136530471
0.14521116175877424	8.193232496651378
0.14554590805819662	8.181601880294487
0.14588142602753484	8.169972319048593
0.14621771744567183	8.158343844022175
0.14655478409559117	8.146716485834974
0.1468926277643867	8.135090274609475
0.1472312502432719	8.123465239962297
0.14757065332758945	8.111841410995517
0.14791083881682077	8.100218816287876
0.14825180851459538	8.088597483885916
0.1485935642287007	8.076977441295025
0.14893610777109154	8.065358715470383
0.14927944095789963	8.053741332807823
0.14962356560944334	8.042125319134595
0.1499684835502373	8.030510699700045
0.15031419660900225	8.018897499166185
0.15066070661867417	8.007285741598196
0.15100801541641484	7.99567545045479
0.1513561248436208	7.984066648578537
0.1517050367459337	7.972459358186022
0.15205475297324955	7.960853600857982
0.15240527537972914	7.949249397529273
0.15275660582380723	7.937646768478796
0.15310874616820302	7.9260457333192695
0.15346169827992942	7.914446310986949
0.1538154640303035	7.902848519731217
0.15417004529495593	7.8912523771040695
0.1545254439538414	7.879657899949502
0.1548816618912481	7.868065104392813
0.15523870099580825	7.856474005829755
0.15559656316050743	7.844874466362069
0.15595525028269538	7.833270833159469
0.15631476426409538	7.8216688911310985
0.15667510701081494	7.810068691238463
0.15703628043335524	7.798470284194056
0.15739828644662196	7.7868737204550404
0.15776112696993486	7.775279050216878
0.15812480392703834	7.763686323406862
0.15848931924611134	7.752095589677617
0.15885467485977792	7.740506898400481
0.159220872705117	7.7289202986588705
0.15958791472367329	7.717335839241523
0.15995580286146688	7.705753568635701
0.16032453906900418	7.694173535020301
0.1606941253012877	7.682595786258908
0.16106456351782708	7.6710203698927515
0.16143585568264862	7.659447333133622
0.16180800376430657	7.647876722856662
0.16218100973589297	7.636308585593121
0.16255487557504839	7.624742967523024
0.16292960326397224	7.613179914467751
0.16330519478943342	7.601619471882544
0.16368165214278085	7.590061684848938
0.16405897731995392	7.578506598067107
0.16443717232149316	7.56695425584813
0.1648162391525508	7.555404702106185
0.1651961798229015	7.543857980350639
0.1655769963469528	7.532314133678078
0.16595869074375605	7.5207732047642475
0.16634126503701693	7.509235235855893
0.16672472125510626	7.497700268762539
0.16710906143107074	7.486168344848167
0.16749428760264373	7.474639505022811
0.16788040181225602	7.463113789734069
0.16826740610704674	7.451591238958516
0.16865530253887412	7.440071892193044
0.16904409316432642	7.428555788446103
0.16943378004473283	7.41704296622885
0.16982436524617442	7.405533463546205
0.17021585083949506	7.3940273178878355
0.17060823890031235	7.3825245662190175
0.17100153150902875	7.37102524497143
0.17139573075084252	7.359529390033836
0.17179083871575881	7.34803703674268
0.1721868574986007	7.336548219872587
0.17258378919902034	7.325062973626763
0.17298163592151014	7.313581331627302
0.17338039977541378	7.302103326905386
0.17378008287493754	7.290628991891397
0.17418068733916142	7.279158358404922
0.17458221529205037	7.267687169900055
0.1749846688624657	7.256217287019712
0.1753880501841761	7.244751177290375
0.17579236139586926	7.233288886286063
0.1761976046411629	7.221830459144981
0.17660378206861643	7.210375940561084
0.17701089583174212	7.198925374775563
0.17741894808901656	7.187478805568245
0.1778279410038923	7.176036276248876
0.17823787674480895	7.164597829648362
0.17864875748520506	7.153163508109866
0.17906058540352943	7.141733353479857
0.17947336268325265	7.130307407099043
0.1798870915128788	7.118885709793211
0.1803017740859569	7.1074683018639835
0.1807174126010927	7.096055223079482
0.18113400926196024	7.08464651266487
0.18155156627731356	7.073242209292827
0.18197008586099836	7.061842351073925
0.18238957023196378	7.050446975546879
0.1828100216142743	7.039056119668719
0.18323144223712115	7.027669819804881
0.18365383433483465	7.0162881117191445
0.18407720014689558	7.004911030563529
0.18450154191794738	6.993538610868034
0.18492686189780783	6.982170886530319
0.18535316234148114	6.970807890805257
0.18578044550916986	6.959449656294377
0.18620871366628675	6.9480962149352266
0.186637969083467	6.936747597990595
0.18706821403658005	6.925403836037661
0.18749945080674188	6.914064958957005
0.18793168168032684	6.902730995921528
0.18836490894898006	6.891401975385253
0.18879913490962935	6.880077925072019
0.18923436186449755	6.868758871964057
0.18967059212111465	6.85744484229046
0.19010782799233	6.846135861515535
0.19054607179632474	6.834831954327034
0.1909853258566238	6.823533144624285
0.19142559250210858	6.812239455506185
0.19186687406702896	6.80095090925909
0.19230917289101584	6.789667527344581
0.1927524913190936	6.778389330387111
0.1931968317016924	6.76711633816153
0.19364219639466074	6.755848569580482
0.19408858775927784	6.744586042681692
0.19453600816226624	6.733328774615119
0.19498445997580455	6.722076781629982
0.19543394557753943	6.710830079061668
0.195884467350599	6.699580434379984
0.19633602768360464	6.688331380972984
0.1967886289706845	6.677087619772769
0.19724227361148533	6.665849193676053
0.19769696401118608	6.6546161450338746
0.1981527025805098	6.643388515641949
0.19860949173573716	6.632166346730862
0.19906733389871864	6.620949678956202
0.19952623149688797	6.609738552388567
0.1999861869632744	6.5985330065034935
0.20044720273651614	6.587333080171253
0.2009092812608728	6.576138811646587
0.20137242498623883	6.564950238558284
0.20183663636815607	6.553767397898706
0.2023019178678272	6.542590326013166
0.20276827195212818	6.531419058589234
0.20323570109362218	6.5202536306458905
0.2037042077705718	6.509094076522638
0.20417379446695297	6.497940429868421
0.20464446367246739	6.48679272363051
0.20511621788255657	6.4756509900432295
0.20558905959841414	6.464515260616585
0.20606299132700007	6.453385566124775
0.20653801558105292	6.442261936594616
0.20701413487910425	6.431144401293786
0.20749135174549097	6.420032988719032
0.2079696687103696	6.408927726584199
0.20844908830972886	6.397828641808181
0.20892961308540398	6.386735760502717
0.20941124558508925	6.375649107960103
0.20989398836235246	6.364568708640751
0.21037784397664752	6.353494586160659
0.21086281499332898	6.342426763278713
0.21134890398366465	6.331365261883916
0.2118361135248502	6.3203101029824476
0.21232444620002192	6.309261306684635
0.21281390459827124	6.2982188921917555
0.21330449131465762	6.287182877782756
0.21379620895022325	6.2761532808007985
0.21428906011200585	6.265130117639714
0.21478304741305343	6.254113403730295
0.21527817347243727	6.243103153526477
0.21577444091526668	6.232099380491364
0.21627185237270202	6.221102097083147
0.21677041048196952	6.210111314740853
0.21727011788637443	6.199127043869995
0.2177709772353159	6.188149293828039
0.21827299118430013	6.177178072909783
0.2187761623949553	6.166213388332538
0.21928049353504486	6.155255246221226
0.21978598727848253	6.144292390403051
0.2202926463053456	6.133329631221853
0.22080047330189004	6.122373373466728
0.22130947096056375	6.111423661549445
0.22181964198002194	6.100480539307322
0.2223309890651403	6.0895440499931865
0.22284351492703042	6.078614236265153
0.22335722228305316	6.0676911401763665
0.223872113856834	6.056774803164587
0.22438819237827662	6.045865266041713
0.2249054605835781	6.03496256898316
0.22542392121524293	6.024066751517158
0.22594357702209775	6.01317785251394
0.22646443075930595	6.002295910174797
0.2269864851883822	5.991420962021059
0.22750974307720706	5.980553044882934
0.2280342072000418	5.969692194888258
0.22855988033754301	5.958838447451106
0.2290867652767773	5.947991837260325
0.2296148648112362	5.937152398267922
0.23014418174085083	5.926320163677354
0.2306747188720069	5.9154951659316755
0.23120647901755947	5.904677436701621
0.23173946499684786	5.893867006873506
0.2322736796357107	5.883063906537053
0.23280912576650079	5.872268164973081
0.23334580622810028	5.861479810641067
0.23388372386593548	5.850698871166604
0.2344228815319922	5.8399253733287155
0.23496328208483072	5.829159343047053
0.23550492838960096	5.818400805368978
0.2360478233180577	5.807649784456501
0.23659196974857583	5.796906303573097
0.23713737056616552	5.786170385070402
0.23768402866248767	5.775442050374766
0.23823194693586902	5.764721319973687
0.23878112829131776	5.754008213402104
0.23933157564053875	5.743302749228556
0.23988329190194904	5.7326049450412215
0.24043628000069334	5.721914817433801
0.24099054286865948	5.711232381991281
0.24154608344449405	5.700557653275544
0.2421029046736178	5.689890644810861
0.24266100950824154	5.6792313690692175
0.24322040090738153	5.6685798374555265
0.24378108183687525	5.657936060292673
0.2443430552693972	5.647300046806436
0.24490632418447456	5.636671805110247
0.24547089156850305	5.626051342189822
0.24603676041476275	5.615438663887631
0.24660393372343392	5.604822122349949
0.24717241450161304	5.594206694567614
0.24774220576332856	5.583599007373529
0.24831331052955705	5.572999106175282
0.2488857318282391	5.562407035772801
0.24945947269429547	5.551822840347858
0.25003453616964316	5.541246563453454
0.2506109253032114	5.530678248003088
0.251188643150958	5.520117936259935
0.25176769277588557	5.5095656698259035
0.25234807724805747	5.499021489630583
0.2529297996446145	5.488485435920081
0.25351286304979076	5.477957548245759
0.25409727055493053	5.4674378654528315
0.2546830252585041	5.456926425668876
0.2552701302661247	5.446423266292216
0.2558585886905646	5.4359284239801795
0.25644840365177174	5.425441934637266
0.2570395782768864	5.4149638334031645
0.25763211570025757	5.404494154640674
0.25822601906345966	5.394032931923506
0.2588212915153092	5.383580198023941
0.2594179362118814	5.373135984900396
0.2600159563165272	5.362700323684842
0.2606153549998896	5.352273244670115
0.26121613543992067	5.3418547772970895
0.2618183008218985	5.331444950141741
0.26242185433844417	5.32104379090206
0.26302679918953814	5.310651326384858
0.263633138582538	5.300267582492434
0.2642408757321946	5.289892584209117
0.2648500138606701	5.279526355587659
0.2654605561975539	5.269168919735527
0.26607250597988097	5.258820298801029
0.2666858664521479	5.24848051395933
0.26730064086633115	5.238149585398307
0.2679168324819031	5.227827532304304
0.26853444456585074	5.217514372847705
0.26915348039269155	5.2072101241684
0.26977394324449205	5.1969148023610945
0.2703958364108843	5.186628422460489
0.2710191631890843	5.176350998426298
0.2716439268839082	5.166082543128152
0.2722701308077913	5.155823068330312
0.272897778280804	5.1455725846763
0.27352687263067127	5.135331101673308
0.27415741719278824	5.125098627676523
0.2747894153102397	5.114875169873261
0.2754228703338166	5.104660734266963
0.27605778562203465	5.094455325661043
0.27669416454115114	5.084246697471075
0.2773320104651841	5.074040080612827
0.27797132677592884	5.063842440463445
0.2786121168629771	5.053653823429754
0.27925438412373377	5.04347427528248
0.2798981319634363	5.033303841145348
0.2805433637951713	5.023142565484146
0.28119008303989407	5.01299049209559
0.28183829312644537	5.002847664096152
0.2824879974915708	4.9927141239107335
0.2831391995799379	4.982589913261243
0.2837919028441557	4.97247507315504
0.28444611074479154	4.962369643873292
0.285101826750391	4.952273664959185
0.28575905433749466	4.942187175206048
0.2864177969906581	4.9321102126453145
0.28707805820246907	4.922042814534428
0.28773984147356696	4.911985017344552
0.28840315031266056	4.90193685674823
0.2890679882365476	4.891898367606864
0.28973435877013226	4.881869583958121
0.2904022654464451	4.871850539003158
0.2910717118066605	4.8618412650937834
0.29174270140011677	4.851841793719441
0.29241523778433354	4.841852155494094
0.2930893245250321	4.83187238014297
0.2937649651961531	4.821902496489179
0.29444216337987617	4.811942532440194
0.29512092266663853	4.801992514974221
0.29580124665515467	4.792052470126393
0.2964831389524342	4.78212242297489
0.29716660317380267	4.772202397626859
0.29785164294291894	4.762292417204248
0.298538261891796	4.75239250382947
0.2992264636608189	4.742502678610958
0.29991625189876514	4.732622961628537
0.30060763026282306	4.722753371918707
0.3013006024186122	4.7128939274597395
0.3019951720402016	4.703044645156655
0.30269134281013055	4.693205540826046
0.30338911841942706	4.683376629180759
0.3040885025676279	4.673557923814427
0.3047894989627983	4.663749437185851
0.3054921113215513	4.653951180603235
0.3061963433690677	4.644163164208274
0.30690219883911574	4.634385396960081
0.3076096814740708	4.624617886618967
0.3083187950249354	4.614860639730064
0.30902954325135906	4.60511366160679
0.309741929921658	4.595376956314168
0.31045595881283555	4.585636390428226
0.31117163371060175	4.575897999024066
0.3118889584093937	4.566169818820431
0.3126079367123955	4.5564519024565415
0.31332857243155854	4.546744301984016
0.3140508693876217	4.537047068856401
0.3147748314101316	4.527360253918589
0.31550046233746265	4.517683907396136
0.31622776601683794	4.508018078884464
0.3169567463043491	4.49836281733796
0.31768740706497706	4.488718171058956
0.3184197521726125	4.479084187686602
0.31915378551007617	4.46946091418563
0.3198895109691398	4.459848396835011
0.3206269324505466	4.450246681216471
0.3213660538640317	4.440655812202919
0.32210687912834346	4.431075833946751
0.32284941217126356	4.4215067898680385
0.32359365692962827	4.411948722642581
0.32433961734934924	4.402401674189872
0.3250872973854344	4.392865685660917
0.3258367010020088	4.383340797425942
0.32658783217233583	4.373827049061977
0.3273406948788382	4.364324479340322
0.328095293113119	4.355595350223886
0.32885163087598307	4.3469872146635575
0.32960971217745777	4.338389989260809
0.3303695410368148	4.329803682929593
0.3311311214825911	4.321228303432946
0.3318944575526104	4.312663857367324
0.33265955329400454	4.30411035014679
0.333426412763235	4.295567785987061
0.3341950400261143	4.287036167889392
0.33496543915782767	4.278515497624305
0.3357376142429547	4.27000577571519
0.33651156937549076	4.261507001421715
0.3372873086588689	4.253019172723105
0.3380648362059816	4.244542286301252
0.33884415613920255	4.23607633752367
0.3396252725904084	4.2276213204262945
0.3404081897010009	4.219177227696106
0.34119291162192855	4.210744050653605
0.3419794425137089	4.202321779235118
0.3427677865464504	4.193910401974936
0.34355794789987465	4.185509905987286
0.34434993076333853	4.177120276948138
0.3451437393358563	4.168741499076844
0.345939377826122	4.160373555117587
0.34673685045253166	4.152016426320695
0.34753616144320587	4.143670092423736
0.34833731503601184	4.135320054517224
0.34914031547858615	4.12697246831121
0.3499451670283573	4.118635539188833
0.350751873952568	4.110309295678088
0.35156044052829816	4.101993765461808
0.35237087104248715	4.0936889753650645
0.353183169791957	4.085394951342467
0.3539973410834347	4.077111718465308
0.35481338923357547	4.0688393009086035
0.3556313185689854	4.060577721937999
0.3564511334262443	4.052327003896558
0.35727283815192895	4.044087168191407
0.35809643710263606	4.035858235280264
0.35892193464500527	4.027640224657834
0.35974933515574237	4.019433154842069
0.36057864302164244	4.011237043360303
0.36140986263961333	4.003051906735245
0.36224299841669866	3.9948777604708465
0.3630780547701014	3.986714619038026
0.36391503612720716	3.978562495860255
0.36475394692560786	3.97042140329902
0.36559479161312497	3.9622913526391312
0.36643757464783333	3.9541723540738922
0.3672823004980847	3.9460644166901364
0.3681289736425315	3.9379675484531167
0.3689775985701504	3.9298817561912487
0.3698281797802663	3.921807045580714
0.37068072178257605	3.9137434211299076
0.37153522909717257	3.905690886163756
0.3723917062545686	3.897649442807868
0.3732501577957206	3.889619091972549
0.3741105882720534	3.881599833336653
0.3749730022454836	3.8735916653312943
0.3758374042884442	3.8655945851233975
0.37670379898390893	3.857608588599092
0.377572190925416	3.8496336703469622
0.37844258471709324	3.841669823641121
0.3793149849736819	3.8337170404241427
0.38018939632056115	3.8257753112898296
0.381065823393773	3.8178446254658107
0.3819442708400465	3.8099249707959904
0.38282474331682265	3.802016333722822
0.38370724549227875	3.7941186992694242
0.38459178204535355	3.7862320510215253
0.38547835766577176	3.7783563711092434
0.38636697705406914	3.770491640188697
0.3872576449216172	3.7626378374234393
0.3881503659906482	3.7547949404657324
0.38904514499428056	3.746962925437632
0.3899419866765434	3.739141766911914
0.390840895792402	3.7313128342484543
0.3917418771077831	3.723484039184885
0.3926449353995998	3.715665927777313
0.3935500754557774	3.707858538927501
0.3944573020752784	3.700061910872463
0.3953666200681279	3.6922760811737625
0.39627803425543945	3.6845010867067063
0.3971915494694403	3.6767369636494305
0.3981071705534972	3.668983747471873
0.39902490236214205	3.661241472924648
0.39994474976109745	3.6535101740278026
0.4008667176273028	3.6457898840594596
0.4017908108489399	3.638080635544359
0.4027170343254591	3.6303824602422745
0.40364539296760493	3.622695389136329
0.4045758916974427	3.615019452421182
0.40550853544838383	3.607354679491113
0.40644332916521275	3.5997010989279796
0.40738027780411273	3.592058738489065
0.4083193863326921	3.5844276250947984
0.40926065973001086	3.576807784816367
0.4102041029866068	3.5691992428631987
0.41114972110452225	3.561602023570321
0.4120975190973302	3.554016150385613
0.4130475019901614	3.5464416458569117
0.41399967481973043	3.5388785316190114
0.4149540426343629	3.531326828380527
0.41591061049402206	3.523786555910638
0.4168693834703354	3.5162577330256974
0.41783036664662176	3.5087403775757227
0.4187935651179184	3.5012345064307344
0.41975898399100753	3.4937401354669984
0.4207266283844441	3.4862572795530986
0.4216965034285822	3.478785952535908
0.422668614265603	3.4713261672264046
0.4236429660495411	3.46387793538536
0.4246195639463129	3.456441267708893
0.4255984131337431	3.4490161738138796
0.42657951880159267	3.441602662223232
0.4275628861515862	3.434200740351032
0.4285485203974395	3.426810414487521
0.4295364267648873	3.419431689783955
0.43052661049171065	3.4120645702373187
0.43151907682776525	3.404709058674873
0.43251383103500873	3.3973651567385894
0.4335108783875289	3.3900328648694114
0.43451022417157154	3.3827121822913777
0.4355118736855686	3.3754031069956
0.436515832240166	3.368105635724078
0.4375221051582521	3.3608197639533777
0.4385306977749857	3.353534666040551
0.4395416154378245	3.346254952954688
0.4405548635065533	3.338986767398177
0.4415704473533125	3.331730140750332
0.44258837236262655	3.3244851036125453
0.44360864393143257	3.317251685796523
0.4446312674691087	3.3100299163124047
0.4456562483975033	3.3028198233567676
0.44668359215096315	3.29562143430051
0.44771330417636257	3.2884347756766252
0.4487453899331322	3.281259873167848
0.449779854893288	3.27409675159418
0.45081670454146017	3.2669454349003098
0.4518559443749224	3.2598059461428885
0.4528975799036208	3.2526783074776975
0.4539416166502032	3.245562540146689
0.4549880601500486	3.2384586644649027
0.4560369159512962	3.2313666998072477
0.4570881896148751	3.22428666459517
0.4581418867145335	3.2172185762831864
0.4591980128368686	3.2101624513452824
0.4602565735813561	3.203118305261193
0.4613175745603794	3.1960861525025406
0.46238102139926035	3.1890660065188468
0.46344691973628804	3.1820578797234083
0.46451527522274944	3.1750617834790416
0.465586093522959	3.1680777280836803
0.46665938031428866	3.161105722755856
0.46773514128719823	3.154145775620021
0.46881338214526524	3.1471978936917413
0.46989410860521547	3.1402620828627494
0.47097732639695294	3.1333383478858576
0.47206304126359055	3.1264266923597197
0.4731512589614805	3.119527118713455
0.4742419852602447	3.1126396281911317
0.47533522594280536	3.105764220836095
0.47643098680541573	3.098900895475153
0.47752927365769093	3.0920496497026138
0.4786300923226384	3.085210479864173
0.47973344863668915	3.078383381040645
0.4808393484497286	3.0715683470315502
0.4819477976251274	3.064765370338545
0.4830588020397727	3.0579744421486934
0.48417236758409943	3.0511955523175853
0.4852885001621211	3.044428689352304
0.4864072056914617	3.0376738403942225
0.4875284901033864	3.030930991201649
0.48865235934283363	3.024200126132308
0.48977881936844625	3.017481228125661
0.4909078761526032	3.0107742786850564
0.492039535681451	3.004070316016418
0.49317380395493593	2.997373135212853
0.4943106869868355	2.990687796834928
0.4954501908047903	2.9840143104515895
0.49659232145033616	2.9773526845762412
0.49773708497893604	2.9707029266524314
0.4988844874600123	2.9640650430394038
0.5000345349769786	2.957439038997528
0.5011872336272724	2.950824918673566
0.5023425895223872	2.9442226850858213
0.5035006087879049	2.937632340109135
0.5046612975635284	2.931053884459753
0.505824662003114	2.9244873176800317
0.5069907082747043	2.917932638123022
0.5081594425605604	2.9113898429368903
0.5093308710571953	2.904858928049208
0.5105049999754062	2.89833988815108
0.5116818355403077	2.891832716681137
0.5128613839913648	2.8853374058093695
0.514043651582426	2.878853946420814
0.5152286445817564	2.8723823280990914
0.5164163692720709	2.865922539109782
0.5176068319505677	2.8594745663836556
0.5188000389289611	2.8530383954997434
0.5199959965335159	2.8466140106682447
0.5211947111050804	2.8402013947132896
0.5223961889991198	2.833800529055528
0.5236004365857502	2.827411393694569
0.5248074602497725	2.8210339671912483
0.5260172663907061	2.814668226649737
0.5272298614228227	2.8083141476994866
0.5284452517751804	2.8019717044770056
0.5296634438916578	2.7956408696074675
0.5308844442309884	2.7893216141861497
0.5321082592667942	2.7830139077597065
0.5333348954876209	2.776717718307263
0.5345643593969717	2.770433012221343
0.5357966575133416	2.7641597542886185
0.5370317963702527	2.757897907670481
0.5382697825162883	2.7516474338834387
0.5395106225151276	2.7454082927793393
0.5407543229455808	2.7391804425253996
0.5420008904016238	2.7329638395840656
0.5432503314924332	2.726758438692684
0.5445026528424212	2.720564192842989
0.5457578610912709	2.7143810532604036
0.5470159628939716	2.7082089693831524
0.5482769649208538	2.7020478888411885
0.5495408738576245	2.695897757434923
0.5508076964054034	2.6897585191137696
0.5520774392807574	2.683609374013977
0.5533501092157367	2.6774591152968505
0.5546257129579107	2.6713194731056005
0.5559042572704036	2.6651904626162244
0.5571857489319298	2.6590720981390414
0.5584701947368308	2.6529643931065956
0.5597576014951101	2.646867360061442
0.5610479760324705	2.6407810106438108
0.5623413251903491	2.634705355579165
0.5636376558259545	2.628640404665631
0.5649369748123025	2.62258616676131
0.5662392890382533	2.6165426497714726
0.5675446054085471	2.6105098606356294
0.5688529308438415	2.604487805314479
0.5701642722807475	2.5984764887767327
0.571478636671867	2.5924759149858154
0.5727960309858292	2.586486086886441
0.5741164622073276	2.5805070063910556
0.5754399373371569	2.574538674366166
0.5767664633922508	2.5685810906185194
0.5780960474057181	2.5626342538811775
0.5794286964268811	2.5566981617994364
0.580764417521312	2.5507728109166345
0.5821032177708715	2.544858196659809
0.5834451042737447	2.5389543133252332
0.5847900841444807	2.533061154063811
0.5861381645140288	2.527178710866338
0.5874893525297767	2.52130697454862
0.588843655355589	2.515445934736461
0.5902010801718444	2.5095955798505036
0.591561634175474	2.5037558970909366
0.5929253245799998	2.497926872422051
0.5942921586155727	2.4921084905566593
0.5956621435290105	2.4863007349403725
0.5970352865838369	2.480503587735722
0.5984115950603197	2.4747170298061474
0.5997910762555094	2.468941040699825
0.6011737374832781	2.463175598633353
0.6025595860743578	2.4574206804752863
0.6039486293763798	2.4516762617295207
0.6053408747539136	2.4459423165185163
0.6067363295885054	2.4402188175663797
0.6081350012787179	2.4345057361817797
0.6095368972401692	2.4288030422407134
0.610942024905572	2.4231107041691127
0.6123503917247736	2.417428688925286
0.6137620051647943	2.4117569619822117
0.6151768727098682	2.4060954873096567
0.6165950018614822	2.4004442273561426
0.618016400138416	2.394803143030739
0.6194410750767815	2.3891542577498215
0.6208690342300636	2.3835051846209967
0.6223002851691596	2.377866076475993
0.6237348354824193	2.372236956062958
0.6251726927756859	2.366617845444407
0.6266138646723355	2.3610087659871355
0.628058358813318	2.3554097383520194
0.6295061828571976	2.3498207824837243
0.6309573444801934	2.3442419176003138
0.6324118513762195	2.338673162182754
0.633869711256927	2.3331145339643187
0.6353309318517437	2.3275660499198976
0.6367955209079159	2.322027726255191
0.6382634861905487	2.316499578395811
0.6397348354826482	2.3109816209762704
0.6412095765851616	2.3054738678288693
0.6426877173170197	2.2999763319724784
0.6441692655151774	2.294489025601207
0.6456542290346556	2.2890119600729704
0.6471426157485832	2.283545145897944
0.6486344335482385	2.2780885927269097
0.6501296903430908	2.272642309339489
0.6516283940608427	2.267206303632265
0.6531305526474724	2.261780582606794
0.654636174067275	2.2563651523575
0.6561452663029055	2.2509600180594584
0.6576578373554206	2.245565183956059
0.6591738952443215	2.240180653346556
0.6606934480075961	2.234806428573501
0.662216503701762	2.2294425110100566
0.6637430704019089	2.2240889010471885
0.6652731562017414	2.2187455980807407
0.6668067692136223	2.2134126004983865
0.6683439175686147	2.208089905666461
0.6698846094165265	2.2027775099166615
0.6714288529259524	2.1974754085326373
0.6729766562843179	2.192183595736441
0.6745280276979221	2.186902064674859
0.6760829753919819	2.1816308074056168
0.6776415076106752	2.1763698148834503
0.6792036326171846	2.1711190769460527
0.6807693586937414	2.165878582299884
0.6823386941416696	2.16064831850586
0.6839116472814293	2.155428271964896
0.6854882264526615	2.150218427903325
0.6870684400142321	2.1450187703581767
0.688652296344276	2.139829282162323
0.6902398038402419	2.1346499449294853
0.6918309709189364	2.129480739039105
0.6934258060165691	2.1243216436210677
0.6950243175887968	2.119162792743878
0.6966265141107687	2.1140083644755707
0.6982324040771714	2.1088639303426255
0.6998419960022735	2.1037295017417126
0.7014552984199712	2.098605089261398
0.7030723198838335	2.0934907026710237
0.7046930689671469	2.088386350909473
0.7063175542629619	2.0832920420738334
0.7079457843841379	2.078207783407949
0.7095777679633888	2.073133581290872
0.711213513653329	2.0680694412251945
0.7128530301265195	2.063015367825271
0.7144963260755133	2.057971364805345
0.716143410212902	2.052937434967538
0.7177942912713617	2.0479135801897477
0.7194489780036994	2.042899801413422
0.7211074791828996	2.037896098631216
0.7227698036021702	2.0329024708745425
0.72443596007499	2.027918916200993
0.7261059574351547	2.0229454316816526
0.727779804536824	2.01798201338829
0.7294575102545687	2.013028656380428
0.7311390834834174	2.0080853546922945
0.732824533138904	2.003152101319651
0.734513868157115	1.9982288882065016
0.7362070974947361	1.9933157062316702
0.737904230129101	1.9884125451952648
0.7396052750582378	1.983519393805003
0.7413102413009175	1.9786362396624215
0.7430191378967014	1.973763069248952
0.744731973905989	1.968899867911871
0.7464487584100665	1.9640466198501159
0.7481695005111544	1.9592033080999751
0.7498942093324559	1.9543699145206428
0.7516228940182055	1.949546419779641
0.7533555637337174	1.9447328033381086
0.7550922276654339	1.939929043435952
0.7568328950209744	1.935135117076868
0.7585775750291838	1.9303510000132142
0.7603262769401818	1.925576666730757
0.762079010025412	1.920812090433269
0.7638357835776907	1.9160572430269889
0.7655966069112563	1.9113120951049403
0.7673614893618189	1.9065766159311055
0.7691304402866096	1.901850773424459
0.7709034690644301	1.8971345341428454
0.7726805850957024	1.8924278632667275
0.7744617978025188	1.8877307245827695
0.7762471166286917	1.8830430804672795
0.7780365510398041	1.8783648918695028
0.7798301105232588	1.8736812697789103
0.7816278045883297	1.8689985098146937
0.7834296427662119	1.8643250099847528
0.7852356346100718	1.8596607818055602
0.7870457896950986	1.8550058360649597
0.7888601176185545	1.8503601828120806
0.7906786279998251	1.8457238313471527
0.7925013304804718	1.8410967902112323
0.7943282347242815	1.8364790671758215
0.7961593504173188	1.831870669232397
0.7979946872679766	1.8272716025818334
0.7998342550070284	1.82268187262373
0.8016780633876791	1.8181014839456335
0.8035261221856173	1.8135304403121626
0.8053784411990667	1.8089687446540277
0.8072350302488382	1.8044163990569457
0.8090958991783823	1.799873404750454
0.8109610578538409	1.7953397620966165
0.8128305161640993	1.7908154705786237
0.8147042840208396	1.7863005287892875
0.8165823713585925	1.7817949344194266
0.81846478813479	1.7772986842461436
0.8203515443298183	1.7728117741209932
0.8222426499470712	1.7683341989580372
0.8241381150130024	1.763865952721792
0.8260379495771788	1.7594070284150631
0.8279421637123342	1.7549574180666607
0.8298507675144225	1.7505171127190087
0.8317637711026711	1.746086102415636
0.8336811846196344	1.7416643761885482
0.835603018231248	1.7372519220454885
0.8375292821268826	1.7328487269570736
0.8394599865193975	1.7284547768438183
0.8413951416451951	1.724070056563033
0.8433347577642755	1.719694549895606
0.84527884516029	1.715328239532661
0.8472274141405965	1.7109711070620908
0.8491804750363139	1.7066231329549713
0.8511380382023765	1.702284296551846
0.8531001140175896	1.6979545760488877
0.8550667128846834	1.693633948483933
0.8570378452303697	1.6893223897223848
0.8590135215053958	1.6850198744429945
0.8609937521846007	1.6807263761235038
0.8629785477669704	1.6764418670261652
0.8649679187756933	1.6721663181831212
0.8669618757582167	1.6678996993816586
0.8689604292863019	1.663641979149324
0.8709635899560808	1.6593931247389022
0.8729713683881117	1.6551531021132653
0.8749837752274362	1.6509080854109126
0.8770008211436349	1.6466639239744258
0.8790225168308845	1.6424284197708183
0.8810488730080143	1.6382015858726955
0.8830799004185629	1.6339834347132778
0.8851156098308356	1.6297739780774168
0.887156012037961	1.625573227092522
0.8892011178579485	1.621381192219406
0.8912509381337457	1.6171978832430356
0.8933054837332954	1.6130233092632027
0.895364765549594	1.608857478685099
0.8974287945007486	1.604700399209805
0.8994975815300353	1.6005520778246896
0.9015711376059571	1.5964125207937119
0.9036494737223016	1.5922817336476425
0.9057326008982003	1.58815972117418
0.9078205301781859	1.5840464874079834
0.9099132726322517	1.5799420356206035
0.9120108393559097	1.5758463683103265
0.9141132414702502	1.571759487191913
0.9162204901219997	1.5676813931862492
0.9183325964835808	1.5636120864098975
0.9204495717531712	1.5595515661645434
0.9225714271547631	1.5554998309263552
0.9246981739382225	1.5514568783352318
0.9268298233793492	1.5474227051839597
0.9289663867799363	1.5433973074072598
0.9311078754678302	1.5393806800707426
0.933254300796991	1.5353728173597494
0.9354056741475518	1.5313737125680982
0.9375620069258802	1.5273833580867173
0.9397233105646378	1.5234017453921826
0.9418895965228413	1.5194288650351397
0.9440608762859233	1.5154647066286215
0.946237161365793	1.5115092588362629
0.9484184633008971	1.5075625093603968
0.9506047936562815	1.5036244449300489
0.9527961640236519	1.4996950512888159
0.9549925860214359	1.495774313182635
0.9571940712948444	1.4918622143474412
0.9594006315159331	1.4879587374967052
0.9616122783836646	1.4840638643088673
0.9638290236239705	1.4801775754146456
0.9660508789898133	1.4762998503842322
0.9682778562612491	1.4724306677143755
0.9705099672454897	1.4685700048153358
0.9727472237769651	1.4647178379977308
0.9749896377173869	1.4608741424592546
0.9772372209558107	1.457038892271277
0.9794899854086988	1.4532120603653234
0.9817479430199844	1.4493824112909806
0.9840111057611337	1.4455546990763954
0.9862794856312105	1.4417352645061168
0.9885530946569389	1.4379241184181035
0.9908319448927676	1.4341212710329378
0.9931160484209338	1.4303267319452508
0.995405417351527	1.426540510115061
0.9977000638225533	1.4227626138590341
1.	1.4189930508416595
1.0023052380778998	1.415231828066339
1.0046157902783952	1.4114789518663973
1.0069316688518044	1.4077344278960005
1.0092528860766845	1.4039982611209951
1.0115794542598988	1.4002704558096528
1.0139113857366795	1.3965510155233383
1.016248692870696	1.392839943107074
1.0185913880541169	1.3891372406800366
1.0209394837076802	1.3854429096259393
1.023292992280754	1.381756950583349
1.0256519262514079	1.3780793634358892
1.0280162981264735	1.3744101473023718
1.0303861204416165	1.3707493005268183
1.0327614057613974	1.3670968206684033
1.0351421666793441	1.363452704491289
1.0375284158180127	1.3598169479543811
1.0399201658290596	1.3561895462009728
1.0423174293933042	1.3525704935483065
1.0447202192208003	1.3489597834770262
1.0471285480508996	1.3453574086205429
1.0495424286523225	1.341763360754292
1.051961873823223	1.3381776307848978
1.0543868963912593	1.3346002087392332
1.0568175092136585	1.3310310837533836
1.0592537251772887	1.3274702440614974
1.0616955571987248	1.323917676984549
1.064143018224316	1.3203733689189894
1.066596121230258	1.3168373053252875
1.0690548792226577	1.3133094707163802
1.0715193052376064	1.3097898486460002
1.0739894123412446	1.3062784216969097
1.076465213629835	1.3027751714690177
1.0789467222298286	1.2992800785673935
1.081433951297938	1.2957931225901655
1.0839269140212033	1.2923142821163176
1.0864256236170655	1.2888435346933618
1.0889300933334332	1.2853808568249117
1.0914403364487566	1.2819262239581302
1.0939563662720937	1.2784796104710776
1.096478196143185	1.2750409896599249
1.0990058394325208	1.271610333726072
1.101539309541415	1.2681779449983595
1.104078619902073	1.2647479202269192
1.1066237839776665	1.261325724982371
1.1091748152624008	1.257911363710891
1.1117317272815914	1.2545048402083292
1.1142945335917298	1.2511061576115265
1.1168632477805611	1.247715318389536
1.1194378834671515	1.2443323243347684
1.1220184543019636	1.240957176554052
1.1246049739669264	1.2375898754596093
1.1271974561755105	1.234230420759947
1.1297959146727976	1.2308788114506652
1.1324003632355573	1.2275350458051726
1.1350108156723149	1.224199121365328
1.137627285823431	1.2208710349319751
1.1402497875611686	1.2175507825554124
1.1428783347897717	1.2142383595257493
1.1455129414455354	1.2109337603631967
1.1481536214968828	1.2076369788082464
1.1508003889444356	1.2043480078117765
1.1534532578210923	1.2010668395250488
1.1561122421920986	1.1977934652896307
1.1587773561551262	1.194527875627206
1.1614486138403426	1.1912700602293078
1.1641260294104914	1.1880200079469434
1.1668096170609623	1.184777706780134
1.1694993910198712	1.181543143867348
1.1721953655481303	1.1783163054748491
1.1748975549395297	1.1750971769859295
1.1776059735208073	1.171885742890066
1.1803206356517297	1.1686819867719536
1.1830415557251646	1.1654858913004578
1.1857687481671602	1.1622974382174522
1.1885022274370183	1.1591166083265645
1.1912420080273751	1.1559433814818079
1.193988104464273	1.1527777365761225
1.1967405313072437	1.1496196515297976
1.1994993031493788	1.1464691032788035
1.2022644346174132	1.1433260677630022
1.2050359403717974	1.140190519914264
1.2078138351067804	1.1370624336444646
1.2105981335504823	1.1339417818333857
1.2133888504649775	1.1308285363164916
1.2161860006463678	1.1277226678726096
1.2189895989248667	1.124624146211486
1.2217996601648717	1.1215329399612415
1.2246161992650488	1.1184490166556995
1.2274392311584073	1.115372342721617
1.2302687708123818	1.1123028834657824
1.233104833228909	1.1092406030620143
1.2359474334445106	1.1061734164354868
1.238796586530369	1.1031064277699343
1.2416523075924113	1.1000464471562874
1.244514611771385	1.09699347990406
1.2473835142429432	1.0939475307593274
1.2502590302177201	1.090908603897135
1.2531411749414163	1.08787670291382
1.2560299636948749	1.0848518308192738
1.2589254117941675	1.0818339900291192
1.2618275345906707	1.0788231823568262
1.2647363474711515	1.0758194090057416
1.2676518658578455	1.072822670561054
1.270574105208542	1.0698329669816762
1.2735030810166617	1.0668502975920555
1.276438808811344	1.0638746610739045
1.2793813041575246	1.0609060554578573
1.2823305826560218	1.057944478115045
1.2852866599436155	1.0549899257485975
1.2882495516931343	1.0520423943850563
1.2912192736135342	1.0491018793657199
1.2941958414499863	1.0461683753378972
1.297179270983956	1.0432418762460907
1.3001695780332907	1.0403223753230841
1.3031667784522993	1.0374098650809636
1.3061708881318417	1.0345043373020404
1.309181922999407	1.0316057830297014
1.3121998990192034	1.0287141925591672
1.3152248321922384	1.025829555428171
1.3182567385564075	1.0229518604075447
1.3212956341865751	1.0200810954917268
1.324341535194665	1.0172172478891723
1.3273944577297394	1.0143603040126883
1.3304544179780915	1.0115102494696637
1.333521432163324	1.008667069052228
1.3365955165464425	1.0058307467273029
1.3396766874259352	1.003001265626576
1.3427649611378643	1.0001786080363728
1.3458603540559484	0.9973627553874451
1.348962882591654	0.9945536882446578
1.3520725631942772	0.991751386296589
1.3551894123510364	0.9889558283450297
1.3583134465871542	0.9861669922943931
1.3614446824659503	0.9833848551410217
1.3645831365889245	0.9806093929624033
1.3677288255958495	0.9778405809062847
1.3708817661648536	0.9750783931796919
1.3740419750125157	0.972322803037841
1.3772094688939465	0.969573782772964
1.3803842646028852	0.9668313037030166
1.383566378971781	0.9640953361603003
1.3867558288718889	0.9613554463801313
1.3899526312133532	0.9586160428918473
1.3931568029453036	0.955883007205974
1.3963683610559376	0.9531563451429345
1.3995873225726185	0.9504360620284813
1.4028137045619582	0.9477221626869781
1.4060475241299144	0.9450146514346075
1.4092887984218747	0.9423135320725246
1.4125375446227548	0.9396188078799323
1.4157937799570817	0.9369304816071086
1.4190575216890926	0.9342485554683501
1.4223287871228198	0.9315730311348643
1.425607593602188	0.9289039097275847
1.428893958511103	0.9262411918099225
1.432187899273543	0.9235848773804525
1.435489433353656	0.9209349658655233
1.4387985782558452	0.9182914561118087
1.4421153515248688	0.9156543463787773
1.4454397707459272	0.9130236343311029
1.4487718535447618	0.9103993170309957
1.452111617587742	0.9077813909304686
1.455459080581966	0.9051698518635254
1.4588142602753482	0.9025646950382819
1.4621771744567182	0.899965915029009
1.4655478409559113	0.8973735057681065
1.468926277643867	0.8947874605379972
1.4723125024327186	0.8922077719629533
1.4757065332758947	0.8896344320008374
1.4791083881682072	0.8870674319347781
1.4825180851459536	0.8845067623647591
1.4859356422870067	0.8819524131991378
1.4893610777109154	0.8794043736460807
1.492794409578996	0.8768626322049249
1.4962356560944337	0.8743271766574545
1.4996848355023733	0.8717979940591043
1.5031419660900225	0.8692750707300727
1.5066070661867417	0.8667583922463657
1.5100801541641484	0.8642479434307463
1.513561248436208	0.8617437083436126
1.5170503674593367	0.8592456702737816
1.5205475297324955	0.8567538117292003
1.5240527537972914	0.8542681144275609
1.5275660582380723	0.8517885592868413
1.5310874616820302	0.8493151264157482
1.5346169827992941	0.8468477951040861
1.5381546403030348	0.8443865438130271
1.5417004529495593	0.8419313501653002
1.545254439538414	0.8394821909352876
1.5488166189124812	0.8370390420390345
1.5523870099580825	0.8346018785241648
1.5559656316050743	0.8321626365267736
1.559552502826954	0.8297247200830472
1.5631476426409538	0.8272926712283443
1.5667510701081493	0.8248664919899887
1.5703628043335522	0.8224461838996522
1.5739828644662197	0.8200317479867947
1.5776112696993485	0.8176231847720588
1.5812480392703834	0.8152204942605865
1.5848931924611134	0.8128236759352876
1.5885467485977791	0.8104327287500309
1.59220872705117	0.808047651122786
1.5958791472367329	0.805668440928689
1.5995580286146687	0.8032950954930511
1.6032453906900417	0.8009276115842985
1.6069412530128773	0.7985659854068489
1.6106456351782708	0.796210212593918
1.6143585568264862	0.7938602882002654
1.6180800376430662	0.791516206694864
1.6218100973589298	0.7891779619535133
1.6255487557504842	0.7868455472513715
1.6292960326397223	0.7845189552554305
1.6330519478943346	0.7821981780169116
1.6368165214278085	0.7798832069635989
1.6405897731995396	0.7775740328920936
1.6443717232149315	0.775270645960008
1.6481623915255086	0.7729730356780751
1.651961798229015	0.7706811909021976
1.6557699634695284	0.7683950998254137
1.6595869074375604	0.7661147499697976
1.6634126503701698	0.763840128178279
1.6672472125510627	0.761571220606395
1.6710906143107078	0.7593080127139575
1.6749428760264373	0.7570504892566535
1.6788040181225607	0.7547986342775622
1.6826740610704674	0.7525524310985999
1.6865530253887415	0.7503118623118816
1.690440931643264	0.7480769097710099
1.6943378004473288	0.7458475545822787
1.6982436524617444	0.7436237770958041
1.7021585083949509	0.7414055568965662
1.7060823890031234	0.7391928727953794
1.710015315090288	0.7369857028197719
1.7139573075084253	0.7347840242047906
1.7179083871575884	0.732587813383716
1.721868574986007	0.7303970459786996
1.725837891990204	0.728211696791311
1.7298163592151015	0.7260317397930066
1.7338039977541384	0.7238571481155037
1.7378008287493754	0.7216878940410794
1.7418068733916146	0.7195239489927692
1.7458221529205038	0.7173555725117663
1.7498466886246573	0.7151868790823984
1.7538805018417611	0.7130233582405499
1.7579236139586931	0.7108650147883441
1.7619760464116292	0.7087118531312843
1.7660378206861649	0.7065638772728545
1.770108958317421	0.7044210908090782
1.7741894808901661	0.7022834969230181
1.7782794100389228	0.7001510983792304
1.78237876744809	0.6980238975181603
1.7864875748520508	0.6959018962504909
1.7906058540352947	0.6937850960514335
1.7947336268325265	0.6916734979549679
1.7988709151287883	0.689567102548026
1.803017740859569	0.6874659099646235
1.8071741260109275	0.6853699198799337
1.8113400926196026	0.6832791315043083
1.8155156627731361	0.6811935435772397
1.8197008586099834	0.6791131543612705
1.8238957023196385	0.6770379616358413
1.8281002161427427	0.6749679626910863
1.832314422371212	0.6729031543215669
1.8365383433483464	0.6708435328199505
1.8407720014689564	0.6687890939706264
1.8450154191794736	0.6667398330432681
1.8492686189780787	0.66469574478633
1.8535316234148114	0.6626568234204885
1.857804455091699	0.6606230626320184
1.8620871366628675	0.6585944555661134
1.8663796908346704	0.6565709948201389
1.8706821403658007	0.6545526724368272
1.8749945080674193	0.6525394798974075
1.8793168168032686	0.6505314081146749
1.883649089489801	0.6485284474259918
1.8879913490962936	0.6465305875862308
1.892343618644976	0.6445378177606467
1.8967059212111463	0.6425501265176892
1.9010782799233006	0.6405675018217433
1.9054607179632472	0.638589931025811
1.9098532585662378	0.6366174008641178
1.914255925021086	0.6346498974446588
1.9186687406702891	0.6326874062416743
1.9230917289101586	0.6307299120880536
1.9275249131909356	0.6287773991676764
1.9319683170169242	0.626829851007678
1.936421963946607	0.6248872504706499
1.9408858775927782	0.6229495797467646
1.9453600816226624	0.6210168203458328
1.9498445997580456	0.619088953089287
1.9543394557753944	0.6171659581020942
1.95884467350599	0.615241139865993
1.9633602768360463	0.6133173260548567
1.967886289706845	0.6113982893847124
1.9724227361148534	0.6094840324866303
1.976969640111861	0.607574557606221
1.9815270258050979	0.6056698665984984
1.9860949173573716	0.6037699609226856
1.9906733389871865	0.6018748416369807
1.9952623149688797	0.5999845093932643
1.9998618696327437	0.5980989644317659
2.0044720273651615	0.5962182065756717
2.0090928126087277	0.5943422352256922
2.0137242498623884	0.5924710493545672
2.0183663636815607	0.5906046475015305
2.023019178678272	0.5887430277667136
2.0276827195212817	0.5868861878055063
2.032357010936222	0.5850341248228538
2.037042077705718	0.5831868355675148
2.0417379446695296	0.5813443163262502
2.046444636724674	0.5795065629179734
2.0511621788255656	0.5776735706878333
2.0558905959841414	0.5758453345012526
2.0606299132700006	0.574021848737903
2.065380155810529	0.5722031072856325
2.0701413487910423	0.570389103534328
2.0749135174549096	0.5685798303697296
2.079696687103696	0.5667752801671812
2.084490883097289	0.5649754447853299
2.0892961308540396	0.5631803155597606
2.0941124558508926	0.5613898832965786
2.0989398836235242	0.5596041382659283
2.1037784397664754	0.5578230701954565
2.1086281499332897	0.556046668263713
2.1134890398366464	0.5542749210934925
2.1183611352485023	0.5525078167451143
2.123244462000219	0.5507453427096433
2.1281390459827123	0.5489874859020446
2.133044913146576	0.5472342326542822
2.1379620895022327	0.5454855687083474
2.1428906011200586	0.5437414792092322
2.1478304741305343	0.5420019486978299
2.1527817347243725	0.5402669611037799
2.157744409152667	0.5385364997382404
2.16271852372702	0.5368105472866024
2.167704104819695	0.5350890858011307
2.1727011788637443	0.5333720966935458
2.1777097723531593	0.5316595607275315
2.1827299118430012	0.5299514580111828
2.187761623949553	0.5282477679893769
2.1928049353504484	0.5265484694360849
2.197859872784825	0.5248476784025815
2.202926463053456	0.5231478743081627
2.2080047330189	0.5214523664630782
2.2130947096056377	0.5197611531635062
2.2181964198002193	0.5180742323048251
2.223309890651403	0.5163916013764821
2.2284351492703043	0.5147132574568063
2.2335722228305315	0.5130391972077811
2.23872113856834	0.5113694168697616
2.2438819237827663	0.5097039122561468
2.2490546058357817	0.5080426787480014
2.254239212152429	0.5063857112886285
2.259435770220978	0.504733004378089
2.2646443075930596	0.503084552067677
2.2698648518838223	0.5014403479543362
2.2750974307720706	0.49980038517503156
2.2803420720004186	0.498164656401065
2.28559880337543	0.4965331538323412
2.2908676527677736	0.49490586919157886
2.296148648112362	0.4932827937184715
2.301441817408509	0.491663918163791
2.306747188720069	0.4900492327834414
2.312064790175595	0.4884387273324544
2.3173946499684783	0.4868323910589339
2.3227367963571073	0.48523021269794037
2.328091257665008	0.4836321804653262
2.3334580622810033	0.48203828205150645
2.338837238659355	0.48044850461518235
2.344228815319923	0.47886283477699854
2.3496328208483073	0.47728125861315085
2.35504928389601	0.47570376164892897
2.360478233180577	0.4741303288522073
2.365919697485759	0.47256094462687104
2.371373705661655	0.47099559280618747
2.3768402866248772	0.4694342566461124
2.38231946935869	0.46787691881854304
2.3878112829131783	0.46632356140450165
2.3933157564053875	0.46477416588726683
2.3988329190194912	0.4632287131454336
2.4043628000069335	0.46168718344592075
2.4099054286865957	0.46014955643690547
2.41546083444494	0.4586158111407039
2.421029046736179	0.4570859259465804
2.4266100950824154	0.45555987860349845
2.432204009073816	0.4540376462128
2.4378108183687526	0.45251920522082706
2.4434305526939726	0.45100453141147073
2.4490632418447453	0.44949359989865784
2.454708915685031	0.4479863851187677
2.4603676041476272	0.44648286082298555
2.46603933723434	0.44497542107827753
2.4717241450161302	0.4434672730722049
2.4774220576332864	0.44196269714114905
2.4831331052955705	0.4404616930286673
2.4888573182823914	0.4389642601541516
2.494594726942955	0.4374703976086179
2.500345361696432	0.43598010415045424
2.506109253032114	0.43449337820113004
2.511886431509581	0.4330102178408636
2.5176769277588558	0.4315306208042535
2.5234807724805757	0.4300545844758626
2.529297996446145	0.4285821058857689
2.5351286304979084	0.4271131817050674
2.540972705549305	0.42564780824133674
2.5468302525850417	0.4241859814340596
2.552701302661247	0.42272769685000283
2.5585858869056453	0.42127294967855367
2.5644840365177175	0.41982173472701295
2.5703957827688635	0.4183740464158481
2.5763211570025755	0.4169298787738959
2.582260190634596	0.41548922543352795
2.588212915153092	0.41405207962576696
2.5941793621188136	0.4126184341753607
2.6001595631652723	0.41118828149580944
2.6061535499988953	0.40976161358434965
2.6121613543992064	0.40833842201688786
2.6181830082189848	0.40691869794289387
2.624218543384442	0.4055024320802414
2.6302679918953813	0.4040896147100074
2.6363313858253803	0.4026802356712178
2.642408757321946	0.4012742843555525
2.648500138606701	0.39987174970199374
2.654605561975539	0.39847262019143553
2.6607250597988097	0.397076883841234
2.666858664521479	0.39568452819971744
2.6730064086633116	0.3942955403406398
2.6791683248190314	0.3929099068575889
2.6853444456585076	0.3915276138583392
2.691534803926915	0.39014864695915896
2.6977394324449206	0.3887729912790608
2.703958364108843	0.38740063143400505
2.7101916318908432	0.3860315515310466
2.7164392688390824	0.3846657351624335
2.7227013080779128	0.38330316539964726
2.7289777828080406	0.3819438247873951
2.7352687263067126	0.380587695337544
2.741574171927882	0.37923475852300326
2.7478941531023975	0.3778849952715497
2.7542287033381663	0.3765383859596005
2.7605778562203462	0.37519491040592645
2.7669416454115114	0.3738474423753849
2.773320104651841	0.37249899328470215
2.7797132677592886	0.37115358074135396
2.7861211686297707	0.369811209280593
2.792543841237338	0.36847188322305496
2.798981319634363	0.36713560667174194
2.805433637951713	0.3658023835089809
2.811900830398941	0.36447221739334806
2.8183829312644537	0.36314511175656944
2.8248799749157074	0.36182106980038686
2.831391995799379	0.3605000944933983
2.8379190284415565	0.3591821885678645
2.8444611074479154	0.35786735451648877
2.85101826750391	0.3565555945891625
2.8575905433749464	0.3552469107896844
2.8641779699065815	0.3539413048724429
2.8707805820246906	0.3526387783390743
2.8773984147356697	0.3513393324350815
2.8840315031266055	0.3500429681464283
2.8906798823654762	0.3487496861960954
2.897343587701323	0.3474594870406097
2.904022654464451	0.3461723708665351
2.910717118066605	0.3448883375869353
2.9174270140011673	0.34360738683780107
2.924152377843335	0.3423295179744447
2.9308932452503216	0.3410547300678594
2.9376496519615305	0.33978302190104837
2.9444216337987617	0.33851439196531385
2.9512092266663856	0.33724883845651776
2.9580124665515464	0.33598635927130277
2.9648313895243423	0.3347269520032811
2.971666031738027	0.33347061393918626
2.9785164294291895	0.33221734205499065
2.9853826189179604	0.3309671330119846
2.992264636608189	0.3297199831528234
2.9991625189876516	0.3284758884975323
3.0060763026282307	0.32723484473947995
3.013006024186122	0.3259968472413103
3.019951720402016	0.32476189103084074
3.0269134281013064	0.32352997079691875
3.0338911841942706	0.3223010808852447
3.04088502567628	0.3210752152941511
3.047894989627983	0.3198523676703492
3.054921113215514	0.31863253130463026
3.061963433690677	0.31741569912753326
3.069021988391158	0.3162018637049678
3.076096814740708	0.31499101723380196
3.083187950249355	0.3137831515374049
3.0902954325135905	0.3125782580611539
3.097419299216581	0.3113763278678952
3.1045595881283554	0.31017315524392275
3.1117163371060186	0.30897052155676863
3.118889584093937	0.30777080235851606
3.126079367123956	0.30657400308798494
3.1332857243155856	0.30538012899980477
3.1405086938762183	0.30418918516175697
3.1477483141013156	0.30300117645209557
3.1550046233746274	0.301816107556839
3.1622776601683795	0.30063398296703936
3.169567463043492	0.2994548069760207
3.1768740706497707	0.2982785836765962
3.1841975217261256	0.29710531695825376
3.1915378551007616	0.29593501050431936
3.198895109691399	0.29476766778908814
3.206269324505466	0.2936032920749339
3.213660538640318	0.29244188640938557
3.2210687912834346	0.2912834536221804
3.2284941217126364	0.2901279963222852
3.2359365692962827	0.28897551689489365
3.2433961734934935	0.2878260174983901
3.250872973854344	0.28667950006128995
3.2583670100200885	0.2855359662791459
3.265878321723358	0.28439541761143
3.273406948788383	0.2832578552783817
3.2809529311311905	0.28212328025783046
3.2885163087598315	0.2809916932819837
3.2960971217745776	0.2798630948341904
3.303695410368149	0.2787374851456683
3.311311214825911	0.27761486419220516
3.3189445755261047	0.27649523169082585
3.326595532940045	0.2753785870964313
3.3342641276323506	0.27426492959840254
3.3419504002611427	0.27315425811717636
3.3496543915782775	0.2720465713007866
3.3573761424295467	0.2709418675213753
3.365115693754908	0.26984014487166885
3.372873086588689	0.2687414011614247
3.380648362059817	0.2676456339138414
3.3884415613920256	0.2665528403619391
3.3962527259040853	0.2654630174449027
3.404081897010009	0.2643761618043953
3.4119291162192864	0.2632922697808336
3.4197944251370886	0.26221133740963215
3.4276778654645046	0.26113336041741025
3.4355794789987466	0.26005833421816704
3.443499307633384	0.2589862539094177
3.451437393358563	0.2579171142682974
3.459393778261219	0.25685090974762814
3.4673685045253166	0.2557876344719484
3.4753616144320576	0.25472728223350943
3.483373150360118	0.2536663367433539
3.4914031547858606	0.2526062891300562
3.499451670283573	0.25154912746882996
3.5075187395256795	0.2504948575240358
3.5156044052829816	0.2494434848925406
3.523708710424871	0.24839501500127414
3.53183169791957	0.2473494531047586
3.5399734108343464	0.2463068042826173
3.548133892335755	0.24526707343705637
3.5563131856898527	0.2442302652903255
3.5645113342624426	0.2431963843821508
3.5727283815192883	0.24216543506714688
3.5809643710263606	0.24113742151219955
3.5892193464500517	0.24011234769382847
3.5974933515574232	0.23909021739551972
3.6057864302164235	0.23807103420503725
3.6140986263961334	0.23705480151170505
3.6224299841669856	0.2360415225036661
3.630780547701014	0.23503120016511336
3.639150361272071	0.23402383727349624
3.6475394692560785	0.23301943639669837
3.6559479161312485	0.23201799989019106
3.664375746478333	0.23101952989415725
3.672823004980846	0.2300240283305912
3.681289736425315	0.22903149690036734
3.6897759857015027	0.2280419370802853
3.6982817978026628	0.22705535012008307
3.7068072178257596	0.22607173703942587
3.715352290971726	0.2250910986248635
3.7239170625456848	0.2241134354267621
3.732501577957206	0.2231387477562037
3.741105882720533	0.22216703568186058
3.7497300224548358	0.22119829902683677
3.758374042884441	0.22023253736548332
3.767037989839089	0.21926975002018037
3.77572190925416	0.21830993605809323
3.7844258471709336	0.2173530942878939
3.793149849736819	0.21639922325645636
3.801893963205613	0.2154483212455171
3.81065823393773	0.21450038626830872
3.8194427084004663	0.21355541606615813
3.8282474331682264	0.21261340810505752
3.8370724549227884	0.21167435957219916
3.8459178204535354	0.21073826737248283
3.8547835766577188	0.20980512812498656
3.8636697705406915	0.20887493815940866
3.8725764492161727	0.2079476935124736
3.8815036599064823	0.20702338992430838
3.8904514499428067	0.20610202283478132
3.899419866765434	0.20518358737981232
3.908408957924021	0.20426547041535448
3.9174187710778305	0.20334877958087613
3.926449353995999	0.20243499172079998
3.9355007545577743	0.20152411063166925
3.944573020752785	0.2006161399248496
3.953666200681279	0.19971108302395757
3.9627803425543955	0.19880894316226025
3.971915494694403	0.19790972338005436
3.981071705534973	0.19701342652201684
3.9902490236214203	0.19612005523453366
3.9994474976109755	0.19522961196299937
4.008667176273028	0.19434209894909585
4.0179081084894	0.19345751822804053
4.027170343254591	0.19257587162581236
4.036453929676051	0.19169716075634913
4.045758916974426	0.1908213870187207
4.055085354483839	0.18994855159427215
4.0644332916521275	0.18907865544374483
4.073802778041128	0.18821169930436546
4.083193863326921	0.18734768368691201
4.09260659730011	0.18648660887274895
4.1020410298660686	0.1856284749108376
4.111497211045223	0.18477328161471557
4.120975190973302	0.18392102855945097
4.130475019901614	0.18307171507856543
4.139996748197304	0.18222534026093137
4.149540426343631	0.18138190294763706
4.1591061049402205	0.18054140172882654
4.168693834703355	0.1797038349405057
4.178303666466218	0.178869200661323
4.187935651179185	0.17803749670931707
4.1975898399100755	0.17720872063863705
4.207266283844442	0.17638286973622933
4.216965034285822	0.17555994101849767
4.226686142656031	0.17473993122792839
4.2364296604954115	0.17392283682968845
4.24619563946313	0.17310865400818845
4.2559841313374305	0.1722973786636175
4.265795188015928	0.17148900640844314
4.275628861515862	0.17068353256388255
4.285485203974396	0.16988095215633722
4.295364267648873	0.1690812599137997
4.3052661049171075	0.16828445026222322
4.3151907682776525	0.16749051732186152
4.325138310350088	0.16669945490357244
4.335108783875289	0.1659112565050906
4.345102241715717	0.16512591530726367
4.355118736855686	0.16434342417025624
4.365158322401661	0.16356377562971744
4.375221051582521	0.16278696189291633
4.385306977749858	0.16201027013616665
4.395416154378245	0.16123484630520468
4.405548635065534	0.16046221923079648
4.4157044735331255	0.1596923900490473
4.425883723626267	0.15892535969067642
4.436086439314326	0.15816112887831238
4.446312674691089	0.15739969812376148
4.456562483975033	0.1566410677252521
4.466835921509633	0.1558852377646519
4.477133041763626	0.15513220810466058
4.487453899331323	0.1543819783859743
4.49779854893288	0.15363454802442622
4.508167045414603	0.15288991620809786
4.518559443749224	0.15214808189440648
4.528975799036209	0.151409043807162
4.539416166502032	0.15067280043359993
4.549880601500488	0.1499393500213843
4.560369159512962	0.1492086905755849
4.570881896148752	0.14848081985562384
4.581418867145335	0.14775573537219783
4.591980128368688	0.1470334343841679
4.6025657358135605	0.14631391389542373
4.613175745603796	0.1455971706517166
4.623810213992603	0.14488320113746564
4.634469197362879	0.14417200157253243
4.645152752227495	0.14346356790896747
4.6558609352295885	0.14275789582772724
4.666593803142887	0.14205498073535855
4.677351412871981	0.14135481776065648
4.688133821452653	0.1406574017512877
4.698941086052153	0.13996272727038686
4.709773263969529	0.1392707885931185
4.720630412635905	0.13858157970321003
4.731512589614805	0.13789509428945199
4.7424198526024455	0.1372113257421671
4.753352259428054	0.1365302671496461
4.7643098680541565	0.13585191129455373
4.775292736576909	0.13517625065029854
4.786300923226383	0.1345032773773733
4.797334486366892	0.13383298331965987
4.808393484497285	0.13316536000070228
4.819477976251274	0.13250039861994461
4.830588020397726	0.1318380900489369
4.841723675840994	0.13117842482750455
4.8528850016212095	0.13052139315988565
4.864072056914616	0.129866984910831
4.875284901033862	0.12921518960167208
4.886523593428336	0.12856599640635025
4.897788193684462	0.12791939414741374
4.909078761526032	0.12727537129197633
4.920395356814509	0.12663047884589124
4.9317380395493595	0.12598617156099712
4.943106869868354	0.12534439081981613
4.954501908047903	0.12470513669250011
4.96592321450336	0.12406840905455903
4.97737084978936	0.12343420758434508
4.9888448746001215	0.12280253176051706
5.000345349769786	0.12217338085947739
5.011872336272722	0.12154675395278895
5.0234258952238715	0.12092264990456456
5.035006087879047	0.12030106736883545
5.046612975635284	0.11968200478689234
5.05824662003114	0.11906546038460461
5.0699070827470445	0.11845143216971259
5.081594425605605	0.11783991792909645
5.093308710571955	0.11723091522601843
5.105049999754062	0.1166244213973412
5.116818355403078	0.11602043355071916
5.1286138399136485	0.11541894856176543
5.140436515824262	0.11481996307119106
5.152286445817564	0.11422347348191998
5.16416369272071	0.11362947595617569
5.176068319505676	0.11303796641254266
5.188000389289612	0.11244894052299977
5.199959965335159	0.11186239370992791
5.211947111050805	0.1112783211430889
5.223961889991197	0.11069671773657801
5.236004365857504	0.11011757814574771
5.248074602497725	0.1095408967641049
5.2601726639070625	0.10896666772017781
5.2722986142282275	0.10839488487435683
5.284452517751805	0.10782554181570476
5.296634438916578	0.10725863185873948
5.308844442309884	0.10669414804018633
5.321082592667942	0.10613208311570259
5.333348954876211	0.10557242955657047
5.345643593969716	0.1050151795463627
5.357966575133418	0.10446032497757507
5.370317963702527	0.10390785744823179
5.382697825162884	0.10335776825845745
5.3951062251512765	0.10281004840702054
5.4075432294558095	0.10226468858784403
5.420008904016238	0.10172167918648602
5.432503314924333	0.10118101027658777
5.445026528424211	0.10064267161629117
5.4575786109127105	0.1001066526446225
5.470159628939716	0.09957294247784569
5.482769649208539	0.09904152990578118
5.495408738576246	0.09851240338809368
5.508076964054036	0.09798555105054513
5.520774392807573	0.09745737438099022
5.533501092157368	0.09692939151407705
5.546257129579107	0.09640362837730597
5.559042572704037	0.0958800853557723
5.5718574893192985	0.09535876267085525
5.584701947368309	0.09483966037809059
5.597576014951102	0.09432277836502448
5.610479760324706	0.0938081163490462
5.623413251903491	0.09329567387520231
5.6363765582595455	0.09278545031398872
5.649369748123025	0.09227744485912363
5.6623928903825345	0.09177165652529885
5.675446054085471	0.09126808414591134
5.688529308438416	0.09076672637077231
5.701642722807475	0.090267581663797
5.714786366718672	0.08977064830067083
5.727960309858292	0.08927592436649669
5.741164622073277	0.0887834077534179
5.7543993733715695	0.08829309615822149
5.767664633922509	0.08780498707991774
5.780960474057181	0.08731907781729897
5.794286964268812	0.08683536546647452
5.807644175213121	0.08635384691838449
5.821032177708716	0.0858745188562893
5.834451042737448	0.08539737775323794
5.847900841444809	0.08492241986951118
5.861381645140288	0.08444964125004356
5.874893525297769	0.08397903772181957
5.88843655355589	0.08351060489124854
5.902010801718445	0.08304433814151317
5.91561634175474	0.08258023262989649
5.9292532458	0.08211828328508186
5.942921586155727	0.08165848480443134
5.956621435290106	0.0812008316512365
5.970352865838369	0.08074531805194697
5.984115950603199	0.08029193799337175
5.997910762555095	0.07984068521985709
6.011737374832782	0.07939155323043696
6.025595860743578	0.07894453527595992
6.0394862937638	0.07849962435618812
6.0534087475391365	0.07805681321687188
6.067363295885055	0.07761609434679649
6.08135001278718	0.07717745997480366
6.095368972401694	0.0767409020667854
6.109420249055721	0.07630641232265173
6.123503917247737	0.07587398217327015
6.137620051647943	0.0754436027773789
6.151768727098683	0.07501526501847165
6.165950018614822	0.07458895950165519
6.180164001384161	0.07416467655047808
6.1944107507678146	0.07373977021546227
6.208690342300634	0.07331535532772732
6.223002851691596	0.07289291991688607
6.237348354824191	0.07247246316850847
6.251726927756859	0.07205398410955202
6.266138646723353	0.07163748160635924
6.2805835881331795	0.07122295436263489
6.295061828571975	0.07081040091740594
6.309573444801933	0.07039981964296164
6.324118513762193	0.06999120874277558
6.33869711256927	0.06958456624940727
6.353309318517436	0.06917989002238653
6.367955209079159	0.06877717774607588
6.382634861905486	0.06837642692751571
6.397348354826482	0.06797763489424791
6.412095765851615	0.06758079879212092
6.4268771731701975	0.06718591558307344
6.441692655151772	0.0667929820428993
6.456542290346556	0.06640199475899043
6.471426157485831	0.06601295012806069
6.486344335482385	0.06562584435384766
6.501296903430906	0.06524067344479481
6.516283940608428	0.06485743321171132
6.531305526474723	0.0644761192654118
6.546361740672751	0.06409672701433364
6.561452663029053	0.06371925166213369
6.576578373554206	0.06334368820526212
6.591738952443213	0.06297003143051563
6.606934480075961	0.062598275912567
6.622165037017619	0.06222841601147415
6.637430704019089	0.06186044587016483
6.652731562017413	0.061494359411900436
6.668067692136222	0.06113015033771541
6.6834391756861455	0.06076781212383509
6.698846094165265	0.06040733801906891
6.714288529259523	0.06004872104218166
6.729766562843179	0.05969195397923983
6.745280276979219	0.05933702938093525
6.760829753919819	0.05898393955988404
6.77641507610675	0.058632676587902
6.792036326171846	0.058283232293254904
6.807693586937414	0.057935598257885294
6.823386941416698	0.05758976581461338
6.839116472814292	0.057245726044314216
6.8548822645266165	0.05690346977306837
6.870684400142321	0.056562987569288785
6.886522963442762	0.05622426974082065
6.902398038402419	0.05588730633201681
6.918309709189366	0.05555208712078606
6.934258060165691	0.055218601615616404
6.9502431758879695	0.054884253898719995
6.966265141107686	0.05455013631410639
6.982324040771715	0.054217707214344775
6.998419960022734	0.05388696482722189
7.014552984199714	0.053557907232360744
7.030723198838334	0.053230532359397245
7.046930689671471	0.05290483798613882
7.06317554262962	0.05258082173670729
7.07945784384138	0.05225848107966381
7.095777679633888	0.05193781332611769
7.112135136533292	0.05161881562781681
7.128530301265195	0.051301484975221835
7.1449632607551345	0.050985818195561694
7.16143410212902	0.05067181195087252
7.177942912713619	0.0503594627360177
7.194489780036995	0.05004876687669098
7.211074791828998	0.04973972052740038
7.227698036021702	0.04943231966943493
7.2443596007499025	0.049126560108811924
7.261059574351547	0.048822437474206795
7.277798045368242	0.048519947214862906
7.294575102545687	0.04821908459848402
7.311390834834176	0.04791984470910609
7.3282453313890406	0.0476222224449516
7.345138681571151	0.04732621251626304
7.362070974947361	0.04703180944311813
7.379042301291012	0.04673900755322446
7.396052750582378	0.0464478009796952
7.413102413009177	0.04615818365880394
7.430191378967014	0.045870149327720496
7.447319739059893	0.04558369152222528
7.464487584100665	0.04529880357440434
7.481695005111545	0.04501547861032285
7.498942093324558	0.044733709547678795
7.516228940182057	0.044453489093434564
7.533555637337174	0.04417480974142886
7.550922276654341	0.04389766376996584
7.568328950209744	0.04362204323938425
7.58577575029184	0.04334793998960373
7.603262769401819	0.04307534563765039
7.620790100254123	0.04280425157515938
7.638357835776907	0.042534648965856584
7.655966069112566	0.042266528743016604
7.67361489361819	0.041999881606899596
7.691304402866098	0.041734698022164375
7.709034690644301	0.041470968215259536
7.726805850957025	0.041208682171790745
7.744617978025188	0.0409478296338657
7.76247116628692	0.040688400097414736
7.78036551039804	0.04043038280948889
7.798301105232589	0.04017098865521249
7.816278045883297	0.03991139211586323
7.83429642766212	0.03965316104241011
7.852356346100718	0.03939629421968003
7.870457896950989	0.03914079031648284
7.888601176185544	0.03888664788417671
7.906786279998253	0.038633865355219045
7.925013304804718	0.038382441041705566
7.943282347242818	0.038132373133894636
7.961593504173188	0.037883659698719166
7.979946872679768	0.03763629867828421
7.9983425500702845	0.037390287888351345
8.016780633876794	0.03714562501680869
8.035261221856173	0.036902307622127636
8.05378441199067	0.03666033313180484
8.072350302488383	0.03641969884079083
8.090958991783825	0.03618040190990341
8.109610578538408	0.0359424393642276
8.128305161640995	0.03570580809150023
8.147042840208396	0.035470504840480775
8.165823713585926	0.03523652621930657
8.1846478813479	0.03500386869383379
8.203515443298185	0.03477252858596322
8.222426499470712	0.034542502071950906
8.241381150130026	0.034313785180703514
8.260379495771788	0.034086373792058734
8.279421637123345	0.03386026363504952
8.298507675144226	0.033635450286153536
8.317637711026709	0.03341192916752613
8.336811846196344	0.03318969554521798
8.356030182312479	0.03296874452737676
8.375292821268827	0.032749071062432175
8.394599865193973	0.03253066993726556
8.413951416451951	0.032313535775362195
8.433347577642753	0.032097663034948175
8.452788451602899	0.03188304600710964
8.472274141405963	0.03166967881389605
8.491804750363139	0.031457555406405956
8.511380382023763	0.031246669562856308
8.531001140175896	0.031037014886634
8.550667128846833	0.030828584804330813
8.570378452303697	0.030621372563760088
8.590135215053957	0.030415371231956687
8.609937521846007	0.03021057369315853
8.629785477669701	0.03000697264677077
8.649679187756934	0.029804560605311465
8.669618757582166	0.02960332989233989
8.689604292863018	0.0294032726403655
8.709635899560805	0.0292043807887395
8.729713683881117	0.029006646081527032
8.74983775227436	0.028808001574587863
8.770008211436348	0.02860931721046184
8.790225168308842	0.028411754394775893
8.810488730080142	0.028215311894012014
8.830799004185627	0.028019988377171363
8.851156098308357	0.027825782414578382
8.871560120379607	0.027632692476675033
8.892011178579486	0.027440716932802936
8.912509381337454	0.027249854049975538
8.933054837332953	0.027060101991637924
8.953647655495937	0.02687145881641632
8.974287945007486	0.026683922476855457
8.994975815300352	0.026497490818145095
9.01571137605957	0.026312161576834345
9.036494737223014	0.02612793237953495
9.057326008982002	0.025944800741612168
9.078205301781857	0.025762764065864502
9.099132726322518	0.02558181964119079
9.120108393559097	0.025401964641245858
9.141132414702504	0.02522319612308344
9.162204901219997	0.02504551102578754
9.183325964835811	0.02486890616909068
9.204495717531712	0.024693378251980525
9.225714271547634	0.02451892385129307
9.246981739382225	0.024345539420294268
9.268298233793494	0.02417322128724772
9.289663867799362	0.024001965653970687
9.311078754678306	0.02383176859437606
9.33254300796991	0.02366262605300234
9.354056741475521	0.023494533843529505
9.375620069258803	0.023327487647282378
9.39723310564638	0.023161483011720073
9.418895965228414	0.02299651534891238
9.440608762859236	0.02283257993400224
9.462371613657929	0.02266967190365486
9.484184633008974	0.022507786254492578
9.506047936562814	0.022346917841516472
9.527961640236521	0.02218706137651315
9.549925860214358	0.022028211426448237
9.571940712948447	0.021870362411844813
9.594006315159332	0.02171350860514822
9.616122783836648	0.021557644129075803
9.638290236239705	0.021402762954952546
9.660508789898136	0.021248858901031543
9.68277856261249	0.02109592563080013
9.7050996724549	0.02094395665127054
9.727472237769652	0.02079294531125611
9.749896377173872	0.02064288479963168
9.772372209558107	0.020493768143579238
9.79489985408699	0.020345588206817658
9.817479430199844	0.020196621418411775
9.84011105761134	0.020047592839946067
9.862794856312105	0.019899470540108162
9.885530946569391	0.01975225323503322
9.908319448927676	0.019605939558958403
9.93116048420934	0.01946052806323022
9.954054173515269	0.019316017215303332
9.977000638225535	0.0191724053977297
10.	0.01902969090713912
10.023052380778994	0.018887871953209963
10.046157902783957	0.018746946657630877
10.069316688518045	0.018606913053053238
10.092528860766844	0.018467769082033514
10.115794542598982	0.018329512595966668
10.1391138573668	0.018192141354009612
10.16248692870696	0.01805565302199522
10.18591388054117	0.017920045171336
10.209394837076797	0.017785315277918465
10.232929922807546	0.017651460720987163
10.256519262514079	0.01751847878201911
10.280162981264736	0.017386366643587402
10.303861204416158	0.017255121388215333
10.32761405761398	0.01712473999721975
10.351421666793442	0.01699521934954453
10.375284158180126	0.01686655622058295
10.39920165829059	0.01673874728099006
10.423174293933046	0.016611789095484258
10.447202192208003	0.01648567812163834
10.471285480508996	0.01636041070865924
10.495424286523221	0.016235983096157598
10.519618738232236	0.01611239141290577
10.543868963912592	0.015989631675585394
10.568175092136585	0.015867699787523077
10.592537251772887	0.01574659153741551
10.616955571987253	0.015626302598042936
10.641430182243164	0.015506828524971471
10.665961212302578	0.015388164755243449
10.690548792226577	0.015270306606056685
10.71519305237607	0.015153249273431835
10.739894123412451	0.015036987830868119
10.76465213629835	0.014921517227986816
10.789467222298287	0.014806832289163258
10.814339512979387	0.014692927712146434
10.83926914021204	0.014579798066666818
10.864256236170656	0.014467437793031356
10.889300933334333	0.014355841200706673
10.91440336448757	0.014245002466889542
10.939563662720943	0.014134915635065026
10.964781961431852	0.014025574613551597
10.990058394325208	0.013916973174033934
11.015393095414156	0.013807604952232702
11.040786199020735	0.013698103664250807
11.066237839776663	0.013589315417813226
11.091748152624008	0.013481239125276533
11.117317272815919	0.013373873634059267
11.142945335917304	0.0132672177258589
11.168632477805613	0.013161270115861231
11.194378834671515	0.013056029451942999
11.220184543019629	0.012951494313867138
11.24604973966927	0.012847663212470562
11.271974561755105	0.012744534588845047
11.297959146727976	0.012642106813510027
11.324003632355566	0.012540378185578528
11.350108156723154	0.012439346931915177
11.37627285823431	0.012339011206286964
11.402497875611685	0.012239369088505892
11.428783347897712	0.012140418583564268
11.45512941445536	0.012042157620762084
11.481536214968829	0.011944584052826678
11.508003889444357	0.011847695655024195
11.534532578210918	0.011751490124263351
11.561122421920993	0.011655965078191045
11.587773561551263	0.011561118054280062
11.614486138403427	0.01146694650890817
11.641260294104908	0.01137344781642947
11.66809617060963	0.011280619268237122
11.694993910198711	0.011188458071818067
11.721953655481304	0.011096961349798762
11.748975549395292	0.011006126138982986
11.776059735208078	0.01091594938938071
11.803206356517299	0.010826427963228621
11.830415557251646	0.010737558634001618
11.857687481671597	0.010649338085415757
11.88502227437019	0.010561762910422339
11.91242008027375	0.010474829610193137
11.93988104464273	0.01038853459309633
11.967405313072431	0.010302874173663793
11.994993031493793	0.010217844571548992
12.02264434617413	0.010133441910475884
12.050359403717973	0.01004966221717822
12.078138351067798	0.00996650142032986
12.10598133550483	0.009883955349465434
12.133888504649775	0.009802019733891705
12.161860006463678	0.00972069020158906
12.189895989248662	0.009639962278103648
12.217996601648723	0.00955983138542964
12.246161992650489	0.00948029284088182
12.274392311584071	0.009401341855958046
12.30268770812381	0.009322973535192014
12.331048332289097	0.009245182874995808
12.359474334445107	0.00916681000949585
12.387965865303691	0.009088342581677669
12.416523075924106	0.009010431738315621
12.445146117713856	0.008933076421273028
12.473835142429433	0.008856275519343735
12.5025903021772	0.008780027867619816
12.531411749414156	0.008704332246853873
12.560299636948754	0.008629187382815451
12.589254117941675	0.008554591945641718
12.618275345906707	0.008480544549182052
12.64736347471151	0.008407043750336995
12.67651865857846	0.008334088048391065
12.705741052085418	0.008261675884339745
12.735030810166617	0.008189805640210131
12.764388088113435	0.00811847563837577
12.793813041575252	0.00804768414086514
12.823305826560219	0.007977429348664149
12.852866599436155	0.007907709401012075
12.882495516931336	0.00783852237469148
12.912192736135347	0.007769866283311616
12.941958414499863	0.007701739076585598
12.971792709839558	0.007634138639600846
13.001695780332899	0.007567062792083263
13.031667784523	0.0075005092876547575
13.061708881318419	0.00743447581308428
13.09181922999407	0.007368959987531898
13.121998990192028	0.007303959361786469
13.15224832192239	0.007239471417496392
13.182567385564074	0.007175493566393643
13.212956341865752	0.007112023149510708
13.243415351946643	0.007049057436390835
13.273944577297401	0.006986593624291132
13.304544179780914	0.006924628837378805
13.33521432163324	0.00686316012591999
13.365955165464419	0.006802184465461738
13.396766874259358	0.006741698756006576
13.427649611378643	0.006681699821180021
13.458603540559483	0.006622184407390436
13.489628825916533	0.0065631491829818015
13.52072563194278	0.006504590737378864
13.551894123510364	0.00644650558022496
13.583134465871542	0.006388890140511971
13.614446824659497	0.0063317407657029765
13.645831365889252	0.006275053720846994
13.677288255958494	0.006218825187686181
13.708817661648537	0.0061630512637549555
13.740419750125149	0.006107727961471499
13.772094688939474	0.006052851207221162
13.803842646028853	0.005998416840432069
13.83566378971781	0.005944420612642356
13.867558288718882	0.00588989739691711
13.89952631213354	0.005835252845972512
13.931568029453036	0.00578102865481736
13.963683610559377	0.0057272238663172576
13.995873225726179	0.005673837481409248
14.028137045619589	0.005620868458608079
14.060475241299143	0.005568315713508092
14.092887984218748	0.005516178118280456
14.12537544622754	0.0054644545011660614
14.157937799570824	0.005413143645963738
14.190575216890926	0.005362244291513999
14.223287871228198	0.005311755131177935
14.25607593602188	0.005261674812311669
14.288939585111036	0.005212001935735943
14.321878992735439	0.005162735055201106
14.35489433353656	0.00511387267684711
14.387985782558452	0.005065413258658876
14.421153515248696	0.0050173552099166885
14.45439770745928	0.004969696890641798
14.487718535447618	0.004922436611036904
14.52111617587742	0.004875572630921826
14.554590805819668	0.0048291031591640755
14.58814260275349	0.00478302635310444
14.621771744567184	0.004737340317977324
14.655478409559112	0.004692043106326107
14.689262776438676	0.004647132717413208
14.723125024327194	0.0046026070966250585
14.757065332758946	0.004558464134871609
14.791083881682072	0.00451470166798071
14.825180851459544	0.004471317476087066
14.859356422870075	0.004428309283015856
14.893610777109155	0.004385674755660785
14.92794409578996	0.0043434115033568164
14.962356560944343	0.0043015170772472714
14.99684835502374	0.004259988969645487
15.031419660900225	0.004218824613390674
15.066070661867418	0.004178021381198303
15.100801541641477	0.004137576585004696
15.135612484362087	0.004097487475305896
15.170503674593368	0.004057751240490801
15.205475297324954	0.004018365006168318
15.240527537972907	0.00397932583448879
15.275660582380732	0.003940630723459409
15.310874616820303	0.0039022766062537253
15.346169827992941	0.0038642603505150033
15.381546403030342	0.0038265787576536414
15.4170045294956	0.003789228562138401
15.452544395384141	0.0037522064307815408
15.488166189124811	0.0037155089620175964
15.523870099580817	0.0036791326851760378
15.55965631605075	0.0036422790270471653
15.595525028269538	0.003605283708720153
15.631476426409538	0.003568595027103397
15.667510701081484	0.0035322122499676263
15.70362804333553	0.0034961346142381305
15.739828644662197	0.003460361325633051
15.776112696993485	0.0034248915582982815
15.812480392703826	0.0033897244544392334
15.848931924611142	0.003354859123949189
15.88546748597779	0.0033202946440344322
15.9220872705117	0.003286030058835839
15.95879147236732	0.0032520643790472457
15.995580286146694	0.003218396581530305
16.032453906900418	0.003185025608925975
16.069412530128773	0.003151950369262422
16.106456351782697	0.003119169735559522
16.143585568264868	0.0030866825454297793
16.18080037643066	0.0030544876006757733
16.218100973589298	0.0030225836668838664
16.255487557504836	0.0029909694730144345
16.292960326397232	0.0029596437109883954
16.330519478943348	0.002928605035270124
16.368165214278086	0.0028978520624465404
16.40589773199539	0.002867383370802604
16.443717232149325	0.0028371974998929613
16.481623915255085	0.0028072929501098847
16.51961798229015	0.0027776681822472586
16.557699634695275	0.0027483216170608622
16.595869074375614	0.002719251634824651
16.634126503701697	0.002690456574883248
16.672472125510627	0.0026619347352003363
16.71090614310707	0.0026336843719032177
16.749428760264383	0.0026057036988232727
16.788040181225607	0.0025779908870324757
16.82674061070467	0.002550544064375701
16.865530253887407	0.0025233613149990507
16.90440931643265	0.002496440678873993
16.94337800447329	0.002469780151317361
16.982436524617444	0.0024433776825070865
17.0215850839495	0.0024172311769937714
17.060823890031244	0.002391338493207932
17.10015315090288	0.0023656974429630408
17.139573075084254	0.002340305790954061
17.179083871575877	0.002315161254251778
17.21868574986008	0.002290261501792627
17.25837891990204	0.002265604153864151
17.298163592151013	0.0022411867815858803
17.338039977541374	0.002217006906385809
17.378008287493763	0.0021930619994722633
17.418068733916144	0.002169349481301236
17.458221529205037	0.002145286977605476
17.498466886246565	0.00212111924912857
17.53880501841762	0.0020971731473254703
17.579236139586932	0.0020734480880779662
17.619760464116293	0.002049943464403096
17.66037820686164	0.002026658646187005
17.70108958317422	0.0020035929799164034
17.741894808901662	0.001980745788407643
17.78279410038923	0.0019581163705332865
17.82378767448089	0.001935704000946305
17.864875748520518	0.0019135079298017714
17.906058540352948	0.0018915273824761168
17.947336268325266	0.0018697615592837699
17.988709151287875	0.0018482096351913914
18.030177408595698	0.0018268707595294831
18.071741260109274	0.0018057440557014883
18.113400926196025	0.001784828620890222
18.15515662773135	0.0017641235257617738
18.197008586099845	0.0017436278141667247
18.238957023196384	0.0017233405028387785
18.281002161427427	0.0017032605810906177
18.323144223712113	0.001683387010507165
18.365383433483473	0.001663718724636077
18.407720014689563	0.0016442546286755371
18.450154191794738	0.0016249935991592345
18.492686189780777	0.0016059344836386166
18.535316234148123	0.0015870761003623079
18.57804455091699	0.001568417237952746
18.620871366628677	0.0015499566550798913
18.663796908346693	0.0015316930801321487
18.706821403658015	0.0015136252108843404
18.74994508067419	0.0014957517141628237
18.793168168032686	0.0014780712255075812
18.836490894898002	0.001460582348831429
18.879913490962945	0.0014432836560761945
18.92343618644976	0.0014261736868659259
18.967059212111465	0.0014092509481570027
19.010782799232995	0.0013925139138852565
19.054607179632484	0.0013759610246099545
19.098532585662387	0.0013595906871547525
19.14255925021086	0.0013434012742454073
19.18668740670289	0.001327391124144437
19.230917289101594	0.0013115585402825327
19.275249131909366	0.0012959017908868273
19.31968317016924	0.0012804191086058514
19.364219639466068	0.0012651086901313072
19.408858775927794	0.0012499686958165166
19.453600816226633	0.0012349972492916013
19.498445997580454	0.0012201924370752644
19.543394557753942	0.0012055523081832796
19.58844673505991	0.001190667987362958
19.633602768360475	0.0011757111127934168
19.67886289706845	0.00116091093515403
19.724227361148536	0.0011462668962160618
19.76969640111862	0.0011317784197298808
19.81527025805099	0.0011174449112196175
19.860949173573715	0.0011032657577759411
19.906733389871864	0.0010892403278470507
19.952623149688808	0.0010753679710277652
19.998618696327448	0.0010616480178467882
20.044720273651613	0.0010480797795520075
20.090928126087277	0.0010346625478939644
20.137242498623895	0.001021395594907362
20.183663636815616	0.0010082781726906734
20.23019178678272	0.000995309513183744
20.276827195212817	0.0009824888279434873
20.32357010936221	0.0009698153079175654
20.37042077705719	0.0009572881232160769
20.417379446695296	0.0009449064228812666
20.46444636724674	0.0009326693346551301
20.511621788255646	0.0009205759647450567
20.558905959841425	0.0009086253975873498
20.606299132700006	0.0008968166956087272
20.65380155810529	0.000885148898985658
20.701413487910415	0.0008736210254016404
20.749135174549107	0.0008622320698023398
20.79696687103696	0.0008509810041485856
20.844908830972887	0.0008398667771671791
20.892961308540386	0.0008288883140995612
20.941124558508935	0.000818044516448255
20.989398836235246	0.0008073342617211333
21.03778439766475	0.000796756403173394
21.086281499332888	0.0007863097695473425
21.134890398366476	0.0007759931648098816
21.183611352485023	0.0007658053678877398
21.23244462000219	0.0007557451324003542
21.28139045982711	0.0007458111863904762
21.330449131465773	0.0007360022320524153
21.379620895022324	0.0007263169454579501
21.428906011200585	0.0007167539762798176
21.47830474130533	0.000707311947512857
21.527817347243737	0.000697989455192705
21.57744409152667	0.0006887850681120949
21.6271852372702	0.0006796973275346562
21.67704104819694	0.0006707247469062827
21.727011788637455	0.0006618658115639888
21.77709772353159	0.0006531189784422823
21.827299118430012	0.0006444826757769599
21.87761623949552	0.0006359553028064016
21.9280493535045	0.000627535229470264
21.978598727848254	0.0006188775674286759
22.02926463053456	0.0006101271223848311
22.080047330188993	0.0006014773014465164
22.13094709605639	0.000592927659053864
22.181964198002195	0.0005844777369313489
22.23309890651403	0.0005761270639451598
22.28435149270303	0.000567875155959344
22.335722228305325	0.0005597215156906576
22.3872113856834	0.0005516656325621462
22.438819237827662	0.0005437069825554069
22.490546058357804	0.0005358450280615783
22.542392121524305	0.0005280792177309906
22.59435770220978	0.0005204089863215186
22.646443075930595	0.0005128337545455604
22.698648518838212	0.0005053529289157078
22.750974307720718	0.0004979659015890366
22.803420720004187	0.0004906720502100529
22.8559880337543	0.00048347073775222515
22.908676527677724	0.0004763613123581627
22.961486481123632	0.0004693431071783713
23.01441817408509	0.00046241544020862236
23.06747188720069	0.00045557761412585974
23.12064790175594	0.00044882891612271157
23.173946499684796	0.0004421686177405378
23.227367963571073	0.00043559597470103196
23.280912576650078	0.00042911022673633464
23.33458062281002	0.00042271059741769135
23.38837238659356	0.00041639629398260305
23.442288153199225	0.00041016650716049096
23.49632820848307	0.0004040204109968142
23.55049283896009	0.0003979571626756968
23.604782331805783	0.0003919759023409899
23.65919697485759	0.0003860757529158062
23.71373705661655	0.00038025581992045865
23.76840286624876	0.000374515191288851
23.823194693586913	0.00036885293718327063
23.878112829131783	0.0003632681098075851
23.933157564053875	0.0003577597432188111
23.9883291901949	0.00035232685313707225
24.043628000069347	0.00034696843675391175
24.099054286865954	0.000341683472538962
24.154608344449404	0.00033647092004492844
24.210290467361776	0.00033132971971091727
24.266100950824168	0.0003262587926640612
24.32204009073816	0.00032125704051944937
24.378108183687527	0.0003163233451783224
24.434305526939713	0.00031145656862455504
24.49063241844747	0.00030665555271938146
24.547089156850312	0.00030191911899437603
24.603676041476273	0.00029724606844263896
24.660393372343385	0.0002923753145645843
24.717241450161318	0.00028741653176352707
24.774220576332862	0.000282516193446545
24.831331052955704	0.00027767400419462604
24.888573182823905	0.0002728896607049595
24.94594726942956	0.00026816285170334474
25.003453616964322	0.000263493257855841
25.06109253032114	0.0002588805516796193
25.118864315095795	0.0002543243974530456
25.17676927758857	0.0002498244511249637
25.234807724805755	0.00024538036022319075
25.29297996446145	0.0002409917637621891
25.35128630497907	0.00023665829214994654
25.409727055493065	0.00023237956709402832
25.46830252585042	0.00022815520150681822
25.527013026612472	0.0002239847994099076
25.58585886905645	0.00021986795583767076
25.64484036517719	0.0002158042567399809
25.703957827688647	0.0002117932788840922
25.763211570025756	0.00020783458975564298
25.82260190634596	0.0002039277474588158
25.88212915153093	0.0002000723006156154
25.94179362118815	0.0001962677882642798
26.001595631652723	0.00019251373975679104
26.06153549998895	0.00018880967465551146
26.12161354399208	0.0001851551026289096
26.18183008218986	0.00018154952334639474
26.24218543384442	0.0001779924263722183
26.302679918953814	0.00017448329105847617
26.363313858253814	0.00017102158643716965
26.424087573219474	0.00016760677111134627
26.485001386067008	0.00016423829314527998
26.54605561975539	0.0001609155899537195
26.607250597988113	0.00015763808819017135
26.668586645214805	0.0001544052036342256
26.730064086633117	0.0001512163410778977
26.791683248190314	0.0001480708942110049
26.85344445658509	0.00014496824550554532
26.915348039269166	0.00014190776609909422
26.977394324449207	0.00013888881567717943
27.039583641088434	0.00013591074235466474
27.101916318908415	0.00013297288255610415
27.164392688390837	0.00013007456089507172
27.227013080779127	0.00012721509005246385
27.289777828080403	0.00012439377065374396
27.35268726306711	0.00012160989114515178
27.415741719278834	0.00011886272766884516
27.478941531023974	0.00011615154393698036
27.542287033381662	0.00011347559110470691
27.605778562203447	0.00011083410764208931
27.669416454115126	0.00010822631920492903
27.73320104651841	0.00010565143850449207
27.797132677592884	0.00010310866517611638
27.861211686297693	0.00010059718564671108
27.925438412373392	0.00009811617300112206
27.98981319634363	0.00009566478684736913
28.05433637951713	0.00009324217318072542
28.119008303989396	0.00009084746424665584
28.18382931264455	0.00008847977840258568
28.248799749157076	0.00008613821997850246
28.31391995799379	0.0000838218791363678
28.37919028441555	0.00008152983172834905
28.44461107447917	0.00007926113915384421
28.510182675039097	0.00007701484821530608
28.575905433749465	0.00007478999097283522
28.641779699065797	0.00007258558459755817
28.70780582024692	0.0000704006312237596
28.773984147356696	0.00006823411779977561
28.84031503126606	0.0000660850159376189
28.906798823654746	0.00006395228176134822
28.973435877013245	0.00006183485575415451
29.04022654464451	0.00005973166260416851
29.10717118066605	0.00005764161104896046
29.17427014001166	0.00005556359371874396
29.24152377843337	0.00005349648697825827
29.308932452503214	0.000051439150767328153
29.376496519615305	0.00004939042844007825
29.4442163379876	0.0000473491466028095
29.51209226666387	0.000045314114950511695
29.580124665515466	0.000043284126102013645
29.648313895243422	0.000041257955433744736
29.716660317380253	0.00003923436091211646
29.78516429429191	0.000037212082924497654
29.853826189179603	0.00003518984410878434
29.92264636608189	0.00003316634918153793
29.9916251898765	0.00003114028476469936
30.060763026282324	0.00002911031921085411
30.13006024186122	0.000027075102427045887
30.19951720402016	0.00002503326569711617
30.269134281013045	0.000022983421502573245
30.338911841942718	0.000020924163341967595
30.4088502567628	0.00001885406554877067
30.47894989627983	0.000016771683107733166
30.549211132155122	0.000014675551469726834
30.61963433690679	0.000012564186365045777
30.69021988391158	0.00001043608361516542
30.76096814740708	8.289718942931399e-6
30.831879502493535	6.123547781187265e-6
30.90295432513592	3.93600507981165e-6
30.97419299216581	1.725505111165331e-6