0.1	6.893444706537137
0.10023052380778996	6.886527061444303
0.10046157902783952	6.879606854498074
0.10069316688518042	6.872684072649245
0.10092528860766845	6.865758702307814
0.10115794542598985	6.858830729336021
0.10139113857366794	6.8519001390413905
0.10162486928706957	6.844966916169673
0.1018591388054117	6.838031044897749
0.102093948370768	6.831092508826425
0.10232929922807542	6.824151290973213
0.10256519262514076	6.817207373764994
0.10280162981264736	6.810260739030656
0.10303861204416162	6.80331136799361
0.10327614057613975	6.796359241264319
0.10351421666793438	6.78940433883265
0.10375284158180126	6.782446640060253
0.10399201658290592	6.775486123672822
0.10423174293933042	6.768522767752258
0.10447202192208001	6.761556549728846
0.10471285480508996	6.7545874463732485
0.10495424286523224	6.747615433788536
0.1051961873823223	6.740624840947503
0.1054386896391259	6.733630074969504
0.10568175092136585	6.726632285776441
0.10592537251772889	6.719631487580716
0.10616955571987247	6.712627694452915
0.10641430182243161	6.705620920318768
0.10665961212302578	6.698611178956115
0.1069054879222658	6.691598483991811
0.10715193052376065	6.684582848898605
0.10739894123412448	6.677564286991997
0.1076465213629835	6.6705428114270395
0.10789467222298288	6.663518435195133
0.1081433951297938	6.656491171120759
0.10839269140212036	6.6494610318581895
0.10864256236170655	6.642428029888186
0.10889300933334335	6.6353921775146185
0.10914403364487565	6.628353486861067
0.10939563662720939	6.62131196986741
0.1096478196143185	6.614267638286359
0.10990058394325211	6.607220503679936
0.11015393095414151	6.600170577415964
0.11040786199020733	6.593117870664459
0.11066237839776664	6.586062394394041
0.11091748152624012	6.579004159368271
0.11117317272815914	6.571943176141977
0.11142945335917301	6.564879455057502
0.11168632477805612	6.557813006240969
0.11194378834671516	6.550743839598452
0.11220184543019636	6.543671964812142
0.11246049739669266	6.536597391336465
0.11271974561755105	6.529520128394157
0.11297959146727979	6.522440184972307
0.11324003632355571	6.515357569818339
0.11350108156723152	6.508272291435974
0.1137627285823431	6.50118435808115
0.11402497875611688	6.494093777757885
0.11428783347897718	6.487000558214105
0.11455129414455358	6.479904706937458
0.1148153621496883	6.472806231151013
0.11508003889444356	6.465705137808994
0.11534532578210924	6.458601433592437
0.11561122421920987	6.4514951249047865
0.11587773561551262	6.444386217867489
0.11614486138403426	6.437274718315502
0.11641260294104915	6.430160631792777
0.11668096170609624	6.423043963547694
0.11694993910198712	6.415924718528457
0.11721953655481303	6.4088029013784364
0.11748975549395298	6.401678516431457
0.11776059735208072	6.394551567707053
0.11803206356517298	6.387413047443316
0.11830415557251646	6.380271271239315
0.118576874816716	6.373126919376913
0.11885022274370183	6.36598001810395
0.11912420080273747	6.358830593656086
0.1193988104464273	6.351678672254914
0.11967405313072434	6.344524280106036
0.11994993031493788	6.3373674433971
0.12022644346174129	6.330208188295858
0.12050359403717974	6.323046540948156
0.120781383510678	6.315882527475924
0.12105981335504823	6.308716173975134
0.12133888504649772	6.301547506513722
0.12161860006463679	6.294376551129509
0.12189895989248664	6.287203333828082
0.12217996601648717	6.2800278805806355
0.12246161992650487	6.272850217321823
0.12274392311584072	6.265670369947548
0.12302687708123815	6.258488364312744
0.1233104833228909	6.251304226229135
0.12359474334445104	6.244117981462942
0.1238796586530369	6.2369296557326015
0.1241652307592411	6.229739274706426
0.1244514611771385	6.222546864000239
0.12473835142429429	6.2153524491750085
0.125025903021772	6.208156055734409
0.1253141174941416	6.200957709122414
0.1256029963694875	6.1937574347207915
0.12589254117941673	6.186555257846623
0.12618275345906707	6.179351203749782
0.12647363474711512	6.172145297610349
0.12676518658578456	6.1649375645360625
0.12705741052085415	6.157728029559675
0.12735030810166617	6.150516717636306
0.12764388088113438	6.143303653640789
0.12793813041575247	6.136088862364933
0.12823305826560213	6.128872368514802
0.12852866599436155	6.12165419670794
0.1288249551693134	6.114434371470574
0.12912192736135342	6.107212917234773
0.1294195841449986	6.099989858335575
0.12971792709839558	6.092765219008115
0.13001695780332903	6.085539023384669
0.13031667784522993	6.078311295491707
0.13061708881318415	6.07108205924688
0.1309181922999407	6.063851338456003
0.13121998990192033	6.056619156809988
0.13152248321922383	6.049385537881743
0.1318256738556407	6.042150505123038
0.1321295634186575	6.034914081861342
0.13243415351946647	6.027676775591638
0.13273944577297395	6.02043816266675
0.1330454417978091	6.013198229625875
0.1333521432163324	6.005956998002135
0.13365955165464422	5.998714489170414
0.1339676687425935	5.991470724343823
0.1342764961137864	5.984225724570113
0.13458603540559483	5.976979510728032
0.13489628825916536	5.969732103523678
0.13520725631942773	5.962483523486777
0.1355189412351036	5.955233790966934
0.1358313446587154	5.947982926129869
0.136144468246595	5.9407309489535605
0.13645831365889247	5.933477879224398
0.13677288255958492	5.9262237365332755
0.13708817661648537	5.918968540271619
0.13740419750125152	5.911712309627419
0.13772094688939465	5.904455063581181
0.1380384264602885	5.897196820901865
0.1383566378971781	5.889937600142742
0.13867558288718884	5.882677419637256
0.13899526312133534	5.875416297494803
0.13931568029453031	5.868154251596482
0.13963683610559377	5.860891299590803
0.13995873225726183	5.8536274588893535
0.14028137045619582	5.8463627466624
0.1406047524129914	5.839097179834465
0.14092887984218747	5.83183077507986
0.14125375446227545	5.824563548818141
0.14157937799570816	5.817295517209563
0.14190575216890922	5.810026696150447
0.142232878712282	5.802757101268525
0.14256075936021884	5.795486747918219
0.1428893958511103	5.78821565117589
0.14321878992735435	5.780943825835031
0.1435489433353656	5.773671286401399
0.14387985782558455	5.766398047088106
0.14421153515248689	5.759124121810678
0.14454397707459277	5.751849524182023
0.14487718535447616	5.744574267507396
0.14521116175877424	5.737298364779272
0.14554590805819662	5.730021828672188
0.14588142602753484	5.722744671537527
0.14621771744567183	5.715466905398257
0.14655478409559117	5.708188541943606
0.1468926277643867	5.700909592523686
0.1472312502432719	5.6936300681440795
0.14757065332758945	5.686349979460327
0.14791083881682077	5.679069336772427
0.14825180851459538	5.671788150019214
0.1485935642287007	5.664501478910371
0.14893610777109154	5.657213898425752
0.14927944095789963	5.649925789381286
0.14962356560944334	5.642637173140991
0.1499684835502373	5.635348070858304
0.15031419660900225	5.6280585034718715
0.15066070661867417	5.6207684917013205
0.15100801541641484	5.613478056042933
0.1513561248436208	5.606187216765316
0.1517050367459337	5.598895993905016
0.15205475297324955	5.59160440726208
0.15240527537972914	5.5843124763955725
0.15275660582380723	5.577020220619064
0.15310874616820302	5.569727658996032
0.15346169827992942	5.56243481033526
0.1538154640303035	5.555141693186161
0.15417004529495593	5.547848325834058
0.1545254439538414	5.540554726295411
0.1548816618912481	5.533260912313025
0.15523870099580825	5.5259669013511505
0.15559656316050743	5.518672710590593
0.15595525028269538	5.511378356923738
0.15631476426409538	5.504083856949538
0.15667510701081494	5.496789226968435
0.15703628043335524	5.489494482977248
0.15739828644662196	5.482199640664004
0.15776112696993486	5.47490471540271
0.15812480392703834	5.467609722248061
0.15848931924611134	5.460314675930139
0.15885467485977792	5.45301959084899
0.159220872705117	5.445724481069222
0.15958791472367329	5.4384293603144735
0.15995580286146688	5.4311342419618995
0.16032453906900418	5.423839139036533
0.1606941253012877	5.416544064205645
0.16106456351782708	5.409249029773003
0.16143585568264862	5.401954047673127
0.16180800376430657	5.394659129465423
0.16218100973589297	5.387364286328307
0.16255487557504839	5.3800695290532445
0.16292960326397224	5.372774868038753
0.16330519478943342	5.3654803132843165
0.16368165214278085	5.358185874384272
0.16405897731995392	5.35089156052159
0.16443717232149316	5.3435973804616586
0.1648162391525508	5.336303342545935
0.1651961798229015	5.329009454685586
0.1655769963469528	5.321715724355055
0.16595869074375605	5.314422158585539
0.16634126503701693	5.307128763958431
0.16672472125510626	5.2998275294224255
0.16710906143107074	5.292525855726932
0.16749428760264373	5.285224350574943
0.16788040181225602	5.277923039618957
0.16826740610704674	5.2706219483184125
0.16865530253887412	5.263321101935498
0.16904409316432642	5.256020525530978
0.16943378004473283	5.248720243959901
0.16982436524617442	5.241420281867329
0.17021585083949506	5.234120663683971
0.17060823890031235	5.2268214136218045
0.17100153150902875	5.219522555669621
0.17139573075084252	5.212224113588566
0.17179083871575881	5.2049261109075715
0.1721868574986007	5.197628570918817
0.17258378919902034	5.190331516673066
0.17298163592151014	5.183034970974998
0.17338039977541378	5.175738956378503
0.17378008287493754	5.168443495181875
0.17418068733916142	5.161148609423011
0.17458221529205037	5.153854320874524
0.1749846688624657	5.146560651038821
0.1753880501841761	5.139267621143125
0.17579236139586926	5.13197525213445
0.1761976046411629	5.124683564674513
0.17660378206861643	5.117392579134609
0.17701089583174212	5.110102315590422
0.17741894808901656	5.102812793816792
0.1778279410038923	5.095524033282407
0.17823787674480895	5.088236053144478
0.17864875748520506	5.08094887224332
0.17906058540352943	5.073662509096897
0.17947336268325265	5.066376981895326
0.1798870915128788	5.059092308495288
0.1803017740859569	5.051808506414419
0.1807174126010927	5.04452559282562
0.18113400926196024	5.037243584551319
0.18155156627731356	5.02996249805767
0.18197008586099836	5.0226823494487105
0.18238957023196378	5.015403154460428
0.1828100216142743	5.008124928454803
0.18323144223712115	5.000847686413766
0.18365383433483465	4.9935714429331
0.18407720014689558	4.986296212216292
0.18450154191794738	4.979022008068309
0.18492686189780783	4.97174884388932
0.18535316234148114	4.964476732668365
0.18578044550916986	4.957205686976931
0.18620871366628675	4.9499357189625
0.186637969083467	4.942666840341998
0.18706821403658005	4.935392528041461
0.18749945080674188	4.9281188202207895
0.18793168168032684	4.9208462183386406
0.18836490894898006	4.913574749387945
0.18879913490962935	4.906304440134259
0.18923436186449755	4.899035317111098
0.18967059212111465	4.891767406615259
0.19010782799233	4.884500734702045
0.19054607179632474	4.877235327180486
0.1909853258566238	4.869971209608481
0.19142559250210858	4.862708407287896
0.19186687406702896	4.855446945259626
0.19230917289101584	4.848186848298569
0.1927524913190936	4.840928140908593
0.1931968317016924	4.833670847317407
0.19364219639466074	4.826414991471427
0.19408858775927784	4.819160597030532
0.19453600816226624	4.811907687362814
0.19498445997580455	4.804656285539255
0.19543394557753943	4.797406414328336
0.195884467350599	4.790158096190616
0.19633602768360464	4.782911353273248
0.1967886289706845	4.775666207404412
0.19724227361148533	4.768422680087739
0.19769696401118608	4.761180792496622
0.1981527025805098	4.7539405654685325
0.19860949173573716	4.746702019499223
0.19906733389871864	4.739465174736893
0.19952623149688797	4.7322300509763116
0.1999861869632744	4.72499666765284
0.20044720273651614	4.7177650438364465
0.2009092812608728	4.710535198225615
0.20137242498623883	4.703307149141199
0.20183663636815607	4.696080914520251
0.2023019178678272	4.688856511909748
0.20276827195212818	4.681633958460266
0.20323570109362218	4.674413270919607
0.2037042077705718	4.667194465626332
0.20417379446695297	4.659977558503259
0.20464446367246739	4.652762565050886
0.20511621788255657	4.645549500340731
0.20558905959841414	4.638338379008638
0.20606299132700007	4.631129215247993
0.20653801558105292	4.623922022802877
0.20701413487910425	4.616716814961146
0.20749135174549097	4.609513604547471
0.2079696687103696	4.60231240391627
0.20844908830972886	4.5951132249446
0.20892961308540398	4.587916079024946
0.20941124558508925	4.580720977057997
0.20989398836235246	4.573518848795219
0.21037784397664752	4.566318080173257
0.21086281499332898	4.559119363006853
0.21134890398366465	4.551922729869986
0.2118361135248502	4.5447282131365165
0.21232444620002192	4.5375358449756735
0.21281390459827124	4.530345657347456
0.21330449131465762	4.523157681998028
0.21379620895022325	4.515971950455014
0.21428906011200585	4.508788494022799
0.21478304741305343	4.501607343777728
0.21527817347243727	4.494428530563307
0.21577444091526668	4.4872520849852755
0.21627185237270202	4.480078037406738
0.21677041048196952	4.472906417943119
0.21727011788637443	4.4657372564571824
0.2177709772353159	4.458570582553893
0.21827299118430013	4.451406425575311
0.2187761623949553	4.444244814595379
0.21928049353504486	4.437085778414683
0.21978598727848253	4.42992934555512
0.2202926463053456	4.42277554425458
0.22080047330189004	4.415624402461483
0.22130947096056375	4.408475947829354
0.22181964198002194	4.401330207711244
0.2223309890651403	4.39418720915419
0.22284351492703042	4.38704697889353
0.22335722228305316	4.379909543347226
0.223872113856834	4.372774928610104
0.22438819237827662	4.365643160448013
0.2249054605835781	4.358514264291954
0.22542392121524293	4.35138826523215
0.22594357702209775	4.344265188012034
0.22646443075930595	4.337145057022187
0.2269864851883822	4.330027896294211
0.22750974307720706	4.322913729494548
0.2280342072000418	4.3158025799182305
0.22855988033754301	4.308694470482559
0.2290867652767773	4.301589423720739
0.2296148648112362	4.294487461775423
0.23014418174085083	4.287388606392222
0.2306747188720069	4.280292878913117
0.23120647901755947	4.273200300269832
0.23173946499684786	4.266110890977122
0.2322736796357107	4.259024671125997
0.23280912576650079	4.251941660376904
0.23334580622810028	4.244861877952788
0.23388372386593548	4.237785342632134
0.2344228815319922	4.230712072741917
0.23496328208483072	4.223642086150475
0.23550492838960096	4.216563477222425
0.2360478233180577	4.209487260763103
0.23659196974857583	4.202414349267971
0.23713737056616552	4.195344789835918
0.23768402866248767	4.188278629502632
0.23823194693586902	4.181215915237221
0.23878112829131776	4.174156693938782
0.23933157564053875	4.167101012432924
0.23988329190194904	4.1600489174682584
0.24043628000069334	4.153000455712844
0.24099054286865948	4.145955673750592
0.24154608344449405	4.138914618077625
0.2421029046736178	4.131877335098614
0.24266100950824154	4.1248438711230335
0.24322040090738153	4.117814272361421
0.24378108183687525	4.110788584921553
0.2443430552693972	4.103766854804609
0.24490632418447456	4.096749127901263
0.24547089156850305	4.089735449987753
0.24603676041476275	4.082725866721898
0.24660393372343392	4.075720423639067
0.24717241450161304	4.068719166148109
0.24774220576332856	4.061722139527226
0.24831331052955705	4.054729388919816
0.2488857318282391	4.047740959330253
0.24945947269429547	4.04075689561963
0.25003453616964316	4.033777242501453
0.2506109253032114	4.027117826534133
0.251188643150958	4.021302352233518
0.25176769277588557	4.015490812384477
0.25234807724805747	4.009683214729826
0.2529297996446145	4.003879566460108
0.25351286304979076	3.998079874205755
0.25409727055493053	3.9922841440292145
0.2546830252585041	3.98649238141698
0.2552701302661247	3.9807045912715413
0.2558585886905646	3.9749207779032734
0.25644840365177174	3.96914094502224
0.2570395782768864	3.963365095729908
0.25763211570025757	3.9575932325108063
0.25822601906345966	3.9518253572240813
0.2588212915153092	3.9460614710949855
0.2594179362118814	3.9403015747062797
0.2600159563165272	3.934545667989557
0.2606153549998896	3.9287937502164807
0.26121613543992067	3.923045819989946
0.2618183008218985	3.917301875235145
0.26242185433844417	3.9115619131905577
0.26302679918953814	3.9058259303988576
0.263633138582538	3.9000939226977236
0.2642408757321946	3.894358374815293
0.2648500138606701	3.888626208781368
0.2654605561975539	3.88289798268788
0.26607250597988097	3.8771737090727587
0.2666858664521479	3.8714533999939134
0.26730064086633115	3.86573706702211
0.2679168324819031	3.8600247212338243
0.26853444456585074	3.8543163732039956
0.26915348039269155	3.848612032998745
0.26977394324449205	3.8429117101679684
0.2703958364108843	3.837215413737928
0.2710191631890843	3.8315231522036957
0.2716439268839082	3.8258349335215973
0.2722701308077913	3.820150765101522
0.272897778280804	3.814470653799203
0.27352687263067127	3.8087946059083855
0.27415741719278824	3.8031226271529577
0.2747894153102397	3.7974547226789777
0.2754228703338166	3.791790897046632
0.27605778562203465	3.7861311542221183
0.27669416454115114	3.7804754975694603
0.2773320104651841	3.774823929842215
0.27797132677592884	3.7691764531751404
0.2786121168629771	3.763533069075749
0.27925438412373377	3.7578937784158053
0.2798981319634363	3.7522585814227214
0.2805433637951713	3.7466274776708994
0.28119008303989407	3.7410004660729466
0.28183829312644537	3.7353775448708637
0.2824879974915708	3.7297587116271025
0.2831391995799379	3.724143963215563
0.2837919028441557	3.718533295812498
0.28444611074479154	3.7129267048873387
0.285101826750391	3.7073241851934213
0.28575905433749466	3.701725730758639
0.2864177969906581	3.6961313348759948
0.28707805820246907	3.6905409900940827
0.28773984147356696	3.684954688207455
0.28840315031266056	3.679372420246928
0.2890679882365476	3.673794176469761
0.28973435877013226	3.6682199463497906
0.2904022654464451	3.662649718567423
0.2910717118066605	3.657083480999573
0.29174270140011677	3.651521220709482
0.29241523778433354	3.6459629239364615
0.2930893245250321	3.640408576085523
0.2937649651961531	3.634858161716931
0.29444216337987617	3.6293116645356336
0.29512092266663853	3.6237690673806293
0.29580124665515467	3.6182303522142023
0.2964831389524342	3.612679423446961
0.29716660317380267	3.6071310904587075
0.29785164294291894	3.6015865407180314
0.298538261891796	3.596045794555943
0.2992264636608189	3.5905088719541096
0.29991625189876514	3.584975792539105
0.30060763026282306	3.57944657557661
0.3013006024186122	3.5739212399655234
0.3019951720402016	3.568399804232061
0.30269134281013055	3.5628822865237453
0.30338911841942706	3.5573687046033786
0.3040885025676279	3.5518590758429323
0.3047894989627983	3.546353417217372
0.3054921113215513	3.5408517452984416
0.3061963433690677	3.535354076248371
0.30690219883911574	3.529860425813517
0.3076096814740708	3.5243708093179595
0.3083187950249354	3.518885241657022
0.30902954325135906	3.5134037372907216
0.309741929921658	3.5079263102371767
0.31045595881283555	3.5024529740659247
0.31117163371060175	3.4969837418911913
0.3118889584093937	3.4915186263650946
0.3126079367123955	3.4860576396707605
0.31332857243155854	3.480600793515404
0.3140508693876217	3.4751480991233166
0.3147748314101316	3.4696995672287962
0.31550046233746265	3.464255208069008
0.31622776601683794	3.4588150313767785
0.3169567463043491	3.453379046373304
0.31768740706497706	3.447947261760817
0.3184197521726125	3.4425196857151525
0.31915378551007617	3.4370963258782607
0.3198895109691398	3.431677189350637
0.3206269324505466	3.426262282683691
0.3213660538640317	3.4208516118720333
0.32210687912834346	3.415445182345681
0.32284941217126356	3.4100429989622065
0.32359365692962827	3.4046450659988037
0.32433961734934924	3.3992513871442678
0.3250872973854344	3.3938619654909084
0.3258367010020088	3.388476803526391
0.32658783217233583	3.383095903125487
0.3273406948788382	3.377719265541753
0.328095293113119	3.3723468913991304
0.32885163087598307	3.3669787806834646
0.32960971217745777	3.3616149327339406
0.3303695410368148	3.3562553462344464
0.3311311214825911	3.350900019204841
0.3318944575526104	3.3455489489921546
0.33265955329400454	3.340192478493032
0.333426412763235	3.3348395083715046
0.3341950400261143	3.3294907594075345
0.33496543915782767	3.324146251378408
0.3357376142429547	3.3188060036931484
0.33651156937549076	3.3134700353865543
0.3372873086588689	3.3081383651132024
0.3380648362059816	3.302811011141368
0.33884415613920255	3.2974879913469044
0.3396252725904084	3.292169323207048
0.3404081897010009	3.286855023794172
0.34119291162192855	3.281545109769465
0.3419794425137089	3.2762395973765677
0.3427677865464504	3.2709385024351185
0.34355794789987465	3.2656418403342653
0.34434993076333853	3.260349626026092
0.3451437393358563	3.2550618740189927
0.345939377826122	3.2497785983709657
0.34673685045253166	3.244499812682866
0.34753616144320587	3.2392255300915687
0.34833731503601184	3.233955763263075
0.34914031547858615	3.228690524385554
0.3499451670283573	3.2234298251623117
0.350751873952568	3.2181736768046916
0.35156044052829816	3.2129220900249087
0.35237087104248715	3.207675075028812
0.353183169791957	3.202432641508582
0.3539973410834347	3.197194798635348
0.35481338923357547	3.1919615550517397
0.3556313185689854	3.186732918864368
0.3564511334262443	3.181508897636236
0.35727283815192895	3.1762894983790626
0.35809643710263606	3.1710747275455495
0.35892193464500527	3.165864591021566
0.35974933515574237	3.160659094118258
0.36057864302164244	3.155458241564083
0.36140986263961333	3.1502620374967694
0.36224299841669866	3.1450704854552
0.3630780547701014	3.1398835883712097
0.36391503612720716	3.1347013485613244
0.36475394692560786	3.129523767718392
0.36559479161312497	3.1243508469031642
0.36643757464783333	3.1191825865357785
0.3672823004980847	3.114018986387166
0.3681289736425315	3.1088600455703785
0.3689775985701504	3.1037057625318303
0.3698281797802663	3.098556135042457
0.37068072178257605	3.093411160188803
0.37153522909717257	3.0882708343640033
0.3723917062545686	3.083135153258698
0.3732501577957206	3.0779997701458752
0.3741105882720534	3.0728686840970907
0.3749730022454836	3.0677422149302696
0.3758374042884442	3.0626203667720286
0.37670379898390893	3.0575031431570827
0.377572190925416	3.05239054702015
0.37844258471709324	3.047282580687757
0.3793149849736819	3.0421792458699968
0.38018939632056115	3.037080543652191
0.381065823393773	3.0319864744864735
0.3819442708400465	3.0268970381833014
0.38282474331682265	3.0218122339028777
0.38370724549227875	3.0167320601464973
0.38459178204535355	3.011656514747812
0.38547835766577176	3.0065855948640063
0.38636697705406914	3.0015192969669044
0.3872576449216172	2.9964576168339727
0.3881503659906482	2.991400549539259
0.38904514499428056	2.986348089444228
0.3899419866765434	2.9813002301885287
0.390840895792402	2.9762569646806583
0.3917418771077831	2.9712182850885465
0.3926449353995998	2.9661841828300632
0.3935500754557774	2.9611546485634053
0.3944573020752784	2.956129672177435
0.3953666200681279	2.9511092427818943
0.39627803425543945	2.946093348697552
0.3971915494694403	2.9410819774462373
0.3981071705534972	2.9360751157408
0.39902490236214205	2.931072749474967
0.39994474976109745	2.9260748637131115
0.4008667176273028	2.92108144267992
0.4017908108489399	2.916092469749965
0.4027170343254591	2.9111079274371905
0.40364539296760493	2.906127797384288
0.4045758916974427	2.901152060351983
0.40550853544838383	2.896180696208222
0.40644332916521275	2.891213683917251
0.40738027780411273	2.88625100152861
0.4083193863326921	2.881292626166012
0.40926065973001086	2.8763385340161274
0.4102041029866068	2.8713887003172616
0.41114972110452225	2.8664430993479324
0.4120975190973302	2.8615017044153395
0.4130475019901614	2.8565644878437397
0.41399967481973043	2.851631420962693
0.4149540426343629	2.846702474095229
0.41591061049402206	2.8417776165458806
0.4168693834703354	2.836856816588634
0.41783036664662176	2.831940041454745
0.4187935651179184	2.8270067910315744
0.41975898399100753	2.822075908645633
0.4207266283844441	2.8171488964191753
0.4216965034285822	2.8122257707374083
0.422668614265603	2.8073065476219865
0.4236429660495411	2.802391242725295
0.4246195639463129	2.7974798713246884
0.4255984131337431	2.7925724483166694
0.42657951880159267	2.7876689882109926
0.4275628861515862	2.78276950512474
0.4285485203974395	2.7778740127763095
0.4295364267648873	2.772982524479366
0.43052661049171065	2.768095053136719
0.43151907682776525	2.763211611234145
0.43251383103500873	2.758332210834155
0.4335108783875289	2.753456863569684
0.43451022417157154	2.7485855806377453
0.4355118736855686	2.743718372792994
0.436515832240166	2.7388552503412544
0.4375221051582521	2.7339962231329613
0.4385306977749857	2.7291413005565537
0.4395416154378245	2.7242904915317974
0.4405548635065533	2.7194438045030482
0.4415704473533125	2.7146012474324355
0.44258837236262655	2.709762827793005
0.44360864393143257	2.7049285525617663
0.4446312674691087	2.700098428212703
0.4456562483975033	2.6952724607096865
0.44668359215096315	2.6904506554993457
0.44771330417636257	2.685633017503854
0.4487453899331322	2.6808195511136526
0.449779854893288	2.6760102601801004
0.45081670454146017	2.671205148008064
0.4518559443749224	2.6664042173484193
0.4528975799036208	2.661607470390497
0.4539416166502032	2.656814908754452
0.4549880601500486	2.652026533483555
0.4560369159512962	2.6472423450364153
0.4570881896148751	2.6424623432791323
0.4581418867145335	2.6376865274773675
0.4591980128368686	2.6329148962883417
0.4602565735813561	2.6281474477527613
0.4613175745603794	2.623384179286664
0.46238102139926035	2.618625087673189
0.46344691973628804	2.613870169054269
0.46451527522274944	2.609119418922249
0.465586093522959	2.604372832111412
0.46665938031428866	2.5996304027894466
0.46773514128719823	2.594892124448814
0.46881338214526524	2.5901579898980502
0.46989410860521547	2.5854147802711553
0.47097732639695294	2.58067467286481
0.47206304126359055	2.5759386512213855
0.4731512589614805	2.571206739826205
0.4742419852602447	2.566478962914677
0.47533522594280536	2.561755344467703
0.47643098680541573	2.557035908207036
0.47752927365769093	2.5523206775905853
0.4786300923226384	2.5476096758076827
0.47973344863668915	2.5429029257742943
0.4808393484497286	2.538200450128178
0.4819477976251274	2.5335022712240116
0.4830588020397727	2.528808411128445
0.48417236758409943	2.5241188916151223
0.4852885001621211	2.519433734159644
0.4864072056914617	2.5147529599344827
0.4875284901033864	2.5100765898038406
0.48865235934283363	2.5054046443184688
0.48977881936844625	2.500737143710413
0.4909078761526032	2.496074107887729
0.492039535681451	2.4914155564291316
0.49317380395493593	2.4867615085785935
0.4943106869868355	2.4821119832398866
0.4954501908047903	2.4774669989710807
0.49659232145033616	2.4728265739789674
0.49773708497893604	2.4681907261134484
0.4988844874600123	2.4635594728618573
0.5000345349769786	2.458932831343224
0.5011872336272724	2.454310818302488
0.5023425895223872	2.449693450104651
0.5035006087879049	2.445080742728875
0.5046612975635284	2.440472711762516
0.505824662003114	2.435869372395099
0.5069907082747043	2.4312707394122484
0.5081594425605604	2.426676827189536
0.5093308710571953	2.4220876496862855
0.5105049999754062	2.4175032204393134
0.5116818355403077	2.4129235525565984
0.5128613839913648	2.408348658710901
0.514043651582426	2.403778551133321
0.5152286445817564	2.399213241606778
0.5164163692720709	2.394652741459446
0.5176068319505677	2.390097061558112
0.5188000389289611	2.385546212301477
0.5199959965335159	2.3810002036133877
0.5211947111050804	2.3764590449360057
0.5223961889991198	2.371922745222908
0.5236004365857502	2.3673913129321247
0.5248074602497725	2.3628647560191034
0.5260172663907061	2.358343081929618
0.5272298614228227	2.353824406226822
0.5284452517751804	2.3493104799217606
0.5296634438916578	2.3448014510288018
0.5308844442309884	2.3402973298220293
0.5321082592667942	2.3357981260978637
0.5333348954876209	2.3313038491681946
0.5345643593969717	2.3268145078534666
0.5357966575133416	2.32233011047568
0.5370317963702527	2.317850664851337
0.5382697825162883	2.313376178284314
0.5395106225151276	2.308906657558666
0.5407543229455808	2.3044421089313665
0.5420008904016238	2.2999825381249672
0.5432503314924332	2.295527950320201
0.5445026528424212	2.291078350148504
0.5457578610912709	2.286633741684473
0.5470159628939716	2.282194128438243
0.5482769649208538	2.2777595133478017
0.5495408738576245	2.273329898771222
0.5508076964054034	2.268905286478828
0.5520774392807574	2.264485677645281
0.5533501092157367	2.2600710728415976
0.5546257129579107	2.2556614720270813
0.5559042572704036	2.25125687454119
0.5571857489319298	2.246857279095316
0.5584701947368308	2.2424626837644954
0.5597576014951101	2.238073085979041
0.5610479760324705	2.2336884825160856
0.5623413251903491	2.2293088694910606
0.5636376558259545	2.2249342423490805
0.5649369748123025	2.22056459585626
0.5662392890382533	2.216199924090935
0.5675446054085471	2.211840220434819
0.5688529308438415	2.2074854775640596
0.5701642722807475	2.203135687440221
0.571478636671867	2.1987908413011854
0.5727960309858292	2.194450929651961
0.5741164622073276	2.1901159422554066
0.5754399373371569	2.1857858681228786
0.5767664633922508	2.1814606955047777
0.5780960474057181	2.17714041188102
0.5794286964268811	2.172825003951412
0.580764417521312	2.168514457625943
0.5821032177708715	2.1642087580149756
0.5834451042737447	2.159907889419365
0.5847900841444807	2.155611835320471
0.5861381645140288	2.15132057837008
0.5874893525297767	2.1470341003802464
0.588843655355589	2.1427523823130263
0.5902010801718444	2.1384754042701224
0.591561634175474	2.134188989222467
0.5929253245799998	2.129906173331832
0.5942921586155727	2.125627997934489
0.5956621435290105	2.121354476555105
0.5970352865838369	2.1170856223178105
0.5984115950603197	2.1128214479402043
0.5997910762555094	2.1085619657272967
0.6011737374832781	2.104307187565389
0.6025595860743578	2.1000571249159026
0.6039486293763798	2.0958117888091365
0.6053408747539136	2.0915711898379747
0.6067363295885054	2.0873353381515263
0.6081350012787179	2.083104243448708
0.6095368972401692	2.0788779149717582
0.610942024905572	2.0746563614996942
0.6123503917247736	2.070439591341707
0.6137620051647943	2.0662276123304855
0.6151768727098682	2.062020431815487
0.6165950018614822	2.057818056656127
0.618016400138416	2.053620493214923
0.6194410750767815	2.0494277473505607
0.6208690342300636	2.04523982441089
0.6223002851691596	2.0410567292258674
0.6237348354824193	2.0368784661004216
0.6251726927756859	2.032705038807252
0.6266138646723355	2.0285364505795576
0.628058358813318	2.024372704103704
0.6295061828571976	2.020213801511811
0.6309573444801934	2.0160597443742767
0.6324118513762195	2.011910533692227
0.633869711256927	2.0077661698898943
0.6353309318517437	2.0036266528069278
0.6367955209079159	1.9994919816906234
0.6382634861905487	1.9953621551880885
0.6397348354826482	1.991237171338329
0.6412095765851616	1.987117027564261
0.6426877173170197	1.983001720664646
0.6441692655151774	1.9788912468059605
0.6456542290346556	1.974785601514175
0.6471426157485832	1.970684779666465
0.6486344335482385	1.9665887754828406
0.6501296903430908	1.9624975825177031
0.6516283940608427	1.9584111936513153
0.6531305526474724	1.9543296010811984
0.654636174067275	1.9502527963134442
0.6561452663029055	1.946180770153951
0.6576578373554206	1.942113512699574
0.6591738952443215	1.9380510133291962
0.6606934480075961	1.933993260694714
0.662216503701762	1.929940242711943
0.6637430704019089	1.9258793953116493
0.6652731562017414	1.9218222822426125
0.6668067692136223	1.9177698324143628
0.6683439175686147	1.9137220634839647
0.6698846094165265	1.909678992780505
0.6714288529259524	1.9056406372998593
0.6729766562843179	1.9016070136994139
0.6745280276979221	1.8975781382927148
0.6760829753919819	1.8935540270440852
0.6776415076106752	1.8895346955631758
0.6792036326171846	1.885520159099469
0.6807693586937414	1.8815104325367233
0.6823386941416696	1.8775055303873682
0.6839116472814293	1.873505466786841
0.6854882264526615	1.8695102554878673
0.6870684400142321	1.865519909854686
0.688652296344276	1.861534442857223
0.6902398038402419	1.8575538670651988
0.6918309709189364	1.8535781946421848
0.6934258060165691	1.8496074373396
0.6950243175887968	1.8456416064906496
0.6966265141107687	1.8416807130042052
0.6982324040771714	1.8377247673586228
0.6998419960022735	1.8337737795955045
0.7014552984199712	1.8298277593133982
0.7030723198838335	1.8258867156614356
0.7046930689671469	1.8219506573329116
0.7063175542629619	1.8180195925587963
0.7079457843841379	1.8140935291011917
0.7095777679633888	1.8101724742467202
0.711213513653329	1.8062564347998504
0.7128530301265195	1.8023454170761615
0.7144963260755133	1.7984394268955417
0.716143410212902	1.7945384695753177
0.7177942912713617	1.7906425499233267
0.7194489780036994	1.786751672230916
0.7211074791828996	1.782865840265875
0.7227698036021702	1.778985057265307
0.72443596007499	1.775109325928426
0.7261059574351547	1.7712386484092886
0.727779804536824	1.7673730263094563
0.7294575102545687	1.7635124606705872
0.7311390834834174	1.7596569519669623
0.732824533138904	1.7558065000979315
0.734513868157115	1.7519611043803
0.7362070974947361	1.748120763540636
0.737904230129101	1.744285475707505
0.7396052750582378	1.740455238403636
0.7413102413009175	1.7366300485380106
0.7430191378967014	1.7328099023978771
0.744731973905989	1.7289862736988726
0.7464487584100665	1.7251670181466372
0.7481695005111544	1.7213527705600344
0.7498942093324559	1.7175435469135474
0.7516228940182055	1.7137393628277136
0.7533555637337174	1.7099402335636553
0.7550922276654339	1.7061461740175559
0.7568328950209744	1.7023571987150778
0.7585775750291838	1.698573321805737
0.7603262769401818	1.6947945570572085
0.762079010025412	1.6910209178495827
0.7638357835776907	1.68725241716957
0.7655966069112563	1.68348906760464
0.7673614893618189	1.6797308813371086
0.7691304402866096	1.6759778701381685
0.7709034690644301	1.6722300453618562
0.7726805850957024	1.6684874179389704
0.7744617978025188	1.6647499983709175
0.7762471166286917	1.6610177967235102
0.7780365510398041	1.6572908226207022
0.7798301105232588	1.6535690852382545
0.7816278045883297	1.6498525932973562
0.7834296427662119	1.6461413550581703
0.7852356346100718	1.6424353783133203
0.7870457896950986	1.6387346703813228
0.7888601176185545	1.6350392380999441
0.7906786279998251	1.6313490878195034
0.7925013304804718	1.6276642253961071
0.7943282347242815	1.6239846561848184
0.7961593504173188	1.620310385032765
0.7979946872679766	1.6166414162721774
0.7998342550070284	1.6129777537133627
0.8016780633876791	1.6093194006376128
0.8035261221856173	1.6056663597900398
0.8053784411990667	1.6020186333723536
0.8072350302488382	1.5983762230355598
0.8090958991783823	1.594739129872596
0.8109610578538409	1.5911073544108967
0.8128305161640993	1.5874808966048857
0.8147042840208396	1.583859755828401
0.8165823713585925	1.5802439308670482
0.81846478813479	1.576633419910477
0.8203515443298183	1.573028220544593
0.8222426499470712	1.5694283297436893
0.8241381150130024	1.5658337438625112
0.8260379495771788	1.5622444586282385
0.8279421637123342	1.558660469132399
0.8298507675144225	1.5550817698227068
0.8317637711026711	1.551508354494819
0.8336811846196344	1.5479402162840221
0.835603018231248	1.5443701464436563
0.8375292821268826	1.5408047792017288
0.8394599865193975	1.5372446468511012
0.8413951416451951	1.5336897586071987
0.8433347577642755	1.530140123243296
0.84527884516029	1.5265957490842375
0.8472274141405965	1.5230566440000954
0.8491804750363139	1.5195228153997713
0.8511380382023765	1.5159942702245353
0.8531001140175896	1.5124710149415
0.8550667128846834	1.5089530555370358
0.8570378452303697	1.5054403975101234
0.8590135215053958	1.5019330458656388
0.8609937521846007	1.4984310051075778
0.8629785477669704	1.494934279232215
0.8649679187756933	1.4914428717211992
0.8669618757582167	1.4879567855345806
0.8689604292863019	1.4844760231037732
0.8709635899560808	1.4810005863244509
0.8729713683881117	1.4775304765493764
0.8749837752274362	1.4740656945811603
0.8770008211436349	1.4706062406649567
0.8790225168308845	1.4671521144810822
0.8810488730080143	1.4637033151375747
0.8830799004185629	1.4602598411626746
0.8851156098308356	1.456821690497239
0.887156012037961	1.4533888604870833
0.8892011178579485	1.449961347875254
0.8912509381337457	1.4465391487942252
0.8933054837332954	1.4431222587580224
0.895364765549594	1.439710672654278
0.8974287945007486	1.4363043847362056
0.8994975815300353	1.4329033886145044
0.9015711376059571	1.429507677249186
0.9036494737223016	1.4261172429413267
0.9057326008982003	1.422732077324742
0.9078205301781859	1.4193521713575834
0.9099132726322517	1.4159775153138598
0.9120108393559097	1.4126080987748793
0.9141132414702502	1.4092439106206067
0.9162204901219997	1.4058849390209534
0.9183325964835808	1.4025311714269728
0.9204495717531712	1.3991825945619867
0.9225714271547631	1.3958391944126187
0.9246981739382225	1.3925009562197568
0.9268298233793492	1.3891678644694232
0.9289663867799363	1.3858399028835662
0.9311078754678302	1.3825170544107646
0.933254300796991	1.3791993012168489
0.9354056741475518	1.3758866246754364
0.9375620069258802	1.372566357340397
0.9397233105646378	1.3692501455736723
0.9418895965228413	1.3659389188450934
0.9440608762859233	1.3626326882940027
0.946237161365793	1.3593314646772658
0.9484184633008971	1.3560352583636845
0.9506047936562815	1.3527440793283616
0.9527961640236519	1.349457937147008
0.9549925860214359	1.3461768409901933
0.9571940712948444	1.3429007996175462
0.9594006315159331	1.3396298213718933
0.9616122783836646	1.3363639141733463
0.9638290236239705	1.333103085513327
0.9660508789898133	1.3298473424485409
0.9682778562612491	1.3265966915948892
0.9705099672454897	1.3233511391213226
0.9727472237769651	1.3201106907436384
0.9749896377173869	1.3168753517182155
0.9772372209558107	1.313645126835693
0.9794899854086988	1.3104200204145855
0.9817479430199844	1.3072000362948393
0.9840111057611337	1.3039851778313278
0.9862794856312105	1.3007754478872835
0.9885530946569389	1.2975708488276687
0.9908319448927676	1.294371382512483
0.9931160484209338	1.2911770502900086
0.995405417351527	1.2879878529899915
0.9977000638225533	1.2848037909167558
1.	1.2816248638422578
1.0023052380778998	1.2784510709990697
1.0046157902783952	1.2752824110733028
1.0069316688518044	1.2721188821974574
1.0092528860766845	1.2689604819432136
1.0115794542598988	1.2658072073141464
1.0139113857366795	1.2626590547383818
1.016248692870696	1.2595160200611717
1.0185913880541169	1.2563780985374169
1.0209394837076802	1.2532452848240994
1.023292992280754	1.2501175729726652
1.0256519262514079	1.246994956421318
1.0280162981264735	1.243877427987258
1.0303861204416165	1.240764979858831
1.0327614057613974	1.2376576035876226
1.0351421666793441	1.2345552900804624
1.0375284158180127	1.23145802959137
1.0399201658290596	1.228365811713413
1.0423174293933042	1.2252786253705001
1.0447202192208003	1.2221964588090888
1.0471285480508996	1.219119299589828
1.0495424286523225	1.2160471345791137
1.051961873823223	1.2129694191386686
1.0543868963912593	1.2098958523904708
1.0568175092136585	1.2068272104831166
1.0592537251772887	1.2037635049217834
1.0616955571987248	1.2007047468556626
1.064143018224316	1.1976509470727192
1.066596121230258	1.1946021159943934
1.0690548792226577	1.1915582636702624
1.0715193052376064	1.188519399772637
1.0739894123412446	1.1854855335911192
1.076465213629835	1.1824566740270948
1.0789467222298286	1.179432829588186
1.081433951297938	1.1764140083826355
1.0839269140212033	1.1734002181136536
1.0864256236170655	1.1703914660736923
1.0889300933334332	1.1673877591386836
1.0914403364487566	1.1643891037622052
1.0939563662720937	1.1613955059696053
1.096478196143185	1.1584069713520577
1.0990058394325208	1.1554235050605726
1.101539309541415	1.1524451117999384
1.104078619902073	1.1494717958226195
1.1066237839776665	1.14650356092258
1.1091748152624008	1.1435404104290656
1.1117317272815914	1.140582347200309
1.1142945335917298	1.1376293736171936
1.1168632477805611	1.1346814915768415
1.1194378834671515	1.1317387024861525
1.1220184543019636	1.1288010072552739
1.1246049739669264	1.1258684062910156
1.1271974561755105	1.1229408994901953
1.1297959146727976	1.1200184862329314
1.1324003632355573	1.1171011653758613
1.1350108156723149	1.114188935245307
1.137627285823431	1.1112817936303658
1.1402497875611686	1.108379737775949
1.1428783347897717	1.1054827643757419
1.1455129414455354	1.1025908695651085
1.1481536214968828	1.0997040489139245
1.1508003889444356	1.0968222974193464
1.1534532578210923	1.0939456094985114
1.1561122421920986	1.09107397898117
1.1587773561551262	1.0882073991022496
1.1614486138403426	1.0853458624943517
1.1641260294104914	1.0824893611801751
1.1668096170609623	1.0796378865648735
1.1694993910198712	1.076791429428339
1.1721953655481303	1.0739499799174173
1.1748975549395297	1.0711135275380461
1.1776059735208073	1.0682820611473305
1.1803206356517297	1.0654475741156726
1.1830415557251646	1.062617428453545
1.1857687481671602	1.0597922118548915
1.1885022274370183	1.056971931379621
1.1912420080273751	1.0541565936877815
1.193988104464273	1.0513462050339764
1.1967405313072437	1.0485407712617134
1.1994993031493788	1.0457402977977184
1.2022644346174132	1.0429447896461739
1.2050359403717974	1.0401542513829216
1.2078138351067804	1.037368687149594
1.2105981335504823	1.0345881006477038
1.2133888504649775	1.0318124951326657
1.2161860006463678	1.0290418734077718
1.2189895989248667	1.0262762378180987
1.2217996601648717	1.0235155902443678
1.2246161992650488	1.0207599320967415
1.2274392311584073	1.018009264308562
1.2302687708123818	1.0152635873300304
1.233104833228909	1.0125229011218304
1.2359474334445106	1.0097872051486825
1.238796586530369	1.007056498372853
1.2416523075924113	1.0043307792475835
1.244514611771385	1.0016100457104768
1.2473835142429432	0.9988942951768068
1.2502590302177201	0.9961835245327748
1.2531411749414163	0.9934777301286962
1.2560299636948749	0.9907769077721335
1.2589254117941675	0.98808105272095
1.2618275345906707	0.9853901596763167
1.2647363474711515	0.9827042227756383
1.2676518658578455	0.9800232355854249
1.270574105208542	0.9773471910940904
1.2735030810166617	0.9746760817046901
1.276438808811344	0.9720098992275831
1.2793813041575246	0.9693486348730379
1.2823305826560218	0.9666922792437569
1.2852866599436155	0.9640408223273454
1.2882495516931343	0.9613942534886983
1.2912192736135342	0.958752561462327
1.2941958414499863	0.9561157343446084
1.297179270983956	0.9534837595859698
1.3001695780332907	0.9508566239829939
1.3031667784522993	0.948234313670459
1.3061708881318417	0.9456168141133003
1.309181922999407	0.9430041100985036
1.3121998990192034	0.9403961857269186
1.3152248321922384	0.9377930244050023
1.3182567385564075	0.935194608836485
1.3212956341865751	0.9326009210139614
1.324341535194665	0.9299997889271544
1.3273944577297394	0.9274024033763028
1.3304544179780915	0.9248096575193145
1.333521432163324	0.9222215621575547
1.3365955165464425	0.9196381277784854
1.3396766874259352	0.9170593645510322
1.3427649611378643	0.9144852823208935
1.3458603540559484	0.9119158906058171
1.348962882591654	0.9093511985908184
1.3520725631942772	0.9067912151233641
1.3551894123510364	0.9042359487084989
1.3583134465871542	0.9016854075039348
1.3614446824659503	0.8991395993150844
1.3645831365889245	0.8965985315900523
1.3677288255958495	0.8940622114145761
1.3708817661648536	0.8915306455069201
1.3740419750125157	0.8890038402127156
1.3772094688939465	0.886481801499762
1.3803842646028852	0.8839645349527625
1.383566378971781	0.8814520457680277
1.3867558288718889	0.8789443387481121
1.3899526312133532	0.8764414182964124
1.3931568029453036	0.8739432884117042
1.3963683610559376	0.8714499526826368
1.3995873225726185	0.8689614142821642
1.4028137045619582	0.8664776759619368
1.4060475241299144	0.8639987400466249
1.4092887984218747	0.8615246084282043
1.4125375446227548	0.8590552825601733
1.4157937799570817	0.8565907634517274
1.4190575216890926	0.8541310516618694
1.4223287871228198	0.8516761472934713
1.425607593602188	0.8492260499872754
1.428893958511103	0.8467807589158416
1.432187899273543	0.8443402727774395
1.435489433353656	0.8419045897898776
1.4387985782558452	0.8394737076842825
1.4421153515248688	0.8370476236988107
1.4454397707459272	0.8346263345723133
1.4487718535447618	0.8322098365379288
1.452111617587742	0.8297981253166288
1.455459080581966	0.8273911961106913
1.4588142602753482	0.8249890435971258
1.4621771744567182	0.8225916619210253
1.4655478409559113	0.8201990446888683
1.468926277643867	0.8178111849617471
1.4723125024327186	0.8154280752485457
1.4757065332758947	0.8130497074990414
1.4791083881682072	0.8106760730969572
1.4825180851459536	0.8083071628529351
1.4859356422870067	0.8059356997972446
1.4893610777109154	0.8035683768785873
1.492794409578996	0.8012057292940721
1.4962356560944337	0.7988477644692206
1.4996848355023733	0.7964944894837719
1.5031419660900225	0.7941459110667962
1.5066070661867417	0.7918020355917739
1.5100801541641484	0.7894628690716151
1.513561248436208	0.7871284171536419
1.5170503674593367	0.7847986851145162
1.5205475297324955	0.7824736778551232
1.5240527537972914	0.7801533998954019
1.5275660582380723	0.7778378553691311
1.5310874616820302	0.7755270480186616
1.5346169827992941	0.7732209811896027
1.5381546403030348	0.7709196578254538
1.5417004529495593	0.7686230804621884
1.545254439538414	0.7663312512227861
1.5488166189124812	0.7640441718117125
1.5523870099580825	0.7617618435093461
1.5559656316050743	0.7594842671663566
1.559552502826954	0.7572114431980248
1.5631476426409538	0.7549433715785138
1.5667510701081493	0.7526800518350816
1.5703628043335522	0.7504214830422473
1.5739828644662197	0.7481676638158924
1.5776112696993485	0.7459185923073154
1.5812480392703834	0.7436742661972261
1.5848931924611134	0.7414346826896867
1.5885467485977791	0.7391998385059938
1.59220872705117	0.736969729878505
1.5958791472367329	0.7347443525444075
1.5995580286146687	0.7325237017394313
1.6032453906900417	0.7303077721914975
1.6069412530128773	0.7280965581143162
1.6106456351782708	0.7258900532009186
1.6143585568264862	0.7236882506171325
1.6180800376430662	0.7214911429949951
1.6218100973589298	0.7192987224261095
1.6255487557504842	0.7171109804549329
1.6292960326397223	0.7149279080720113
1.6330519478943346	0.7127494957071434
1.6368165214278085	0.7105757332224902
1.6405897731995396	0.7084066099056128
1.6443717232149315	0.7062421144624541
1.6481623915255086	0.7040822350102499
1.651961798229015	0.7019269590703812
1.6557699634695284	0.6997762735611527
1.6595869074375604	0.6976301647905172
1.6634126503701698	0.6954886184487201
1.6672472125510627	0.6933447555732444
1.6710906143107078	0.6912048920135431
1.6749428760264373	0.6890695274110104
1.6788040181225607	0.6869386628360148
1.6826740610704674	0.684812298952221
1.6865530253887415	0.6826904360112193
1.690440931643264	0.6805730738471167
1.6943378004473288	0.6784602118710643
1.6982436524617444	0.6763518490657461
1.7021585083949509	0.6742479839798039
1.7060823890031234	0.6721486147222224
1.710015315090288	0.6700537389566499
1.7139573075084253	0.6679633538956768
1.7179083871575884	0.6658774562950517
1.721868574986007	0.6637960424478505
1.725837891990204	0.6617191081785866
1.7298163592151015	0.6596466488372708
1.7338039977541384	0.6575786592934094
1.7378008287493754	0.6555151339299562
1.7418068733916146	0.6534560666371985
1.7458221529205038	0.6514014508065947
1.7498466886246573	0.6493512793245487
1.7538805018417611	0.647305544566132
1.7579236139586931	0.6452642383887442
1.7619760464116292	0.6432273521257185
1.7660378206861649	0.6411948765798627
1.770108958317421	0.6391668020169493
1.7741894808901661	0.6371431181591374
1.7782794100389228	0.6351238141783409
1.78237876744809	0.6331088786895301
1.7864875748520508	0.6310982997439795
1.7906058540352947	0.6290920648224435
1.7947336268325265	0.6270901608282821
1.7988709151287883	0.6250925740805119
1.803017740859569	0.6230992903068043
1.8071741260109275	0.6211102946364105
1.8113400926196026	0.6191255715930318
1.8155156627731361	0.6171451050876144
1.8197008586099834	0.6151688784110904
1.8238957023196385	0.6131968742270416
1.8281002161427427	0.6112290745643073
1.832314422371212	0.6092654608095162
1.8365383433483464	0.6073060136995575
1.8407720014689564	0.6053507133139804
1.8450154191794736	0.6033995390673265
1.8492686189780787	0.6014524697013907
1.8535316234148114	0.5995094832774183
1.857804455091699	0.5975705571682228
1.8620871366628675	0.5956356680502428
1.8663796908346704	0.5937047918955195
1.8706821403658007	0.5917667250913102
1.8749945080674193	0.5898317536299357
1.8793168168032686	0.5879006914419138
1.883649089489801	0.5859735407942833
1.8879913490962936	0.5840503036136295
1.892343618644976	0.5821309814815243
1.8967059212111463	0.5802155756299223
1.9010782799233006	0.5783040869365121
1.9054607179632472	0.5763965159200282
1.9098532585662378	0.5744928627355126
1.914255925021086	0.5725931271695371
1.9186687406702891	0.5706973086353804
1.9230917289101586	0.5688054061681534
1.9275249131909356	0.5669174184198906
1.9319683170169242	0.5650333436545824
1.936421963946607	0.5631531797431725
1.9408858775927782	0.5612769241585006
1.9453600816226624	0.5594045739702029
1.9498445997580456	0.5575361258395612
1.9543394557753944	0.5556715760143092
1.95884467350599	0.5538109203233832
1.9633602768360463	0.5519541541716328
1.967886289706845	0.5501012725344747
1.9724227361148534	0.5482522699525026
1.976969640111861	0.5464071405260439
1.9815270258050979	0.5445658779096689
1.9860949173573716	0.542728475306645
1.9906733389871865	0.5408949254633458
1.9952623149688797	0.539065220663603
1.9998618696327437	0.5372393527230102
2.0044720273651615	0.5354173129831717
2.0090928126087277	0.5335990923059023
2.0137242498623884	0.531784681067368
2.0183663636815607	0.5299740691521793
2.023019178678272	0.5281672459474254
2.0276827195212817	0.5263642003366589
2.032357010936222	0.5245649206938185
2.037042077705718	0.5227693948771062
2.0417379446695296	0.5209776102227965
2.046444636724674	0.519189553539002
2.0511621788255656	0.5174052110993711
2.0558905959841414	0.5156245686367373
2.0606299132700006	0.5138476113367029
2.065380155810529	0.5120743238311736
2.0701413487910423	0.510304690191824
2.0749135174549096	0.5085386939235149
2.079696687103696	0.5067763179576411
2.084490883097289	0.5050175446454271
2.0892961308540396	0.5032623557511564
2.0941124558508926	0.5015107324453446
2.0989398836235242	0.4997514643015046
2.1037784397664754	0.49799485391858456
2.1086281499332897	0.49624172167585434
2.1134890398366464	0.4944920755251098
2.1183611352485023	0.49274592319486676
2.123244462000219	0.49100327218706297
2.1281390459827123	0.4892641297737183
2.133044913146576	0.4875285029935741
2.1379620895022327	0.48579639864868657
2.1428906011200586	0.4840678233010006
2.1478304741305343	0.48234278326887997
2.1527817347243725	0.48062128462361037
2.157744409152667	0.478903333185865
2.16271852372702	0.4771889345221406
2.167704104819695	0.4754780939411524
2.1727011788637443	0.4737708164902027
2.1777097723531593	0.47206710695150644
2.1827299118430012	0.4703669698384899
2.187761623949553	0.46867040939204574
2.1928049353504484	0.4669774295767593
2.197859872784825	0.4652880340770933
2.202926463053456	0.4636022262935414
2.2080047330189	0.4619200093387406
2.2130947096056377	0.4602413860335497
2.2181964198002193	0.4585663589030893
2.223309890651403	0.4568949301727447
2.2284351492703043	0.4552271017641298
2.2335722228305315	0.45356287529101624
2.23872113856834	0.4519022520552182
2.2438819237827663	0.4502452330424457
2.2490546058357817	0.4485918189181118
2.254239212152429	0.44694201002310635
2.259435770220978	0.44529580636952437
2.2646443075930596	0.4436532076363606
2.2698648518838223	0.44201421316515727
2.2750974307720706	0.4403788219556165
2.2803420720004186	0.43874703266116777
2.28559880337543	0.437118843584497
2.2908676527677736	0.43549425267303044
2.296148648112362	0.43387325751438155
2.301441817408509	0.43225585533174915
2.306747188720069	0.43064204297927927
2.312064790175595	0.42903181693737713
2.3173946499684783	0.42742517330798324
2.3227367963571073	0.4258221078097983
2.328091257665008	0.42422261577346987
2.3334580622810033	0.4226266921367295
2.338837238659355	0.4210343314394901
2.344228815319923	0.41944552781889266
2.3496328208483073	0.41786027500431266
2.35504928389601	0.4162721594189957
2.360478233180577	0.4146870837153192
2.365919697485759	0.4131055218631418
2.371373705661655	0.4115274826418277
2.3768402866248772	0.4099529746294848
2.38231946935869	0.408382006199924
2.3878112829131783	0.40681458551958277
2.3933157564053875	0.405250720544426
2.3988329190194912	0.40369041901680863
2.4043628000069335	0.40213368846231595
2.4099054286865957	0.4005805361865649
2.41546083444494	0.3990309692719836
2.421029046736179	0.39748499457454917
2.4266100950824154	0.39594261872050546
2.432204009073816	0.3944038481030374
2.4378108183687526	0.392868688878924
2.4434305526939726	0.3913371469651511
2.4490632418447453	0.38980922803549584
2.454708915685031	0.3882849375170764
2.4603676041476272	0.38676428058687073
2.46603933723434	0.3852472621681983
2.4717241450161302	0.38373388692717336
2.4774220576332864	0.382224159269118
2.4831331052955705	0.38071808333494755
2.4888573182823914	0.3792156629975156
2.494594726942955	0.37771690185792933
2.500345361696432	0.3762218032418252
2.506109253032114	0.3747303701956138
2.511886431509581	0.37324260548268384
2.5176769277588558	0.37175851157957673
2.5234807724805757	0.3702780906721175
2.529297996446145	0.36880134465151676
2.5351286304979084	0.36732827511042865
2.540972705549305	0.36585888333897804
2.5468302525850417	0.3643931703207448
2.552701302661247	0.3629311367287154
2.5585858869056453	0.3614727829211917
2.5644840365177175	0.3600181089376646
2.5703957827688635	0.35856711449464895
2.5763211570025755	0.3571197989814762
2.582260190634596	0.3556761614560529
2.588212915153092	0.3542362006405741
2.5941793621188136	0.35279991491720175
2.6001595631652723	0.35136730232369795
2.6061535499988953	0.3499383605490233
2.6121613543992064	0.34851308692888733
2.6181830082189848	0.34709147844126553
2.624218543384442	0.3456735317018666
2.6302679918953813	0.34425924295956545
2.6363313858253803	0.3428486080917868
2.642408757321946	0.34143610617573805
2.648500138606701	0.3400268207119449
2.654605561975539	0.3386211610085949
2.6607250597988097	0.33721913581676805
2.666858664521479	0.33582075369230435
2.6730064086633116	0.33442602299285223
2.6791683248190314	0.3330349518748908
2.6853444456585076	0.3316475482907207
2.691534803926915	0.33026381998542825
2.6977394324449206	0.32888377449381706
2.703958364108843	0.32750741913731396
2.7101916318908432	0.3261347610208395
2.7164392688390824	0.32476580702965474
2.7227013080779128	0.3234005638261708
2.7289777828080406	0.3220390378467335
2.7352687263067126	0.32068123529837217
2.741574171927882	0.31932716215552204
2.7478941531023975	0.31797682415670947
2.7542287033381663	0.3166302268012116
2.7605778562203462	0.31528737534567786
2.7669416454115114	0.31394827480072457
2.773320104651841	0.31261292992749234
2.7797132677592886	0.31128134523417467
2.7861211686297707	0.30995352497250966
2.792543841237338	0.3086294731342424
2.798981319634363	0.3073091934475491
2.805433637951713	0.30599268937343144
2.811900830398941	0.3046799641020736
2.8183829312644537	0.3033710205491675
2.8248799749157074	0.3020658613522002
2.831391995799379	0.30076448886670937
2.8379190284415565	0.29946690516250035
2.8444611074479154	0.2981731120198305
2.85101826750391	0.29688311092555475
2.8575905433749464	0.29559690306923797
2.8641779699065815	0.29431448933922677
2.8707805820246906	0.2930358703186899
2.8773984147356697	0.29176104628161464
2.8840315031266055	0.2904900171887736
2.8906798823654762	0.28922278268364554
2.897343587701323	0.2879593420883061
2.904022654464451	0.28669969439927295
2.910717118066605	0.28544383828331804
2.9174270140011673	0.2841917720732364
2.924152377843335	0.2829434937635797
2.9308932452503216	0.2816990010063455
2.9376496519615305	0.2804582911066318
2.9444216337987617	0.2792213610182458
2.9512092266663856	0.27798820733927715
2.9580124665515464	0.2767588263076262
2.9648313895243423	0.2755289651160939
2.971666031738027	0.27430253827484447
2.9785164294291895	0.27307986021304625
2.9853826189179604	0.27186093677796846
2.992264636608189	0.2706457735876913
2.9991625189876516	0.26943437602786247
3.0060763026282307	0.26822674924842693
3.013006024186122	0.26702289816032226
3.019951720402016	0.26582282743214447
3.0269134281013064	0.26462654148677967
3.0338911841942706	0.26343404449800767
3.04088502567628	0.2622453403870681
3.047894989627983	0.26106043281919883
3.054921113215514	0.25987932520013707
3.061963433690677	0.2587020206725917
3.069021988391158	0.2575285221126781
3.076096814740708	0.256358832126323
3.083187950249355	0.2551929530456313
3.0902954325135905	0.25403088692522335
3.097419299216581	0.2528726355385333
3.1045595881283554	0.25171820037407583
3.1117163371060186	0.2505675826316754
3.118889584093937	0.24942078321866262
3.126079367123956	0.24827780274603198
3.1332857243155856	0.24713864152456672
3.1405086938762183	0.24600329956092423
3.1477483141013156	0.24487177655368864
3.1550046233746274	0.2437440718893822
3.1622776601683795	0.24262018463844384
3.169567463043492	0.2415001135511662
3.1768740706497707	0.24038385705359885
3.1841975217261256	0.2392714132434094
3.1915378551007616	0.23816277988571066
3.198895109691399	0.237057954408844
3.206269324505466	0.23595693390012884
3.213660538640318	0.23485971510156828
3.2210687912834346	0.23376629440551905
3.2284941217126364	0.2326766678503177
3.2359365692962827	0.23159083111587017
3.2433961734934935	0.23050877951919713
3.250872973854344	0.2294305080099417
3.2583670100200885	0.22835601116583276
3.265878321723358	0.2272852831881098
3.273406948788383	0.22621831789690225
3.2809529311311905	0.22515510872657066
3.2885163087598315	0.22409564872100024
3.2960971217745776	0.22303993052885743
3.303695410368149	0.22198794639879577
3.311311214825911	0.22093968817462628
3.3189445755261047	0.2198951472904362
3.326595532940045	0.21884963715802366
3.3342641276323506	0.2178074630282923
3.3419504002611427	0.21676896661048523
3.3496543915782775	0.2157341498659505
3.3573761424295467	0.21470301449077173
3.365115693754908	0.21367556191224793
3.372873086588689	0.21265179328534392
3.380648362059817	0.2116317094891042
3.3884415613920256	0.21061531112303578
3.3962527259040853	0.20960259850345492
3.404081897010009	0.20859357165980177
3.4119291162192864	0.20758823033091892
3.4197944251370886	0.20658657396129668
3.4276778654645046	0.20558860169728166
3.4355794789987466	0.20459431238325249
3.443499307633384	0.20360370455775711
3.451437393358563	0.20261677644961626
3.459393778261219	0.20163352597399092
3.4673685045253166	0.2006539507284112
3.4753616144320576	0.19967804798877123
3.483373150360118	0.19870581470528487
3.4914031547858606	0.19773724749840538
3.499451670283573	0.1967723426547064
3.5075187395256795	0.19581109612272665
3.5156044052829816	0.19485350350877348
3.523708710424871	0.19389956007269213
3.53183169791957	0.19294926072359075
3.5399734108343464	0.19200260001553213
3.548133892335755	0.19105957214317998
3.5563131856898527	0.1901201709374108
3.5645113342624426	0.18918438986088115
3.5727283815192883	0.18825222200355787
3.5809643710263606	0.18732366007820447
3.5892193464500517	0.1863986964158299
3.5974933515574232	0.18547732296109137
3.6057864302164235	0.1845595312676602
3.6140986263961334	0.18364531249354138
3.6224299841669856	0.18273465739635364
3.630780547701014	0.18182755632856443
3.639150361272071	0.1809239992326837
3.6475394692560785	0.18002397563641245
3.6559479161312485	0.17912747464774886
3.664375746478333	0.17823448495004868
3.672823004980846	0.1773449947970428
3.681289736425315	0.17645899200780768
3.6897759857015027	0.1755764639616933
3.6982817978026628	0.17469739759320208
3.7068072178257596	0.17382177938682533
3.715352290971726	0.17294959537182963
3.7239170625456848	0.1720808311170002
3.732501577957206	0.17120909502965329
3.741105882720533	0.17034025364088515
3.7497300224548358	0.16947477033080294
3.758374042884441	0.16861264542581003
3.767037989839089	0.16775387899591482
3.77572190925416	0.16689847085140913
3.7844258471709336	0.16604642053951274
3.793149849736819	0.1651977273409891
3.801893963205613	0.16435239026672743
3.81065823393773	0.16351040805429504
3.8194427084004663	0.16267177916445538
3.8282474331682264	0.16183650177765668
3.8370724549227884	0.1610045737904849
3.8459178204535354	0.16017599281208697
3.8547835766577188	0.15935075616055788
3.8636697705406915	0.15852886085929768
3.8725764492161727	0.1577103036333316
3.8815036599064823	0.15689508090559948
3.8904514499428067	0.1560831887932078
3.899419866765434	0.15527462310365056
3.908408957924021	0.15446937933099258
3.9174187710778305	0.15366745265202014
3.926449353995999	0.15286883792235395
3.9355007545577743	0.15207352967252938
3.944573020752785	0.15128152210403784
3.953666200681279	0.15049280908533516
3.9627803425543955	0.14970738414780999
3.971915494694403	0.14892524048171935
3.981071705534973	0.14814637093208327
3.9902490236214203	0.14737076799454582
3.9994474976109755	0.14659842381119487
4.008667176273028	0.14582933016634758
4.0179081084894	0.14506347848229428
4.027170343254591	0.1443008598150064
4.036453929676051	0.14354146484980368
4.045758916974426	0.14278528389698406
4.055085354483839	0.14203230688741153
4.0644332916521275	0.14128252336806746
4.073802778041128	0.1405359224975583
4.083193863326921	0.13979249304158625
4.09260659730011	0.13905222336837567
4.1020410298660686	0.13831510144406212
4.111497211045223	0.13758111482803623
4.120975190973302	0.1368502506682489
4.130475019901614	0.13612249569647233
4.139996748197304	0.13539783622352017
4.149540426343631	0.13467625813442313
4.1591061049402205	0.13395774688356352
4.168693834703355	0.13324228748976413
4.178303666466218	0.13252986453133572
4.187935651179185	0.1318135852907919
4.1975898399100755	0.13109977669498477
4.207266283844442	0.13038893878319735
4.216965034285822	0.12968107228052508
4.226686142656031	0.1289761776953332
4.2364296604954115	0.1282742553164328
4.24619563946313	0.12757530521022703
4.2559841313374305	0.12687932721783382
4.265795188015928	0.12618632095217933
4.275628861515862	0.12549628579506636
4.285485203974396	0.12480922089421372
4.295364267648873	0.12412512516026956
4.3052661049171075	0.12344399726379596
4.3151907682776525	0.12276583563222651
4.325138310350088	0.12209063844679474
4.335108783875289	0.12141840363943496
4.345102241715717	0.12074912888965406
4.355118736855686	0.12008281162137487
4.365158322401661	0.11941944899974931
4.375221051582521	0.11875903792794432
4.385306977749858	0.11810157504389569
4.395416154378245	0.11744705671703423
4.405548635065534	0.1167954790449805
4.4157044735331255	0.11614683785021013
4.425883723626267	0.11550112867668773
4.436086439314326	0.11485834678647125
4.446312674691089	0.11421848715628381
4.456562483975033	0.1135815444740557
4.466835921509633	0.1129475131354334
4.477133041763626	0.11231638724025858
4.487453899331323	0.11168816058901283
4.49779854893288	0.11106282667923242
4.508167045414603	0.11044037870188865
4.518559443749224	0.10982080953773643
4.528975799036209	0.10920411175362892
4.539416166502032	0.10859027759880026
4.549880601500488	0.10797929900111237
4.560369159512962	0.1073711675632707
4.570881896148752	0.10676587455900267
4.581418867145335	0.10616341092920484
4.591980128368688	0.10556376727805249
4.6025657358135605	0.10496693386907643
4.613175745603796	0.10437290062120269
4.623810213992603	0.10378165710475859
4.634469197362879	0.10319319253744068
4.645152752227495	0.1026074957802484
4.6558609352295885	0.10202455533338109
4.666593803142887	0.10144435933209645
4.677351412871981	0.10086689554253486
4.688133821452653	0.10029215135750341
4.698941086052153	0.09971510434171181
4.709773263969529	0.09914036187327062
4.720630412635905	0.09856828667219024
4.731512589614805	0.09799887767749306
4.7424198526024455	0.0974321336147724
4.753352259428054	0.09686805299349377
4.7643098680541565	0.09630663410427345
4.775292736576909	0.09574787501612951
4.786300923226383	0.09519177357370988
4.797334486366892	0.09463832739449277
4.808393484497285	0.09408753386596304
4.819477976251274	0.0935393901427611
4.830588020397726	0.09299389314380714
4.841723675840994	0.09245103954939743
4.8528850016212095	0.09191082579827559
4.864072056914616	0.09137324808467527
4.875284901033862	0.09083830235533774
4.886523593428336	0.09030598430650037
4.897788193684462	0.08977628938085909
4.909078761526032	0.0892492127645022
4.920395356814509	0.08872474938381691
4.9317380395493595	0.08820289390236684
4.943106869868354	0.08768364071774254
4.954501908047903	0.08716698395838167
4.96592321450336	0.08665291748036223
4.97737084978936	0.08614143486416463
4.9888448746001215	0.08563252941140663
5.000345349769786	0.0851261941415468
5.011872336272722	0.08462242178855983
5.0234258952238715	0.08412120479758008
5.035006087879047	0.08362253532151705
5.046612975635284	0.08312640521763787
5.05824662003114	0.08263280604412138
5.0699070827470445	0.08214172905657921
5.081594425605605	0.0816531652045474
5.093308710571955	0.08116710512794481
5.105049999754062	0.0806835391535013
5.116818355403078	0.08020245729115265
5.1286138399136485	0.07972384923040429
5.140436515824262	0.07924770433666152
5.152286445817564	0.07877401164752791
5.16416369272071	0.07830275986906951
5.176068319505676	0.07783393737204719
5.188000389289612	0.07736753218811383
5.199959965335159	0.07690353200597921
5.211947111050805	0.0764419241675392
5.223961889991197	0.07598269566397224
5.236004365857504	0.07552583313179931
5.248074602497725	0.07507132284891108
5.2601726639070625	0.07461915073055747
5.2722986142282275	0.07416423605195509
5.284452517751805	0.07371123714936363
5.296634438916578	0.07326051956894629
5.308844442309884	0.07281208096542986
5.321082592667942	0.07236591879392237
5.333348954876211	0.07192203030745285
5.345643593969716	0.07148041255449004
5.357966575133418	0.07104106237643669
5.370317963702527	0.07060397640510287
5.382697825162884	0.07016915106015398
5.3951062251512765	0.06973658254653788
5.4075432294558095	0.06930626685188639
5.420008904016238	0.06887819974389449
5.432503314924333	0.06845237676767509
5.445026528424211	0.06802879324309019
5.4575786109127105	0.06760744426205698
5.470159628939716	0.06718832468583068
5.482769649208539	0.06677142914226146
5.495408738576246	0.06635675202302785
5.508076964054036	0.06594428748084366
5.520774392807573	0.06553402942664133
5.533501092157368	0.06512597152672803
5.546257129579107	0.06472010719991796
5.559042572704037	0.06431642961463703
5.5718574893192985	0.06391493168600318
5.584701947368309	0.0635156060728788
5.597576014951102	0.06311844517489816
5.610479760324706	0.06272344112946683
5.623413251903491	0.06233058580873549
5.6363765582595455	0.06193987081654524
5.649369748123025	0.061551287485347043
5.6623928903825345	0.06116482687309205
5.675446054085471	0.06078047976009574
5.688529308438416	0.060398236645872655
5.701642722807475	0.06001808774594394
5.714786366718672	0.05964002298861566
5.727960309858292	0.05926403201172921
5.741164622073277	0.05889010415938196
5.7543993733715695	0.05851822847861966
5.767664633922509	0.05814839371609855
5.780960474057181	0.05778058831471879
5.794286964268812	0.05741480041022715
5.807644175213121	0.05705101782779052
5.821032177708716	0.05668922807853815
5.834451042737448	0.05632941835607426
5.847900841444809	0.055971575532959
5.861381645140288	0.05561568615715917
5.874893525297769	0.0552617364484667
5.88843655355589	0.05490971229488682
5.902010801718445	0.054559599248992806
5.91561634175474	0.05420594328961156
5.9292532458	0.05385374646740149
5.942921586155727	0.05350340207868244
5.956621435290106	0.05315490850206588
5.970352865838369	0.05280826395914615
5.984115950603199	0.05246346651255657
5.997910762555095	0.05212051406400866
6.011737374832782	0.05177940435231231
6.025595860743578	0.0514401349513789
6.0394862937638	0.05110270326820526
6.0534087475391365	0.050767106540839886
6.067363295885055	0.05043334183632986
6.08135001278718	0.05010140604864993
6.095368972401694	0.049771295896611806
6.109420249055721	0.049443007921755336
6.123503917247737	0.04911653848621939
6.137620051647943	0.04879188377059481
6.151768727098683	0.048469039771756345
6.165950018614822	0.048148002300676396
6.180164001384161	0.047828766980217666
6.1944107507678146	0.04751132924290688
6.208690342300634	0.047195684328687544
6.223002851691596	0.046881827282652985
6.237348354824191	0.046569752952759
6.251726927756859	0.04625945598751495
6.266138646723353	0.045950930833655514
6.2805835881331795	0.04564417173379011
6.295061828571975	0.045339172724032234
6.309573444801933	0.04503592763160677
6.324118513762193	0.04473443007243649
6.33869711256927	0.04443467344870611
6.353309318517436	0.0441366509464056
6.367955209079159	0.04384035553285029
6.382634861905486	0.04354577995418005
6.397348354826482	0.04325291673283496
6.412095765851615	0.042961758165009606
6.4268771731701975	0.042672296318083544
6.441692655151772	0.04238452302803003
6.456542290346556	0.04209842989680044
6.471426157485831	0.04181400828968691
6.486344335482385	0.04153124933265996
6.501296903430906	0.04125014390968395
6.516283940608428	0.040970682660007515
6.531305526474723	0.04069285597543121
6.546361740672751	0.04041665399754951
6.561452663029053	0.04014206661497005
6.576578373554206	0.03986908346050682
6.591738952443213	0.03959769390834972
6.606934480075961	0.039327887071208295
6.622165037017619	0.039059651797431115
6.637430704019089	0.03878894525641932
6.652731562017413	0.0385194743554065
6.668067692136222	0.03825153010289168
6.6834391756861455	0.03798511078870474
6.698846094165265	0.03772021456962559
6.714288529259523	0.03745683946775425
6.729766562843179	0.03719498336886526
6.745280276979219	0.0369346440207479
6.760829753919819	0.03667581903153051
6.77641507610675	0.03641850586799014
6.792036326171846	0.03616270185384619
6.807693586937414	0.03590840416803922
6.823386941416698	0.03565560984299338
6.839116472814292	0.03540431576286389
6.8548822645266165	0.03515451866176755
6.870684400142321	0.034906215121998485
6.886522963442762	0.034659401572226446
6.902398038402419	0.03441407428568002
6.918309709189366	0.034170229378312315
6.934258060165691	0.03392786280695106
6.9502431758879695	0.03368697036743118
6.966265141107686	0.03344754769271134
6.982324040771715	0.033209590250972656
6.998419960022734	0.032973093343701326
7.014552984199714	0.032738052103752954
7.030723198838334	0.03250446149340048
7.046930689671471	0.03227231630236383
7.06317554262962	0.032041611145822546
7.07945784384138	0.03181234046240996
7.095777679633888	0.03158449851219013
7.112135136533292	0.031358079374616155
7.128530301265195	0.031133076946470627
7.1449632607551345	0.03090948493978733
7.16143410212902	0.03068729687975498
7.177942912713619	0.030466506102601588
7.194489780036995	0.030247105753460818
7.211074791828998	0.030029088784218543
7.227698036021702	0.02981244795134105
7.2443596007499025	0.02959717581368329
7.261059574351547	0.02938326473027846
7.277798045368242	0.029170706858107086
7.294575102545687	0.028959494149847418
7.311390834834176	0.028749618351604816
7.3282453313890406	0.028541071000622274
7.345138681571151	0.028333843422969535
7.362070974947361	0.02812792673121288
7.379042301291012	0.027923311822063646
7.396052750582378	0.02771998937400653
7.413102413009177	0.027517949844906586
7.430191378967014	0.027317183469595795
7.447319739059893	0.027114267529373078
7.464487584100665	0.02691233972485362
7.481695005111545	0.026711646082212166
7.498942093324558	0.026512184832105237
7.516228940182057	0.02631395409344542
7.533555637337174	0.026116951872048457
7.550922276654341	0.02592117605926742
7.568328950209744	0.02572662443061506
7.58577575029184	0.02553329464437297
7.603262769401819	0.025341184240188837
7.620790100254123	0.025150290637660146
7.638357835776907	0.024960611134906007
7.655966069112566	0.024772142907124997
7.67361489361819	0.024584883005141046
7.691304402866098	0.024398828353935097
7.709034690644301	0.02421397575116452
7.726805850957025	0.024030321865668336
7.744617978025188	0.023847863235959603
7.76247116628692	0.023666596268703727
7.78036551039804	0.023486517237183598
7.798301105232589	0.02330762227975032
7.816278045883297	0.02312990739826076
7.83429642766212	0.022953368456500336
7.852356346100718	0.022778001178592338
7.870457896950989	0.022603801147392494
7.888601176185544	0.022430763802869572
7.906786279998253	0.02225888444047112
7.925013304804718	0.022088158209475125
7.943282347242818	0.02191858011132637
7.961593504173188	0.021750144997958576
7.979946872679768	0.02158284757010102
7.9983425500702845	0.021416682375570654
8.016780633876794	0.02125164380754853
8.035261221856173	0.02108772610284141
8.05378441199067	0.020924923340127417
8.072350302488383	0.020763229438186804
8.090958991783825	0.02060263815411627
8.109610578538408	0.020443143081528288
8.128305161640995	0.020284737648733748
8.147042840208396	0.020127415116909287
8.165823713585926	0.019971168578247715
8.1846478813479	0.019815990954092814
8.203515443298185	0.01966187499305715
8.222426499470712	0.01950881326912375
8.241381150130026	0.019356798179730676
8.260379495771788	0.019205821943839227
8.279421637123345	0.019055876599984665
8.298507675144226	0.018906954004310403
8.317637711026709	0.01875904582858435
8.336811846196344	0.018612143558198426
8.356030182312479	0.018463259635653168
8.375292821268827	0.018315132879322172
8.394599865193973	0.0181679780717325
8.413951416451951	0.018021793711850247
8.433347577642753	0.017876578209952414
8.452788451602899	0.017732329886557794
8.472274141405963	0.017589046971348492
8.491804750363139	0.017446727602081318
8.511380382023763	0.017305369823489684
8.531001140175896	0.01716497158617512
8.550667128846833	0.01702553074548918
8.570378452303697	0.016887045060404844
8.590135215053957	0.01674951219237801
8.609937521846007	0.016612929704198517
8.629785477669701	0.016477295058830974
8.649679187756934	0.016342605618244875
8.669618757582166	0.016208858642234585
8.689604292863018	0.01607605128722824
8.709635899560805	0.01594418060508635
8.729713683881117	0.015813243541889295
8.74983775227436	0.015683236936714293
8.770008211436348	0.015554157520400963
8.790225168308842	0.015426001914306313
8.810488730080142	0.015298766629048144
8.830799004185627	0.015172448063237658
8.851156098308357	0.015047042502200314
8.871560120379607	0.014922546116685682
8.892011178579486	0.01479895496156542
8.912509381337454	0.01467626497452005
8.933054837332953	0.014554471974713632
8.953647655495937	0.014433571661457053
8.974287945007486	0.014313559612859109
8.994975815300352	0.014194431284465934
9.01571137605957	0.014076182007888028
9.036494737223014	0.013958806989415455
9.057326008982002	0.013842301308620526
9.078205301781857	0.01372665991694832
9.099132726322518	0.013611877636294557
9.120108393559097	0.013497949157571206
9.141132414702504	0.01338486903925903
9.162204901219997	0.013272631705947863
9.183325964835811	0.013161231446863557
9.204495717531712	0.01305066241438242
9.225714271547634	0.012940918622532119
9.246981739382225	0.012831993945479982
9.268298233793494	0.012723882116007425
9.289663867799362	0.012616576723971573
9.311078754678306	0.01251007121475288
9.33254300796991	0.012404358887689705
9.354056741475521	0.012299432894498625
9.375620069258803	0.01219300228175766
9.39723310564638	0.012087166634678757
9.418895965228414	0.011982090297558083
9.440608762859236	0.011877771780226991
9.462371613657929	0.011774209519561254
9.484184633008974	0.011671401878613541
9.506047936562814	0.011569347145738559
9.527961640236521	0.01146804353370972
9.549925860214358	0.011367489178828419
9.571940712948447	0.011267682140024693
9.594006315159332	0.011168620397950328
9.616122783836648	0.011070301854063297
9.638290236239705	0.010972724329704378
9.660508789898136	0.010875885565165128
9.68277856261249	0.010779783218747861
9.7050996724549	0.010684414865816713
9.727472237769652	0.010589777997840746
9.749896377173872	0.010495870021427975
9.772372209558107	0.010402688257351168
9.79489985408699	0.010310229939564621
9.817479430199844	0.010218492214212404
9.84011105761134	0.01012747213862755
9.862794856312105	0.010037166680322524
9.885530946569391	0.009947572715970463
9.908319448927676	0.009858687030377629
9.93116048420934	0.00977050631544646
9.954054173515269	0.009683027169129657
9.977000638225535	0.009596246094374728
10.	0.009510159498059485
10.023052380778994	0.009424763689917801
10.046157902783957	0.00934005488145602
10.069316688518045	0.009256029184859921
10.092528860766844	0.009172682611891652
10.115794542598982	0.009090011072777265
10.1391138573668	0.009008010375084278
10.16248692870696	0.008926676222589528
10.18591388054117	0.008846004214136682
10.209394837076797	0.008765989842484096
10.232929922807546	0.008686628493142286
10.256519262514079	0.008607915443201462
10.280162981264736	0.008529845860148344
10.303861204416158	0.008452414800673033
10.32761405761398	0.008375617209465148
10.351421666793442	0.008299447917999695
10.375284158180126	0.00822390164331193
10.39920165829059	0.008148972986761859
10.423174293933046	0.008074656432787793
10.447202192208003	0.008000946347649154
10.471285480508996	0.007927836978158045
10.495424286523221	0.007855322450400085
10.519618738232236	0.0077814616990539
10.543868963912592	0.007708033523540072
10.568175092136585	0.007635177105331734
10.592537251772887	0.007562891128128578
10.616955571987253	0.007491174218466741
10.641430182243164	0.007420024945046369
10.665961212302578	0.007349441818052838
10.690548792226577	0.007279423288472149
10.71519305237607	0.007209967747399998
10.739894123412451	0.007141073525344806
10.76465213629835	0.007072738891524179
10.789467222298287	0.0070049620531553725
10.814339512979387	0.006937741154739212
10.83926914021204	0.006871074277337774
10.864256236170656	0.006804959437845309
10.889300933334333	0.00673939458825295
10.91440336448757	0.006674377614906672
10.939563662720943	0.0066099063377587875
10.964781961431852	0.006545978509612544
10.990058394325208	0.006482591815360174
11.015393095414156	0.006419743871214109
11.040786199020735	0.006357432223931442
11.066237839776663	0.006295654350031258
11.091748152624008	0.006234407655005301
11.117317272815919	0.006173689472521478
11.142945335917304	0.006113497063620416
11.168632477805613	0.006053827615904732
11.194378834671515	0.005994678242721317
11.220184543019629	0.0059360459823363096
11.24604973966927	0.005877927797102758
11.271974561755105	0.005820320572621102
11.297959146727976	0.005763221116891965
11.324003632355566	0.005706626159461755
11.350108156723154	0.005650532350560607
11.37627285823431	0.005594936260232876
11.402497875611685	0.005539834377459763
11.428783347897712	0.0054852231092744706
11.45512941445536	0.005431098779869465
11.481536214968829	0.005377457629696068
11.508003889444357	0.005324295814555895
11.534532578210918	0.005271609404684614
11.561122421920993	0.005219394383827544
11.587773561551263	0.005167646648307325
11.614486138403427	0.005116362006083195
11.641260294104908	0.00506553617580234
11.66809617060963	0.0050151647858428
11.694993910198711	0.004965243373348202
11.721953655481304	0.004915767383253854
11.748975549395292	0.004866732167304631
11.776059735208078	0.004818132983064147
11.803206356517299	0.004768394892275781
11.830415557251646	0.004718961230617664
11.857687481671597	0.004669944964109728
11.88502227437019	0.004621345063911935
11.91242008027375	0.004573160458820516
11.93988104464273	0.00452539003477211
11.967405313072431	0.004478032634343603
11.994993031493793	0.004431087056247387
12.02264434617413	0.004384552054822179
12.050359403717973	0.004338426339519076
12.078138351067798	0.004292708574383234
12.10598133550483	0.004247397377530734
12.133888504649775	0.004202491320620922
12.161860006463678	0.00415798892832384
12.189895989248662	0.004113888677783054
12.217996601648723	0.004070188998073656
12.246161992650489	0.0040268882696554344
12.274392311584071	0.003983984823821093
12.30268770812381	0.003941476942139681
12.331048332289097	0.0038993628558950007
12.359474334445107	0.0038576407455191064
12.387965865303691	0.0038163087400206104
12.416523075924106	0.003775364916408128
12.445146117713856	0.0037348072991084317
12.473835142429433	0.003694633859379651
12.5025903021772	0.003654842514719058
12.531411749414156	0.003615431128265785
12.560299636948754	0.0035763975081982056
12.589254117941675	0.0035377394071260727
12.618275345906707	0.0034994545214771296
12.64736347471151	0.003461540490878528
12.67651865857846	0.003423994897532635
12.705741052085418	0.0033868152655875143
12.735030810166617	0.003349999060501692
12.764388088113435	0.0033135436884034995
12.793813041575252	0.003277446495444713
12.823305826560219	0.003241704767148627
12.852866599436155	0.003206315727752263
12.882495516931336	0.0031712765395429717
12.912192736135347	0.0031365843021891574
12.941958414499863	0.0031022360520652323
12.971792709839558	0.003068228761570559
13.001695780332899	0.0030345593384425566
13.031667784523	0.003001224625063786
13.061708881318419	0.0029682213977630673
13.09181922999407	0.0029355463661103532
13.121998990192028	0.0029031961722056567
13.15224832192239	0.0028711673899616923
13.182567385564074	0.0028394565243803835
13.212956341865752	0.0028080600108229535
13.243415351946643	0.002775812973159
13.273944577297401	0.0027437828404581434
13.304544179780914	0.002712053104921588
13.33521432163324	0.00268062294856577
13.365955165464419	0.0026494915221057223
13.396766874259358	0.002618657944591541
13.427649611378643	0.002588121303041669
13.458603540559483	0.002557880652072766
13.489628825916533	0.00252793501352638
13.52072563194278	0.00249828337609223
13.551894123510364	0.002468924694928169
13.583134465871542	0.0024398578912766303
13.614446824659497	0.0024110818520778083
13.645831365889252	0.002382595429579274
13.677288255958494	0.002354397440942213
13.708817661648537	0.0023264866678440323
13.740419750125149	0.002298861856077559
13.772094688939474	0.0022715217151465968
13.803842646028853	0.0022444649178579835
13.83566378971781	0.0022176900999098855
13.867558288718882	0.0021911958594765884
13.89952631213354	0.0021649807567895394
13.931568029453036	0.002139043313714734
13.963683610559377	0.002113382013326279
13.995873225726179	0.0020879952994762897
14.028137045619589	0.0020628815763609346
14.060475241299143	0.002038039208082715
14.092887984218748	0.002013466518208779
14.12537544622754	0.001989161789325478
14.157937799570824	0.0019651232625889133
14.190575216890926	0.0019413491372716268
14.223287871228198	0.0019178375703051806
14.25607593602188	0.0018945866758188592
14.288939585111036	0.0018715945246742555
14.321878992735439	0.0018488591439958244
14.35489433353656	0.0018263785166972657
14.387985782558452	0.0018041505810038416
14.421153515248696	0.001782173229970475
14.45439770745928	0.001760444310995691
14.487718535447618	0.001738961625331236
14.52111617587742	0.001717722927587513
14.554590805819668	0.0016967259252346591
14.58814260275349	0.0016759682780993312
14.621771744567184	0.0016554475978570414
14.655478409559112	0.0016351614475201568
14.689262776438676	0.0016151073409214165
14.723125024327194	0.0015952827421930112
14.757065332758946	0.0015756850652410787
14.791083881682072	0.0015563116732157138
14.825180851459544	0.0015371598779763663
14.859356422870075	0.0015174161916064186
14.893610777109155	0.0014978256601357583
14.92794409578996	0.0014784463680549197
14.962356560944343	0.0014592775339334558
14.99684835502374	0.0014403183516893522
15.031419660900225	0.0014215679903088676
15.066070661867418	0.0014030255935639654
15.100801541641477	0.0013846902797271952
15.135612484362087	0.0013665611412840319
15.170503674593368	0.0013486372446427175
15.205475297324954	0.0013309176298414325
15.240527537972907	0.001313401310252965
15.275660582380732	0.0012960872722867151
15.310874616820303	0.0012789744750880975
15.346169827992941	0.0012620618502352354
15.381546403030342	0.0012453483014330281
15.4170045294956	0.0012288327042044912
15.452544395384141	0.001212513905579412
15.488166189124811	0.0011963907237801889
15.523870099580817	0.0011804619479049844
15.55965631605075	0.0011647263376080485
15.595525028269538	0.0011491826227772698
15.631476426409538	0.0011338295032088316
15.667510701081484	0.001118665648279083
15.70362804333553	0.0011036896966134977
15.739828644662197	0.0010889002557527608
15.776112696993485	0.001074295901815884
15.812480392703826	0.001059875179160434
15.848931924611142	0.0010456366000397527
15.88546748597779	0.001031578644257227
15.9220872705117	0.0010176997588174782
15.95879147236732	0.0010039983575745792
15.995580286146694	0.0009904728208771651
16.032453906900418	0.0009771214952104946
16.069412530128773	0.0009639426928353471
16.106456351782697	0.0009509346914238313
16.143585568264868	0.0009380957336920033
16.18080037643066	0.000925424027029335
16.218100973589298	0.0009129177431249089
16.255487557504836	0.0009005750175904389
16.292960326397232	0.0008883939495799888
16.330519478943348	0.0008763726014064424
16.368165214278086	0.0008645089981545978
16.40589773199539	0.0008528011272909849
16.443717232149325	0.0008412469382702771
16.481623915255085	0.0008298443421383452
16.51961798229015	0.0008185912111318372
16.557699634695275	0.0008074853782743694
16.595869074375614	0.0007965246369692049
16.634126503701697	0.000785706740588468
16.672472125510627	0.0007743379871770202
16.71090614310707	0.000763053813695771
16.749428760264383	0.0007519038124987233
16.788040181225607	0.0007408873783212671
16.82674061070467	0.0007300038888174717
16.865530253887407	0.0007192527043688573
16.90440931643265	0.0007086331678914454
16.94337800447329	0.0006981446046411267
16.982436524617444	0.0006877863220172695
17.0215850839495	0.0006775576093646356
17.060823890031244	0.0006674577377735196
17.10015315090288	0.0006574859598781628
17.139573075084254	0.00064764150965334
17.179083871575877	0.0006379236022091994
17.21868574986008	0.0006283314335842799
17.25837891990204	0.0006188641805367318
17.298163592151013	0.0006095210003336614
17.338039977541374	0.0006003010305386739
17.378008287493763	0.0005912033887975301
17.418068733916144	0.0005822271726219456
17.458221529205037	0.0005733714591714641
17.498466886246565	0.0005646353050334646
17.53880501841762	0.0005560177460012175
17.579236139586932	0.0005475177968500357
17.619760464116293	0.0005391344511114277
17.66037820686164	0.0005308666808453268
17.70108958317422	0.0005227134364103114
17.741894808901662	0.0005146736462318511
17.78279410038923	0.000506746216568501
17.82378767448089	0.000498930031276101
17.864875748520518	0.0004912239515699087
17.906058540352948	0.0004836268157846903
17.947336268325266	0.0004761374391326961
17.988709151287875	0.0004687546134595796
18.030177408595698	0.00046147710699817964
18.071741260109274	0.0004543036641201963
18.113400926196025	0.0004472330050856897
18.15515662773135	0.0004402638257904468
18.197008586099845	0.0004333947975111533
18.238957023196384	0.00042662456664838215
18.281002161427427	0.0004199517544673451
18.323144223712113	0.0004133749568364381
18.365383433483473	0.00040689274396352355
18.407720014689563	0.00040050366012995886
18.450154191794738	0.0003942062234223211
18.492686189780777	0.0003879989254618496
18.535316234148123	0.0003818802311315546
18.57804455091699	0.0003758485783010056
18.620871366628677	0.0003699023775487349
18.663796908346693	0.0003640400118822934
18.706821403658015	0.00035775550507210997
18.74994508067419	0.0003515123821823369
18.793168168032686	0.0003453468435817802
18.836490894898002	0.0003392584762347236
18.879913490962945	0.00033324685637573274
18.92343618644976	0.00032731154939096517
18.967059212111465	0.000321452109698402
19.010782799232995	0.0003156680806270593
19.054607179632484	0.00030995899429511314
19.098532585662387	0.00030432437148697586
19.14255925021086	0.00029876372152926175
19.18668740670289	0.00029327654216569404
19.230917289101594	0.00028786231943089943
19.275249131909366	0.0002825205275231074
19.31968317016924	0.00027725062867571824
19.364219639466068	0.00027205207302776694
19.408858775927794	0.00026692429849324134
19.453600816226633	0.0002618667306292753
19.498445997580454	0.00025687878250316653
19.543394557753942	0.00025195985455826015
19.58844673505991	0.0002471093344786494
19.633602768360475	0.00024232659705271246
19.67886289706845	0.0002376110040354394
19.724227361148536	0.00023296190400958462
19.76969640111862	0.00022837863224560556
19.81527025805099	0.0002238605105603898
19.860949173573715	0.0002194068471747456
19.906733389871864	0.00021501693656967186
19.952623149688808	0.0002106900593413763
19.998618696327448	0.0002064254820550482
20.044720273651613	0.00020222245709735
20.090928126087277	0.0001980802225276531
20.137242498623895	0.00019399800192797874
20.183663636815616	0.0001899750042516553
20.23019178678272	0.00018601042367065494
20.276827195212817	0.00018210343942163127
20.32357010936221	0.00017825321565062574
20.37042077705719	0.00017445921441915167
20.417379446695296	0.0001707206924247457
20.46444636724674	0.00016703630959469934
20.511621788255646	0.0001634051679893312
20.558905959841425	0.00015982635378097572
20.606299132700006	0.0001562989370905257
20.65380155810529	0.00015282197182255706
20.701413487910415	0.00014939449549905952
20.749135174549107	0.0001460155290917372
20.79696687103696	0.00014268407685288372
20.844908830972887	0.00013939912614480162
20.892961308540386	0.0001361596472677783
20.941124558508935	0.000132964593286589
20.989398836235246	0.00012981289985552986
21.03778439766475	0.00012670348504194637
21.086281499332888	0.00012363524914827518
21.134890398366476	0.00012060707453256592
21.183611352485023	0.00011761782542748352
21.23244462000219	0.0001146663477577645
21.28139045982711	0.00011175146895613285
21.330449131465773	0.00010887199777765264
21.379620895022324	0.00010602672411251141
21.428906011200585	0.00010321441879720712
21.47830474130533	0.00010043383342415099
21.527817347243737	0.00009768370014965041
21.57744409152667	0.00009496273150027934
21.6271852372702	0.0000922696201776001
21.67704104819694	0.00008960303886124864
21.727011788637455	0.00008696164001035306
21.77709772353159	0.00008434405566328493
21.827299118430012	0.00008174889723571189
21.87761623949552	0.0000791747553169632
21.9280493535045	0.00007662019946467348
21.978598727848254	0.00007408377799770894
22.02926463053456	0.0000715640177873404
22.080047330188993	0.00006905942404667594
22.13094709605639	0.0000665684801183197
22.181964198002195	0.00006408964726025565
22.23309890651403	0.00006162136442992685
22.28435149270303	0.00005916204806651655
22.335722228305325	0.000056710091871401705
22.3872113856834	0.00005426386658677463
22.438819237827662	0.000051821719772404666
22.490546058357804	0.00004938197558054461
22.542392121524305	0.00004694293452895115
22.59435770220978	0.00004450287327201853
22.646443075930595	0.0000420600443699915
22.698648518838212	0.00003961267605626643
22.750974307720718	0.00003715897200274689
22.803420720004187	0.00003469711108325316
22.8559880337543	0.000032225247134951654
22.908676527677724	0.00002974150871781116
22.961486481123632	0.000027243998872054666
23.01441817408509	0.000024730794873603165
23.06747188720069	0.00002219994798747687
23.12064790175594	0.000019649483219163228
23.173946499684796	0.000017077399063917148
23.227367963571073	0.000014481667253988605
23.280912576650078	0.000011860232503748278
23.33458062281002	9.211012252712109e-6
23.38837238659356	6.531896406435537e-6
23.442288153199225	3.820747075271404e-6
23.49632820848307	1.0753983109573864e-6