0.1	6.26885314890815
0.10023052380778996	6.262983505473222
0.10046157902783952	6.257113360285095
0.10069316688518042	6.251242707736737
0.10092528860766845	6.24537154173993
0.10115794542598985	6.239499855718895
0.10139113857366794	6.233627642603867
0.10162486928706957	6.227754894824584
0.1018591388054117	6.221881604303731
0.102093948370768	6.21600776245033
0.10232929922807542	6.210133360153064
0.10256519262514076	6.204258387773515
0.10280162981264736	6.198382835139357
0.10303861204416162	6.192506691537506
0.10327614057613975	6.1866299457071525
0.10351421666793438	6.18075258583279
0.10375284158180126	6.174874599537117
0.10399201658290592	6.168995973873928
0.10423174293933042	6.163116695320895
0.10447202192208001	6.1572367497723075
0.10471285480508996	6.1513547092729945
0.10495424286523224	6.145465417397597
0.1051961873823223	6.1395753800859705
0.1054386896391259	6.133684599997169
0.10568175092136585	6.127793079436395
0.10592537251772889	6.1219008203499055
0.10616955571987247	6.1160078243198255
0.10641430182243161	6.110114092558958
0.10665961212302578	6.104219625905509
0.1069054879222658	6.098324424817761
0.10715193052376065	6.092428489368741
0.10739894123412448	6.0865318192407685
0.1076465213629835	6.080634413720005
0.10789467222298288	6.074736271690909
0.1081433951297938	6.0688373916307
0.10839269140212036	6.062937771603672
0.10864256236170655	6.057037409255563
0.10889300933334335	6.051136301807773
0.10914403364487565	6.045234446051596
0.10939563662720939	6.039331838342364
0.1096478196143185	6.033428474593529
0.10990058394325211	6.027524350270711
0.11015393095414151	6.021619460385688
0.11040786199020733	6.015713799490291
0.11066237839776664	6.009807361670306
0.11091748152624012	6.003900140539233
0.11117317272815914	5.997992129232085
0.11142945335917301	5.99208332039904
0.11168632477805612	5.986173706199089
0.11194378834671516	5.9802632782935925
0.11220184543019636	5.974352027839789
0.11246049739669266	5.968439945484253
0.11271974561755105	5.962527021356262
0.11297959146727979	5.956613245061136
0.11324003632355571	5.950698605673479
0.11350108156723152	5.9447830917303826
0.1137627285823431	5.9388666912245665
0.11402497875611688	5.932949391597416
0.11428783347897718	5.927031179732036
0.11455129414455358	5.921112041946128
0.1148153621496883	5.915191963984905
0.11508003889444356	5.909270931013868
0.11534532578210924	5.903348927611562
0.11561122421920987	5.89742593776224
0.11587773561551262	5.891501944848447
0.11614486138403426	5.885576931643591
0.11641260294104915	5.879650880304351
0.11668096170609624	5.873723772363127
0.11694993910198712	5.8677955887203135
0.11721953655481303	5.861866309636585
0.11748975549395298	5.855933878381024
0.11776059735208072	5.849990866130457
0.11803206356517298	5.844046648403849
0.11830415557251646	5.8381012304491735
0.118576874816716	5.832154617219402
0.11885022274370183	5.826206813368056
0.11912420080273747	5.820257823244663
0.1193988104464273	5.8143076508902025
0.11967405313072434	5.808356300032461
0.11994993031493788	5.802403774081398
0.12022644346174129	5.796450076124415
0.12050359403717974	5.790495208921622
0.120781383510678	5.784539174901007
0.12105981335504823	5.778581976153622
0.12133888504649772	5.772623614428653
0.12161860006463679	5.766664091128504
0.12189895989248664	5.760703407303788
0.12217996601648717	5.754741563648282
0.12246161992650487	5.74877856049386
0.12274392311584072	5.742814397805327
0.12302687708123815	5.736849075175245
0.1233104833228909	5.730882591818682
0.12359474334445104	5.724914946567934
0.1238796586530369	5.718946137867173
0.1241652307592411	5.712976163767056
0.1244514611771385	5.707005021919286
0.12473835142429429	5.701032709571096
0.125025903021772	5.695059223559718
0.1253141174941416	5.6890845603067675
0.1256029963694875	5.683108715812586
0.12589254117941673	5.677131685650536
0.12618275345906707	5.671153464961219
0.12647363474711512	5.6651740484466675
0.12676518658578456	5.659193430364458
0.12705741052085415	5.653211604521783
0.12735030810166617	5.647228564269456
0.12764388088113438	5.6412443024958625
0.12793813041575247	5.635258811620864
0.12823305826560213	5.629272083589618
0.12852866599436155	5.623284109866379
0.1288249551693134	5.617294881428197
0.12912192736135342	5.611304388758589
0.1294195841449986	5.60531262184114
0.12971792709839558	5.599319570153027
0.13001695780332903	5.593325222658528
0.13031667784522993	5.58732956780241
0.13061708881318415	5.581332593503299
0.1309181922999407	5.57533428714697
0.13121998990192033	5.5693346355795805
0.13152248321922383	5.563333625100834
0.1318256738556407	5.557329085819684
0.1321295634186575	5.5513131611777915
0.13243415351946647	5.545295783527955
0.13273944577297395	5.539276966157931
0.1330454417978091	5.533256722181002
0.1333521432163324	5.527235064532682
0.13365955165464422	5.521212005967357
0.1339676687425935	5.515187559054939
0.1342764961137864	5.509161736177435
0.13458603540559483	5.503134549525528
0.13489628825916536	5.497106011095069
0.13520725631942773	5.491076132683597
0.1355189412351036	5.48504492588675
0.1358313446587154	5.479012402094712
0.136144468246595	5.472978572488558
0.13645831365889247	5.4669434480366235
0.13677288255958492	5.460907039490775
0.13708817661648537	5.4548693573826865
0.13740419750125152	5.448830412020068
0.13772094688939465	5.442790213482841
0.1380384264602885	5.436748771619291
0.1383566378971781	5.430706096042163
0.13867558288718884	5.42466219612475
0.13899526312133534	5.418617080996911
0.13931568029453031	5.412570759541043
0.13963683610559377	5.4065232403880525
0.13995873225726183	5.4004745319132486
0.14028137045619582	5.394424642232207
0.1406047524129914	5.388373579196592
0.14092887984218747	5.382321350389941
0.14125375446227545	5.37626796312341
0.14157937799570816	5.370213424431449
0.14190575216890922	5.364157741067474
0.142232878712282	5.358100919499466
0.14256075936021884	5.352042965905542
0.1428893958511103	5.345983886169463
0.14321878992735435	5.339923685876135
0.1435489433353656	5.3338623703070125
0.14387985782558455	5.3277999444355055
0.14421153515248689	5.321736412922307
0.14454397707459277	5.315671780110701
0.14487718535447616	5.309606050021791
0.14521116175877424	5.30353922634972
0.14554590805819662	5.297471312456811
0.14588142602753484	5.291402311368684
0.14621771744567183	5.285332225769302
0.14655478409559117	5.279261057995988
0.1468926277643867	5.273188810034384
0.1472312502432719	5.267115483513368
0.14757065332758945	5.261041079699897
0.14791083881682077	5.254964190241152
0.14825180851459538	5.248879689107013
0.1485935642287007	5.242794079800441
0.14893610777109154	5.236707381206385
0.14927944095789963	5.230619612087553
0.14962356560944334	5.224530791081588
0.1499684835502373	5.2184409366981255
0.15031419660900225	5.21235006731584
0.15066070661867417	5.206258201179498
0.15100801541641484	5.200165356396928
0.1513561248436208	5.194071550935981
0.1517050367459337	5.187976802621466
0.15205475297324955	5.181881129132034
0.15240527537972914	5.175784547997041
0.15275660582380723	5.169687076593376
0.15310874616820302	5.163588732142249
0.15346169827992942	5.157489531705952
0.1538154640303035	5.151389492184583
0.15417004529495593	5.145288630312736
0.1545254439538414	5.1391869626561455
0.1548816618912481	5.133084505608315
0.15523870099580825	5.126981275387093
0.15559656316050743	5.120877288031228
0.15595525028269538	5.114772559396866
0.15631476426409538	5.108667105154033
0.15667510701081494	5.10256094078307
0.15703628043335524	5.096454081571025
0.15739828644662196	5.090346542608033
0.15776112696993486	5.0842383387836145
0.15812480392703834	5.078129484782981
0.15848931924611134	5.072019995083273
0.15885467485977792	5.065909883949768
0.159220872705117	5.059799165432049
0.15958791472367329	5.053687853360139
0.15995580286146688	5.047575961340587
0.16032453906900418	5.0414635027525065
0.1606941253012877	5.035350490743605
0.16106456351782708	5.0292369382261315
0.16143585568264862	5.023122857872812
0.16180800376430657	5.017008262112733
0.16218100973589297	5.010893163127183
0.16255487557504839	5.004777572845453
0.16292960326397224	4.998661502940587
0.16330519478943342	4.992544964825111
0.16368165214278085	4.986427969646687
0.16405897731995392	4.980310528283744
0.16443717232149316	4.974192651341082
0.1648162391525508	4.9680743491453665
0.1651961798229015	4.961955631740663
0.1655769963469528	4.955836508883861
0.16595869074375605	4.9497163504542
0.16634126503701693	4.94359283894473
0.16672472125510626	4.937468934753952
0.16710906143107074	4.931344655120291
0.16749428760264373	4.92522001709234
0.16788040181225602	4.919095037525194
0.16826740610704674	4.912969733076729
0.16865530253887412	4.906844120203875
0.16904409316432642	4.9007182151588164
0.16943378004473283	4.894592033985175
0.16982436524617442	4.888465592514142
0.17021585083949506	4.8823389063605696
0.17060823890031235	4.8762119909190345
0.17100153150902875	4.87008486135985
0.17139573075084252	4.863957532625031
0.17179083871575881	4.857830019424233
0.1721868574986007	4.851702336230636
0.17258378919902034	4.845574497276805
0.17298163592151014	4.839446516550477
0.17338039977541378	4.833318407790333
0.17378008287493754	4.827190184481715
0.17418068733916142	4.8210618598522945
0.17458221529205037	4.814933446867722
0.1749846688624657	4.808804958227192
0.1753880501841761	4.802676406358992
0.17579236139586926	4.796547803415998
0.1761976046411629	4.790419161271136
0.17660378206861643	4.7842904915127695
0.17701089583174212	4.778161805440068
0.17741894808901656	4.772033114058325
0.1778279410038923	4.7659044280742
0.17823787674480895	4.759775757890962
0.17864875748520506	4.75364711360364
0.17906058540352943	4.747518504994156
0.17947336268325265	4.741389941526385
0.1798870915128788	4.735261432341193
0.1803017740859569	4.7291329862513924
0.1807174126010927	4.723004611736682
0.18113400926196024	4.716876316938506
0.18155156627731356	4.710748109654884
0.18197008586099836	4.704619997335183
0.18238957023196378	4.698491987074832
0.1828100216142743	4.692364085609987
0.18323144223712115	4.686236299312148
0.18365383433483465	4.680108634182728
0.18407720014689558	4.673981095847547
0.18450154191794738	4.66785368955129
0.18492686189780783	4.661726420151917
0.18535316234148114	4.65559929211499
0.18578044550916986	4.649472309507976
0.18620871366628675	4.643344282803175
0.186637969083467	4.6372108746816085
0.18706821403658005	4.631077594264768
0.18749945080674188	4.62494446015638
0.18793168168032684	4.618811490758028
0.18836490894898006	4.612678704265269
0.18879913490962935	4.60654611866369
0.18923436186449755	4.6004137517249735
0.18967059212111465	4.59428162100287
0.19010782799233	4.588149743829178
0.19054607179632474	4.582018137309621
0.1909853258566238	4.575886818319751
0.19142559250210858	4.569755803500762
0.19186687406702896	4.563625109255271
0.19230917289101584	4.5574947517430555
0.1927524913190936	4.551364746876772
0.1931968317016924	4.545235110317592
0.19364219639466074	4.539105857470803
0.19408858775927784	4.53297700348139
0.19453600816226624	4.526848563229546
0.19498445997580455	4.5207205513261375
0.19543394557753943	4.514592982108151
0.195884467350599	4.508465869634043
0.19633602768360464	4.502339227679102
0.1967886289706845	4.49621306973072
0.19724227361148533	4.4900874089836265
0.19769696401118608	4.483962258335089
0.1981527025805098	4.477837630380056
0.19860949173573716	4.47171353740623
0.19906733389871864	4.465589991389137
0.19952623149688797	4.459467003987105
0.1999861869632744	4.453344586536211
0.20044720273651614	4.447222750045168
0.2009092812608728	4.44110150519018
0.20137242498623883	4.4349808623097156
0.20183663636815607	4.42886083139927
0.2023019178678272	4.4227414221060215
0.20276827195212818	4.416622643723495
0.20323570109362218	4.410504505186117
0.2037042077705718	4.404387015063765
0.20417379446695297	4.398270181556214
0.20464446367246739	4.392154012487583
0.20511621788255657	4.386038515300679
0.20558905959841414	4.3799236970513125
0.20606299132700007	4.373809564402543
0.20653801558105292	4.367696123618889
0.20701413487910425	4.3615833805604405
0.20749135174549097	4.355471340676968
0.2079696687103696	4.349360009001928
0.20844908830972886	4.343249390146441
0.20892961308540398	4.337138083168626
0.20941124558508925	4.331020980276215
0.20989398836235246	4.324904569079196
0.21037784397664752	4.318788871499775
0.21086281499332898	4.312673909272107
0.21134890398366465	4.306559703938484
0.2118361135248502	4.300446276845434
0.21232444620002192	4.294333649139812
0.21281390459827124	4.2882218417648374
0.21330449131465762	4.282110875456087
0.21379620895022325	4.276000770737452
0.21428906011200585	4.269891547917057
0.21478304741305343	4.263783227083113
0.21527817347243727	4.257675828099767
0.21577444091526668	4.251569370602866
0.21627185237270202	4.245463873995711
0.21677041048196952	4.239359357444738
0.21727011788637443	4.2332558398751905
0.2177709772353159	4.227153339966697
0.21827299118430013	4.221051876148855
0.2187761623949553	4.214951466596738
0.21928049353504486	4.208852129226365
0.21978598727848253	4.202753881690124
0.2202926463053456	4.196656741372142
0.22080047330189004	4.190560725383619
0.22130947096056375	4.1844658505581105
0.22181964198002194	4.178372133446752
0.2223309890651403	4.172279590313451
0.22284351492703042	4.166188237130018
0.22335722228305316	4.160098089571251
0.223872113856834	4.154009163009978
0.22438819237827662	4.147921472512036
0.2249054605835781	4.141835032831207
0.22542392121524293	4.135749858404104
0.22594357702209775	4.129665963345012
0.22646443075930595	4.123583361440646
0.2269864851883822	4.117502066144905
0.22750974307720706	4.111422090573532
0.2280342072000418	4.105343447498744
0.22855988033754301	4.099266149343797
0.2290867652767773	4.093190208177497
0.2296148648112362	4.08711563570867
0.23014418174085083	4.081042443280563
0.2306747188720069	4.074970641865183
0.23120647901755947	4.06890024205761
0.23173946499684786	4.062831254070222
0.2322736796357107	4.056763687726868
0.23280912576650079	4.050697552457007
0.23334580622810028	4.044632857289767
0.23388372386593548	4.038569610847948
0.2344228815319922	4.032506681530379
0.23496328208483072	4.026439930740012
0.23550492838960096	4.020374625793052
0.2360478233180577	4.014310789088613
0.23659196974857583	4.008248442803891
0.23713737056616552	4.002187608889882
0.23768402866248767	3.99612830906705
0.23823194693586902	3.9900705648209653
0.23878112829131776	3.984014397397887
0.23933157564053875	3.977959827800297
0.23988329190194904	3.971906876782399
0.24043628000069334	3.9658555648455596
0.24099054286865948	3.9598059122337044
0.24154608344449405	3.9537579389286845
0.2421029046736178	3.947711664645558
0.24266100950824154	3.9416671088278665
0.24322040090738153	3.9356242906428265
0.24378108183687525	3.9295832289764956
0.2443430552693972	3.923543942428873
0.24490632418447456	3.917506449308977
0.24547089156850305	3.9114707676298273
0.24603676041476275	3.9054369151034223
0.24660393372343392	3.899404909135633
0.24717241450161304	3.8933747668210694
0.24774220576332856	3.88734650493787
0.24831331052955705	3.8813201399424697
0.2488857318282391	3.8752956879642717
0.24945947269429547	3.8692731648003225
0.25003453616964316	3.8632525859098736
0.2506109253032114	3.8572339664089403
0.251188643150958	3.8512173210647616
0.25176769277588557	3.8452026642902477
0.25234807724805747	3.8391900101383327
0.2529297996446145	3.8331793722963035
0.25351286304979076	3.827170764080041
0.25409727055493053	3.821164198428236
0.2546830252585041	3.815159687896526
0.2552701302661247	3.8091572446515767
0.2558585886905646	3.803156880465118
0.25644840365177174	3.797158606707897
0.2570395782768864	3.7911624343436
0.25763211570025757	3.785168373922696
0.25822601906345966	3.779176435576216
0.2588212915153092	3.7731866290094933
0.2594179362118814	3.767198963495819
0.2600159563165272	3.7612134478700407
0.2606153549998896	3.7552300905221165
0.26121613543992067	3.7492488993905826
0.2618183008218985	3.743269881955967
0.26242185433844417	3.737293045234136
0.26302679918953814	3.731316841113202
0.263633138582538	3.7253356201545347
0.2642408757321946	3.719356562294682
0.2648500138606701	3.713379693713622
0.2654605561975539	3.7074050403860577
0.26607250597988097	3.701432628077183
0.2666858664521479	3.6954624823384443
0.26730064086633115	3.6894946285032035
0.2679168324819031	3.683529091682414
0.26853444456585074	3.677565896760197
0.26915348039269155	3.671605068389414
0.26977394324449205	3.665646630987166
0.2703958364108843	3.659690608730256
0.2710191631890843	3.65373702555061
0.2716439268839082	3.6477859051306414
0.2722701308077913	3.641837270898559
0.272897778280804	3.6358911460236563
0.27352687263067127	3.629947553411518
0.27415741719278824	3.6240065156992016
0.2747894153102397	3.6180680552503506
0.2754228703338166	3.612132194150276
0.27605778562203465	3.606198954200973
0.27669416454115114	3.6002683569161036
0.2773320104651841	3.594340423515886
0.27797132677592884	3.5884151749220004
0.2786121168629771	3.582492631752378
0.27925438412373377	3.5765728143159747
0.2798981319634363	3.5706557426074736
0.2805433637951713	3.5647414363019516
0.28119008303989407	3.558829914749461
0.28183829312644537	3.5529211969696024
0.2824879974915708	3.5470153016459998
0.2831391995799379	3.54111224712074
0.2837919028441557	3.535212051388746
0.28444611074479154	3.5293147320921245
0.285101826750391	3.5234203065144065
0.28575905433749466	3.5175287915747693
0.2864177969906581	3.511640203822188
0.28707805820246907	3.5057545594295263
0.28773984147356696	3.499871874187576
0.28840315031266056	3.493992163499027
0.2890679882365476	3.4881154423723784
0.28973435877013226	3.4822417254158124
0.2904022654464451	3.4763710268309573
0.2910717118066605	3.4705033604066537
0.29174270140011677	3.464638739512601
0.29241523778433354	3.4587771770929776
0.2930893245250321	3.4529186856599807
0.2937649651961531	3.4470632772873087
0.29444216337987617	3.441210963603583
0.29512092266663853	3.435359795680185
0.29580124665515467	3.4295026537940205
0.2964831389524342	3.423648593601119
0.29716660317380267	3.417797651473547
0.29785164294291894	3.4119498636745975
0.298538261891796	3.4061052663553637
0.2992264636608189	3.400263895551299
0.29991625189876514	3.3944257871787187
0.30060763026282306	3.388590977031282
0.3013006024186122	3.3827595007764164
0.3019951720402016	3.376931393951727
0.30269134281013055	3.3711066919613297
0.30338911841942706	3.365285430072182
0.3040885025676279	3.359467643410349
0.3047894989627983	3.3536533669572375
0.3054921113215513	3.347842635545784
0.3061963433690677	3.342035483856608
0.30690219883911574	3.336231946414118
0.3076096814740708	3.330432057582572
0.3083187950249354	3.324635851562105
0.30902954325135906	3.3188433623847065
0.309741929921658	3.3130546239101566
0.31045595881283555	3.3072696698219084
0.31117163371060175	3.3014885336229485
0.3118889584093937	3.295711248631592
0.3126079367123955	3.2899378479772374
0.31332857243155854	3.284168364596085
0.3140508693876217	3.278402831226795
0.3147748314101316	3.27325053874541
0.31550046233746265	3.2684129509042177
0.31622776601683794	3.26357891731511
0.3169567463043491	3.258748440865917
0.31768740706497706	3.2539215239193333
0.3184197521726125	3.2490981683057445
0.31915378551007617	3.2442783753159743
0.3198895109691398	3.239462145693961
0.3206269324505466	3.234649479629379
0.3213660538640317	3.229840376750169
0.32210687912834346	3.2250348361150127
0.32284941217126356	3.2202328562057354
0.32359365692962827	3.2154344349196244
0.32433961734934924	3.2106395695616956
0.3250872973854344	3.2058482568368594
0.3258367010020088	3.2010604928420396
0.32658783217233583	3.1962762730582064
0.3273406948788382	3.191495592342328
0.328095293113119	3.186718444919253
0.32885163087598307	3.1819448243735264
0.32960971217745777	3.1771747236411123
0.3303695410368148	3.17240813500104
0.3311311214825911	3.1676433743744377
0.3318944575526104	3.162874336892654
0.33265955329400454	3.1581087457202863
0.333426412763235	3.153346613156133
0.3341950400261143	3.148587951115616
0.33496543915782767	3.1438327711249965
0.3357376142429547	3.1390810843155474
0.33651156937549076	3.134332901417655
0.3372873086588689	3.129588232754876
0.3380648362059816	3.1248470882379253
0.33884415613920255	3.120109477358616
0.3396252725904084	3.1153754091837285
0.3404081897010009	3.1106448923488337
0.34119291162192855	3.105917935052039
0.3419794425137089	3.101194545047695
0.3427677865464504	3.0964747296400192
0.34355794789987465	3.0917584956766753
0.34434993076333853	3.087045849542279
0.3451437393358563	3.0823367971518496
0.345939377826122	3.077631343944194
0.34673685045253166	3.0729294948752246
0.34753616144320587	3.0682312544112214
0.34833731503601184	3.0635366265220187
0.34914031547858615	3.0588456146741363
0.3499451670283573	3.054158221823838
0.350751873952568	3.0494744504101305
0.35156044052829816	3.044794302347684
0.35237087104248715	3.0401177790197
0.353183169791957	3.0354448812707004
0.3539973410834347	3.030775609399255
0.35481338923357547	3.026109963150628
0.3556313185689854	3.0214479417093734
0.3564511334262443	3.016789543691843
0.35727283815192895	3.0121347671386327
0.35809643710263606	3.007483609506959
0.35892193464500527	3.002836067662951
0.35974933515574237	2.9981921378738865
0.36057864302164244	2.993551815800342
0.36140986263961333	2.988915096488279
0.36224299841669866	2.984281974361044
0.3630780547701014	2.9796524432113043
0.36391503612720716	2.975026496192901
0.36475394692560786	2.9704041258126366
0.36559479161312497	2.965785323921966
0.36643757464783333	2.9611700817086293
0.3672823004980847	2.9565583896882
0.3681289736425315	2.9519502376955487
0.3689775985701504	2.9473456148762334
0.3698281797802663	2.9427445096778126
0.37068072178257605	2.938146909841065
0.37153522909717257	2.9335501855832273
0.3723917062545686	2.9289448038215062
0.3732501577957206	2.9243428260450517
0.3741105882720534	2.9197442725779403
0.3749730022454836	2.915149163486588
0.3758374042884442	2.910557518575246
0.37670379898390893	2.905969357381444
0.377572190925416	2.901384699171388
0.37844258471709324	2.896803562935312
0.3793149849736819	2.8922259673827835
0.38018939632056115	2.887651930937963
0.381065823393773	2.8830814717348052
0.3819442708400465	2.8785146076122308
0.38282474331682265	2.873951356109232
0.38370724549227875	2.8693917344599376
0.38459178204535355	2.864835759588629
0.38547835766577176	2.8602834481047013
0.38636697705406914	2.855734816297576
0.3872576449216172	2.851189880131572
0.3881503659906482	2.8466486552407066
0.38904514499428056	2.842111156923462
0.3899419866765434	2.8375774001374903
0.390840895792402	2.833047399494276
0.3917418771077831	2.8285211692537273
0.3926449353995998	2.823998723318736
0.3935500754557774	2.8194800752296665
0.3944573020752784	2.8149652381588006
0.3953666200681279	2.810454224904719
0.39627803425543945	2.805947047886643
0.3971915494694403	2.801443719138695
0.3981071705534972	2.7969442503041337
0.39902490236214205	2.7924486526295054
0.39994474976109745	2.7879569369587545
0.4008667176273028	2.783469113727273
0.4017908108489399	2.7789851929558904
0.4027170343254591	2.774505184244799
0.40364539296760493	2.77002909676744
0.4045758916974427	2.7655569392643033
0.40550853544838383	2.761088720036689
0.40644332916521275	2.7566244469403967
0.40738027780411273	2.7521641273793622
0.4083193863326921	2.747707768299218
0.40926065973001086	2.7432553761808154
0.4102041029866068	2.7388069570336597
0.41114972110452225	2.734362516389295
0.4120975190973302	2.7299220592946245
0.4130475019901614	2.7254855903051727
0.41399967481973043	2.7210531134782636
0.4149540426343629	2.716624632366155
0.41591061049402206	2.7122001500090915
0.4168693834703354	2.707778648222221
0.41783036664662176	2.7033564158918733
0.4187935651179184	2.69893816478641
0.41975898399100753	2.694523909674256
0.4207266283844441	2.690113664968894
0.4216965034285822	2.6857074447233713
0.422668614265603	2.6813052626247607
0.4236429660495411	2.6769071319885622
0.4246195639463129	2.672513065753047
0.4255984131337431	2.6681230764735533
0.42657951880159267	2.6637371763167215
0.4275628861515862	2.659355377054668
0.4285485203974395	2.654977690059119
0.4295364267648873	2.650604126295461
0.43052661049171065	2.646234696316762
0.43151907682776525	2.6418694102577094
0.43251383103500873	2.637508277828506
0.4335108783875289	2.6331513083086984
0.43451022417157154	2.6287985105409493
0.4355118736855686	2.6244498929247437
0.436515832240166	2.6201054634100456
0.4375221051582521	2.6157652294908775
0.4385306977749857	2.6114291981988558
0.4395416154378245	2.607097376096647
0.4405548635065533	2.602769769271376
0.4415704473533125	2.598446383327955
0.44258837236262655	2.5941272233823685
0.44360864393143257	2.5898122940548696
0.4446312674691087	2.585501599463137
0.4456562483975033	2.5811951432153446
0.44668359215096315	2.5768929284031783
0.44771330417636257	2.572594957594782
0.4487453899331322	2.5683012328276353
0.449779854893288	2.5640117556013657
0.45081670454146017	2.5597265268704907
0.4518559443749224	2.555445547037092
0.4528975799036208	2.55116881594342
0.4539416166502032	2.5468963328644287
0.4549880601500486	2.5426280965002417
0.4560369159512962	2.538364104968542
0.4570881896148751	2.5341043557968925
0.4581418867145335	2.529848845914987
0.4591980128368686	2.5255975716468284
0.4602565735813561	2.521350528702825
0.4613175745603794	2.5171077121718257
0.46238102139926035	2.512869116513066
0.46344691973628804	2.5086347355480543
0.46451527522274944	2.5044045624523656
0.465586093522959	2.500178589747374
0.46665938031428866	2.4959568092918984
0.46773514128719823	2.491738215332056
0.46881338214526524	2.4875191717170306
0.46989410860521547	2.483304268906839
0.47097732639695294	2.479093509549558
0.47206304126359055	2.474886895776055
0.4731512589614805	2.470684429192972
0.4742419852602447	2.466486110875642
0.47533522594280536	2.4622919413609474
0.47643098680541573	2.4581019206400927
0.47752927365769093	2.453916048151336
0.4786300923226384	2.4497343227726165
0.47973344863668915	2.4455567428141483
0.4808393484497286	2.4413833060109176
0.4819477976251274	2.4372140095151233
0.4830588020397727	2.433048849888541
0.48417236758409943	2.428887823094816
0.4852885001621211	2.424730924491685
0.4864072056914617	2.4205781488231284
0.4875284901033864	2.4164294902114367
0.48865235934283363	2.4122849421492165
0.48977881936844625	2.4081444974913175
0.4909078761526032	2.4040081484466786
0.492039535681451	2.399875886570107
0.49317380395493593	2.39574770275397
0.4943106869868355	2.3916235872198217
0.4954501908047903	2.387503529509942
0.49659232145033616	2.383387518478801
0.49773708497893604	2.3792755422844483
0.4988844874600123	2.375167588379811
0.5000345349769786	2.3710636435039216
0.5011872336272724	2.3669636936730676
0.5023425895223872	2.362867724171843
0.5035006087879049	2.3587757195441355
0.5046612975635284	2.354687663584019
0.505824662003114	2.350603539326569
0.5069907082747043	2.3465233290385874
0.5081594425605604	2.3424470142092493
0.5093308710571953	2.338374575540657
0.5105049999754062	2.334305992938312
0.5116818355403077	2.330241245501499
0.5128613839913648	2.3261803115135797
0.514043651582426	2.322123168432201
0.5152286445817564	2.3180697928794114
0.5164163692720709	2.3140201606316904
0.5176068319505677	2.30997424660988
0.5188000389289611	2.305932024869036
0.5199959965335159	2.3018934685881773
0.5211947111050804	2.297858550059943
0.5223961889991198	2.2938272406801623
0.5236004365857502	2.2897995109373266
0.5248074602497725	2.2857719113298716
0.5260172663907061	2.281731972652068
0.5272298614228227	2.277695440779362
0.5284452517751804	2.273662328846978
0.5296634438916578	2.2696326496744437
0.5308844442309884	2.265606415760688
0.5321082592667942	2.2615836392791104
0.5333348954876209	2.257564332072583
0.5345643593969717	2.2535485056484177
0.5357966575133416	2.249536171173278
0.5370317963702527	2.2455273394680413
0.5382697825162883	2.2415220210026083
0.5395106225151276	2.237520225890671
0.5407543229455808	2.233521963884415
0.5420008904016238	2.229527244369183
0.5432503314924332	2.225536076358079
0.5445026528424212	2.2215484684865228
0.5457578610912709	2.217564429006754
0.5470159628939716	2.2135839657822745
0.5482769649208538	2.2096070862822454
0.5495408738576245	2.205633797575827
0.5508076964054034	2.2016641063264615
0.5520774392807574	2.197698018786104
0.5533501092157367	2.1937355407893975
0.5546257129579107	2.1897766777477896
0.5559042572704036	2.1858214346435934
0.5571857489319298	2.181869816023994
0.5584701947368308	2.177921825994991
0.5597576014951101	2.173977468215295
0.5610479760324705	2.1700367458901497
0.5623413251903491	2.1660996617651076
0.5636376558259545	2.162166218119743
0.5649369748123025	2.1582364167613033
0.5662392890382533	2.154310259018297
0.5675446054085471	2.150387745734031
0.5688529308438415	2.146468877260074
0.5701642722807475	2.1425536534496685
0.571478636671867	2.1386420736510714
0.5727960309858292	2.134734136700842
0.5741164622073276	2.130829840917054
0.5754399373371569	2.1269291840924565
0.5767664633922508	2.123032163487555
0.5780960474057181	2.119138775823649
0.5794286964268811	2.1152490172757785
0.580764417521312	2.111362883465629
0.5821032177708715	2.1074803694543465
0.5834451042737447	2.1036014697353083
0.5847900841444807	2.0997261782268057
0.5861381645140288	2.095854488264672
0.5874893525297767	2.091986392594836
0.588843655355589	2.0881197219004335
0.5902010801718444	2.0842466047796595
0.591561634175474	2.080377006792129
0.5929253245799998	2.076510947570847
0.5942921586155727	2.072648446528847
0.5956621435290105	2.068789522855256
0.5970352865838369	2.0649341955113156
0.5984115950603197	2.061082483226356
0.5997910762555094	2.057234404493744
0.6011737374832781	2.053389977566778
0.6025595860743578	2.049549220454545
0.6039486293763798	2.0457121509177374
0.6053408747539136	2.0418787864644226
0.6067363295885054	2.0380491443457784
0.6081350012787179	2.0342232415517736
0.6095368972401692	2.030401094806817
0.610942024905572	2.026582720565355
0.6123503917247736	2.0227681350074267
0.6137620051647943	2.0189573540341774
0.6151768727098682	2.0151503932633243
0.6165950018614822	2.0113472680245743
0.618016400138416	2.0075479933550056
0.6194410750767815	2.0037525839943924
0.6208690342300636	1.9999610543804898
0.6223002851691596	1.9961734186442692
0.6237348354824193	1.9923896906051102
0.6251726927756859	1.988609883765936
0.6266138646723355	1.9848340113083134
0.628058358813318	1.9810620860874948
0.6295061828571976	1.9772941206274126
0.6309573444801934	1.973530127115632
0.6324118513762195	1.969770117398242
0.633869711256927	1.9660141029747051
0.6353309318517437	1.9622620949926575
0.6367955209079159	1.958514104242649
0.6382634861905487	1.9547701411528429
0.6397348354826482	1.9510302157836572
0.6412095765851616	1.947294337822354
0.6426877173170197	1.9435625165775778
0.6441692655151774	1.9398347609738447
0.6456542290346556	1.9361110795459695
0.6471426157485832	1.9323914804334439
0.6486344335482385	1.9286759713747625
0.6501296903430908	1.9249645597016876
0.6516283940608427	1.9212572523334681
0.6531305526474724	1.917554055770988
0.654636174067275	1.9138549760908783
0.6561452663029055	1.9101600189395522
0.6576578373554206	1.906469189527198
0.6591738952443215	1.9027824926217067
0.6606934480075961	1.8990995246374796
0.662216503701762	1.895418805568624
0.6637430704019089	1.8917422212002606
0.6652731562017414	1.888069780002884
0.6668067692136223	1.8844014900504955
0.6683439175686147	1.8807373590149226
0.6698846094165265	1.8770773941600745
0.6714288529259524	1.8734216023361554
0.6729766562843179	1.8697699899738072
0.6745280276979221	1.8661225630782081
0.6760829753919819	1.8624793272231086
0.6776415076106752	1.8588402875448098
0.6792036326171846	1.8552054487360856
0.6807693586937414	1.8515748150400502
0.6823386941416696	1.8479483902439582
0.6839116472814293	1.8443261776729536
0.6854882264526615	1.84070818018376
0.6870684400142321	1.8370944001582998
0.688652296344276	1.8334848394972663
0.6902398038402419	1.8298794996136252
0.6918309709189364	1.826278381426059
0.6934258060165691	1.8226814853523496
0.6950243175887968	1.8190888113026955
0.6966265141107687	1.8155003586729668
0.6982324040771714	1.8119161263378971
0.6998419960022735	1.8083361126442137
0.7014552984199712	1.8047603154036964
0.7030723198838335	1.8011887318861803
0.7046930689671469	1.7976213588124828
0.7063175542629619	1.794058192347271
0.7079457843841379	1.790499228091863
0.7095777679633888	1.786944461076957
0.711213513653329	1.7833938857552938
0.7128530301265195	1.7798474959942532
0.7144963260755133	1.7763052850683811
0.716143410212902	1.7727672456518433
0.7177942912713617	1.7692333698108136
0.7194489780036994	1.7657036489957862
0.7211074791828996	1.7621780740338244
0.7227698036021702	1.758656635120727
0.72443596007499	1.755139321813131
0.7261059574351547	1.7516261230205403
0.727779804536824	1.748117026997272
0.7294575102545687	1.7446120213343386
0.7311390834834174	1.7411110929512525
0.732824533138904	1.737614228087751
0.734513868157115	1.73412141229545
0.7362070974947361	1.7306326304294182
0.737904230129101	1.7271478666396727
0.7396052750582378	1.723667104362604
0.7413102413009175	1.7201880638313534
0.7430191378967014	1.7167024966107496
0.744731973905989	1.7132208247347622
0.7464487584100665	1.709743059390803
0.7481695005111544	1.7062692114358518
0.7498942093324559	1.7027992913915115
0.7516228940182055	1.6993333094390146
0.7533555637337174	1.695871275414176
0.7550922276654339	1.6924131988023072
0.7568328950209744	1.6889590887330694
0.7585775750291838	1.6855089539752863
0.7603262769401818	1.6820628029316977
0.762079010025412	1.6786206436336712
0.7638357835776907	1.6751824837358564
0.7655966069112563	1.6717483305107876
0.7673614893618189	1.6683181908434417
0.7691304402866096	1.6648920712257318
0.7709034690644301	1.6614699777509567
0.7726805850957024	1.658051916108197
0.7744617978025188	1.6546378915766518
0.7762471166286917	1.6512279090199236
0.7780365510398041	1.6478219728802523
0.7798301105232588	1.6444200871726906
0.7816278045883297	1.6410222554792202
0.7834296427662119	1.6376284809428183
0.7852356346100718	1.6342387662614661
0.7870457896950986	1.6308531136820978
0.7888601176185545	1.6274715249944935
0.7906786279998251	1.6240940015251133
0.7925013304804718	1.6207205441308759
0.7943282347242815	1.617351153192875
0.7961593504173188	1.6139858286100373
0.7979946872679766	1.6106245697927206
0.7998342550070284	1.6072673756562514
0.8016780633876791	1.6039142446144043
0.8035261221856173	1.6005651745728142
0.8053784411990667	1.597220162922332
0.8072350302488382	1.5938792065323149
0.8090958991783823	1.5905423017438562
0.8109610578538409	1.587209444362948
0.8128305161640993	1.583880629653586
0.8147042840208396	1.5805558523307999
0.8165823713585925	1.5772351065536312
0.81846478813479	1.5739183859180363
0.8203515443298183	1.570605683449725
0.8222426499470712	1.5672969915969373
0.8241381150130024	1.5639923022231463
0.8260379495771788	1.560691606599699
0.8279421637123342	1.5573948953983847
0.8298507675144225	1.5541021586839363
0.8317637711026711	1.5508114110532492
0.8336811846196344	1.547515457243679
0.835603018231248	1.5442233989128706
0.8375292821268826	1.5409352504119127
0.8394599865193975	1.5376510258192644
0.8413951416451951	1.5343707389364252
0.8433347577642755	1.5310944032835623
0.84527884516029	1.5278220320950924
0.8472274141405965	1.5245536383152232
0.8491804750363139	1.5212892345934454
0.8511380382023765	1.5180288332799892
0.8531001140175896	1.5147724464212244
0.8550667128846834	1.511520085755027
0.8570378452303697	1.5082717627060915
0.8590135215053958	1.5050274883812012
0.8609937521846007	1.5017872735644526
0.8629785477669704	1.4985511287124305
0.8649679187756933	1.4953190639493399
0.8669618757582167	1.4920910890620853
0.8689604292863019	1.4888672134953083
0.8709635899560808	1.4856474463463683
0.8729713683881117	1.4824317963602869
0.8749837752274362	1.4792202719246295
0.8770008211436349	1.4760128810643494
0.8790225168308845	1.4728096314365724
0.8810488730080143	1.4696105303253373
0.8830799004185629	1.4664155846362852
0.8851156098308356	1.4632248008912914
0.887156012037961	1.4600381852230577
0.8892011178579485	1.4568557433696365
0.8912509381337457	1.4536774806689197
0.8933054837332954	1.4505034020530614
0.895364765549594	1.447333512042855
0.8974287945007486	1.4441678147420507
0.8994975815300353	1.4410063138316258
0.9015711376059571	1.4378490125639942
0.9036494737223016	1.434695913757163
0.9057326008982003	1.4315470197888351
0.9078205301781859	1.4284023325904533
0.9099132726322517	1.4252618536411885
0.9120108393559097	1.4221255839618747
0.9141132414702502	1.4189935241088765
0.9162204901219997	1.415865674167914
0.9183325964835808	1.4127420337478156
0.9204495717531712	1.4096226019742166
0.9225714271547631	1.406507377483203
0.9246981739382225	1.40339635841489
0.9268298233793492	1.4002895424069393
0.9289663867799363	1.3971869265880223
0.9311078754678302	1.394088507571214
0.933254300796991	1.3909929176905886
0.9354056741475518	1.387895191454781
0.9375620069258802	1.3848016172903503
0.9397233105646378	1.3817122081815205
0.9418895965228413	1.3786269768205333
0.9440608762859233	1.3755459356031468
0.946237161365793	1.3724690966240924
0.9484184633008971	1.3693964716724871
0.9506047936562815	1.366328072227197
0.9527961640236519	1.3632639094521648
0.9549925860214359	1.3602039941916766
0.9571940712948444	1.3571483369655986
0.9594006315159331	1.3540969479645555
0.9616122783836646	1.3510498370450679
0.9638290236239705	1.3480070137246405
0.9660508789898133	1.344968487176803
0.9682778562612491	1.3419342662261025
0.9705099672454897	1.3389043593430479
0.9727472237769651	1.3358787746390057
0.9749896377173869	1.3328575198610446
0.9772372209558107	1.3298406023867333
0.9794899854086988	1.3268280292188843
0.9817479430199844	1.3238198069802543
0.9840111057611337	1.3208159419081813
0.9862794856312105	1.3178164398491856
0.9885530946569389	1.3148213062535057
0.9908319448927676	1.3118305461695894
0.9931160484209338	1.3088441642385318
0.995405417351527	1.3058621646884556
0.9977000638225533	1.3028845513288418
1.	1.2999113275448078
1.0023052380778998	1.2969424962913239
1.0046157902783952	1.2939780600873878
1.0069316688518044	1.291018021010125
1.0092528860766845	1.2880623806888536
1.0115794542598988	1.2851111402990774
1.0139113857366795	1.2821643005564318
1.016248692870696	1.2792218617105653
1.0185913880541169	1.2762838235389722
1.0209394837076802	1.2733501853407536
1.023292992280754	1.2704209459303388
1.0256519262514079	1.2674961036311259
1.0280162981264735	1.2645756562690842
1.0303861204416165	1.2616596011662764
1.0327614057613974	1.2587479351343382
1.0351421666793441	1.2558406544678813
1.0375284158180127	1.252937754937849
1.0399201658290596	1.2500392317847977
1.0423174293933042	1.247145079712124
1.0447202192208003	1.244255292879223
1.0471285480508996	1.2413687048988902
1.0495424286523225	1.2384810890073377
1.051961873823223	1.2355977907838924
1.0543868963912593	1.2327188178788417
1.0568175092136585	1.2298441775823903
1.0592537251772887	1.2269738768195415
1.0616955571987248	1.2241079221449318
1.064143018224316	1.2212463197376142
1.066596121230258	1.218389075395789
1.0690548792226577	1.2155361945314889
1.0715193052376064	1.2126876821652073
1.0739894123412446	1.2098435429204826
1.076465213629835	1.2070037810184238
1.0789467222298286	1.2041684002721889
1.081433951297938	1.2013374040814069
1.0839269140212033	1.1985107954265526
1.0864256236170655	1.1956885768632575
1.0889300933334332	1.1928707505165794
1.0914403364487566	1.1900573180752074
1.0939563662720937	1.1872482807856215
1.096478196143185	1.1844436394461844
1.0990058394325208	1.1816433944011913
1.101539309541415	1.1788475455348533
1.104078619902073	1.1760560922652308
1.1066237839776665	1.173269033538104
1.1091748152624008	1.1704863678207942
1.1117317272815914	1.1677080930959125
1.1142945335917298	1.1649342068550723
1.1168632477805611	1.1621647060925158
1.1194378834671515	1.1593995872987073
1.1220184543019636	1.1566388464538444
1.1246049739669264	1.1538824790213271
1.1271974561755105	1.151130479941151
1.1297959146727976	1.1483828436232493
1.1324003632355573	1.1456395639407662
1.1350108156723149	1.142900634223276
1.137627285823431	1.140166047249927
1.1402497875611686	1.1374357952425358
1.1428783347897717	1.134709869858605
1.1455129414455354	1.1319882621842865
1.1481536214968828	1.1292709627272721
1.1508003889444356	1.1265579614096266
1.1534532578210923	1.1238492475605435
1.1561122421920986	1.1211448099090469
1.1587773561551262	1.118444636576615
1.1614486138403426	1.1157487150697458
1.1641260294104914	1.1130570322724442
1.1668096170609623	1.1103695744386508
1.1694993910198712	1.107686327184591
1.1721953655481303	1.1050072754810667
1.1748975549395297	1.1023304204721371
1.1776059735208073	1.099648531456345
1.1803206356517297	1.0969707432771236
1.1830415557251646	1.0942970651488182
1.1857687481671602	1.091627505975238
1.1885022274370183	1.088962074345124
1.1912420080273751	1.086300778527558
1.193988104464273	1.0836436264673426
1.1967405313072437	1.0809906257803217
1.1994993031493788	1.0783417837486697
1.2022644346174132	1.0756971073161208
1.2050359403717974	1.0730566030831685
1.2078138351067804	1.0704202773022033
1.2105981335504823	1.0677881358726153
1.2133888504649775	1.065160184335843
1.2161860006463678	1.0625364278703795
1.2189895989248667	1.0599168712867253
1.2217996601648717	1.0573015190223003
1.2246161992650488	1.054690375136298
1.2274392311584073	1.0520834433045003
1.2302687708123818	1.0494807268140356
1.233104833228909	1.0468822285580919
1.2359474334445106	1.0442879510305747
1.238796586530369	1.041697896320721
1.2416523075924113	1.0391120661076547
1.244514611771385	1.0365304616548974
1.2473835142429432	1.0339530838048214
1.2502590302177201	1.0313799329730573
1.2531411749414163	1.028811009142838
1.2560299636948749	1.0262463118593048
1.2589254117941675	1.0236858402237436
1.2618275345906707	1.0211295928877804
1.2647363474711515	1.0185775680475113
1.2676518658578455	1.0160297634375905
1.270574105208542	1.0134861763252456
1.2735030810166617	1.0109468035042568
1.276438808811344	1.0084116412888615
1.2793813041575246	1.005880685507616
1.2823305826560218	1.00335393149719
1.2852866599436155	1.0008313740961128
1.2882495516931343	0.9983130076384505
1.2912192736135342	0.9957988259474356
1.2941958414499863	0.9932888223290275
1.297179270983956	0.9907829895654223
1.3001695780332907	0.9882813199084952
1.3031667784522993	0.9857838050731871
1.3061708881318417	0.9832904362308265
1.309181922999407	0.9808012040023948
1.3121998990192034	0.9783160984517228
1.3152248321922384	0.9758351090786318
1.3182567385564075	0.973356579947851
1.3212956341865751	0.9708745157489564
1.324341535194665	0.96839649488968
1.3273944577297394	0.9659225268582142
1.3304544179780915	0.9634526208541189
1.333521432163324	0.96098678578407
1.3365955165464425	0.958525030257556
1.3396766874259352	0.9560673625825442
1.3427649611378643	0.9536137907610955
1.3458603540559484	0.9511643224849442
1.348962882591654	0.948718965131027
1.3520725631942772	0.9462777257569781
1.3551894123510364	0.9438406110965736
1.3583134465871542	0.9414076275551353
1.3614446824659503	0.9389787812048899
1.3645831365889245	0.936554077780284
1.3677288255958495	0.9341335226732514
1.3708817661648536	0.9317171209284419
1.3740419750125157	0.9293048772383942
1.3772094688939465	0.9268967959386741
1.3803842646028852	0.9244928810029565
1.383566378971781	0.9220931360380678
1.3867558288718889	0.9196975642789748
1.3899526312133532	0.9173061685837343
1.3931568029453036	0.9149189514283832
1.3963683610559376	0.9125359149017943
1.3995873225726185	0.9101570607004684
1.4028137045619582	0.907782390123292
1.4060475241299144	0.9054119040662304
1.4092887984218747	0.9030456030169868
1.4125375446227548	0.9006834870495939
1.4157937799570817	0.8983255558189729
1.4190575216890926	0.8959718085554239
1.4223287871228198	0.8936222440590782
1.425607593602188	0.8912768606942891
1.428893958511103	0.8889356563839766
1.432187899273543	0.8865986286039174
1.435489433353656	0.8842657743769766
1.4387985782558452	0.8819370902672963
1.4421153515248688	0.8796125723744171
1.4454397707459272	0.8772922163273572
1.4487718535447618	0.874976017278624
1.452111617587742	0.8726639698981847
1.455459080581966	0.8703560683673647
1.4588142602753482	0.8680523063727041
1.4621771744567182	0.8657526770997469
1.4655478409559113	0.863457173226779
1.468926277643867	0.8611657869185038
1.4723125024327186	0.8588785098196645
1.4757065332758947	0.8565953330486019
1.4791083881682072	0.8543150018768468
1.4825180851459536	0.8520329761666933
1.4859356422870067	0.8497549922341322
1.4893610777109154	0.8474810559203052
1.492794409578996	0.8452111727420493
1.4962356560944337	0.842945347887357
1.4996848355023733	0.8406835862107985
1.5031419660900225	0.8384258922288959
1.5066070661867417	0.8361722701154575
1.5100801541641484	0.8339227236968617
1.513561248436208	0.8316772564473033
1.5170503674593367	0.829435871483988
1.5205475297324955	0.8271985715622859
1.5240527537972914	0.8249653590708362
1.5275660582380723	0.8227362360266074
1.5310874616820302	0.8205112040699082
1.5346169827992941	0.8182902644593563
1.5381546403030348	0.8160734180667925
1.5417004529495593	0.8138606653721541
1.545254439538414	0.8116520064582943
1.5488166189124812	0.8094474410057576
1.5523870099580825	0.8072469682875001
1.5559656316050743	0.8050505871635693
1.559552502826954	0.8028582960757236
1.5631476426409538	0.8006700930420099
1.5667510701081493	0.7984859756512849
1.5703628043335522	0.7963059410576903
1.5739828644662197	0.7941299859750705
1.5776112696993485	0.7919581066713438
1.5812480392703834	0.7897902989628175
1.5848931924611134	0.7876265582084525
1.5885467485977791	0.7854668793040723
1.59220872705117	0.7833112566765221
1.5958791472367329	0.781159684277768
1.5995580286146687	0.7790121555789485
1.6032453906900417	0.776868663564363
1.6069412530128773	0.7747292007254147
1.6106456351782708	0.7725937590544867
1.6143585568264862	0.7704623300387713
1.6180800376430662	0.7683349046540355
1.6218100973589298	0.7662114733583341
1.6255487557504842	0.7640920260856602
1.6292960326397223	0.7619765522395432
1.6330519478943346	0.7598650406865822
1.6368165214278085	0.7577574797499261
1.6405897731995396	0.7556538572026875
1.6443717232149315	0.7535541602613033
1.6481623915255086	0.7514583755788279
1.651961798229015	0.7493664892381726
1.6557699634695284	0.7472784867452749
1.6595869074375604	0.7451924685158474
1.6634126503701698	0.7431015634530345
1.6672472125510627	0.7410144518216568
1.6710906143107078	0.7389311423155639
1.6749428760264373	0.7368516433724711
1.6788040181225607	0.7347759631701787
1.6826740610704674	0.7327041096227608
1.6865530253887415	0.7306360903767103
1.690440931643264	0.7285719128070529
1.6943378004473288	0.7265115840134174
1.6982436524617444	0.7244551108160746
1.7021585083949509	0.7224024997519318
1.7060823890031234	0.7203537570704942
1.710015315090288	0.7183088887297813
1.7139573075084253	0.716267900392212
1.7179083871575884	0.7142307974204418
1.721868574986007	0.7121975848731671
1.725837891990204	0.7101682675008836
1.7298163592151015	0.7081428497416102
1.7338039977541384	0.7061213357165657
1.7378008287493754	0.7041037292258099
1.7418068733916146	0.7020900337438385
1.7458221529205038	0.7000802524151412
1.7498466886246573	0.6980743880497108
1.7538805018417611	0.6960724431185188
1.7579236139586931	0.6940744197489374
1.7619760464116292	0.6920803197201286
1.7660378206861649	0.690090144458382
1.770108958317421	0.6881038950324131
1.7741894808901661	0.6861215721486132
1.7782794100389228	0.684143176146262
1.78237876744809	0.6821687069926838
1.7864875748520508	0.680198164278371
1.7906058540352947	0.6782315472120504
1.7947336268325265	0.6762688546157115
1.7988709151287883	0.6743100849195837
1.803017740859569	0.6723552361570688
1.8071741260109275	0.6704043059596239
1.8113400926196026	0.6684572915516006
1.8155156627731361	0.6665141897450302
1.8197008586099834	0.6645749969343665
1.8238957023196385	0.6626397090911751
1.8281002161427427	0.6607083217587767
1.832314422371212	0.6587808300468366
1.8365383433483464	0.6568572286259108
1.8407720014689564	0.6549375117219326
1.8450154191794736	0.6530216731106577
1.8492686189780787	0.6511097061120495
1.8535316234148114	0.6492016035846198
1.857804455091699	0.6472973579197107
1.8620871366628675	0.6453958142511771
1.8663796908346704	0.6434927922635544
1.8706821403658007	0.6415935750393028
1.8749945080674193	0.6396981686002243
1.8793168168032686	0.6378065786881656
1.883649089489801	0.6359188107610633
1.8879913490962936	0.63403486998896
1.892343618644976	0.6321547612499743
1.8967059212111463	0.6302784891262386
1.9010782799233006	0.628406057899792
1.9054607179632472	0.6265374715484405
1.9098532585662378	0.6246727337415723
1.914255925021086	0.6228118478359363
1.9186687406702891	0.6209548168713803
1.9230917289101586	0.6191016435665466
1.9275249131909356	0.6172523303145304
1.9319683170169242	0.6154068791784927
1.936421963946607	0.6135652918872366
1.9408858775927782	0.6117275698307371
1.9453600816226624	0.6098937140556328
1.9498445997580456	0.608063725260671
1.9543394557753944	0.6062376037921156
1.95884467350599	0.6044153496391044
1.9633602768360463	0.6025969624289707
1.967886289706845	0.6007824414225135
1.9724227361148534	0.5989717855092308
1.976969640111861	0.5971649932025015
1.9815270258050979	0.595362062634728
1.9860949173573716	0.5935629915524282
1.9906733389871865	0.5917677773112867
1.9952623149688797	0.5899764168711563
1.9998618696327437	0.5881889067910151
2.0044720273651615	0.5864052432238747
2.0090928126087277	0.5846254219116443
2.0137242498623884	0.5828494381799436
2.0183663636815607	0.5810772869328706
2.023019178678272	0.5793089626477184
2.0276827195212817	0.5775444593696465
2.032357010936222	0.5757837707062983
2.037042077705718	0.5740268898223747
2.0417379446695296	0.5722738094341516
2.046444636724674	0.5705245218039537
2.0511621788255656	0.5687790187345687
2.0558905959841414	0.5670372915636211
2.0606299132700006	0.5652993311578833
2.065380155810529	0.5635651279075449
2.0701413487910423	0.56183467172042
2.0749135174549096	0.5601079520161094
2.079696687103696	0.5583849577201045
2.084490883097289	0.5566656772578402
2.0892961308540396	0.5549490197638148
2.0941124558508926	0.5532310482583466
2.0989398836235242	0.5515167279561873
2.1037784397664754	0.5498060598568209
2.1086281499332897	0.5480990446328503
2.1134890398366464	0.5463956826256817
2.1183611352485023	0.5446959738411642
2.123244462000219	0.5429999179451938
2.1281390459827123	0.5413075142592698
2.133044913146576	0.5396187617560165
2.1379620895022327	0.5379336590546564
2.1428906011200586	0.536252204416447
2.1478304741305343	0.5345743957400699
2.1527817347243725	0.532900230556981
2.157744409152667	0.531229706026714
2.16271852372702	0.5295628189321446
2.167704104819695	0.5278995656747042
2.1727011788637443	0.5262399422695562
2.1777097723531593	0.5245839443407223
2.1827299118430012	0.5229315671161684
2.187761623949553	0.5212828054228379
2.1928049353504484	0.5196376536816487
2.197859872784825	0.5179961059024346
2.202926463053456	0.5163581556788475
2.2080047330189	0.5147237961832074
2.2130947096056377	0.5130930201613084
2.2181964198002193	0.5114658199271748
2.223309890651403	0.5098421873577716
2.2284351492703043	0.508222113887662
2.2335722228305315	0.5066055905036222
2.23872113856834	0.5049926077392004
2.2438819237827663	0.5033831556692322
2.2490546058357817	0.5017772239042998
2.254239212152429	0.5001748015851466
2.259435770220978	0.4985758773770356
2.2646443075930596	0.49698043946406095
2.2698648518838223	0.49538847554340426
2.2750974307720706	0.49379997281954124
2.2803420720004186	0.4922149179983929
2.28559880337543	0.4906332972814281
2.2908676527677736	0.4890550963597071
2.296148648112362	0.48748030040787693
2.301441817408509	0.48590889407810717
2.306747188720069	0.4843408614939759
2.312064790175595	0.4827761862442953
2.3173946499684783	0.4812148513768869
2.3227367963571073	0.4796568393922959
2.328091257665008	0.47810213223745385
2.3334580622810033	0.4765507112992786
2.338837238659355	0.47500255739822284
2.344228815319923	0.47345592424266064
2.3496328208483073	0.47190451072328515
2.35504928389601	0.4703562634732872
2.360478233180577	0.4688111844038611
2.365919697485759	0.46726927515265815
2.371373705661655	0.46573053708012113
2.3768402866248772	0.4641949712657798
2.38231946935869	0.46266257850451675
2.3878112829131783	0.4611333593027903
2.3933157564053875	0.45960731387483184
2.3988329190194912	0.4580844421387963
2.4043628000069335	0.45656474371288774
2.4099054286865957	0.4550482179114384
2.41546083444494	0.45353486374095964
2.421029046736179	0.45202467989614825
2.4266100950824154	0.45051766475586313
2.432204009073816	0.4490138163790567
2.4378108183687526	0.4475131325006757
2.4434305526939726	0.4460156105275172
2.4490632418447453	0.44452124753405187
2.454708915685031	0.4430300402582034
2.4603676041476272	0.4415419850970933
2.46603933723434	0.4400570781027419
2.4717241450161302	0.43857531497773417
2.4774220576332864	0.4370966910708401
2.4831331052955705	0.43562120137260024
2.4888573182823914	0.4341488405108659
2.494594726942955	0.4326796027463012
2.500345361696432	0.4312134819678415
2.506109253032114	0.4297504716881128
2.511886431509581	0.4282905650388052
2.5176769277588558	0.42683375476600816
2.5234807724805757	0.42538003322549917
2.529297996446145	0.4239293923779928
2.5351286304979084	0.422481823784342
2.540972705549305	0.42103731860070115
2.5468302525850417	0.4195958675736382
2.552701302661247	0.4181574610352092
2.5585858869056453	0.41672208889798174
2.5644840365177175	0.41528974065001745
2.5703957827688635	0.41386040534980734
2.5763211570025755	0.4124340716211593
2.582260190634596	0.411010727648044
2.588212915153092	0.40959036116938735
2.5941793621188136	0.4081729594738228
2.6001595631652723	0.40675850939438946
2.6061535499988953	0.4053469973031896
2.6121613543992064	0.40393840910598944
2.6181830082189848	0.40253273023677927
2.624218543384442	0.40112994565227833
2.6302679918953813	0.39972831562161476
2.6363313858253803	0.39832155184480433
2.642408757321946	0.3969175945924547
2.648500138606701	0.3955164502469337
2.654605561975539	0.3941181250107625
2.6607250597988097	0.3927226249039532
2.666858664521479	0.39132995576132823
2.6730064086633116	0.3899401232298067
2.6791683248190314	0.3885531327656714
2.6853444456585076	0.3871689896318013
2.691534803926915	0.38578769889488684
2.6977394324449206	0.38440926542260867
2.703958364108843	0.38303369388079755
2.7101916318908432	0.38166098873056004
2.7164392688390824	0.38029115422538307
2.7227013080779128	0.37892419440820446
2.7289777828080406	0.37756011310846066
2.7352687263067126	0.3761989139391015
2.741574171927882	0.37484060029358185
2.7478941531023975	0.3734851753428186
2.7542287033381663	0.3721326420321243
2.7605778562203462	0.3707830030781061
2.7669416454115114	0.36943626096554055
2.773320104651841	0.36809241794421405
2.7797132677592886	0.3667514760257374
2.7861211686297707	0.36541343698032636
2.792543841237338	0.36407830233355526
2.798981319634363	0.36274607336307657
2.805433637951713	0.3614167510953129
2.811900830398941	0.3600903363021147
2.8183829312644537	0.35876682949738903
2.8248799749157074	0.3574462309336947
2.831391995799379	0.3561285405988066
2.8379190284415565	0.3548137582122469
2.8444611074479154	0.3535018832217855
2.85101826750391	0.35219291479990444
2.8575905433749464	0.3508868518402337
2.8641779699065815	0.34958369295394887
2.8707805820246906	0.3482834364661399
2.8773984147356697	0.3469860804121415
2.8840315031266055	0.34569162253383395
2.8906798823654762	0.3444000602759045
2.897343587701323	0.3431113907820798
2.904022654464451	0.34182561089131747
2.910717118066605	0.34054271713396755
2.9174270140011673	0.3392627057278938
2.924152377843335	0.3379855725745641
2.9308932452503216	0.336711313255099
2.9376496519615305	0.3354399230262904
2.9444216337987617	0.3341713968165763
2.9512092266663856	0.33290473643136714
2.9580124665515464	0.33163632457182585
2.9648313895243423	0.3303707366402981
2.971666031738027	0.3291079796791013
2.9785164294291895	0.3278480605690318
2.9853826189179604	0.32659098602692027
2.992264636608189	0.3253367626031688
2.9991625189876516	0.3240853966792574
3.0060763026282307	0.322836894465234
3.013006024186122	0.3215912619971721
3.019951720402016	0.3203485051346104
3.0269134281013064	0.3191086295579622
3.0338911841942706	0.31787164076590474
3.04088502567628	0.31663754407273875
3.047894989627983	0.31540634460572614
3.054921113215514	0.31417804730239873
3.061963433690677	0.31295265690784485
3.069021988391158	0.3117301779719652
3.076096814740708	0.310510614846708
3.083187950249355	0.309293971683271
3.0902954325135905	0.30808025242928383
3.097419299216581	0.3068694608259563
3.1045595881283554	0.305661600405206
3.1117163371060186	0.30445667448675273
3.118889584093937	0.3032546861751904
3.126079367123956	0.30205563835702615
3.1332857243155856	0.3008595336976958
3.1405086938762183	0.299666374638547
3.1477483141013156	0.2984761633937979
3.1550046233746274	0.2972889019474622
3.1622776601683795	0.2961045920502499
3.169567463043492	0.294923235216435
3.1768740706497707	0.2937448327206964
3.1841975217261256	0.2925693855949263
3.1915378551007616	0.291396894625012
3.198895109691399	0.2902273603475833
3.206269324505466	0.2890607830467337
3.213660538640318	0.2878971627507067
3.2210687912834346	0.2867364992285546
3.2284941217126364	0.28557879198676295
3.2359365692962827	0.28442404026584694
3.2433961734934935	0.28327224303691134
3.250872973854344	0.28212339899818384
3.2583670100200885	0.28097750657151066
3.265878321723358	0.2798345638988245
3.273406948788383	0.2786945688385749
3.2809529311311905	0.2775575189621306
3.2885163087598315	0.2764234115501428
3.2960971217745776	0.2752922435888803
3.303695410368149	0.2741640117665261
3.311311214825911	0.2730378594876072
3.3189445755261047	0.2719106798687605
3.326595532940045	0.270786404981836
3.3342641276323506	0.26966504185656964
3.3419504002611427	0.26854659736668257
3.3496543915782775	0.26743107822751927
3.3573761424295467	0.2663184909936684
3.365115693754908	0.26520884205655515
3.372873086588689	0.2641021376420143
3.380648362059817	0.2629983838078364
3.3884415613920256	0.2618975864412936
3.3962527259040853	0.2607997512566372
3.404081897010009	0.2597048837925763
3.4119291162192864	0.2586129894097259
3.4197944251370886	0.2575240732880368
3.4276778654645046	0.256438140424195
3.4355794789987466	0.25535519562900094
3.443499307633384	0.25427524352471914
3.451437393358563	0.25319828854240567
3.459393778261219	0.2521243349192092
3.4673685045253166	0.2510533866956448
3.4753616144320576	0.24998544771284367
3.483373150360118	0.2489205216097749
3.4914031547858606	0.24785861182044236
3.499451670283573	0.24679972157105284
3.5075187395256795	0.24574385387716005
3.5156044052829816	0.24469101154077808
3.523708710424871	0.243641197147471
3.53183169791957	0.24259441306341142
3.5399734108343464	0.24155066143241455
3.548133892335755	0.24050994417294116
3.5563131856898527	0.23947226297507498
3.5645113342624426	0.23843761929746898
3.5727283815192883	0.23740601436426528
3.5809643710263606	0.23637744916198397
3.5892193464500517	0.235351924436385
3.5974933515574232	0.23432944068929754
3.6057864302164235	0.23330999817542328
3.6140986263961334	0.23229359689910606
3.6224299841669856	0.23128023661107502
3.630780547701014	0.23026991680515319
3.639150361272071	0.2292626367149399
3.6475394692560785	0.2282583953104578
3.6559479161312485	0.2272571912947727
3.664375746478333	0.22625902310057835
3.672823004980846	0.2252638888867527
3.681289736425315	0.22427178653487922
3.6897759857015027	0.22328271364573932
3.6982817978026628	0.22229666753576824
3.7068072178257596	0.2213136452334823
3.715352290971726	0.22033298765397358
3.7239170625456848	0.2193523055003105
3.732501577957206	0.21837462137151892
3.741105882720533	0.21739994000493781
3.7497300224548358	0.21642826595547004
3.758374042884441	0.2154596035930005
3.767037989839089	0.2144939570997855
3.77572190925416	0.21353133046782152
3.7844258471709336	0.21257172749618433
3.793149849736819	0.21161515178834708
3.801893963205613	0.21066160674946863
3.81065823393773	0.20971109558366027
3.8194427084004663	0.20876362129122258
3.8282474331682264	0.2078191866658592
3.8370724549227884	0.20687779429186143
3.8459178204535354	0.20593944654126925
3.8547835766577188	0.20500414557100174
3.8636697705406915	0.20407189331996461
3.8725764492161727	0.2031426915061264
3.8815036599064823	0.2022165416235699
3.8904514499428067	0.2012934449395149
3.899419866765434	0.20037340249131286
3.908408957924021	0.19945641508341275
3.9174187710778305	0.1985424832843007
3.926449353995999	0.19763160742340727
3.9355007545577743	0.19672378758799008
3.944573020752785	0.19581902361998313
3.953666200681279	0.19491731511282062
3.9627803425543955	0.19401866140822713
3.971915494694403	0.19312306159298212
3.981071705534973	0.19223051449565032
3.9902490236214203	0.19134101868328515
3.9994474976109755	0.19045457245809852
4.008667176273028	0.18957117385410271
4.0179081084894	0.18869082063371845
4.027170343254591	0.1878135102843534
4.036453929676051	0.1869392400149483
4.045758916974426	0.1860680067524914
4.055085354483839	0.1851998071385002
4.0644332916521275	0.18433463752547247
4.073802778041128	0.18347249397330154
4.083193863326921	0.18261337224566263
4.09260659730011	0.18175726780636178
4.1020410298660686	0.1809041758156553
4.111497211045223	0.1800540911265318
4.120975190973302	0.17920700828096345
4.130475019901614	0.17836292150611982
4.139996748197304	0.17752182471055084
4.149540426343631	0.17668371148033044
4.1591061049402205	0.17584857507516966
4.168693834703355	0.1750156882054472
4.178303666466218	0.17418242346463894
4.187935651179185	0.1733520967426488
4.1975898399100755	0.17252470972465628
4.207266283844442	0.1717002638855146
4.216965034285822	0.17087876048695644
4.226686142656031	0.17006020057477034
4.2364296604954115	0.16924458497595424
4.24619563946313	0.16843191429583843
4.2559841313374305	0.16762218891518496
4.265795188015928	0.16681540898725733
4.275628861515862	0.16601157443486522
4.285485203974396	0.16521068494737867
4.295364267648873	0.1644127399777177
4.3052661049171075	0.16361773873931096
4.3151907682776525	0.16282568020302848
4.325138310350088	0.16203656309408407
4.335108783875289	0.16125038588891033
4.345102241715717	0.16046714681200347
4.355118736855686	0.1596868438327405
4.365158322401661	0.1589094746621651
4.375221051582521	0.15813503674974538
4.385306977749858	0.15736352728010056
4.395416154378245	0.15659494316969874
4.405548635065534	0.15582928106352242
4.4157044735331255	0.15506653733170564
4.425883723626267	0.15430670806613792
4.436086439314326	0.15354978907703906
4.446312674691089	0.15279577588950058
4.456562483975033	0.15204466373999756
4.466835921509633	0.15129644757286623
4.477133041763626	0.150551122036752
4.487453899331323	0.14980868148102214
4.49779854893288	0.1490691199521488
4.508167045414603	0.14833243119005612
4.518559443749224	0.14759860862443652
4.528975799036209	0.14686764537103136
4.539416166502032	0.14613953422788029
4.549880601500488	0.14541426767153354
4.560369159512962	0.14469183785323314
4.570881896148752	0.14397223659505604
4.581418867145335	0.1432554553860259
4.591980128368688	0.14254148537818662
4.6025657358135605	0.14183031738264276
4.613175745603796	0.1411219418655623
4.623810213992603	0.14041634894414542
4.634469197362879	0.13971352838255452
4.645152752227495	0.13901346958780975
4.6558609352295885	0.1383161616056473
4.666593803142887	0.13762159311633845
4.677351412871981	0.13692877848337046
4.688133821452653	0.1362341626336835
4.698941086052153	0.13554222765100687
4.709773263969529	0.13485297392382392
4.720630412635905	0.13416640163762927
4.731512589614805	0.13348251077229095
4.7424198526024455	0.13280130109938948
4.753352259428054	0.1321227721795309
4.7643098680541565	0.13144692335963595
4.775292736576909	0.1307737537702028
4.786300923226383	0.13010326232254601
4.797334486366892	0.12943544770600737
4.808393484497285	0.1287703083851442
4.819477976251274	0.1281078425968881
4.830588020397726	0.12744804834768067
4.841723675840994	0.12679092341058007
4.8528850016212095	0.12613646532234296
4.864072056914616	0.12548467138047775
4.875284901033862	0.12483553864027286
4.886523593428336	0.124189063911795
4.897788193684462	0.12354524375686253
4.909078761526032	0.12290407448598896
4.920395356814509	0.12226555215529995
4.9317380395493595	0.12162967256342043
4.943106869868354	0.1209964312483356
4.954501908047903	0.12036582348422034
4.96592321450336	0.11973784427824256
4.97737084978936	0.11911248836733494
4.9888448746001215	0.11848975021493907
5.000345349769786	0.11786962400771867
5.011872336272722	0.1172521036522442
5.0234258952238715	0.11663718277164564
5.035006087879047	0.11602485470223707
5.046612975635284	0.11541511249010813
5.05824662003114	0.11480794888768737
5.0699070827470445	0.11420335635027176
5.081594425605605	0.1136013270325274
5.093308710571955	0.11300185278495617
5.105049999754062	0.11240492515033274
5.116818355403078	0.11181053536010774
5.1286138399136485	0.11121867433077987
5.140436515824262	0.1106293326602341
5.152286445817564	0.11004250062404829
5.16416369272071	0.1094581681717652
5.176068319505676	0.10887632492313286
5.188000389289612	0.10829696016430912
5.199959965335159	0.1077200628440343
5.211947111050805	0.10714562156976774
5.223961889991197	0.10657362460379173
5.236004365857504	0.10600405985927845
5.248074602497725	0.10543586739473117
5.2601726639070625	0.1048652238280697
5.2722986142282275	0.10429694996229356
5.284452517751805	0.10373104648457249
5.296634438916578	0.10316751391060758
5.308844442309884	0.10260635258238995
5.321082592667942	0.10204756266593945
5.333348954876211	0.10149114414902133
5.345643593969716	0.10093709683884283
5.357966575133418	0.10038542035972646
5.370317963702527	0.09983611415076413
5.382697825162884	0.09928917746344669
5.3951062251512765	0.09874460935927422
5.4075432294558095	0.09820240870734183
5.420008904016238	0.09766257418190481
5.432503314924333	0.09712510425991992
5.445026528424211	0.0965899972185654
5.4575786109127105	0.09605725113273615
5.470159628939716	0.09552686387251835
5.482769649208539	0.09499883310063817
5.495408738576246	0.09447315626988906
5.508076964054036	0.09394983062053412
5.520774392807573	0.09342885317768558
5.533501092157368	0.092910220748659
5.546257129579107	0.09239392992030493
5.559042572704037	0.09187997705631432
5.5718574893192985	0.09136835829450095
5.584701947368309	0.09085906954405754
5.597576014951102	0.09035210648278834
5.610479760324706	0.08984746455431482
5.623413251903491	0.08934513896525777
5.6363765582595455	0.08884512468239181
5.649369748123025	0.088347416429776
5.6623928903825345	0.08785200868585659
5.675446054085471	0.08735889568054507
5.688529308438416	0.08686807139226838
5.701642722807475	0.08637952954499362
5.714786366718672	0.08589326360522483
5.727960309858292	0.08540926677897354
5.741164622073277	0.08492753200870105
5.7543993733715695	0.08444805197023429
5.767664633922509	0.08397081906965242
5.780960474057181	0.08349582544014723
5.794286964268812	0.08302306293885334
5.807644175213121	0.08255252314365169
5.821032177708716	0.08208419734994303
5.834451042737448	0.08161807656739357
5.847900841444809	0.0811541515166502
5.861381645140288	0.08069241262602804
5.874893525297769	0.08023285002816632
5.88843655355589	0.07977468975806747
5.902010801718445	0.07931514281217517
5.91561634175474	0.07885772315756007
5.9292532458	0.0784024300718592
5.942921586155727	0.07794926266411802
5.956621435290106	0.07749821987265372
5.970352865838369	0.07704930046289961
5.984115950603199	0.07660250302522875
5.997910762555095	0.07615782597275862
6.011737374832782	0.0757152675391341
6.025595860743578	0.07527482577629155
6.0394862937638	0.07483649855220097
6.0534087475391365	0.07440028354858869
6.067363295885055	0.07396617825863765
6.08135001278718	0.07353417998466821
6.095368972401694	0.07310428583579635
6.109420249055721	0.0726764927255714
6.123503917247737	0.07225079736959124
6.137620051647943	0.07182719628309703
6.151768727098683	0.07140568577854438
6.165950018614822	0.07098626196315379
6.180164001384161	0.07056892073643786
6.1944107507678146	0.07015365778770671
6.208690342300634	0.06974046859354982
6.223002851691596	0.06932934841529596
6.237348354824191	0.06892029229644983
6.251726927756859	0.06851329506010456
6.266138646723353	0.06810835130633265
6.2805835881331795	0.06770545540955106
6.295061828571975	0.06730460151586455
6.309573444801933	0.06690578354038355
6.324118513762193	0.06650899516451897
6.33869711256927	0.06611422983325133
6.353309318517436	0.06572148075237705
6.367955209079159	0.06533074088572814
6.382634861905486	0.06494200295236852
6.397348354826482	0.06455525942376372
6.412095765851615	0.0641705025209268
6.4268771731701975	0.06378772421153692
6.441692655151772	0.06340691620703394
6.456542290346556	0.06302806995968528
6.471426157485831	0.06265117665962834
6.486344335482385	0.06227622723188479
6.501296903430906	0.06190321233334981
6.516283940608428	0.06153212234975316
6.531305526474723	0.06116294739259442
6.546361740672751	0.06079567729604973
6.561452663029053	0.060430301613852454
6.576578373554206	0.06006680961614462
6.591738952443213	0.05970519028630197
6.606934480075961	0.05934466300282978
6.622165037017619	0.058982417564085156
6.637430704019089	0.058621992272032755
6.652731562017413	0.05826338536722359
6.668067692136222	0.057906594932429875
6.6834391756861455	0.05755161889069726
6.698846094165265	0.05719845500337824
6.714288529259523	0.05684710086814844
6.729766562843179	0.05649755391700379
6.745280276979219	0.056149811414240365
6.760829753919819	0.05580387045441481
6.77641507610675	0.055459727960287204
6.792036326171846	0.05511738068074396
6.807693586937414	0.05477682518870308
6.823386941416698	0.05443805787899914
6.839116472814292	0.054101074966250336
6.8548822645266165	0.053765872482704605
6.870684400142321	0.053432446276067906
6.886522963442762	0.053100792007311395
6.902398038402419	0.05277090514845978
6.918309709189366	0.05244278098035884
6.934258060165691	0.052116414590423626
6.9502431758879695	0.0517918008703654
6.966265141107686	0.051468934513899084
6.982324040771715	0.05114781001442901
6.998419960022734	0.05082842166271494
7.014552984199714	0.05051076354451598
7.030723198838334	0.05019482953821442
7.046930689671471	0.049880613312417214
7.06317554262962	0.0495681083235369
7.07945784384138	0.04925730781335005
7.095777679633888	0.0489482048065346
7.112135136533292	0.04864079210818429
7.128530301265195	0.048335062301302086
7.1449632607551345	0.04803100774426975
7.16143410212902	0.047728620568296486
7.177942912713619	0.04742789267484324
7.194489780036995	0.04712881573302555
7.211074791828998	0.04683138117699197
7.227698036021702	0.046535580203280434
7.2443596007499025	0.04624140376815
7.261059574351547	0.04594884258489005
7.277798045368242	0.04565788712110453
7.294575102545687	0.04536852759597323
7.311390834834176	0.04508075397748781
7.3282453313890406	0.04479455597966441
7.345138681571151	0.04450992305973063
7.362070974947361	0.04422684441528867
7.379042301291012	0.04394530898145259
7.396052750582378	0.04366530542796108
7.413102413009177	0.04338599545947825
7.430191378967014	0.0431043598614433
7.447319739059893	0.04282420149134443
7.464487584100665	0.04254551914304227
7.481695005111545	0.04226831148632899
7.498942093324558	0.04199257706538999
7.516228940182057	0.041718314297250134
7.533555637337174	0.04144552147020679
7.550922276654341	0.04117419674224764
7.568328950209744	0.040904338139454925
7.58577575029184	0.040635943554394
7.603262769401819	0.040369010744488266
7.620790100254123	0.04010353733037831
7.638357835776907	0.03983952079426699
7.655966069112566	0.03957695847824849
7.67361489361819	0.0393158475826231
7.691304402866098	0.03905618516419586
7.709034690644301	0.03879796813456043
7.726805850957025	0.038541193258366836
7.744617978025188	0.03828585715157403
7.76247116628692	0.03803195627968604
7.78036551039804	0.03777948695597287
7.798301105232589	0.03752844533967446
7.816278045883297	0.037278827434189483
7.83429642766212	0.03703062908524669
7.852356346100718	0.03678384597906073
7.870457896950989	0.03653847364047065
7.888601176185544	0.03629450743106227
7.906786279998253	0.03605194254727299
7.925013304804718	0.03581077401848039
7.943282347242818	0.03557099670507296
7.961593504173188	0.035332605296504074
7.979946872679768	0.03509559430932807
7.9983425500702845	0.0348599580852193
8.016780633876794	0.03462569078897293
8.035261221856173	0.03439278640648852
8.05378441199067	0.03416123874273476
8.072350302488383	0.033931041419697175
8.090958991783825	0.03370218787430633
8.109610578538408	0.03347467135634879
8.128305161640995	0.033248484926358506
8.147042840208396	0.03302362145349036
8.165823713585926	0.032800073613373934
8.1846478813479	0.03257783388594929
8.203515443298185	0.032356894553282486
8.222426499470712	0.032137247697362745
8.241381150130026	0.03191888519787941
8.260379495771788	0.031701798729979865
8.279421637123345	0.031485979762006996
8.298507675144226	0.03127141955321752
8.317637711026709	0.03105749638441924
8.336811846196344	0.03084197197523318
8.356030182312479	0.030627664712379578
8.375292821268827	0.030414573308372883
8.394599865193973	0.030202696370653582
8.413951416451951	0.02999203240029741
8.433347577642753	0.02978257979071365
8.452788451602899	0.02957433682633069
8.472274141405963	0.029367301681270327
8.491804750363139	0.02916147241800935
8.511380382023763	0.02895684698602949
8.531001140175896	0.028753423220454367
8.550667128846833	0.028551198840674995
8.570378452303697	0.02835017144896171
8.590135215053957	0.028150338529064473
8.609937521846007	0.02795169744479979
8.629785477669701	0.02775424543862517
8.649679187756934	0.027557979630200565
8.669618757582166	0.02736289701493701
8.689604292863018	0.027168994462531595
8.709635899560805	0.026976268715489988
8.729713683881117	0.026784716387634962
8.74983775227436	0.026594333962602003
8.770008211436348	0.026405117792320836
8.790225168308842	0.02621706409548394
8.810488730080142	0.026030168956000653
8.830799004185627	0.02584442832143805
8.851156098308357	0.025659838001447166
8.871560120379607	0.025476393666175847
8.892011178579486	0.025294090844666568
8.912509381337454	0.025112924923240902
8.933054837332953	0.02493289114386854
8.953647655495937	0.02475398460252267
8.974287945007486	0.02457620024751993
8.994975815300352	0.024399532877846217
9.01571137605957	0.024223977141467037
9.036494737223014	0.024049527533623303
9.057326008982002	0.02387617839511161
9.078205301781857	0.02370392391054956
9.099132726322518	0.023532758106625407
9.120108393559097	0.02336267485033257
9.141132414702504	0.023193667847187953
9.162204901219997	0.023025730639435228
9.183325964835811	0.022858856604231502
9.204495717531712	0.022693038951818643
9.225714271547634	0.022528270723677822
9.246981739382225	0.02236454479066849
9.268298233793494	0.022201853851150165
9.289663867799362	0.022040190429088585
9.311078754678306	0.021879546872144294
9.33254300796991	0.021719396852842875
9.354056741475521	0.021557846180420854
9.375620069258803	0.021397279397115554
9.39723310564638	0.021237695159875544
9.418895965228414	0.02107909203745881
9.440608762859236	0.020921468509362103
9.462371613657929	0.020764822964741064
9.484184633008974	0.020609153701319927
9.506047936562814	0.020454458924292006
9.527961640236521	0.02030073674520936
9.549925860214358	0.02014798518086328
9.571940712948447	0.019996202152153725
9.594006315159332	0.01984538548294931
9.616122783836648	0.019695532898936382
9.638290236239705	0.019546642026458033
9.660508789898136	0.019398710391342416
9.68277856261249	0.01925173541772077
9.7050996724549	0.0191057144268343
9.727472237769652	0.018960644635830946
9.749896377173872	0.018816523156550684
9.772372209558107	0.018673346994300438
9.79489985408699	0.018531113046617552
9.817479430199844	0.018389818102022584
9.84011105761134	0.01824945883876049
9.862794856312105	0.01811003182353095
9.885530946569391	0.017971533510206875
9.908319448927676	0.01783396023854204
9.93116048420934	0.017697308232866468
9.954054173515269	0.017561573600770868
9.977000638225535	0.017426752331778768
10.	0.01729284029600729
10.023052380778994	0.01715983324281557
10.046157902783957	0.01702772679944147
10.069316688518045	0.016896516469626262
10.092528860766844	0.016766197632226542
10.115794542598982	0.016636765539814507
10.1391138573668	0.016508215317265356
10.16248692870696	0.01638054196033268
10.18591388054117	0.016253740334210502
10.209394837076797	0.01612780517208335
10.232929922807546	0.016002731073663012
10.256519262514079	0.01587851250371291
10.280162981264736	0.01575514379055874
10.303861204416158	0.01563261912458669
10.32761405761398	0.015510932556727933
10.351421666793442	0.015390077996930344
10.375284158180126	0.015270049212616063
10.39920165829059	0.015150839827126119
10.423174293933046	0.015032443318151175
10.447202192208003	0.014914853016148668
10.471285480508996	0.01479761018938315
10.495424286523221	0.014679063905598649
10.519618738232236	0.014561292512452254
10.543868963912592	0.014444294866039063
10.568175092136585	0.01432806975244426
10.592537251772887	0.014212615886897723
10.616955571987253	0.014097931912920563
10.641430182243164	0.01398401640146432
10.665961212302578	0.013870867850041688
10.690548792226577	0.013758484681849975
10.71519305237607	0.013646865244886326
10.739894123412451	0.01353600781105511
10.76465213629835	0.013425910575266856
10.789467222298287	0.01331657165452952
10.814339512979387	0.013207989087031193
10.83926914021204	0.013100160831214893
10.864256236170656	0.012993084764844495
10.889300933334333	0.012886758684062772
10.91440336448757	0.012781180302440659
10.939563662720943	0.012676347250018205
10.964781961431852	0.01257225707233658
10.990058394325208	0.012468907229461723
11.015393095414156	0.012366295094999048
11.040786199020735	0.01226441795509959
11.066237839776663	0.012163273007456794
11.091748152624008	0.012062857360294806
11.117317272815919	0.01196316803134747
11.142945335917304	0.011864201946828449
11.168632477805613	0.011765955940391783
11.194378834671515	0.011668426752083584
11.220184543019629	0.011571611027284216
11.24604973966927	0.011475505315641074
11.271974561755105	0.011380106069992088
11.297959146727976	0.011285409645279246
11.324003632355566	0.011191412297452961
11.350108156723154	0.011098110182366418
11.37627285823431	0.011005499354660421
11.402497875611685	0.010913575766637967
11.428783347897712	0.010822335267129307
11.45512941445536	0.010731773600346696
11.481536214968829	0.01064188640472937
11.508003889444357	0.01055266921177784
11.534532578210918	0.010464117444878433
11.561122421920993	0.010376226418117165
11.587773561551263	0.010288991335083503
11.614486138403427	0.010202407287663175
11.641260294104908	0.010116469254820806
11.66809617060963	0.01003117210137166
11.694993910198711	0.009946510576742828
11.721953655481304	0.009862479313723211
11.748975549395292	0.009778726283643012
11.776059735208078	0.009693985231418215
11.803206356517299	0.009609849645241279
11.830415557251646	0.009526318379858567
11.857687481671597	0.00944339023241218
11.88502227437019	0.00936106394175369
11.91242008027375	0.009279338187751902
11.93988104464273	0.009198211590593926
11.967405313072431	0.009117682710080385
11.994993031493793	0.009037750044913993
12.02264434617413	0.008958412031981909
12.050359403717973	0.008879667045631305
12.078138351067798	0.008801513396938774
12.10598133550483	0.008723949332972929
12.133888504649775	0.008646973036050583
12.161860006463678	0.008570582622985925
12.189895989248662	0.008494776144333293
12.217996601648723	0.008419551583622982
12.246161992650489	0.008344906856590378
12.274392311584071	0.008270839810397869
12.30268770812381	0.008197348222850169
12.331048332289097	0.008124429801602391
12.359474334445107	0.008052082183361309
12.387965865303691	0.007980302933079116
12.416523075924106	0.007909089543140369
12.445146117713856	0.007838439432541503
12.473835142429433	0.0077683499460632225
12.5025903021772	0.007698818353435278
12.531411749414156	0.0076298418484940685
12.560299636948754	0.007561417548332671
12.589254117941675	0.007493542492443482
12.618275345906707	0.007426213641852965
12.64736347471151	0.007359427878249091
12.67651865857846	0.007293182003100837
12.705741052085418	0.007227472736770135
12.735030810166617	0.007162296717615691
12.764388088113435	0.0070976505010891715
12.793813041575252	0.007033530558823299
12.823305826560219	0.00696993327771205
12.852866599436155	0.006906854958982554
12.882495516931336	0.006844291817259068
12.912192736135347	0.0067822399796185675
12.941958414499863	0.006720695484638296
12.971792709839558	0.006659654281434608
13.001695780332899	0.006599112228693721
13.031667784523	0.0065390650936938376
13.061708881318419	0.006479508551318848
13.09181922999407	0.0064204381830632075
13.121998990192028	0.006361849476028309
13.15224832192239	0.006303737821910063
13.182567385564074	0.006245804559115943
13.212956341865752	0.006186975533732071
13.243415351946643	0.006128602383378981
13.273944577297401	0.006070684095662759
13.304544179780914	0.0060132196131051615
13.33521432163324	0.005956207832611875
13.365955165464419	0.005899647604936253
13.396766874259358	0.0058435377341380474
13.427649611378643	0.005787876977037458
13.458603540559483	0.00573266404266395
13.489628825916533	0.005677897591700449
13.52072563194278	0.005623576235922327
13.551894123510364	0.005569698537631551
13.583134465871542	0.005516263009085479
13.614446824659497	0.0054632681119208305
13.645831365889252	0.005410712256572311
13.677288255958494	0.005358593801686207
13.708817661648537	0.005306911053528508
13.740419750125149	0.005255662265387995
13.772094688939474	0.005204845636973833
13.803842646028853	0.005154459313807982
13.83566378971781	0.005104501386611931
13.867558288718882	0.005054969890688243
13.89952631213354	0.005005862805296459
13.931568029453036	0.004957178053023585
13.963683610559377	0.004908913499148804
13.995873225726179	0.004861066951002752
14.028137045619589	0.004813636157321019
14.060475241299143	0.004766618807592041
14.092887984218748	0.004720012531399036
14.12537544622754	0.004673814897756325
14.157937799570824	0.004628023414439692
14.190575216890926	0.004582635527310954
14.223287871228198	0.004537648619636378
14.25607593602188	0.0044930600113993234
14.288939585111036	0.0044488669586067115
14.321878992735439	0.004405066652589499
14.35489433353656	0.004361656219296867
14.387985782558452	0.004318632718584373
14.421153515248696	0.004275993143495772
14.45439770745928	0.004233734419538662
14.487718535447618	0.004191853403953597
14.52111617587742	0.0041503468849770145
14.554590805819668	0.004109211581097598
14.58814260275349	0.004068444140306286
14.621771744567184	0.00402804113933953
14.655478409559112	0.00398799908291617
14.689262776438676	0.003948314402967531
14.723125024327194	0.00390898345786096
14.757065332758946	0.0038700025316164227
14.791083881682072	0.0038311298675364237
14.825180851459544	0.0037914959310618515
14.859356422870075	0.0037521949307723827
14.893610777109155	0.0037132260735819995
14.92794409578996	0.00367458853298009
14.962356560944343	0.0036362814486394254
14.99684835502374	0.0035983039260207316
15.031419660900225	0.003560655035973515
15.066070661867418	0.003523333814333483
15.100801541641477	0.003486339261516257
15.135612484362087	0.0034496703421074463
15.170503674593368	0.003413325984449132
15.205475297324954	0.0033773050802224825
15.240527537972907	0.00334160648402679
15.275660582380732	0.00330622901295467
15.310874616820303	0.003271171446163547
15.346169827992941	0.003236432524443148
15.381546403030342	0.0032020109497793367
15.4170045294956	0.003167905384913936
15.452544395384141	0.0031341144529007307
15.488166189124811	0.0031006367366573986
15.523870099580817	0.003067470778513576
15.55965631605075	0.0030346150797548543
15.595525028269538	0.0030020681001628057
15.631476426409538	0.0029698282575507913
15.667510701081484	0.0029378939272958135
15.70362804333553	0.0029062634418661436
15.739828644662197	0.002874935090344849
15.776112696993485	0.0028439071179489797
15.812480392703826	0.002813177725544669
15.848931924611142	0.0027827450691578536
15.88546748597779	0.0027526072594807943
15.9220872705117	0.002722762361374092
15.95879147236732	0.0026932083933644897
15.995580286146694	0.0026639433271381683
16.032453906900418	0.0026349650870296747
16.069412530128773	0.002606271549506249
16.106456351782697	0.0025778605426477513
16.143585568264868	0.0025497298456219693
16.18080037643066	0.0025218771881554093
16.218100973589298	0.0024943002499993407
16.255487557504836	0.0024669966603913
16.292960326397232	0.002439963997511819
16.330519478943348	0.0024131997879364947
16.368165214278086	0.002386701506083164
16.40589773199539	0.0023604665736543934
16.443717232149325	0.002334492359075037
16.481623915255085	0.0023087761769249944
16.51961798229015	0.0022833152873668913
16.557699634695275	0.0022581068955689686
16.595869074375614	0.002232972143596564
16.634126503701697	0.0022072678474201264
16.672472125510627	0.002181803274967703
16.71090614310707	0.0021565777932843486
16.749428760264383	0.002131590744699771
16.788040181225607	0.002106841446540781
16.82674061070467	0.002082329190841043
16.865530253887407	0.002058053244048344
16.90440931643265	0.0020340128467291876
16.94337800447329	0.002010207213270768
16.982436524617444	0.001986635531580211
17.0215850839495	0.001963296962781212
17.060823890031244	0.0019401906409079093
17.10015315090288	0.0019173156725960877
17.139573075084254	0.0018946711367715285
17.179083871575877	0.001872256084335687
17.21868574986008	0.001850069537848508
17.25837891990204	0.0018281104912084897
17.298163592151013	0.0018063779093298099
17.338039977541374	0.0017848707278166614
17.378008287493763	0.001763587852634688
17.418068733916144	0.001742528159779522
17.458221529205037	0.0017216904949423125
17.498466886246565	0.001701073673172409
17.53880501841762	0.0016806764785369712
17.579236139586932	0.0016604976637776647
17.619760464116293	0.0016405359499642187
17.66037820686164	0.0016207900261450254
17.70108958317422	0.0016012585489946147
17.741894808901662	0.001581940142458076
17.78279410038923	0.0015628333973922704
17.82378767448089	0.001543936871203977
17.864875748520518	0.0015252490874848152
17.906058540352948	0.001506768535643016
17.947336268325266	0.0014884936705318803
17.988709151287875	0.001470422912075076
18.030177408595698	0.0014525546448886082
18.071741260109274	0.001434887217899524
18.113400926196025	0.0014174189439612156
18.15515662773135	0.0014001480994654595
18.197008586099845	0.0013830729239509992
18.238957023196384	0.001366191619708786
18.281002161427427	0.0013495023513837043
18.323144223712113	0.0013330032455729016
18.365383433483473	0.0013166923904205903
18.407720014689563	0.0013005678352093722
18.450154191794738	0.0012846275899479453
18.492686189780777	0.0012688696249553134
18.535316234148123	0.0012532918704413359
18.57804455091699	0.0012378922160837123
18.620871366628677	0.0012225454316497817
18.663796908346693	0.001206801589762742
18.706821403658015	0.0011912264348865902
18.74994508067419	0.0011758193599614142
18.793168168032686	0.0011605797384690994
18.836490894898002	0.0011455069242118435
18.879913490962945	0.0011306002510886339
18.92343618644976	0.0011158590328697975
18.967059212111465	0.0011012825629694667
19.010782799232995	0.001086870114216102
19.054607179632484	0.001072620938620917
19.098532585662387	0.00105853426714432
19.14255925021086	0.0010446093094601942
19.18668740670289	0.0010308452537181735
19.230917289101594	0.0010172412663037682
19.275249131909366	0.0010037964915964122
19.31968317016924	0.000990510051725313
19.364219639466068	0.0009773810463232083
19.408858775927794	0.0009644085522779171
19.453600816226633	0.0009515916234817372
19.498445997580454	0.0009389292905785777
19.543394557753942	0.0009264205607089332
19.58844673505991	0.0009140644172525762
19.633602768360475	0.0009018598195690303
19.67886289706845	0.0008898057027357081
19.724227361148536	0.0008779009772838082
19.76969640111862	0.0008661445289318806
19.81527025805099	0.0008545352183170731
19.860949173573715	0.0008430718807239942
19.906733389871864	0.0008317533258112468
19.952623149688808	0.000820578337335557
19.998618696327448	0.0008095456728735155
20.044720273651613	0.0007986540635408538
20.090928126087277	0.0007879022137093209
20.137242498623895	0.0007772888007210736
20.183663636815616	0.0007668124746006062
20.23019178678272	0.000756471857764135
20.276827195212817	0.0007462655447265079
20.32357010936221	0.000736192101805547
20.37042077705719	0.0007262500668238323
20.417379446695296	0.0007164379488079247
20.46444636724674	0.0007067542276849384
20.511621788255646	0.0006971973539765435
20.558905959841425	0.0006877657484902874
20.606299132700006	0.0006784578020082903
20.65380155810529	0.0006692718749732004
20.701413487910415	0.0006602062971714925
20.749135174549107	0.0006512593674140156
20.79696687103696	0.0006424293532138061
20.844908830972887	0.0006337144904611002
20.892961308540386	0.0006250081516317241
20.941124558508935	0.0006159271541060664
20.989398836235246	0.0006069534082384752
21.03778439766475	0.0005980864422711408
21.086281499332888	0.0005893257709548226
21.134890398366476	0.0005806708953975188
21.183611352485023	0.000572121302911804
21.23244462000219	0.0005636764668607907
21.28139045982711	0.0005553358465027545
21.330449131465773	0.0005470988868343774
21.379620895022324	0.0005389650184326193
21.428906011200585	0.000530933657295161
21.47830474130533	0.000523004204679482
21.527817347243737	0.0005151760469404926
21.57744409152667	0.0005074485553667665
21.6271852372702	0.0004998210860152935
21.67704104819694	0.0004922929795448188
21.727011788637455	0.00048486356104769727
21.77709772353159	0.0004775321398802954
21.827299118430012	0.000470298009491873
21.87761623949552	0.0004631604472520024
21.9280493535045	0.0004561187142764563
21.978598727848254	0.00044917205525159384
22.02926463053456	0.00044231969825718167
22.080047330188993	0.0004355608545877011
22.13094709605639	0.0004288947185720805
22.181964198002195	0.00042232046739187234
22.23309890651403	0.0004158372608978186
22.28435149270303	0.0004094442414248521
22.335722228305325	0.0004031405336054728
22.3872113856834	0.00039692524418151703
22.438819237827662	0.0003907974618142713
22.490546058357804	0.00038475625689296153
22.542392121524305	0.0003788006813415716
22.59435770220978	0.0003729297684240028
22.646443075930595	0.00036714253254752153
22.698648518838212	0.00036143796906453846
22.750974307720718	0.00035581505407265265
22.803420720004187	0.0003502727442129934
22.8559880337543	0.0003448099764667913
22.908676527677724	0.0003394256679502249
22.961486481123632	0.00033411871570748525
23.01441817408509	0.0003288879965020738
23.06747188720069	0.00032373236660628274
23.12064790175594	0.0003186506615888876
23.173946499684796	0.0003136416961010089
23.227367963571073	0.0003087042636601425
23.280912576650078	0.0003038371364323227
23.33458062281002	0.00029903906501243643
23.38837238659356	0.00029430877820264736
23.442288153199225	0.00028956843923937754
23.49632820848307	0.00028453828372608677
23.55049283896009	0.00027957020331176324
23.604782331805783	0.0002746638757675042
23.65919697485759	0.0002698189703911489
23.71373705661655	0.0002650351479133556
23.76840286624876	0.00026031206040286875
23.823194693586913	0.00025564935117094323
23.878112829131783	0.0002510466546749339
23.933157564053875	0.00024650359642102153
23.9883291901949	0.00024201979286610155
24.043628000069347	0.00023759485131880147
24.099054286865954	0.00023322836983963863
24.154608344449404	0.00022891993714028682
24.210290467361776	0.00022466913248197812
24.266100950824168	0.00022047552557300364
24.32204009073816	0.00021633867646533015
24.378108183687527	0.00021225813545029556
24.434305526939713	0.00020823344295341085
24.49063241844747	0.00020426412942823252
24.547089156850312	0.0002003497152493255
24.603676041476273	0.0001964897106042694
24.660393372343385	0.00019268361538474815
24.717241450161318	0.00018893091907667923
24.774220576332862	0.0001852311006493998
24.831331052955704	0.00018158362844387252
24.888573182823905	0.00017798796005994038
24.94594726942956	0.0001744435422425922
25.003453616964322	0.00017094981076725362
25.06109253032114	0.00016750619032407005
25.118864315095795	0.00016411209440120306
25.17676927758857	0.00016076692516711022
25.234807724805755	0.00015747007335181642
25.29297996446145	0.00015422091812714711
25.35128630497907	0.0001510188269859422
25.409727055493065	0.000147863155620221
25.46830252585042	0.00014475324779830769
25.527013026612472	0.00014168843524088395
25.58585886905645	0.00013866803749599155
25.64484036517719	0.000135691361812951
25.703957827688647	0.00013275770301520863
25.763211570025756	0.00012986634337207672
25.82260190634596	0.0001270165524693894
25.88212915153093	0.00012420758707904167
25.94179362118815	0.00012143869102741975
26.001595631652723	0.00011870909506269398
26.06153549998895	0.00011601801672098901
26.12161354399208	0.00011336466019140321
26.18183008218986	0.00011074821617988482
26.24218543384442	0.00010816786177193282
26.302679918953814	0.0001056230965389117
26.363313858253814	0.00010311282675118452
26.424087573219474	0.00010063607589185644
26.485001386067008	0.00009819196520636393
26.54605561975539	0.00009577960161717155
26.607250597988113	0.0000933980775793373
26.668586645214805	0.00009104647093485948
26.730064086633117	0.00008872384476577693
26.791683248190314	0.00008642924724603535
26.85344445658509	0.0000841617114920908
26.915348039269166	0.00008192025541225652
26.977394324449207	0.0000797038815547629
27.039583641088434	0.00007751157695454528
27.101916318908415	0.00007534231297872959
27.164392688390837	0.0000731950451708154
27.227013080779127	0.00007106871309354852
27.289777828080403	0.00006896224017045784
27.35268726306711	0.00006687453352606741
27.415741719278834	0.00006480448382475741
27.478941531023974	0.00006275096510827283
27.542287033381662	0.000060712834631858165
27.605778562203447	0.00005868893269902229
27.669416454115126	0.00005667808249491025
27.73320104651841	0.000054679089918282126
27.797132677592884	0.00005269074341207289
27.861211686297693	0.00005071181379253954
27.925438412373392	0.00004874105407697279
27.98981319634363	0.00004677719930997026
28.05433637951713	0.00004481896638824675
28.119008303989396	0.00004286505388398865
28.18382931264455	0.00004091414186672603
28.248799749157076	0.00003896489172372203
28.31391995799379	0.0000370159459788536
28.37919028441555	0.000035065928109990565
28.44461107447917	0.000033113442364845404
28.510182675039097	0.00003115707357529491
28.575905433749465	0.000029195386970145093
28.641779699065797	0.00002722692798634752
28.70780582024692	0.000025250222078639272
28.773984147356696	0.00002326377452760555
28.84031503126606	0.000021266070246138363
28.906798823654746	0.000019255573584297647
28.973435877013245	0.00001723072813254574
29.04022654464451	0.000015189956523356977
29.10717118066605	0.000013131660231172165
29.17427014001166	0.00001105421937070532
29.24152377843337	8.955992493574613e-6
29.308932452503214	6.835316383255377e-6
29.376496519615305	4.690505848328587e-6
29.4442163379876	2.5198535140284924e-6