0.1	8.631836636328732
0.10023052380778996	8.621429631243075
0.10046157902783952	8.611024035974811
0.10069316688518042	8.600619880354794
0.10092528860766845	8.590217193776882
0.10115794542598985	8.579816005190244
0.10139113857366794	8.569416343091627
0.10162486928706957	8.559018235517428
0.1018591388054117	8.54862171003582
0.102093948370768	8.538226793738698
0.10232929922807542	8.527833513233594
0.10256519262514076	8.517441894635498
0.10280162981264736	8.507051963558586
0.10303861204416162	8.496663745107874
0.10327614057613975	8.486277263870797
0.10351421666793438	8.475892543908675
0.10375284158180126	8.465509608748116
0.10399201658290592	8.455128481372341
0.10423174293933042	8.444749184212379
0.10447202192208001	8.434371739138243
0.10471285480508996	8.423996167449923
0.10495424286523224	8.413622489868395
0.1051961873823223	8.403250726526455
0.1054386896391259	8.392880896959504
0.10568175092136585	8.382513020096237
0.10592537251772889	8.372147114249234
0.10616955571987247	8.361783197105447
0.10641430182243161	8.351421285716617
0.10665961212302578	8.341061396489584
0.1069054879222658	8.330703545176478
0.10715193052376065	8.320347746864876
0.10739894123412448	8.309994015967778
0.1076465213629835	8.299642366213558
0.10789467222298288	8.289292810635775
0.1081433951297938	8.27894536156291
0.10839269140212036	8.268600030607955
0.10864256236170655	8.258256828657975
0.10889300933334335	8.247915765863496
0.10914403364487565	8.237576851627834
0.10939563662720939	8.227240094596306
0.1096478196143185	8.216897299340115
0.10990058394325211	8.206554999348212
0.11015393095414151	8.196214853106303
0.11040786199020733	8.18587689003839
0.11066237839776664	8.175541139087022
0.11091748152624012	8.165207628705058
0.11117317272815914	8.154876386847356
0.11142945335917301	8.144547440962368
0.11168632477805612	8.13422081798364
0.11194378834671516	8.123896544321262
0.11220184543019636	8.113574645853179
0.11246049739669266	8.103255147916464
0.11271974561755105	8.09293807529847
0.11297959146727979	8.082623452227915
0.11324003632355571	8.07231130236586
0.11350108156723152	8.062001648796596
0.1137627285823431	8.051694514018468
0.11402497875611688	8.041389919934575
0.11428783347897718	8.031087887843395
0.11455129414455358	8.020788438429298
0.1148153621496883	8.010491591752999
0.11508003889444356	8.00019736724188
0.11534532578210924	7.9899057836802285
0.11561122421920987	7.979616859199404
0.11587773561551262	7.969330611267863
0.11614486138403426	7.95904705668111
0.11641260294104915	7.94876621155156
0.11668096170609624	7.938488091298282
0.11694993910198712	7.928212710636647
0.11721953655481303	7.917940083567881
0.11748975549395298	7.907670223368498
0.11776059735208072	7.897403142579661
0.11803206356517298	7.887138852996407
0.11830415557251646	7.876877365656783
0.118576874816716	7.866618690830877
0.11885022274370183	7.85636283800973
0.11912420080273747	7.8461098158941605
0.1193988104464273	7.83585963238346
0.11967405313072434	7.825612294563986
0.11994993031493788	7.81536780869766
0.12022644346174129	7.805126180210328
0.12050359403717974	7.794887413680024
0.120781383510678	7.78465151282512
0.12105981335504823	7.7744184804923595
0.12133888504649772	7.764188318644774
0.12161860006463679	7.7539610283494875
0.12189895989248664	7.743736609765412
0.12217996601648717	7.7335150621307855
0.12246161992650487	7.72329638375066
0.12274392311584072	7.713080571984205
0.12302687708123815	7.702858793382502
0.1233104833228909	7.692638068233462
0.12359474334445104	7.682420169350213
0.1238796586530369	7.672205115926967
0.1241652307592411	7.661992926504307
0.1244514611771385	7.651783618959254
0.12473835142429429	7.641577210495156
0.125025903021772	7.631373717631556
0.1253141174941416	7.621173156193895
0.1256029963694875	7.610975541303151
0.12589254117941673	7.6007808873653815
0.12618275345906707	7.590589208061135
0.12647363474711512	7.580400516334777
0.12676518658578456	7.570214824383704
0.12705741052085415	7.560032143647473
0.12735030810166617	7.549852484796784
0.12764388088113438	7.539675857722406
0.12793813041575247	7.529502271523947
0.12823305826560213	7.519331734498551
0.12852866599436155	7.509164254129477
0.1288249551693134	7.498999837074538
0.12912192736135342	7.488838489154477
0.1294195841449986	7.47868021534119
0.12971792709839558	7.468525019745884
0.13001695780332903	7.458372905607029
0.13031667784522993	7.44822387527832
0.13061708881318415	7.438077930216414
0.1309181922999407	7.427935070968604
0.13121998990192033	7.417795297160375
0.13152248321922383	7.407658607482816
0.1318256738556407	7.397524999679932
0.1321295634186575	7.387394470535821
0.13243415351946647	7.377267015861767
0.13273944577297395	7.367142630483121
0.1330454417978091	7.357021308226178
0.1333521432163324	7.346903041904825
0.13365955165464422	7.336787823307131
0.1339676687425935	7.326675643181759
0.1342764961137864	7.316566491224301
0.13458603540559483	7.306460356063431
0.13489628825916536	7.296357225246979
0.13520725631942773	7.286257085227826
0.1355189412351036	7.276159921349701
0.1358313446587154	7.266065717832833
0.136144468246595	7.255974457759451
0.13645831365889247	7.245886123059193
0.13677288255958492	7.235800694494315
0.13708817661648537	7.225718151644822
0.13740419750125152	7.215638472893428
0.13772094688939465	7.205561635410375
0.1380384264602885	7.195469208590232
0.1383566378971781	7.185375811028987
0.13867558288718884	7.175285123323217
0.13899526312133534	7.165197171311864
0.13931568029453031	7.155111980288529
0.13963683610559377	7.145029574992587
0.13995873225726183	7.1349499796002265
0.14028137045619582	7.124873217715421
0.1406047524129914	7.1147993123607725
0.14092887984218747	7.104728285968289
0.14125375446227545	7.094660160370064
0.14157937799570816	7.084594956788863
0.14190575216890922	7.074532695828602
0.142232878712282	7.064473397464764
0.14256075936021884	7.054417081034683
0.1428893958511103	7.044363765227771
0.14321878992735435	7.0343134680756085
0.1435489433353656	7.0242662069419595
0.14387985782558455	7.0142219985127054
0.14421153515248689	7.004180858785621
0.14454397707459277	6.994142803060126
0.14487718535447616	6.984107845926879
0.14521116175877424	6.974076001257286
0.14554590805819662	6.964047282192926
0.14588142602753484	6.9540217011348275
0.14621771744567183	6.943999269732715
0.14655478409559117	6.933979998874057
0.1468926277643867	6.923963898673077
0.1472312502432719	6.913950978459638
0.14757065332758945	6.903941246768021
0.14791083881682077	6.893934711325574
0.14825180851459538	6.883931379041282
0.1485935642287007	6.873931255994211
0.14893610777109154	6.863934347421839
0.14927944095789963	6.853940657708277
0.14962356560944334	6.843950190372381
0.1499684835502373	6.833962948055742
0.15031419660900225	6.823978932510568
0.15066070661867417	6.813998144587446
0.15100801541641484	6.804020584222986
0.1513561248436208	6.79404625042735
0.1517050367459337	6.784075141271652
0.15205475297324955	6.774107253875262
0.15240527537972914	6.764142584392959
0.15275660582380723	6.754181128001972
0.15310874616820302	6.744222878888927
0.15346169827992942	6.734267830236604
0.1538154640303035	6.724315974210646
0.15417004529495593	6.714367301946091
0.1545254439538414	6.704421803533784
0.1548816618912481	6.694462757713011
0.15523870099580825	6.684503446834397
0.15559656316050743	6.674547223296925
0.15595525028269538	6.664594121603214
0.15631476426409538	6.654644175818312
0.15667510701081494	6.644697419561837
0.15703628043335524	6.634753886000055
0.15739828644662196	6.6248136078378295
0.15776112696993486	6.614876617310552
0.15812480392703834	6.604942946175949
0.15848931924611134	6.595012625705807
0.15885467485977792	6.585085686677629
0.159220872705117	6.575162159366211
0.15958791472367329	6.565242073535093
0.15995580286146688	6.555325458427978
0.16032453906900418	6.545412342760028
0.1606941253012877	6.535502754709082
0.16106456351782708	6.52559672190678
0.16143585568264862	6.515694271429612
0.16180800376430657	6.505795429789864
0.16218100973589297	6.495900222926487
0.16255487557504839	6.48600867619584
0.16292960326397224	6.476120814362396
0.16330519478943342	6.4662366615893
0.16368165214278085	6.4563562414288755
0.16405897731995392	6.446479576813003
0.16443717232149316	6.436606690043436
0.1648162391525508	6.426737602781978
0.1651961798229015	6.416872336040615
0.1655769963469528	6.4070109101715085
0.16595869074375605	6.397153344856896
0.16634126503701693	6.38729965909892
0.16672472125510626	6.377449871209318
0.16710906143107074	6.367603998799041
0.16749428760264373	6.357762058767744
0.16788040181225602	6.347924067293216
0.16826740610704674	6.338090039820648
0.16865530253887412	6.328259991051838
0.16904409316432642	6.318433934934284
0.16943378004473283	6.308611884650165
0.16982436524617442	6.2987938526052005
0.17021585083949506	6.28897985041744
0.17060823890031235	6.279169888905893
0.17100153150902875	6.269363978079106
0.17139573075084252	6.259562127123569
0.17179083871575881	6.249764344392057
0.1721868574986007	6.239970637391837
0.17258378919902034	6.2301810127727615
0.17298163592151014	6.220395476315261
0.17338039977541378	6.210614032918201
0.17378008287493754	6.200824202866065
0.17418068733916142	6.1910359210665815
0.17458221529205037	6.181251703973822
0.1749846688624657	6.171471589239028
0.1753880501841761	6.161695614074823
0.17579236139586926	6.151923815247213
0.1761976046411629	6.142156229067527
0.17660378206861643	6.132392891384264
0.17701089583174212	6.122633837574872
0.17741894808901656	6.112879102537428
0.1778279410038923	6.103128720682222
0.17823787674480895	6.093382725923294
0.17864875748520506	6.0836411516698465
0.17906058540352943	6.073904030817589
0.17947336268325265	6.064171395739986
0.1798870915128788	6.054443278279425
0.1803017740859569	6.0447197097382945
0.1807174126010927	6.035000720869953
0.18113400926196024	6.025286341869632
0.18155156627731356	6.015576602365244
0.18197008586099836	6.0058715314080855
0.18238957023196378	5.996171157463435
0.1828100216142743	5.986475508401108
0.18323144223712115	5.976784611485863
0.18365383433483465	5.967098493367725
0.18407720014689558	5.957417180072249
0.18450154191794738	5.947740696990627
0.18492686189780783	5.938069068869746
0.18535316234148114	5.928402319802126
0.18578044550916986	5.918740473215754
0.18620871366628675	5.909083551863832
0.186637969083467	5.899431577814408
0.18706821403658005	5.889784572439924
0.18749945080674188	5.8801425564066365
0.18793168168032684	5.870505549663965
0.18836490894898006	5.860873571433686
0.18879913490962935	5.851246640199086
0.18923436186449755	5.841624773693959
0.18967059212111465	5.832007988891496
0.19010782799233	5.822396301993116
0.19054607179632474	5.812789728417125
0.1909853258566238	5.803188282787298
0.19142559250210858	5.793591978921356
0.19186687406702896	5.7840008298193135
0.19230917289101584	5.774414847651715
0.1927524913190936	5.764834043747769
0.1931968317016924	5.755258428583353
0.19364219639466074	5.7456880117689195
0.19408858775927784	5.736122802037262
0.19453600816226624	5.726562807231192
0.19498445997580455	5.7169971926786065
0.19543394557753943	5.707434589783961
0.195884467350599	5.697877187191234
0.19633602768360464	5.688325020671455
0.1967886289706845	5.678778125481045
0.19724227361148533	5.669236536353007
0.19769696401118608	5.659700287487964
0.1981527025805098	5.650169412545167
0.19860949173573716	5.640643944633351
0.19906733389871864	5.63112391630156
0.19952623149688797	5.621609359529822
0.1999861869632744	5.612100305719783
0.20044720273651614	5.6025967856852
0.2009092812608728	5.59309882964238
0.20137242498623883	5.583606467200474
0.20183663636815607	5.574119727351745
0.2023019178678272	5.564638638461661
0.20276827195212818	5.555163228258937
0.20323570109362218	5.54569352382548
0.2037042077705718	5.536229551586193
0.20417379446695297	5.526771337298735
0.20464446367246739	5.517318906043126
0.20511621788255657	5.507872282211289
0.20558905959841414	5.498431489496463
0.20606299132700007	5.488996550882518
0.20653801558105292	5.479567488633191
0.20701413487910425	5.470144324281155
0.20749135174549097	5.46072707861706
0.2079696687103696	5.451315771678385
0.20844908830972886	5.441910422738261
0.20892961308540398	5.43251105029411
0.20941124558508925	5.42311767205623
0.20989398836235246	5.413730304936234
0.21037784397664752	5.404348965035396
0.21086281499332898	5.394973667632879
0.21134890398366465	5.385604427173835
0.2118361135248502	5.3762412572574005
0.21232444620002192	5.3668841706245995
0.21281390459827124	5.357533179146074
0.21330449131465762	5.348188293809753
0.21379620895022325	5.338849524708353
0.21428906011200585	5.329516881026815
0.21478304741305343	5.3201903710295495
0.21527817347243727	5.310870002047635
0.21577444091526668	5.301555780465829
0.21627185237270202	5.292247711709494
0.21677041048196952	5.282945800231379
0.21727011788637443	5.273650049498292
0.2177709772353159	5.264360461977621
0.21827299118430013	5.25507703912376
0.2187761623949553	5.2457861606215985
0.21928049353504486	5.236498662260141
0.21978598727848253	5.227217285646802
0.2202926463053456	5.217942067763253
0.22080047330189004	5.208673045059614
0.22130947096056375	5.1994102534453885
0.22181964198002194	5.190153728280289
0.2223309890651403	5.180903504364969
0.22284351492703042	5.171659615931671
0.22335722228305316	5.162422096634771
0.223872113856834	5.153190979541232
0.22438819237827662	5.143966297120965
0.2249054605835781	5.134748081237085
0.22542392121524293	5.125536363136074
0.22594357702209775	5.116331173437855
0.22646443075930595	5.1071325421257425
0.2269864851883822	5.097940498536321
0.22750974307720706	5.088755071349212
0.2280342072000418	5.079576288576719
0.22855988033754301	5.070404177553412
0.2290867652767773	5.0612387649255695
0.2296148648112362	5.052080076640528
0.23014418174085083	5.042928137935952
0.2306747188720069	5.033782973328956
0.23120647901755947	5.024644606605136
0.23173946499684786	5.015513060807526
0.2322736796357107	5.006388358225382
0.23280912576650079	4.997270520382911
0.23334580622810028	4.988159568027866
0.23388372386593548	4.979055521120031
0.2344228815319922	4.9699583988196006
0.23496328208483072	4.9608682194754286
0.23550492838960096	4.951785000613192
0.2360478233180577	4.942708758923414
0.23659196974857583	4.933639510249374
0.23713737056616552	4.9245772695749235
0.23768402866248767	4.915522051012146
0.23823194693586902	4.906473867788935
0.23878112829131776	4.897432732236426
0.23933157564053875	4.888398655776314
0.23988329190194904	4.879371648908068
0.24043628000069334	4.870351721195981
0.24099054286865948	4.861338881256142
0.24154608344449405	4.852333136743254
0.2421029046736178	4.843334494337326
0.24266100950824154	4.83434295973026
0.24322040090738153	4.825358537612282
0.24378108183687525	4.81638123165826
0.2443430552693972	4.8074110445138905
0.24490632418447456	4.798447977781752
0.24547089156850305	4.789476605641033
0.24603676041476275	4.780509200487014
0.24660393372343392	4.771548867642957
0.24717241450161304	4.762595649379817
0.24774220576332856	4.753649587478178
0.24831331052955705	4.744710723219489
0.2488857318282391	4.735779097377236
0.24945947269429547	4.726854750208011
0.25003453616964316	4.717937721442491
0.2506109253032114	4.709028050276324
0.251188643150958	4.700125775360941
0.25176769277588557	4.691230934794231
0.25234807724805747	4.68234356611118
0.2529297996446145	4.673463706274363
0.25351286304979076	4.664591391664385
0.25409727055493053	4.6557266580701775
0.2546830252585041	4.646869540679244
0.2552701302661247	4.638020074067779
0.2558585886905646	4.629178292190697
0.25644840365177174	4.6203442283715646
0.2570395782768864	4.6115179152924215
0.25763211570025757	4.602699384983516
0.25822601906345966	4.593888668812924
0.2588212915153092	4.58508579747607
0.2594179362118814	4.576290800985147
0.2600159563165272	4.567503708658429
0.2606153549998896	4.5593931156808045
0.26121613543992067	4.551728208524024
0.2618183008218985	4.544070739612564
0.26242185433844417	4.536420700974572
0.26302679918953814	4.528778083526438
0.263633138582538	4.521142877058404
0.2642408757321946	4.513515070220051
0.2648500138606701	4.505894650505638
0.2654605561975539	4.498281604239322
0.26607250597988097	4.490675916560206
0.2666858664521479	4.483077571407293
0.26730064086633115	4.475486551504256
0.2679168324819031	4.467902838344106
0.26853444456585074	4.460326412173675
0.26915348039269155	4.452757251978005
0.26977394324449205	4.445195335464537
0.2703958364108843	4.4376406390472125
0.2710191631890843	4.430093137830367
0.2716439268839082	4.422552805592528
0.2722701308077913	4.415019614770032
0.272897778280804	4.407493536440503
0.27352687263067127	4.399974540306158
0.27415741719278824	4.392462594677012
0.2747894153102397	4.384957666453848
0.2754228703338166	4.377436599076096
0.27605778562203465	4.369917752022514
0.27669416454115114	4.362405744737949
0.2773320104651841	4.354900605736808
0.27797132677592884	4.347402362973024
0.2786121168629771	4.339911043831125
0.27925438412373377	4.332426675117223
0.2798981319634363	4.324949283049883
0.2805433637951713	4.3174788932509545
0.28119008303989407	4.310015530736247
0.28183829312644537	4.302559219906181
0.2824879974915708	4.295109984536281
0.2831391995799379	4.2876678477676355
0.2837919028441557	4.280232832097218
0.28444611074479154	4.2728049593681305
0.285101826750391	4.265384250759763
0.28575905433749466	4.257970726777828
0.2864177969906581	4.250564407244318
0.28707805820246907	4.243165311287376
0.28773984147356696	4.235773457331028
0.28840315031266056	4.228388863084859
0.2890679882365476	4.2210115455335515
0.28973435877013226	4.213641520926356
0.2904022654464451	4.206278804766435
0.2910717118066605	4.198923411800113
0.29174270140011677	4.1915753560060205
0.29241523778433354	4.184234650584133
0.2930893245250321	4.1769013079447115
0.2937649651961531	4.169575339697124
0.29444216337987617	4.162256756638569
0.29512092266663853	4.154945568742685
0.29580124665515467	4.147641785148048
0.2964831389524342	4.140345414146585
0.29716660317380267	4.133056463171828
0.29785164294291894	4.1257749387870986
0.298538261891796	4.11850084667356
0.2992264636608189	4.111234191618163
0.29991625189876514	4.103974977501468
0.30060763026282306	4.096723207285364
0.3013006024186122	4.089478883000649
0.3019951720402016	4.08224200573453
0.30269134281013055	4.075012575617958
0.30338911841942706	4.067790591812882
0.3040885025676279	4.0605760524993615
0.3047894989627983	4.053368954862571
0.3054921113215513	4.046169295079658
0.3061963433690677	4.038977068306505
0.30690219883911574	4.031792268664357
0.3076096814740708	4.024614889226314
0.3083187950249354	4.0174449220037065
0.30902954325135906	4.010261460976782
0.309741929921658	4.003081121209333
0.31045595881283555	3.9959081001791414
0.31117163371060175	3.9887424464467736
0.3118889584093937	3.981584208286921
0.3126079367123955	3.974433433682105
0.31332857243155854	3.9672901703163803
0.3140508693876217	3.960154465568894
0.3147748314101316	3.9530263665074483
0.31550046233746265	3.9459059198819517
0.31622776601683794	3.938793172117814
0.3169567463043491	3.9316881693092753
0.31768740706497706	3.92459095721266
0.3184197521726125	3.9175015812395557
0.31915378551007617	3.9104200864499425
0.3198895109691398	3.903346517545218
0.3206269324505466	3.8962809188611787
0.3213660538640317	3.889223334360909
0.32210687912834346	3.8821738076276078
0.32284941217126356	3.875132381857332
0.32359365692962827	3.8680990998516873
0.32433961734934924	3.8610740040103986
0.3250872973854344	3.8540571363238527
0.3258367010020088	3.8470485383655415
0.32658783217233583	3.840048251284415
0.3273406948788382	3.8330563157971844
0.328095293113119	3.8260727721805337
0.32885163087598307	3.8190976602632345
0.32960971217745777	3.8121310194182136
0.3303695410368148	3.805172888554517
0.3311311214825911	3.7982233061091897
0.3318944575526104	3.791282310039098
0.33265955329400454	3.7843499378126353
0.333426412763235	3.777426226401371
0.3341950400261143	3.7705112122716065
0.33496543915782767	3.763604931375836
0.3357376142429547	3.7567074191441385
0.33651156937549076	3.749818710475472
0.3372873086588689	3.742938839728881
0.3380648362059816	3.736067840714627
0.33884415613920255	3.7292057466852118
0.3396252725904084	3.722352590326323
0.3404081897010009	3.715508403747691
0.34119291162192855	3.7086732184738516
0.3419794425137089	3.701847065434815
0.3427677865464504	3.695029974956639
0.34355794789987465	3.6882219767519233
0.34434993076333853	3.6814230999101905
0.3451437393358563	3.674633372888193
0.345939377826122	3.667852823500098
0.34673685045253166	3.6610844722465217
0.34753616144320587	3.65432596418361
0.34833731503601184	3.6475767222669764
0.34914031547858615	3.6408367629120124
0.3499451670283573	3.6341061017198966
0.350751873952568	3.627384753466026
0.35156044052829816	3.6206727320883543
0.35237087104248715	3.613970050675607
0.353183169791957	3.607276721455387
0.3539973410834347	3.600592755782174
0.35481338923357547	3.593918164125191
0.3556313185689854	3.58725295605617
0.3564511334262443	3.5805971402369985
0.35727283815192895	3.57395072440724
0.35809643710263606	3.5673137153715526
0.35892193464500527	3.5606861189869616
0.35974933515574237	3.554067940150042
0.36057864302164244	3.547459182783953
0.36140986263961333	3.540859849825367
0.36224299841669866	3.534269943211268
0.3630780547701014	3.5276894638656207
0.36391503612720716	3.5211184116859275
0.36475394692560786	3.5145567855296433
0.36559479161312497	3.5080045832004765
0.36643757464783333	3.501461801434544
0.3672823004980847	3.4949284358864134
0.3681289736425315	3.4884044811150052
0.3689775985701504	3.4818899305693694
0.3698281797802663	3.475384776574313
0.37068072178257605	3.4688890103159156
0.37153522909717257	3.4624026218268904
0.3723917062545686	3.4559255999718235
0.3732501577957206	3.449457932432263
0.3741105882720534	3.4429996056916785
0.3749730022454836	3.4365506050202757
0.3758374042884442	3.430110914459673
0.37670379898390893	3.423680516807432
0.377572190925416	3.417259393601454
0.37844258471709324	3.410847525104215
0.3793149849736819	3.4044448902868716
0.38018939632056115	3.3980514668132153
0.381065823393773	3.391667231023471
0.3819442708400465	3.3852921579179602
0.38282474331682265	3.378926221140598
0.38370724549227875	3.372569392962251
0.38459178204535355	3.366221644263938
0.38547835766577176	3.3598829445198692
0.38636697705406914	3.3535532617803487
0.3872576449216172	3.3472325626544954
0.3881503659906482	3.3409208122928304
0.38904514499428056	3.334604033269528
0.3899419866765434	3.3282932790371205
0.390840895792402	3.3219913180604155
0.3917418771077831	3.3156981501300757
0.3926449353995998	3.309413774052991
0.3935500754557774	3.303138187639313
0.3944573020752784	3.29687138768936
0.3953666200681279	3.2906133699804134
0.39627803425543945	3.284364129253375
0.3971915494694403	3.2781236591993097
0.3981071705534972	3.2718919524458565
0.39902490236214205	3.2656690005435123
0.39994474976109745	3.2594547939517966
0.4008667176273028	3.253249322025272
0.4017908108489399	3.24705257299945
0.4027170343254591	3.2408645339765507
0.40364539296760493	3.2346851909111436
0.4045758916974427	3.2285145285956443
0.40550853544838383	3.2223525306456846
0.40644332916521275	3.216199179485342
0.40738027780411273	3.2100544563322355
0.4083193863326921	3.20391834118248
0.40926065973001086	3.197790812795505
0.4102041029866068	3.191671848678733
0.41114972110452225	3.1855614250721134
0.4120975190973302	3.179459516932519
0.4130475019901614	3.173366097917994
0.41399967481973043	3.1672811403718613
0.4149540426343629	3.161204615306681
0.41591061049402206	3.1551364923880616
0.4168693834703354	3.14907673991833
0.41783036664662176	3.1430253248200377
0.4187935651179184	3.136982212619335
0.41975898399100753	3.130947367429172
0.4207266283844441	3.124920751932368
0.4216965034285822	3.1189023273645073
0.422668614265603	3.1128920534966973
0.4236429660495411	3.106889888618152
0.4246195639463129	3.10089578951863
0.4255984131337431	3.0949097114707143
0.42657951880159267	3.088931608211912
0.4275628861515862	3.0829614319266225
0.4285485203974395	3.0769991332279125
0.4295364267648873	3.071044661139148
0.43052661049171065	3.06509796307545
0.43151907682776525	3.059158984824984
0.43251383103500873	3.0532276705300814
0.4335108783875289	3.047303962668193
0.43451022417157154	3.041387802032669
0.4355118736855686	3.035479127713365
0.436515832240166	3.0295491629957985
0.4375221051582521	3.0236206878767775
0.4385306977749857	3.0176994193543805
0.4395416154378245	3.0117853732368154
0.4405548635065533	3.0058785646915998
0.4415704473533125	2.999979008236291
0.44258837236262655	2.9940867177291275
0.44360864393143257	2.988201706359573
0.4446312674691087	2.982323986638784
0.4456562483975033	2.9764535703899693
0.44668359215096315	2.9705904687386644
0.44771330417636257	2.964734692102915
0.4487453899331322	2.9588862501833586
0.449779854893288	2.9530451519532157
0.45081670454146017	2.9472114056481935
0.4518559443749224	2.9413850187562693
0.4528975799036208	2.935565998007404
0.4539416166502032	2.9297543493631393
0.4549880601500486	2.9239500780060994
0.4560369159512962	2.918153188329403
0.4570881896148751	2.912363683925957
0.4581418867145335	2.9065815675776636
0.4591980128368686	2.9008068412445174
0.4602565735813561	2.895039506053603
0.4613175745603794	2.889279562287985
0.46238102139926035	2.8835270093754963
0.46344691973628804	2.8777818458774203
0.46451527522274944	2.872044069477064
0.465586093522959	2.8663136769682263
0.46665938031428866	2.8605906642435515
0.46773514128719823	2.8548750262827896
0.46881338214526524	2.849166757140925
0.46989410860521547	2.843465849936211
0.47097732639695294	2.837772296838081
0.47206304126359055	2.832086089054957
0.4731512589614805	2.826407216821935
0.4742419852602447	2.820735669388362
0.47533522594280536	2.8150714350052914
0.47643098680541573	2.809414500912829
0.47752927365769093	2.803764853327355
0.4786300923226384	2.7981224774286337
0.47973344863668915	2.7924873573467948
0.4808393484497286	2.7868594761492016
0.4819477976251274	2.781238815827193
0.4830588020397727	2.7756253572827156
0.48417236758409943	2.770019080314806
0.4852885001621211	2.764419963605977
0.4864072056914617	2.7588279847084594
0.4875284901033864	2.7532431200303287
0.48865235934283363	2.7476653448214954
0.48977881936844625	2.742076018772914
0.4909078761526032	2.7364899240249496
0.492039535681451	2.730910781283506
0.49317380395493593	2.7253386153024133
0.4943106869868355	2.7197734503589137
0.4954501908047903	2.7142153102461104
0.49659232145033616	2.708664218265365
0.49773708497893604	2.7031201972185928
0.4988844874600123	2.69758326940051
0.5000345349769786	2.6920534565907825
0.5011872336272724	2.68653078004611
0.5023425895223872	2.6810152604922215
0.5035006087879049	2.6755069181158118
0.5046612975635284	2.670005772556371
0.505824662003114	2.664511842897959
0.5069907082747043	2.6590251476608855
0.5081594425605604	2.6535457047933098
0.5093308710571953	2.6480735316627735
0.5105049999754062	2.6426086450476216
0.5116818355403077	2.637151061128373
0.5128613839913648	2.6317007954789817
0.514043651582426	2.626257863058027
0.5152286445817564	2.6208222781998196
0.5164163692720709	2.6153940546054044
0.5176068319505677	2.609973205333498
0.5188000389289611	2.604559742791331
0.5199959965335159	2.599153678725394
0.5211947111050804	2.593755024212103
0.5223961889991198	2.5883637896483784
0.5236004365857502	2.5829799847421255
0.5248074602497725	2.5776036185026223
0.5260172663907061	2.5722346992308256
0.5272298614228227	2.5668732345095777
0.5284452517751804	2.56151923119372
0.5296634438916578	2.556172695400113
0.5308844442309884	2.5508336324975613
0.5321082592667942	2.5455020470966425
0.5333348954876209	2.5401779430394393
0.5345643593969717	2.534861323389179
0.5357966575133416	2.529552190419762
0.5370317963702527	2.524250545605209
0.5382697825162883	2.5189563896089933
0.5395106225151276	2.51366972227328
0.5407543229455808	2.5083905426080637
0.5420008904016238	2.503118848780199
0.5432503314924332	2.4978546381023325
0.5445026528424212	2.4925979070217323
0.5457578610912709	2.487348651109006
0.5470159628939716	2.4821068650467177
0.5482769649208538	2.476872542617898
0.5495408738576245	2.4716384340732125
0.5508076964054034	2.4664102934523844
0.5520774392807574	2.4611895704642177
0.5533501092157367	2.4559762762958997
0.5546257129579107	2.4507704214691928
0.5559042572704036	2.4455720158311185
0.5571857489319298	2.440381068544536
0.5584701947368308	2.435197588078638
0.5597576014951101	2.43002158219935
0.5610479760324705	2.4248530579596483
0.5623413251903491	2.4196920216897753
0.5636376558259545	2.4145384789873643
0.5649369748123025	2.409392434707477
0.5662392890382533	2.4042538929525334
0.5675446054085471	2.3991228570621628
0.5688529308438415	2.3939993296029405
0.5701642722807475	2.3888833123580433
0.571478636671867	2.383774806316798
0.5727960309858292	2.3786738116641337
0.5741164622073276	2.373580327769934
0.5754399373371569	2.3684943531782916
0.5767664633922508	2.363415885596657
0.5780960474057181	2.358344921884893
0.5794286964268811	2.3532814580442136
0.580764417521312	2.3482254892060355
0.5821032177708715	2.34317700962071
0.5834451042737447	2.338136012646164
0.5847900841444807	2.3331024907364175
0.5861381645140288	2.328076435430014
0.5874893525297767	2.323057837338325
0.588843655355589	2.318046686133757
0.5902010801718444	2.313042970537847
0.591561634175474	2.3080466783092395
0.5929253245799998	2.303057796231567
0.5942921586155727	2.2980763101012003
0.5956621435290105	2.293102204714902
0.5970352865838369	2.288135463857353
0.5984115950603197	2.2831760702885737
0.5997910762555094	2.2782240057312193
0.6011737374832781	2.2732792508577675
0.6025595860743578	2.268341785277583
0.6039486293763798	2.2634115875238607
0.6053408747539136	2.2584886350404583
0.6067363295885054	2.253572904168595
0.6081350012787179	2.2486643701334414
0.6095368972401692	2.243763007030576
0.610942024905572	2.2388687878123243
0.6123503917247736	2.2339816842739704
0.6137620051647943	2.229101667039842
0.6151768727098682	2.224228705549271
0.6165950018614822	2.2193454668084205
0.618016400138416	2.2144656823742204
0.6194410750767815	2.2095928025868274
0.6208690342300636	2.204726842452698
0.6223002851691596	2.1998678164215386
0.6237348354824193	2.1950157383782263
0.6251726927756859	2.1901706216346426
0.6266138646723355	2.185332478921435
0.628058358813318	2.1805013223797003
0.6295061828571976	2.17567716355258
0.6309573444801934	2.170860013376784
0.6324118513762195	2.1660498821740273
0.633869711256927	2.161246779642384
0.6353309318517437	2.1564507148475633
0.6367955209079159	2.151661696214096
0.6382634861905487	2.146879731516441
0.6397348354826482	2.1421048278700043
0.6412095765851616	2.137336991722074
0.6426877173170197	2.132576228842668
0.6441692655151774	2.1278225443152965
0.6456542290346556	2.123075942527632
0.6471426157485832	2.1183364271620952
0.6486344335482385	2.113604001186352
0.6501296903430908	2.108878666843716
0.6516283940608427	2.104160425643465
0.6531305526474724	2.099449278351062
0.654636174067275	2.09474522497829
0.6561452663029055	2.090048264773283
0.6576578373554206	2.0853583962104763
0.6591738952443215	2.080675616980455
0.6606934480075961	2.0759999239797033
0.662216503701762	2.0713313133002687
0.6637430704019089	2.066669780219318
0.6652731562017414	2.0620153191886055
0.6668067692136223	2.057367923823835
0.6683439175686147	2.052727586893925
0.6698846094165265	2.0480943003101775
0.6714288529259524	2.0434680551153366
0.6729766562843179	2.0388488414725603
0.6745280276979221	2.034236648654272
0.6760829753919819	2.0296314650309237
0.6776415076106752	2.0250332780596443
0.6792036326171846	2.020442074272791
0.6807693586937414	2.0158578392663875
0.6823386941416696	2.0112805576884605
0.6839116472814293	2.006710213227266
0.6854882264526615	2.002146788599409
0.6870684400142321	1.9975902655378517
0.688652296344276	1.9930406247798103
0.6902398038402419	1.9884978460545464
0.6918309709189364	1.9839474095400471
0.6934258060165691	1.9794008276659902
0.6950243175887968	1.9748609971285194
0.6966265141107687	1.9703279357781436
0.6982324040771714	1.965801660981582
0.6998419960022735	1.9612821896145147
0.7014552984199712	1.9567695380542587
0.7030723198838335	1.9522637221723802
0.7046930689671469	1.9477647573272272
0.7063175542629619	1.9432726583563924
0.7079457843841379	1.9387874395691065
0.7095777679633888	1.9343091147385516
0.711213513653329	1.9298376970941047
0.7128530301265195	1.9253731993135028
0.7144963260755133	1.9209156335149367
0.716143410212902	1.9164650112490647
0.7177942912713617	1.9120213434909503
0.7194489780036994	1.9075846406319257
0.7211074791828996	1.9031549124713703
0.7227698036021702	1.8987321682084173
0.72443596007499	1.8943164164335764
0.7261059574351547	1.8899076651202797
0.727779804536824	1.8855059216163448
0.7294575102545687	1.8811111926353525
0.7311390834834174	1.8767234842479552
0.732824533138904	1.872342801873085
0.734513868157115	1.8679691502690918
0.7362070974947361	1.8636025335247923
0.737904230129101	1.8592429550504344
0.7396052750582378	1.8548904175685745
0.7413102413009175	1.850544923104872
0.7430191378967014	1.8462064729787935
0.744731973905989	1.8418750677942335
0.7464487584100665	1.8375507074300388
0.7481695005111544	1.833233391030454
0.7498942093324559	1.828923116995469
0.7516228940182055	1.82461988297108
0.7533555637337174	1.8203236858394571
0.7550922276654339	1.816034521709022
0.7568328950209744	1.8117523859044298
0.7585775750291838	1.8074772729564597
0.7603262769401818	1.8032091765918121
0.762079010025412	1.7989480897228047
0.7638357835776907	1.7946940044369812
0.7655966069112563	1.7904469119866162
0.7673614893618189	1.7862068027781264
0.7691304402866096	1.7819736663613825
0.7709034690644301	1.7777474914189215
0.7726805850957024	1.7735282657550566
0.7744617978025188	1.769315976284896
0.7762471166286917	1.7650994901547816
0.7780365510398041	1.760887638426706
0.7798301105232588	1.7566826446681028
0.7816278045883297	1.752484524547739
0.7834296427662119	1.7482932932388093
0.7852356346100718	1.7441089654116533
0.7870457896950986	1.739931555226414
0.7888601176185545	1.7357610763256115
0.7906786279998251	1.7315975418266554
0.7925013304804718	1.7274409643142814
0.7943282347242815	1.7232913558329122
0.7961593504173188	1.7191487278789503
0.7979946872679766	1.7150130913929909
0.7998342550070284	1.7108844567519643
0.8016780633876791	1.7067628337612013
0.8035261221856173	1.70264823164642
0.8053784411990667	1.6985406590456416
0.8072350302488382	1.694440124001024
0.8090958991783823	1.690346633950619
0.8109610578538409	1.6862601957200494
0.8128305161640993	1.6821808155141134
0.8147042840208396	1.6781084989082968
0.8165823713585925	1.6740432508402179
0.81846478813479	1.6699850756009817
0.8203515443298183	1.665933976826457
0.8222426499470712	1.6618899574884682
0.8241381150130024	1.6578530198859058
0.8260379495771788	1.653823165635753
0.8279421637123342	1.6498003956640253
0.8298507675144225	1.6457847101966268
0.8317637711026711	1.641776108750121
0.8336811846196344	1.6377745901224119
0.835603018231248	1.6337801523833404
0.8375292821268826	1.629792792865194
0.8394599865193975	1.6258125081531192
0.8413951416451951	1.6218392940754573
0.8433347577642755	1.6178731456939777
0.84527884516029	1.6139140572940267
0.8472274141405965	1.6099620223745843
0.8491804750363139	1.606017033638225
0.8511380382023765	1.6020790829809892
0.8531001140175896	1.5981481614821555
0.8550667128846834	1.5942242593939246
0.8570378452303697	1.590307366131001
0.8590135215053958	1.586397470260083
0.8609937521846007	1.582494559489254
0.8629785477669704	1.578598620657275
0.8649679187756933	1.5747096397227767
0.8669618757582167	1.5708276017533567
0.8689604292863019	1.5669524909145727
0.8709635899560808	1.5630745438912441
0.8729713683881117	1.5592014971938257
0.8749837752274362	1.5553352952144317
0.8770008211436349	1.551475946819181
0.8790225168308845	1.5476234603101495
0.8810488730080143	1.5437778434175382
0.8830799004185629	1.5399391032917764
0.8851156098308356	1.5361072464955368
0.887156012037961	1.5322822789956843
0.8892011178579485	1.528464206155145
0.8912509381337457	1.5246530327246985
0.8933054837332954	1.5208487628346898
0.895364765549594	1.5170513999866648
0.8974287945007486	1.513260947044929
0.8994975815300353	1.5094774062280214
0.9015711376059571	1.505700779100112
0.9036494737223016	1.5019310665623156
0.9057326008982003	1.4981682688439255
0.9078205301781859	1.4944123854935634
0.9099132726322517	1.4906634153702476
0.9120108393559097	1.4869213566343769
0.9141132414702502	1.4831862067386272
0.9162204901219997	1.4794579624187685
0.9183325964835808	1.4757366196843917
0.9204495717531712	1.472022173809549
0.9225714271547631	1.4683146193233099
0.9246981739382225	1.4646139500002253
0.9268298233793492	1.4609201588507053
0.9289663867799363	1.4572332381113076
0.9311078754678302	1.4535531792349352
0.933254300796991	1.449879972880942
0.9354056741475518	1.4462136089051472
0.9375620069258802	1.442554076349761
0.9397233105646378	1.4389013634332106
0.9418895965228413	1.4352554575398768
0.9440608762859233	1.4316163452097341
0.946237161365793	1.4279840121278973
0.9484184633008971	1.4243584431140681
0.9506047936562815	1.4207396221118895
0.9527961640236519	1.4171275321781984
0.9549925860214359	1.4135221554721797
0.9571940712948444	1.4099234732444264
0.9594006315159331	1.4063314658258892
0.9616122783836646	1.4027461126167378
0.9638290236239705	1.3991673920751078
0.9660508789898133	1.3955952817057553
0.9682778562612491	1.3920297580486005
0.9705099672454897	1.3884707966671712
0.9727472237769651	1.3849183721369405
0.9749896377173869	1.381372458033555
0.9772372209558107	1.3778188188738723
0.9794899854086988	1.3742687298481486
0.9817479430199844	1.3707250230213441
0.9840111057611337	1.3671877092803806
0.9862794856312105	1.3636567990270578
0.9885530946569389	1.360132302171169
0.9908319448927676	1.3566142281235478
0.9931160484209338	1.353102585789043
0.995405417351527	1.349597383559437
0.9977000638225533	1.3460986293062858
1.	1.3426063303736957
1.0023052380778998	1.339120493571032
1.0046157902783952	1.3356411251655567
1.0069316688518044	1.332168230874991
1.0092528860766845	1.3287018158600195
1.0115794542598988	1.325241884716708
1.0139113857366795	1.321788441468865
1.016248692870696	1.318341489560315
1.0185913880541169	1.3149010318471126
1.0209394837076802	1.3114670705896725
1.023292992280754	1.308039607444834
1.0256519262514079	1.3046186434578415
1.0280162981264735	1.3012041790542606
1.0303861204416165	1.2977962140318036
1.0327614057613974	1.2943947475520954
1.0351421666793441	1.2909997781323446
1.0375284158180127	1.2876113036369528
1.0399201658290596	1.2842293212690323
1.0423174293933042	1.2808538275618533
1.0447202192208003	1.2774848183702037
1.0471285480508996	1.2741222888616779
1.0495424286523225	1.270766233507873
1.051961873823223	1.2674166460755145
1.0543868963912593	1.2640735196174877
1.0568175092136585	1.2607368464637996
1.0592537251772887	1.257406618212441
1.0616955571987248	1.2540828257201782
1.064143018224316	1.250765459093252
1.066596121230258	1.2474545076779902
1.0690548792226577	1.2441499600513397
1.0715193052376064	1.240851804011301
1.0739894123412446	1.2375600265672853
1.076465213629835	1.2342746139303757
1.0789467222298286	1.230995551503503
1.081433951297938	1.227722823871524
1.0839269140212033	1.2244564147912234
1.0864256236170655	1.221196307181204
1.0889300933334332	1.217942483111704
1.0914403364487566	1.2146949237943054
1.0939563662720937	1.2114536095715605
1.096478196143185	1.208206737254702
1.0990058394325208	1.2049636594686883
1.101539309541415	1.201726726961408
1.104078619902073	1.1984959508515916
1.1066237839776665	1.1952713418125902
1.1091748152624008	1.1920529100660116
1.1117317272815914	1.1888406653752857
1.1142945335917298	1.1856346170391803
1.1168632477805611	1.1824347738852383
1.1194378834671515	1.1792411442631707
1.1220184543019636	1.1760537360381706
1.1246049739669264	1.1728725565841718
1.1271974561755105	1.1696976127770407
1.1297959146727976	1.1665289109877042
1.1324003632355573	1.1633664570752078
1.1350108156723149	1.1602102563797176
1.137627285823431	1.1570603137154416
1.1402497875611686	1.1539166333634983
1.1428783347897717	1.1507792190647064
1.1455129414455354	1.1476480740123145
1.1481536214968828	1.144523200844654
1.1508003889444356	1.1414046016377317
1.1534532578210923	1.1382922778977445
1.1561122421920986	1.1351862305535292
1.1587773561551262	1.1320864599489355
1.1614486138403426	1.128992965835136
1.1641260294104914	1.1259057473628535
1.1668096170609623	1.1228248030745245
1.1694993910198712	1.1197501308963824
1.1721953655481303	1.1166817281304746
1.1748975549395297	1.1136195914465923
1.1776059735208073	1.110563716874142
1.1803206356517297	1.1075140997939241
1.1830415557251646	1.1044707349298486
1.1857687481671602	1.101433616340564
1.1885022274370183	1.098402737411015
1.1912420080273751	1.0953780908439175
1.193988104464273	1.0923596686511592
1.1967405313072437	1.089347462145112
1.1994993031493788	1.086341461929878
1.2022644346174132	1.083341657892438
1.2050359403717974	1.0803480391937328
1.2078138351067804	1.0773605942596516
1.2105981335504823	1.074379310771947
1.2133888504649775	1.0714041756590549
1.2161860006463678	1.0684351750868426
1.2189895989248667	1.0654722944492607
1.2217996601648717	1.062515518358919
1.2246161992650488	1.0595648306375678
1.2274392311584073	1.056620214306497
1.2302687708123818	1.0536726806584167
1.233104833228909	1.0507293481753297
1.2359474334445106	1.0477920041993734
1.238796586530369	1.0448606546112484
1.2416523075924113	1.0419353048050113
1.244514611771385	1.039015959681437
1.2473835142429432	1.0361026236413036
1.2502590302177201	1.0331953005786292
1.2531411749414163	1.0302939938738305
1.2560299636948749	1.027398706386828
1.2589254117941675	1.0245094404500754
1.2618275345906707	1.021626197861536
1.2647363474711515	1.0187489798775788
1.2676518658578455	1.0158777872058202
1.270574105208542	1.0130126199978888
1.2735030810166617	1.01015347784213
1.276438808811344	1.0073003597562347
1.2793813041575246	1.0044532641798065
1.2823305826560218	1.0016121889668517
1.2852866599436155	0.998777131378208
1.2882495516931343	0.9959480880738916
1.2912192736135342	0.993125055105384
1.2941958414499863	0.9903080279078381
1.297179270983956	0.9874970012922184
1.3001695780332907	0.984691969437361
1.3031667784522993	0.9818929258819704
1.3061708881318417	0.9790998635165281
1.309181922999407	0.976312774575141
1.3121998990192034	0.9735316506273018
1.3152248321922384	0.9707564825695824
1.3182567385564075	0.9679872606172436
1.3212956341865751	0.9652239742957748
1.324341535194665	0.9624666124323459
1.3273944577297394	0.9597151631471933
1.3304544179780915	0.9569696138449119
1.333521432163324	0.9542299512056822
1.3365955165464425	0.951496161176404
1.3396766874259352	0.9487682289617575
1.3427649611378643	0.9460461390151782
1.3458603540559484	0.9433298750297512
1.348962882591654	0.9406194199290198
1.3520725631942772	0.9379147558577156
1.3551894123510364	0.935215864172396
1.3583134465871542	0.9325227254320051
1.3614446824659503	0.9298353193883416
1.3645831365889245	0.927153624976444
1.3677288255958495	0.9244776203048871
1.3708817661648536	0.9218072826459924
1.3740419750125157	0.9191425884259443
1.3772094688939465	0.9164835132148268
1.3803842646028852	0.9138173651579137
1.383566378971781	0.9111541953541357
1.3867558288718889	0.9084965278427547
1.3899526312133532	0.9058443716033908
1.3931568029453036	0.9031977352211108
1.3963683610559376	0.9005566268808497
1.3995873225726185	0.8979210543617638
1.4028137045619582	0.8952910250315429
1.4060475241299144	0.8926665458406574
1.4092887984218747	0.8900476233165607
1.4125375446227548	0.887434263557823
1.4157937799570817	0.8848264722282262
1.4190575216890926	0.882224254550784
1.4223287871228198	0.8796276153017216
1.425607593602188	0.8770365588043868
1.428893958511103	0.8744510889231084
1.432187899273543	0.8718712090569989
1.435489433353656	0.8692969221336887
1.4387985782558452	0.8667282306030146
1.4421153515248688	0.8641651364306363
1.4454397707459272	0.8616076410916025
1.4487718535447618	0.8590557455638471
1.452111617587742	0.8565094503216356
1.455459080581966	0.8539687553289368
1.4588142602753482	0.851433660032745
1.4621771744567182	0.8489041633563289
1.4655478409559113	0.8463802636924259
1.468926277643867	0.843861958896365
1.4723125024327186	0.8413492462791342
1.4757065332758947	0.8388421226003735
1.4791083881682072	0.8363405840613116
1.4825180851459536	0.8338446262976296
1.4859356422870067	0.8313542443722635
1.4893610777109154	0.8288694327681373
1.492794409578996	0.8263901853808298
1.4962356560944337	0.823916495511171
1.4996848355023733	0.8214483558577752
1.5031419660900225	0.8189857585094978
1.5066070661867417	0.8165286949378308
1.5100801541641484	0.8140771559892183
1.513561248436208	0.8116311318773127
1.5170503674593367	0.8091906121751481
1.5205475297324955	0.8067555858072509
1.5240527537972914	0.8043260410416717
1.5275660582380723	0.8019019654819489
1.5310874616820302	0.7994833460589922
1.5346169827992941	0.7970701690229014
1.5381546403030348	0.7946624199347001
1.5417004529495593	0.792260083658001
1.545254439538414	0.7898631443505911
1.5488166189124812	0.7874631431074763
1.5523870099580825	0.7850667792199042
1.5559656316050743	0.7826757350014482
1.559552502826954	0.7802900163186562
1.5631476426409538	0.7779096286307885
1.5667510701081493	0.7755345769842177
1.5703628043335522	0.7731648660067891
1.5739828644662197	0.7708004999021125
1.5776112696993485	0.7684414824438148
1.5812480392703834	0.7660878169697259
1.5848931924611134	0.7637395063760185
1.5885467485977791	0.7613965531112854
1.59220872705117	0.759058959170568
1.5958791472367329	0.756726726089321
1.5995580286146687	0.7543998549373276
1.6032453906900417	0.7520783463125508
1.6069412530128773	0.7497622003349327
1.6106456351782708	0.7474514166401314
1.6143585568264862	0.7451459943732028
1.6180800376430662	0.7428459321822174
1.6218100973589298	0.7405512282118267
1.6255487557504842	0.7382618800967591
1.6292960326397223	0.7359778849552638
1.6330519478943346	0.7336992393824882
1.6368165214278085	0.731425939443796
1.6405897731995396	0.7291579806680222
1.6443717232149315	0.7268953580406674
1.6481623915255086	0.7246380659970244
1.651961798229015	0.7223860984152496
1.6557699634695284	0.720139448609357
1.6595869074375604	0.717898109322164
1.6634126503701698	0.7156620727181561
1.6672472125510627	0.7134313303762989
1.6710906143107078	0.7112058732827726
1.6749428760264373	0.7089856918236502
1.6788040181225607	0.7067707757774986
1.6826740610704674	0.7045611143079202
1.6865530253887415	0.7023566959560194
1.690440931643264	0.7001575086328047
1.6943378004473288	0.6979635396115179
1.6982436524617444	0.6957747755198964
1.7021585083949509	0.6935912023323604
1.7060823890031234	0.6914128053621349
1.710015315090288	0.6892395692532927
1.7139573075084253	0.687071477972732
1.7179083871575884	0.6849085148020743
1.721868574986007	0.6827506623294949
1.725837891990204	0.6805979024414732
1.7298163592151015	0.6784502163144744
1.7338039977541384	0.6763075844065494
1.7378008287493754	0.6741623091148933
1.7418068733916146	0.6720204773750207
1.7458221529205038	0.6698836136859717
1.7498466886246573	0.667751717933616
1.7538805018417611	0.6656247895530689
1.7579236139586931	0.6635028275228174
1.7619760464116292	0.6613858303587967
1.7660378206861649	0.6592737961084066
1.770108958317421	0.6571667223444767
1.7741894808901661	0.6550646061591695
1.7782794100389228	0.6529674441578347
1.78237876744809	0.6508752324527975
1.7864875748520508	0.6487879666570973
1.7906058540352947	0.64670564187816
1.7947336268325265	0.6446282527114223
1.7988709151287883	0.6425557932338838
1.803017740859569	0.640488256997613
1.8071741260109275	0.6384256370231814
1.8113400926196026	0.6363679257930472
1.8155156627731361	0.6343151152448687
1.8197008586099834	0.6322671967647642
1.8238957023196385	0.6302241611805027
1.8281002161427427	0.6281859987546405
1.832314422371212	0.6261526991775852
1.8365383433483464	0.6241242515606037
1.8407720014689564	0.6221006444287609
1.8450154191794736	0.6200818657137999
1.8492686189780787	0.6180679027469483
1.8535316234148114	0.6160587422516687
1.857804455091699	0.6140543703363345
1.8620871366628675	0.6120547724868454
1.8663796908346704	0.6100599335591704
1.8706821403658007	0.6080698377718285
1.8749945080674193	0.6060844686982947
1.8793168168032686	0.6041038092593435
1.883649089489801	0.602127841715317
1.8879913490962936	0.6001565476583289
1.892343618644976	0.5981899080043923
1.8967059212111463	0.596227902985481
1.9010782799233006	0.5942705121415147
1.9054607179632472	0.5923177143122769
1.9098532585662378	0.5903694876292547
1.914255925021086	0.5884258095074086
1.9186687406702891	0.5864866566368693
1.9230917289101586	0.5845520049745531
1.9275249131909356	0.5826218297357117
1.9319683170169242	0.5806961053853976
1.936421963946607	0.5787748056298593
1.9408858775927782	0.5768579034078533
1.9453600816226624	0.5749453708818862
1.9498445997580456	0.5730261746729791
1.9543394557753944	0.5711090405378313
1.95884467350599	0.5691961546610789
1.9633602768360463	0.5672875181006948
1.967886289706845	0.565383131538894
1.9724227361148534	0.5634829952771842
1.976969640111861	0.5615871092313601
1.9815270258050979	0.5596954729264619
1.9860949173573716	0.5578080854916749
1.9906733389871865	0.5559249456551922
1.9952623149688797	0.5540460517390201
1.9998618696327437	0.5521714016537436
2.0044720273651615	0.5503009928932338
2.0090928126087277	0.548434822529316
2.0137242498623884	0.5465728872063789
2.0183663636815607	0.5447151831359405
2.023019178678272	0.5428617060911596
2.0276827195212817	0.5410124514012997
2.032357010936222	0.5391674139461361
2.037042077705718	0.5373265881503193
2.0417379446695296	0.5354899679776775
2.046444636724674	0.5336575469254748
2.0511621788255656	0.5318293180186089
2.0558905959841414	0.5300052738037621
2.0606299132700006	0.5281854063434918
2.065380155810529	0.5263697072102745
2.0701413487910423	0.5245581674804858
2.0749135174549096	0.5227507777283349
2.079696687103696	0.5209475280197347
2.084490883097289	0.519148407906123
2.0892961308540396	0.517353406418221
2.0941124558508926	0.5155625120597412
2.0989398836235242	0.5137757128010313
2.1037784397664754	0.5119929960726646
2.1086281499332897	0.5102143487589713
2.1134890398366464	0.5084397571915097
2.1183611352485023	0.5066692071424774
2.123244462000219	0.5049026838180681
2.1281390459827123	0.503140171851758
2.133044913146576	0.5013816552975432
2.1379620895022327	0.49962711762310535
2.1428906011200586	0.49787654170292445
2.1478304741305343	0.49612990981132055
2.1527817347243725	0.4943872036154413
2.157744409152667	0.4926484041681786
2.16271852372702	0.4909134919010294
2.167704104819695	0.48918244661688237
2.1727011788637443	0.4874552474827504
2.1777097723531593	0.485731873022428
2.1827299118430012	0.48401230110909116
2.187761623949553	0.48228570663419124
2.1928049353504484	0.48056066026886146
2.197859872784825	0.4788393135227652
2.202926463053456	0.47712167309060627
2.2080047330189	0.4754077454157424
2.2130947096056377	0.4736975366865846
2.2181964198002193	0.47199105283295967
2.223309890651403	0.4702882995224415
2.2284351492703043	0.46858928215664214
2.2335722228305315	0.4668940058674731
2.23872113856834	0.46520247551336485
2.2438819237827663	0.4635146956754556
2.2490546058357817	0.4618306706537389
2.254239212152429	0.46015040446317956
2.259435770220978	0.4584739008297862
2.2646443075930596	0.45680116318665426
2.2698648518838223	0.45513219466996285
2.2750974307720706	0.4534669981149422
2.2803420720004186	0.45180557605179467
2.28559880337543	0.45014793070158476
2.2908676527677736	0.44849406397208286
2.296148648112362	0.4468439774535775
2.301441817408509	0.44519767241464026
2.306747188720069	0.443555149797858
2.312064790175595	0.44191641021551825
2.3173946499684783	0.440281453945261
2.3227367963571073	0.43865028092568215
2.328091257665008	0.43702289075190304
2.3334580622810033	0.4353992826710924
2.338837238659355	0.4337794555779509
2.344228815319923	0.4321634080101501
2.3496328208483073	0.43055113814373247
2.35504928389601	0.4289426437884632
2.360478233180577	0.42733792238314583
2.365919697485759	0.4257369709908872
2.371373705661655	0.42413978629432375
2.3768402866248772	0.42254636459079936
2.38231946935869	0.4209567017875036
2.3878112829131783	0.4193707933965578
2.3933157564053875	0.4177886345300642
2.3988329190194912	0.41621021989510054
2.4043628000069335	0.41463554378867706
2.4099054286865957	0.41306460009263823
2.41546083444494	0.41149738226852667
2.421029046736179	0.40993388335239117
2.4266100950824154	0.40837409594955393
2.432204009073816	0.4068180122293247
2.4378108183687526	0.4052656239196706
2.4434305526939726	0.40371692230183254
2.4490632418447453	0.4021718982048982
2.454708915685031	0.4006241275592534
2.4603676041476272	0.39907870347957597
2.46603933723434	0.3975369073008305
2.4717241450161302	0.3959987466925787
2.4774220576332864	0.3944642291039909
2.4831331052955705	0.3929333617606155
2.4888573182823914	0.39140615166110815
2.494594726942955	0.38988260557393706
2.500345361696432	0.3883627300340518
2.506109253032114	0.38684653133952246
2.511886431509581	0.3853340155481439
2.5176769277588558	0.383825188474011
2.5234807724805757	0.38232005568405597
2.529297996446145	0.3808186224945592
2.5351286304979084	0.3793208939676184
2.540972705549305	0.37782687490759254
2.5468302525850417	0.37633656985750386
2.552701302661247	0.3748499830954128
2.5585858869056453	0.3733671186307521
2.5644840365177175	0.37188798020062985
2.5703957827688635	0.37041257126609706
2.5763211570025755	0.36894089500837735
2.582260190634596	0.36747295432506394
2.588212915153092	0.3660087518262785
2.5941793621188136	0.36454828983079485
2.6001595631652723	0.36309157036212425
2.6061535499988953	0.36163859514456775
2.6121613543992064	0.36018936559922526
2.6181830082189848	0.35874388283997266
2.624218543384442	0.3573021476693978
2.6302679918953813	0.3558641605747003
2.6363313858253803	0.3544299217235498
2.642408757321946	0.3529994309599105
2.648500138606701	0.3515726877998202
2.654605561975539	0.35014969142713664
2.6607250597988097	0.3487304406892377
2.666858664521479	0.34731493409268627
2.6730064086633116	0.34590316979885244
2.6791683248190314	0.34449514561949596
2.6853444456585076	0.3430908590123058
2.691534803926915	0.3416903070764016
2.6977394324449206	0.3402934865477888
2.703958364108843	0.3389003937947774
2.7101916318908432	0.3375110248133517
2.7164392688390824	0.33612537522250413
2.7227013080779128	0.33474344025951924
2.7289777828080406	0.33336521477522046
2.7352687263067126	0.3319906932291675
2.741574171927882	0.3306198696848142
2.7478941531023975	0.32925273780461767
2.7542287033381663	0.32788387489895426
2.7605778562203462	0.3265175826364159
2.7669416454115114	0.32515494424103797
2.773320104651841	0.3237959675143066
2.7797132677592886	0.32244066005083727
2.7861211686297707	0.32108902923531935
2.792543841237338	0.3197410822394348
2.798981319634363	0.31839682601874286
2.805433637951713	0.31705626730953995
2.811900830398941	0.3157194126256831
2.8183829312644537	0.314386268255389
2.8248799749157074	0.3130568402579968
2.831391995799379	0.3117311344607036
2.8379190284415565	0.3104091564552661
2.8444611074479154	0.30909091159467295
2.85101826750391	0.30777640498978204
2.8575905433749464	0.3064656415059302
2.8641779699065815	0.3051586257595045
2.8707805820246906	0.3038553621144878
2.8773984147356697	0.3025558546789645
2.8840315031266055	0.3012601073015988
2.8906798823654762	0.2999681235680747
2.897343587701323	0.29867990679750706
2.904022654464451	0.2973954600388133
2.910717118066605	0.29611478606705594
2.9174270140011673	0.29483788737974603
2.924152377843335	0.29356476619311583
2.9308932452503216	0.2922954244383517
2.9376496519615305	0.2910298637577969
2.9444216337987617	0.28976808550111244
2.9512092266663856	0.28851009072140854
2.9580124665515464	0.28725588017133363
2.9648313895243423	0.2860054542991314
2.971666031738027	0.28475881324465674
2.9785164294291895	0.2835159568353595
2.9853826189179604	0.28227688458222444
2.992264636608189	0.2810415956756798
2.9991625189876516	0.2798100889814616
3.0060763026282307	0.278582363036445
3.013006024186122	0.27735841604443184
3.019951720402016	0.27613824587190366
3.0269134281013064	0.2749218500437307
3.0338911841942706	0.2737092257388461
3.04088502567628	0.2725003697858743
3.047894989627983	0.2712952786587251
3.054921113215514	0.27009394847214147
3.061963433690677	0.2688963749772108
3.069021988391158	0.2677025535568309
3.076096814740708	0.26651247922113747
3.083187950249355	0.26532614660288695
3.0902954325135905	0.2641394246162992
3.097419299216581	0.2629555891640197
3.1045595881283554	0.26177546457867856
3.1117163371060186	0.26059905596591043
3.118889584093937	0.25942636819725123
3.126079367123956	0.25825740590686685
3.1332857243155856	0.2570921734882557
3.1405086938762183	0.25593067509091566
3.1477483141013156	0.25477291461698376
3.1550046233746274	0.2536188957178387
3.1622776601683795	0.25246862179067586
3.169567463043492	0.25132209597504707
3.1768740706497707	0.25017932114936836
3.1841975217261256	0.24904029992739452
3.1915378551007616	0.24790503465466182
3.198895109691399	0.24677352740489383
3.206269324505466	0.2456457799763774
3.213660538640318	0.2445217938883012
3.2210687912834346	0.24340157037706237
3.2284941217126364	0.24228511039253617
3.2359365692962827	0.24117241459431307
3.2433961734934935	0.24006348334789815
3.250872973854344	0.23895831672087747
3.2583670100200885	0.23785691447904558
3.265878321723358	0.23675927608250066
3.273406948788383	0.23566540068169897
3.2809529311311905	0.23457528711347728
3.2885163087598315	0.23348893389703296
3.2960971217745776	0.2324063392298722
3.303695410368149	0.23132750098371596
3.311311214825911	0.23025241670037147
3.3189445755261047	0.22918108358756262
3.326595532940045	0.2281134985147246
3.3342641276323506	0.2270496580087566
3.3419504002611427	0.22598955824973885
3.3496543915782775	0.22493319506660625
3.3573761424295467	0.2238805639327862
3.365115693754908	0.22283165996179186
3.372873086588689	0.22178647790277983
3.380648362059817	0.22074501213606246
3.3884415613920256	0.21970725666858254
3.3962527259040853	0.21867320512934366
3.404081897010009	0.21764285076480164
3.4119291162192864	0.21661618643421057
3.4197944251370886	0.21559320460492987
3.4276778654645046	0.2145738973476851
3.4355794789987466	0.21355825633178852
3.443499307633384	0.2125462728203141
3.451437393358563	0.21153793766522896
3.459393778261219	0.21053324130248255
3.4673685045253166	0.20952775753819639
3.4753616144320576	0.20852498941249975
3.483373150360118	0.20752581552641017
3.4914031547858606	0.20653023747936752
3.499451670283573	0.2055382566083311
3.5075187395256795	0.20454987398431707
3.5156044052829816	0.20356509040889903
3.523708710424871	0.20258390641068008
3.53183169791957	0.20160632224172834
3.5399734108343464	0.20063233787398188
3.548133892335755	0.19966195299561734
3.5563131856898527	0.1986951670073884
3.5645113342624426	0.19773197901892556
3.5727283815192883	0.19677238784500597
3.5809643710263606	0.19581639200178477
3.5892193464500517	0.19486398970299532
3.5974933515574232	0.19391517885610957
3.6057864302164235	0.19296995705846795
3.6140986263961334	0.19202832159336847
3.6224299841669856	0.19109026942612467
3.630780547701014	0.1901557972000818
3.639150361272071	0.18922490123260202
3.6475394692560785	0.18829757751100695
3.6559479161312485	0.1873738216884881
3.664375746478333	0.18645362907997495
3.672823004980846	0.1855369946579694
3.681289736425315	0.18462391304833817
3.6897759857015027	0.18371437852607048
3.6982817978026628	0.1828083850109925
3.7068072178257596	0.18190592606344747
3.715352290971726	0.18100699487993174
3.7239170625456848	0.18011158428869478
3.732501577957206	0.1792196867452962
3.741105882720533	0.17833129432812475
3.7497300224548358	0.17744639873387405
3.758374042884441	0.1765649912729801
3.767037989839089	0.17568706286501382
3.77572190925416	0.17481260403403584
3.7844258471709336	0.17394160490390542
3.793149849736819	0.17307405519354985
3.801893963205613	0.17220994421218888
3.81065823393773	0.17134926085451793
3.8194427084004663	0.17049199359584574
3.8282474331682264	0.1696381304871906
3.8370724549227884	0.16878765915032956
3.8459178204535354	0.16794056677280636
3.8547835766577188	0.16709684010289125
3.8636697705406915	0.16625646544449796
3.8725764492161727	0.16541942865205356
3.8815036599064823	0.1645857151253235
3.8904514499428067	0.16374961355737883
3.899419866765434	0.1629156402477527
3.908408957924021	0.16208492644878483
3.9174187710778305	0.16125747229905962
3.926449353995999	0.16043327768651394
3.9355007545577743	0.1596123422451992
3.944573020752785	0.15879466535200945
3.953666200681279	0.15798024612338293
3.9627803425543955	0.15716908341196864
3.971915494694403	0.1563611758032667
3.981071705534973	0.1555565216122329
3.9902490236214203	0.15475511887985602
3.9994474976109755	0.15395696536969972
4.008667176273028	0.1531620585644158
4.0179081084894	0.1523703956622225
4.027170343254591	0.15158197357335243
4.036453929676051	0.15079678891646592
4.045758916974426	0.15001483801503376
4.055085354483839	0.14923611689368346
4.0644332916521275	0.14846062127451543
4.073802778041128	0.14768834657338223
4.083193863326921	0.1469192878961367
4.09260659730011	0.14615344003484249
4.1020410298660686	0.1453907974639535
4.111497211045223	0.14463135433645483
4.120975190973302	0.1438751044799719
4.130475019901614	0.14312204139284085
4.139996748197304	0.14237215824014648
4.149540426343631	0.14162544784972064
4.1591061049402205	0.14088190270810805
4.168693834703355	0.1401415149564912
4.178303666466218	0.13940427638658268
4.187935651179185	0.13867017843647675
4.1975898399100755	0.13793921218646563
4.207266283844442	0.13721136835481645
4.216965034285822	0.13648663729351132
4.226686142656031	0.1357650089839475
4.2364296604954115	0.13504647303260078
4.24619563946313	0.13433101866664737
4.2559841313374305	0.13361863472954874
4.265795188015928	0.1329093096765947
4.275628861515862	0.13220303157040836
4.285485203974396	0.1314997880764088
4.295364267648873	0.1307995664582349
4.3052661049171075	0.13010235357312674
4.3151907682776525	0.12940813586726677
4.325138310350088	0.128716899371078
4.335108783875289	0.1280286296944819
4.345102241715717	0.12734331202211235
4.355118736855686	0.1266609311084882
4.365158322401661	0.1259754516322328
4.375221051582521	0.12529164658392952
4.385306977749858	0.12461071177936253
4.395416154378245	0.12393264775661007
4.405548635065534	0.12325745484253008
4.4157044735331255	0.12258513315001526
4.425883723626267	0.12191568257522097
4.436086439314326	0.12124910279476844
4.446312674691089	0.12058539326292107
4.456562483975033	0.11992455320873542
4.466835921509633	0.1192665816331845
4.477133041763626	0.11861147730625603
4.487453899331323	0.1179592387640218
4.49779854893288	0.11730986430568202
4.508167045414603	0.11666335199058035
4.518559443749224	0.11601969963519311
4.528975799036209	0.11537890481008915
4.539416166502032	0.11474096483686334
4.549880601500488	0.11410587678503979
4.560369159512962	0.1134736374689492
4.570881896148752	0.11284424344457446
4.581418867145335	0.11221769100637044
4.591980128368688	0.11159397618405197
4.6025657358135605	0.11097309473935424
4.613175745603796	0.11035504216276218
4.623810213992603	0.10973981367021167
4.634469197362879	0.10912740419975829
4.645152752227495	0.10851780840821793
4.6558609352295885	0.10791102066777593
4.666593803142887	0.10730703506256434
4.677351412871981	0.10670584538521025
4.688133821452653	0.10610744513335024
4.698941086052153	0.1055118275061159
4.709773263969529	0.10491898540058453
4.720630412635905	0.1043289114082008
4.731512589614805	0.10374159781116306
4.7424198526024455	0.10315703657877967
4.753352259428054	0.10257521936378992
4.7643098680541565	0.10199613749865445
4.775292736576909	0.10141978199180925
4.786300923226383	0.10084614352388886
4.797334486366892	0.10027521244391314
4.808393484497285	0.09970697876544182
4.819477976251274	0.09914143216269247
4.830588020397726	0.0985785619666259
4.841723675840994	0.09801835716099426
4.8528850016212095	0.09746080637835584
4.864072056914616	0.09690589789605213
4.875284901033862	0.09635361963215099
4.886523593428336	0.09580395914135181
4.897788193684462	0.09525248622461463
4.909078761526032	0.09470270208531643
4.920395356814509	0.09415548284330055
4.9317380395493595	0.09361082743913883
4.943106869868354	0.09306873460783659
4.954501908047903	0.09252920287623545
4.96592321450336	0.0919922305603939
4.97737084978936	0.09145781576294162
4.9888448746001215	0.09092595637041169
5.000345349769786	0.09039665005054591
5.011872336272722	0.08986989424957761
5.0234258952238715	0.08934568618948716
5.035006087879047	0.08882402286523465
5.046612975635284	0.0883049010419648
5.05824662003114	0.0877883172521887
5.0699070827470445	0.08727426779293723
5.081594425605605	0.08676274872289089
5.093308710571955	0.08625375585948127
5.105049999754062	0.08574728477596787
5.116818355403078	0.0852433307984867
5.1286138399136485	0.08474188900307347
5.140436515824262	0.08424295421265833
5.152286445817564	0.08374652099403451
5.16416369272071	0.08325258365479828
5.176068319505676	0.08276113624026248
5.188000389289612	0.08227217253034051
5.199959965335159	0.08178568603640383
5.211947111050805	0.08130166999810927
5.223961889991197	0.08082011738019954
5.236004365857504	0.08034102086927276
5.248074602497725	0.07986437287052532
5.2601726639070625	0.07939016550446264
5.2722986142282275	0.07891839060358306
5.284452517751805	0.07844903970902964
5.296634438916578	0.07798210406721351
5.308844442309884	0.07751757462640572
5.321082592667942	0.07705544203329966
5.333348954876211	0.0765956966295414
5.345643593969716	0.07613832844823053
5.357966575133418	0.07568332721038788
5.370317963702527	0.07523068232139372
5.382697825162884	0.07478038286739198
5.3951062251512765	0.07433241761166474
5.4075432294558095	0.0738867749909722
5.420008904016238	0.07344344311186182
5.432503314924333	0.07300240974694337
5.445026528424211	0.07256366233113204
5.4575786109127105	0.07212718795785684
5.470159628939716	0.07169297337523704
5.482769649208539	0.07126100498222282
5.495408738576246	0.07082690352963919
5.508076964054036	0.0703941276514877
5.520774392807573	0.06996354186451677
5.533501092157368	0.06953514386085463
5.546257129579107	0.06910893114036787
5.559042572704037	0.0686849010082942
5.5718574893192985	0.06826305057285517
5.584701947368309	0.06784337674284509
5.597576014951102	0.06742587622519976
5.610479760324706	0.06701054552254135
5.623413251903491	0.06659738093070255
5.6363765582595455	0.06618637853622636
5.649369748123025	0.06577753421384486
5.6623928903825345	0.06537084362393333
5.675446054085471	0.06496630220994314
5.688529308438416	0.06456390519580922
5.701642722807475	0.06416364758333609
5.714786366718672	0.06376552414955843
5.727960309858292	0.06336952944407903
5.741164622073277	0.06297565778638192
5.7543993733715695	0.06258390326312176
5.767664633922509	0.06219425972538804
5.780960474057181	0.06180672078594574
5.794286964268812	0.061421279816449674
5.807644175213121	0.06103792994463527
5.821032177708716	0.060656664051482796
5.834451042737448	0.06027747476835714
5.847900841444809	0.05990035447412115
5.861381645140288	0.05952529529222368
5.874893525297769	0.05915228908776092
5.88843655355589	0.058781327464512444
5.902010801718445	0.058412401761949166
5.91561634175474	0.05804550305221663
5.9292532458	0.057680622137089244
5.942921586155727	0.05731774954489918
5.956621435290106	0.05695687552743639
5.970352865838369	0.05659799005682256
5.984115950603199	0.05624108282235562
5.997910762555095	0.055886143227327885
6.011737374832782	0.055533160385814365
6.025595860743578	0.055182123119433976
6.0394862937638	0.054833019954081
6.0534087475391365	0.05448583911662842
6.067363295885055	0.05414056853160131
6.08135001278718	0.05379719581782164
6.095368972401694	0.053455708285022635
6.109420249055721	0.05311609293043417
6.123503917247737	0.052778336435337
6.137620051647943	0.052442425161587786
6.151768727098683	0.05210834514811244
6.165950018614822	0.05177138489073061
6.180164001384161	0.05143526678740977
6.1944107507678146	0.051100921926136966
6.208690342300634	0.05076834871543526
6.223002851691596	0.050437545413052384
6.237348354824191	0.05010851012409646
6.251726927756859	0.04978124079915376
6.266138646723353	0.049455735232390406
6.2805835881331795	0.049131991059635435
6.295061828571975	0.04881000575644749
6.309573444801933	0.0484897766361629
6.324118513762193	0.04817130084792669
6.33869711256927	0.04785457537470485
6.353309318517436	0.04753959703127957
6.367955209079159	0.04722636246222485
6.382634861905486	0.0469148681398652
6.397348354826482	0.046605110362214416
6.412095765851615	0.04629708525089687
6.4268771731701975	0.04599078874904877
6.441692655151772	0.04568621661920173
6.456542290346556	0.045383364441145706
6.471426157485831	0.04508222760977428
6.486344335482385	0.04478280133290877
6.501296903430906	0.04448508062910426
6.516283940608428	0.04418906032543457
6.531305526474723	0.0438947350552585
6.546361740672751	0.04360209925596465
6.561452663029053	0.04331114716669741
6.576578373554206	0.04302187282606112
6.591738952443213	0.04273427006980503
6.606934480075961	0.042448332528486094
6.622165037017619	0.042164053625112295
6.637430704019089	0.04188142657276346
6.652731562017413	0.041600444372192166
6.668067692136222	0.041321099809402
6.6834391756861455	0.04104338545320528
6.698846094165265	0.040767293652758226
6.714288529259523	0.0404928165350747
6.729766562843179	0.04021994600251735
6.745280276979219	0.03994867373026718
6.760829753919819	0.039678991163769585
6.77641507610675	0.039410889516159064
6.792036326171846	0.039144359765659706
6.807693586937414	0.038879392652963904
6.823386941416698	0.03861597867858684
6.839116472814292	0.03835410810019855
6.8548822645266165	0.03809377092993134
6.870684400142321	0.0378349569316646
6.886522963442762	0.0375776556182847
6.902398038402419	0.037321856248921446
6.918309709189366	0.037064072813534236
6.934258060165691	0.03680705870880286
6.9502431758879695	0.03655150229792628
6.966265141107686	0.03629740192995487
6.982324040771715	0.03604475582666981
6.998419960022734	0.03579356208102486
7.014552984199714	0.035543818655572955
7.030723198838334	0.03529552338087916
7.046930689671471	0.03504867395391849
7.06317554262962	0.03480326793645989
7.07945784384138	0.03455930275343462
7.095777679633888	0.03431677569129059
7.112135136533292	0.03407568389633116
7.128530301265195	0.033836024373039224
7.1449632607551345	0.03359779398238586
7.16143410212902	0.03336098944012391
7.177942912713619	0.03312560731506562
7.194489780036995	0.03289164402734548
7.211074791828998	0.03265909584666646
7.227698036021702	0.03242795889053129
7.2443596007499025	0.03219822912245695
7.261059574351547	0.03196990235017397
7.277798045368242	0.031742974223808576
7.294575102545687	0.03151744023404943
7.311390834834176	0.03129329571029691
7.3282453313890406	0.031070535818796912
7.345138681571151	0.030849155560756684
7.362070974947361	0.03062914977044501
7.379042301291012	0.03041051311327422
7.396052750582378	0.03019324008386614
7.413102413009177	0.029977325004099782
7.430191378967014	0.029762762021142482
7.447319739059893	0.029549545105462705
7.464487584100665	0.029337668048825837
7.481695005111545	0.02912712446227146
7.498942093324558	0.02891790777407341
7.516228940182057	0.028710011227680802
7.533555637337174	0.028503427879641777
7.550922276654341	0.028298150597507843
7.568328950209744	0.028094172057720506
7.58577575029184	0.027891484743478474
7.603262769401819	0.02769008094258665
7.620790100254123	0.027489952745285467
7.638357835776907	0.0272910920420617
7.655966069112566	0.027093490521439226
7.67361489361819	0.02689713966775122
7.691304402866098	0.026702030758891722
7.709034690644301	0.0265081548640483
7.726805850957025	0.026315502841414123
7.744617978025188	0.026124065335880468
7.76247116628692	0.02593090144729136
7.78036551039804	0.025738333496440117
7.798301105232589	0.025546941856342403
7.816278045883297	0.025356724842900816
7.83429642766212	0.0251676806655362
7.852356346100718	0.02497980742589833
7.870457896950989	0.024793103116564356
7.888601176185544	0.024607565619725897
7.906786279998253	0.02442319270586361
7.925013304804718	0.024239982032410335
7.943282347242818	0.02405793114240163
7.961593504173188	0.02387703746311439
7.979946872679768	0.02369729830469287
7.9983425500702845	0.023518710858762615
8.016780633876794	0.023341272197031422
8.035261221856173	0.023164979269878254
8.05378441199067	0.02298982890492871
8.072350302488383	0.022815817805618428
8.090958991783825	0.02264294254974281
8.109610578538408	0.02247119958799441
8.128305161640995	0.022300585242486477
8.147042840208396	0.02213109570526398
8.165823713585926	0.02196272703680056
8.1846478813479	0.02179547516448263
8.203515443298185	0.021629335881079424
8.222426499470712	0.021464304843199753
8.241381150130026	0.02130037756973459
8.260379495771788	0.021137549440286233
8.279421637123345	0.02097581569358283
8.298507675144226	0.02081517142587949
8.317637711026709	0.02065561158934446
8.336811846196344	0.0204971309904315
8.356030182312479	0.0203397242882376
8.375292821268827	0.02018338599284587
8.394599865193973	0.020028110463654242
8.413951416451951	0.019873891907688786
8.433347577642753	0.019720724377902617
8.452788451602899	0.01956860177145933
8.472274141405963	0.019417517828001572
8.491804750363139	0.01926746612790406
8.511380382023763	0.019118440090511463
8.531001140175896	0.018970432972360392
8.550667128846833	0.0188234378653862
8.570378452303697	0.018677447695113408
8.590135215053957	0.018532455218830807
8.609937521846007	0.018388453023750074
8.629785477669701	0.018245433525148513
8.649679187756934	0.01810338896449526
8.669618757582166	0.017962311407561365
8.689604292863018	0.017822192742512927
8.709635899560805	0.017680483724770147
8.729713683881117	0.017539197415190038
8.74983775227436	0.01739883691618818
8.770008211436348	0.017259400795483763
8.790225168308842	0.01712088753626817
8.810488730080142	0.016983295536186084
8.830799004185627	0.016846623106307742
8.851156098308357	0.016710868470091404
8.871560120379607	0.01657602976233686
8.892011178579486	0.01644210502812896
8.912509381337454	0.016309092221772185
8.933054837332953	0.016176989205714882
8.953647655495937	0.01604579374946442
8.974287945007486	0.01591550352849203
8.994975815300352	0.015786116123128177
9.01571137605957	0.015657629017447654
9.036494737223014	0.015530039598144899
9.057326008982002	0.015403345153398924
9.078205301781857	0.015277542871728382
9.099132726322518	0.015152629840835959
9.120108393559097	0.015028603046442813
9.141132414702504	0.014905459371112125
9.162204901219997	0.014783195593062627
9.183325964835811	0.014661808384970974
9.204495717531712	0.014541294312763919
9.225714271547634	0.01442164983439922
9.246981739382225	0.014302871298636222
9.268298233793494	0.014184954943794832
9.289663867799362	0.014067896896504135
9.311078754678306	0.013951693170439207
9.33254300796991	0.013836339665047338
9.354056741475521	0.013721832164262345
9.375620069258803	0.01360816633520802
9.39723310564638	0.013495337726889592
9.418895965228414	0.013383341768874069
9.440608762859236	0.013272173769958418
9.462371613657929	0.013161828916826492
9.484184633008974	0.013052302272693531
9.506047936562814	0.012943588775939308
9.527961640236521	0.012835683238728555
9.549925860214358	0.012728580345619916
9.571940712948447	0.012622274652162013
9.594006315159332	0.012516760583477735
9.616122783836648	0.012412032432835585
9.638290236239705	0.01230808436020888
9.660508789898136	0.012204910390822008
9.68277856261249	0.012102504413684231
9.7050996724549	0.012000860180110262
9.727472237769652	0.011899971302228368
9.749896377173872	0.011799831251474935
9.772372209558107	0.011698484395390556
9.79489985408699	0.011597474476028671
9.817479430199844	0.011497187062672623
9.84011105761134	0.01139762073181286
9.862794856312105	0.011298773990420839
9.885530946569391	0.011200645275122517
9.908319448927676	0.01110323295136477
9.93116048420934	0.011006535312573906
9.954054173515269	0.01091055057930691
9.977000638225535	0.010815276898394743
10.	0.010720712342078173
10.023052380778994	0.010626854907135599
10.046157902783957	0.010533702514003141
10.069316688518045	0.01044125300588699
10.092528860766844	0.010349504147867348
10.115794542598982	0.010258453625994755
10.1391138573668	0.010168099046378077
10.16248692870696	0.010078437934264597
10.18591388054117	0.009989467733111395
10.209394837076797	0.00990118580364893
10.232929922807546	0.009813589422935934
10.256519262514079	0.009726675783406176
10.280162981264736	0.009640441991906296
10.303861204416158	0.009554885068725498
10.32761405761398	0.009470001946616326
10.351421666793442	0.009385789469807022
10.375284158180126	0.0093022443930047
10.39920165829059	0.009219363380390035
10.423174293933046	0.0091371430046029
10.447202192208003	0.009055579745719107
10.471285480508996	0.008974669990217853
10.495424286523221	0.00889441002994032
10.519618738232236	0.008814796061038889
10.543868963912592	0.008735824182917299
10.568175092136585	0.008657490397161051
10.592537251772887	0.008579790606458845
10.616955571987253	0.008502720613514196
10.641430182243164	0.008426276119947763
10.665961212302578	0.008350452725189639
10.690548792226577	0.008275245925362275
10.71519305237607	0.008200651112153417
10.739894123412451	0.008126663571679318
10.76465213629835	0.008053278483337674
10.789467222298287	0.007980490918650903
10.814339512979387	0.007908295840099012
10.83926914021204	0.00783668809994254
10.864256236170656	0.007765662439034859
10.889300933334333	0.007695213485624467
10.91440336448757	0.007625335754146606
10.939563662720943	0.0075560236440045505
10.964781961431852	0.007485611261976664
10.990058394325208	0.007415413578203572
11.015393095414156	0.007345759006079109
11.040786199020735	0.007276646313521622
11.066237839776663	0.00720807421436983
11.091748152624008	0.007140041367746052
11.117317272815919	0.007072546377413555
11.142945335917304	0.00700558779112824
11.168632477805613	0.006939164099984253
11.194378834671515	0.006873273737753963
11.220184543019629	0.00680791508022188
11.24604973966927	0.006743086444512585
11.271974561755105	0.006678786088412822
11.297959146727976	0.00661501220968714
11.324003632355566	0.006551762945387798
11.350108156723154	0.006489036371158261
11.37627285823431	0.0064268305005306505
11.402497875611685	0.0063651432842166894
11.428783347897712	0.006303972609392532
11.45512941445536	0.006243316298977117
11.481536214968829	0.006183172110904235
11.508003889444357	0.0061235377373878505
11.534532578210918	0.0060644108041811645
11.561122421920993	0.006005788869828946
11.587773561551263	0.005947669424913396
11.614486138403427	0.005890049891293044
11.641260294104908	0.005832927621335187
11.66809617060963	0.005776299897141379
11.694993910198711	0.005720163929766211
11.721953655481304	0.005664516858428975
11.748975549395292	0.0056093557497185805
11.776059735208078	0.005554677596791344
11.803206356517299	0.005500479318561835
11.830415557251646	0.005446757758886398
11.857687481671597	0.005393509685739673
11.88502227437019	0.005340731790383795
11.91242008027375	0.005288420686530416
11.93988104464273	0.005236572909495133
11.967405313072431	0.005185184915344759
11.994993031493793	0.005134253080036987
12.02264434617413	0.00508377369855263
12.050359403717973	0.005033742984020092
12.078138351067798	0.004984157066832386
12.10598133550483	0.004935011993756318
12.133888504649775	0.004886303727034046
12.161860006463678	0.004838028143476561
12.189895989248662	0.004790181033549519
12.217996601648723	0.004742758100450989
12.246161992650489	0.004695754959181281
12.274392311584071	0.004649167135604513
12.30268770812381	0.004601661246728347
12.331048332289097	0.0045542898200491705
12.359474334445107	0.00450731573800429
12.387965865303691	0.0044607380351782775
12.416523075924106	0.0044145557059979065
12.445146117713856	0.0043687677042616975
12.473835142429433	0.004323372942665406
12.5025903021772	0.00427837029232296
12.531411749414156	0.004233758582283349
12.560299636948754	0.00418953659904306
12.589254117941675	0.0041457030860542156
12.618275345906707	0.004102256743228172
12.64736347471151	0.004059196226434811
12.67651865857846	0.004016520146997279
12.705741052085418	0.003974227071182313
12.735030810166617	0.003932315519685812
12.764388088113435	0.003890783967114052
12.793813041575252	0.0038496308414601205
12.823305826560219	0.003808854523575826
12.852866599436155	0.0037684533466387387
12.882495516931336	0.0037284255956146453
12.912192736135347	0.0036887695067151453
12.941958414499863	0.0036494832668505493
12.971792709839558	0.0036105650130777507
13.001695780332899	0.0035720128320433434
13.031667784523	0.003533824759421785
13.061708881318419	0.0034959987793486305
13.09181922999407	0.003458532823848629
13.121998990192028	0.0034214247722589132
13.15224832192239	0.0033846724506470397
13.182567385564074	0.00334827363122398
13.212956341865752	0.00331222603175177
13.243415351946643	0.0032765273149461594
13.273944577297401	0.0032411750878738534
13.304544179780914	0.003206166901344611
13.33521432163324	0.0031715002492978244
13.365955165464419	0.003137172568183895
13.396766874259358	0.0031031812363400938
13.427649611378643	0.0030695235733610355
13.458603540559483	0.0030361968394635344
13.489628825916533	0.0030031982348460193
13.52072563194278	0.002970524899042313
13.551894123510364	0.002938173910269818
13.583134465871542	0.0029061422847719088
13.614446824659497	0.0028744269761547367
13.645831365889252	0.0028430248747181685
13.677288255958494	0.0028119328067809997
13.708817661648537	0.0027811475340001595
13.740419750125149	0.002750665752684163
13.772094688939474	0.0027204840931005078
13.803842646028853	0.0026896169764602535
13.83566378971781	0.002658842272453492
13.867558288718882	0.0026283542166048684
13.89952631213354	0.002598152031881019
13.931568029453036	0.0025682349114129668
13.963683610559377	0.002538602018149423
13.995873225726179	0.002509252484507113
14.028137045619589	0.0024801854120178875
14.060475241299143	0.0024513998709727565
14.092887984218748	0.002422894900062599
14.12537544622754	0.0023946695060158025
14.157937799570824	0.002366722663232575
14.190575216890926	0.00233905331341609
14.223287871228198	0.0023116603652001823
14.25607593602188	0.0022845426937738948
14.288939585111036	0.0022576991405025906
14.321878992735439	0.0022311285125457556
14.35489433353656	0.0022048295824713066
14.387985782558452	0.0021788010878665905
14.421153515248696	0.0021530417309458603
14.45439770745928	0.0021275501781543413
14.487718535447618	0.002102325059768683
14.52111617587742	0.0020773649694939863
14.554590805819668	0.0020526684640572116
14.58814260275349	0.0020282340627970426
14.621771744567184	0.0020040602472500566
14.655478409559112	0.001980145460733318
14.689262776438676	0.001956488107923263
14.723125024327194	0.0019330865544309205
14.757065332758946	0.0019099391263733073
14.791083881682072	0.0018870441099411593
14.825180851459544	0.0018643997509627964
14.859356422870075	0.0018420042544642474
14.893610777109155	0.0018198557842253901
14.92794409578996	0.0017979524623323293
14.962356560944343	0.0017762923687257891
14.99684835502374	0.0017548735407456179
15.031419660900225	0.0017336939726712139
15.066070661867418	0.0017127516152580515
15.100801541641477	0.001692044375270094
15.135612484362087	0.0016715701150081547
15.170503674593368	0.0016513266518341934
15.205475297324954	0.0016313117576913655
15.240527537972907	0.0016115231586200163
15.275660582380732	0.0015919585342694046
15.310874616820303	0.001572615517405231
15.346169827992941	0.0015534916934128358
15.381546403030342	0.0015345845997961475
15.4170045294956	0.001515891725672265
15.452544395384141	0.0014974105112617044
15.488166189124811	0.0014784439047617122
15.523870099580817	0.0014595417322873167
15.55965631605075	0.0014408411479308642
15.595525028269538	0.00142234141612233
15.631476426409538	0.001404041777891839
15.667510701081484	0.001385941450603526
15.70362804333553	0.0013680396276869924
15.739828644662197	0.001350335478366403
15.776112696993485	0.001332828147387114
15.812480392703826	0.0013155167547399358
15.848931924611142	0.0012984003953829127
15.88546748597779	0.0012814781389606862
15.9220872705117	0.0012647490295212814
15.95879147236732	0.0012482120852304816
15.995580286146694	0.0012318662980836154
16.032453906900418	0.0012157106336148581
16.069412530128773	0.0011997440306038816
16.106456351782697	0.0011839654007800024
16.143585568264868	0.001168373628523658
16.18080037643066	0.00115296757056533
16.218100973589298	0.0011377460556817223
16.255487557504836	0.00112270788438935
16.292960326397232	0.0011078518286353953
16.330519478943348	0.0010931766314858874
16.368165214278086	0.0010786810068110896
16.40589773199539	0.0010643636389681915
16.443717232149325	0.0010502231824811815
16.481623915255085	0.0010362582617179739
16.51961798229015	0.001022467470564625
16.557699634695275	0.0010088493720967985
16.595869074375614	0.0009954024982482997
16.634126503701697	0.000982125349476775
16.672472125510627	0.0009690163944264352
16.71090614310707	0.0009560740695878977
16.749428760264383	0.0009432967789550388
16.788040181225607	0.0009306828936789068
16.82674061070467	0.000918230751718555
16.865530253887407	0.0009059386574889176
16.90440931643265	0.0008938048815055992
16.94337800447329	0.0008818276600266054
16.982436524617444	0.000870005194690938
17.0215850839495	0.000858335652154102
17.060823890031244	0.000846817163720434
17.10015315090288	0.000835447824972302
17.139573075084254	0.0008242256953960243
17.179083871575877	0.0008131487980046438
17.21868574986008	0.0008022151189574029
17.25837891990204	0.0007914226071759746
17.298163592151013	0.0007807691739573505
17.338039977541374	0.0007702526925834393
17.378008287493763	0.0007592846479112415
17.418068733916144	0.0007483293248442608
17.458221529205037	0.0007375025736037767
17.498466886246565	0.0007268038212259854
17.53880501841762	0.0007162324784657526
17.579236139586932	0.0007057879396141539
17.619760464116293	0.0006954695823143663
17.66037820686164	0.000685276767375961
17.70108958317422	0.0006752088385875397
17.741894808901662	0.0006652651225277362
17.78279410038923	0.0006554449283745143
17.82378767448089	0.0006457475477128153
17.864875748520518	0.0006361722543404965
17.906058540352948	0.0006267183040725858
17.947336268325266	0.0006173849345437609
17.988709151287875	0.0006081713650091566
18.030177408595698	0.000599076796143375
18.071741260109274	0.0005901004098377747
18.113400926196025	0.000581241368995933
18.15515662773135	0.0005724988173273638
18.197008586099845	0.0005638718791393979
18.238957023196384	0.0005553596591272777
18.281002161427427	0.000546961242162369
18.323144223712113	0.0005386756930785715
18.365383433483473	0.000530502056456839
18.407720014689563	0.0005224393564078403
18.450154191794738	0.0005144865963527008
18.492686189780777	0.0005066427588018643
18.535316234148123	0.000498906805132011
18.57804455091699	0.0004912776753610648
18.620871366628677	0.0004837542879212045
18.663796908346693	0.00047633553942994823
18.706821403658015	0.0004690203044592246
18.74994508067419	0.0004618074353024748
18.793168168032686	0.0004546957617396954
18.836490894898002	0.0004476840908004892
18.879913490962945	0.00044077120652504724
18.92343618644976	0.00043395586972308254
18.967059212111465	0.00042723681773065836
19.010782799232995	0.0004206127641649493
19.054607179632484	0.00041408239867686563
19.098532585662387	0.000407644386701575
19.14255925021086	0.00040129736920684137
19.18668740670289	0.0003950399624392332
19.230917289101594	0.00038887075766813465
19.275249131909366	0.0003827883209275722
19.31968317016924	0.00037679119275580504
19.364219639466068	0.0003708778879327072
19.408858775927794	0.00036504689521488416
19.453600816226633	0.0003592966770685393
19.498445997580454	0.00035319523242098
19.543394557753942	0.00034708341775899166
19.58844673505991	0.0003410463068707495
19.633602768360475	0.0003350835094900237
19.67886289706845	0.00032919462511480507
19.724227361148536	0.0003233792428939087
19.76969640111862	0.00031763694151256354
19.81527025805099	0.0003119672890770037
19.860949173573715	0.00030636984299802514
19.906733389871864	0.0003008441498735372
19.952623149688808	0.0002953897453700748
19.998618696327448	0.0002900061541032779
20.044720273651613	0.00028469288951730207
20.090928126087277	0.00027944945376319545
20.137242498623895	0.0002742753375761969
20.183663636815616	0.00026917002015197297
20.23019178678272	0.0002641329690217507
20.276827195212817	0.00025916363992638426
20.32357010936221	0.0002542614766893058
20.37042077705719	0.0002494259110883745
20.417379446695296	0.0002446563627266152
20.46444636724674	0.0002399522389018115
20.511621788255646	0.00023531293447498548
20.558905959841425	0.0002307378317377213
20.606299132700006	0.00022622630027834806
20.65380155810529	0.00022177769684694114
20.701413487910415	0.00021739136521917174
20.749135174549107	0.00021306663605896728
20.79696687103696	0.00020880282677998913
20.844908830972887	0.00020459924140589744
20.892961308540386	0.00020045517042942287
20.941124558508935	0.00019636989067021104
20.989398836235246	0.00019234266513145094
21.03778439766475	0.00018837274285524674
21.086281499332888	0.00018445935877676152
21.134890398366476	0.00018060173357709419
21.183611352485023	0.0001767990735348986
21.23244462000219	0.000173050570376712
21.28139045982711	0.00016935540112600968
21.330449131465773	0.00016571272795095802
21.379620895022324	0.00016212169801086624
21.428906011200585	0.00015858144330130686
21.47830474130533	0.00015509108049792522
21.527817347243737	0.00015164971079889913
21.57744409152667	0.0001482564197660634
21.6271852372702	0.00014491027716465678
21.67704104819694	0.00014161033680171588
21.727011788637455	0.0001383556363630799
21.77709772353159	0.00013514519724901265
21.827299118430012	0.00013197802440840752
21.87761623949552	0.00012885310617159618
21.9280493535045	0.00012576941408172198
21.978598727848254	0.00012272590272468736
22.02926463053456	0.00011972150955764226
22.080047330188993	0.00011675515473602623
22.13094709605639	0.00011382574093913687
22.181964198002195	0.00011093215319422132
22.23309890651403	0.00010807325869906547
22.28435149270303	0.00010524790664309154
22.335722228305325	0.00010245492802693325
22.3872113856834	0.00009969313548048864
22.438819237827662	0.00009696132307942439
22.490546058357804	0.00009425826616013955
22.542392121524305	0.0000915827211331585
22.59435770220978	0.00008893342529495604
22.646443075930595	0.0000863090966381829
22.698648518838212	0.00008370843366030246
22.750974307720718	0.00008113011517060832
22.803420720004187	0.00007857280009562356
22.8559880337543	0.00007603512728285015
22.908676527677724	0.00007351571530287987
22.961486481123632	0.00007101316224983506
23.01441817408509	0.00006852604554013994
23.06747188720069	0.00006605292170959086
23.12064790175594	0.00006359232620873498
23.173946499684796	0.00006114277319652951
23.227367963571073	0.000058702755332273536
23.280912576650078	0.00005627074356579186
23.33458062281002	0.00005384518692587013
23.38837238659356	0.000051424512306916074
23.442288153199225	0.00004900712425384282
23.49632820848307	0.000046591404745145434
23.55049283896009	0.000044175712974176046
23.604782331805783	0.00004175838512858952
23.65919697485759	0.00003933773416795417
23.71373705661655	0.000036912049599500805
23.76840286624876	0.0000344795972520124
23.823194693586913	0.00003203861904782808
23.878112829131783	0.000029587332772954266
23.933157564053875	0.00002712393184525611
23.9883291901949	0.000024646585080731457
24.043628000069347	0.000022153436457839427
24.099054286865954	0.000019642604879878664
24.154608344449404	0.00001711218393538315
24.210290467361776	0.000014560241656544211
24.266100950824168	0.000011984820275623754
24.32204009073816	9.38393597935602e-6
24.378108183687527	6.755578661307954e-6
24.434305526939713	4.097711672201268e-6
24.49063241844747	1.4082715681632905e-6