0.1	9.80368975687884
0.10023052380778996	9.792272641619746
0.10046157902783952	9.780854435741865
0.10069316688518042	9.769435155183519
0.10092528860766845	9.758014815325664
0.10115794542598985	9.74659343098314
0.10139113857366794	9.735171016395864
0.10162486928706957	9.723747585219908
0.1018591388054117	9.712323150518515
0.102093948370768	9.700897724752993
0.10232929922807542	9.689471319773542
0.10256519262514076	9.678043946809996
0.10280162981264736	9.666615616462424
0.10303861204416162	9.655186338691738
0.10327614057613975	9.643756122810089
0.10351421666793438	9.632324977471248
0.10375284158180126	9.620892910660876
0.10399201658290592	9.609459929686677
0.10423174293933042	9.598026041168486
0.10447202192208001	9.586591251028233
0.10471285480508996	9.575155564479816
0.10495424286523224	9.563718986018902
0.1051961873823223	9.552281519412574
0.1054386896391259	9.540843167688928
0.10568175092136585	9.529403933126549
0.10592537251772889	9.517963817243874
0.10616955571987247	9.50652282078848
0.10641430182243161	9.495080943726226
0.10665961212302578	9.483638185230353
0.1069054879222658	9.4721945436704
0.10715193052376065	9.460750016601079
0.10739894123412448	9.449304600751015
0.1076465213629835	9.437858292011377
0.10789467222298288	9.426411085424405
0.1081433951297938	9.41496297517182
0.10839269140212036	9.403513954563138
0.10864256236170655	9.392064016023856
0.10889300933334335	9.380613151083528
0.10914403364487565	9.36916135036374
0.10939563662720939	9.357708603565962
0.1096478196143185	9.346243822132617
0.10990058394325211	9.334772478612951
0.11015393095414151	9.32330010404522
0.11040786199020733	9.311826724618996
0.11066237839776664	9.30035236610099
0.11091748152624012	9.2888770538276
0.11117317272815914	9.277400812697353
0.11142945335917301	9.26592366716328
0.11168632477805612	9.25444564122522
0.11194378834671516	9.242966758422046
0.11220184543019636	9.231487041823794
0.11246049739669266	9.220006514023735
0.11271974561755105	9.20852519713034
0.11297959146727979	9.197043112759202
0.11324003632355571	9.185560282024822
0.11350108156723152	9.174076725532368
0.1137627285823431	9.162592463369322
0.11402497875611688	9.151107515097026
0.11428783347897718	9.139621899742187
0.11455129414455358	9.128135635788254
0.1148153621496883	9.116648741166738
0.11508003889444356	9.105161233248436
0.11534532578210924	9.093673128834544
0.11561122421920987	9.082184444147735
0.11587773561551262	9.070695194823072
0.11614486138403426	9.059205395898921
0.11641260294104915	9.047715061807686
0.11668096170609624	9.03622420636652
0.11694993910198712	9.02473284276789
0.11721953655481303	9.013240983570098
0.11748975549395298	9.001748640687671
0.11776059735208072	8.990255825381672
0.11803206356517298	8.978762548249907
0.11830415557251646	8.967268819217065
0.118576874816716	8.955774647524695
0.11885022274370183	8.944280041721173
0.11912420080273747	8.932785009651495
0.1193988104464273	8.921289558447008
0.11967405313072434	8.909793694515033
0.11994993031493788	8.89829742352838
0.12022644346174129	8.886800750414782
0.12050359403717974	8.875303679346192
0.120781383510678	8.863806213728008
0.12105981335504823	8.852308356188173
0.12133888504649772	8.840810108566176
0.12161860006463679	8.829311471901951
0.12189895989248664	8.817812446424657
0.12217996601648717	8.806313031541375
0.12246161992650487	8.794813225825651
0.12274392311584072	8.783313027005974
0.12302687708123815	8.77180053976006
0.1233104833228909	8.760281648282048
0.12359474334445104	8.748762299704973
0.1238796586530369	8.73724253151583
0.1241652307592411	8.725722380898112
0.1244514611771385	8.714201884725373
0.12473835142429429	8.702681079554724
0.125025903021772	8.69116000162026
0.1253141174941416	8.679638686826419
0.1256029963694875	8.668117170741269
0.12589254117941673	8.656595488589716
0.12618275345906707	8.645073675246662
0.12647363474711512	8.633551765230061
0.12676518658578456	8.622029792693933
0.12705741052085415	8.610507791421275
0.12735030810166617	8.598985794816926
0.12764388088113438	8.587463835900337
0.12793813041575247	8.575941947298261
0.12823305826560213	8.564420161237416
0.12852866599436155	8.552898509536977
0.1288249551693134	8.541377023601097
0.12912192736135342	8.529855734411269
0.1294195841449986	8.518334672518662
0.12971792709839558	8.506813868036339
0.13001695780332903	8.495293350631414
0.13031667784522993	8.483773149517145
0.13061708881318415	8.472253293444897
0.1309181922999407	8.460733810696077
0.13121998990192033	8.449214729073951
0.13152248321922383	8.437696075895387
0.1318256738556407	8.426177877982523
0.1321295634186575	8.414660161654334
0.13243415351946647	8.403142952718119
0.13273944577297395	8.39162627646092
0.1330454417978091	8.38011015764082
0.1333521432163324	8.368594620478177
0.13365955165464422	8.357079688646767
0.1339676687425935	8.345565385264832
0.1342764961137864	8.334051732886026
0.13458603540559483	8.322538753490315
0.13489628825916536	8.311026468474719
0.13520725631942773	8.29951489864402
0.1355189412351036	8.288004064201345
0.1358313446587154	8.27649398473866
0.136144468246595	8.264984679227181
0.13645831365889247	8.253476166007673
0.13677288255958492	8.241968462780662
0.13708817661648537	8.230461586596553
0.13740419750125152	8.218955553845637
0.13772094688939465	8.207450380248016
0.1380384264602885	8.195937313216861
0.1383566378971781	8.184420708222653
0.13867558288718884	8.17290496708613
0.13899526312133534	8.16139013463493
0.13931568029453031	8.149876255417627
0.13963683610559377	8.138363373697274
0.13995873225726183	8.126851533444935
0.14028137045619582	8.11534077833309
0.1406047524129914	8.103831151729022
0.14092887984218747	8.09232269668807
0.14125375446227545	8.080815455946883
0.14157937799570816	8.069309471916545
0.14190575216890922	8.057804786675648
0.142232878712282	8.046301441963287
0.14256075936021884	8.034799479172
0.1428893958511103	8.02329893934059
0.14321878992735435	8.011799863146923
0.1435489433353656	8.000302290900606
0.14387985782558455	7.988806262535626
0.14421153515248689	7.977311817602861
0.14454397707459277	7.965818995262573
0.14487718535447616	7.954327834276783
0.14521116175877424	7.9428383730015675
0.14554590805819662	7.931350649379295
0.14588142602753484	7.91986470093076
0.14621771744567183	7.908380564747246
0.14655478409559117	7.896898277482508
0.1468926277643867	7.885417875344669
0.1472312502432719	7.87393939408803
0.14757065332758945	7.862462869004793
0.14791083881682077	7.85098833491671
0.14825180851459538	7.839515826166636
0.1485935642287007	7.828045376609996
0.14893610777109154	7.816577019606175
0.14927944095789963	7.8051107880098005
0.14962356560944334	7.793646714161947
0.1499684835502373	7.782184829881272
0.15031419660900225	7.770725166455
0.15066070661867417	7.7592677546299
0.15100801541641484	7.747812624603088
0.1513561248436208	7.736359806012806
0.1517050367459337	7.724909327929045
0.15205475297324955	7.713461218844137
0.15240527537972914	7.702015506663189
0.15275660582380723	7.690572218694473
0.15310874616820302	7.679131381639683
0.15346169827992942	7.667693021584121
0.1538154640303035	7.656257163986759
0.15417004529495593	7.644823833670231
0.1545254439538414	7.633393054810681
0.1548816618912481	7.621959424241482
0.15523870099580825	7.610525651734153
0.15559656316050743	7.5990944755049865
0.15595525028269538	7.587665936779862
0.15631476426409538	7.5762400763602615
0.15667510701081494	7.564816934615158
0.15703628043335524	7.553396551472822
0.15739828644662196	7.541978966412561
0.15776112696993486	7.53056421845635
0.15812480392703834	7.519152346160386
0.15848931924611134	7.507743387606562
0.15885467485977792	7.496337380393833
0.159220872705117	7.484934361629525
0.15958791472367329	7.473534367920515
0.15995580286146688	7.462137435364361
0.16032453906900418	7.4507435995402975
0.1606941253012877	7.439352895500189
0.16106456351782708	7.427965357759344
0.16143585568264862	7.4165810202872695
0.16180800376430657	7.405199916498309
0.16218100973589297	7.393822079242197
0.16255487557504839	7.382447540794521
0.16292960326397224	7.371076332847071
0.16330519478943342	7.359708486498113
0.16368165214278085	7.34834403224254
0.16405897731995392	7.336982999961944
0.16443717232149316	7.325625418914584
0.1648162391525508	7.314271317725243
0.1651961798229015	7.302920724374989
0.1655769963469528	7.291573666190843
0.16595869074375605	7.280230169835328
0.16634126503701693	7.268890261295921
0.16672472125510626	7.257553965874407
0.16710906143107074	7.246221308176111
0.16749428760264373	7.234892312099034
0.16788040181225602	7.223567000822882
0.16826740610704674	7.212245396797986
0.16865530253887412	7.200927521734094
0.16904409316432642	7.189613396589094
0.16943378004473283	7.178303041557568
0.16982436524617442	7.166996476059291
0.17021585083949506	7.155693718727581
0.17060823890031235	7.144394787397541
0.17100153150902875	7.13309969909419
0.17139573075084252	7.121808470020486
0.17179083871575881	7.1105211155452075
0.1721868574986007	7.099237650190746
0.17258378919902034	7.08795808762075
0.17298163592151014	7.076682440627679
0.17338039977541378	7.065410721120213
0.17378008287493754	7.05413356281682
0.17418068733916142	7.042855618806764
0.17458221529205037	7.0315815915801245
0.1749846688624657	7.020311523490929
0.1753880501841761	7.0090454564185345
0.17579236139586926	6.997783431758828
0.1761976046411629	6.986525490415394
0.17660378206861643	6.9752716727905515
0.17701089583174212	6.964022018776306
0.17741894808901656	6.952776567745224
0.1778279410038923	6.941535358541195
0.17823787674480895	6.930298429470116
0.17864875748520506	6.919065818290462
0.17906058540352943	6.9078375622037695
0.17947336268325265	6.89661369784504
0.1798870915128788	6.885394261273012
0.1803017740859569	6.874179287960357
0.1807174126010927	6.862968812783785
0.18113400926196024	6.851762870014007
0.18155156627731356	6.840561493305656
0.18197008586099836	6.829364715687061
0.18238957023196378	6.818172569549928
0.1828100216142743	6.806985086638929
0.18323144223712115	6.795802298041183
0.18365383433483465	6.7846242341756176
0.18407720014689558	6.773450924782244
0.18450154191794738	6.762282398911311
0.18492686189780783	6.751118684912353
0.18535316234148114	6.739959810423135
0.18578044550916986	6.728805802358488
0.18620871366628675	6.717656686899015
0.186637969083467	6.706512489479714
0.18706821403658005	6.695373234778469
0.18749945080674188	6.684238946704421
0.18793168168032684	6.673109648386263
0.18836490894898006	6.661985362160358
0.18879913490962935	6.650866109558793
0.18923436186449755	6.6397519112973
0.18967059212111465	6.62864278726304
0.19010782799233	6.617538756502293
0.19054607179632474	6.606439837208011
0.1909853258566238	6.595346046707266
0.19142559250210858	6.584257401448544
0.19186687406702896	6.573173916988952
0.19230917289101584	6.562095607981287
0.1927524913190936	6.5510224881609584
0.1931968317016924	6.539954570332819
0.19364219639466074	6.528891866357843
0.19408858775927784	6.5178343871396835
0.19453600816226624	6.506782142611099
0.19498445997580455	6.495724361075662
0.19543394557753943	6.484666388311632
0.195884467350599	6.473613626938997
0.19633602768360464	6.4625661220818476
0.1967886289706845	6.451523918368298
0.19724227361148533	6.440487059921367
0.19769696401118608	6.429455590349737
0.1981527025805098	6.4184295527384565
0.19860949173573716	6.407408989639499
0.19906733389871864	6.396393943062275
0.19952623149688797	6.385384454464001
0.1999861869632744	6.374380564740005
0.20044720273651614	6.363382314213914
0.2009092812608728	6.352389742627754
0.20137242498623883	6.341402889131933
0.20183663636815607	6.330421792275137
0.2023019178678272	6.31944648999412
0.20276827195212818	6.308477019603388
0.20323570109362218	6.297513417784775
0.2037042077705718	6.286555720576934
0.20417379446695297	6.275603963364684
0.20464446367246739	6.264658180868298
0.20511621788255657	6.253718407132637
0.20558905959841414	6.242784675516214
0.20606299132700007	6.231857018680117
0.20653801558105292	6.220935468576851
0.20701413487910425	6.210020056439034
0.20749135174549097	6.19911081276802
0.2079696687103696	6.188207767322376
0.20844908830972886	6.177310949106261
0.20892961308540398	6.166420386357684
0.20941124558508925	6.155536106536653
0.20989398836235246	6.144658136313197
0.21037784397664752	6.133786501555275
0.21086281499332898	6.122921227316564
0.21134890398366465	6.112062337824139
0.2118361135248502	6.101209856466
0.21232444620002192	6.090363805778522
0.21281390459827124	6.079524207433736
0.21330449131465762	6.0686910822265245
0.21379620895022325	6.05786445006166
0.21428906011200585	6.047044329940747
0.21478304741305343	6.036230739949005
0.21527817347243727	6.025423697241951
0.21577444091526668	6.014623218031936
0.21627185237270202	6.003829317574563
0.21677041048196952	5.993042010154945
0.21727011788637443	5.982261309073887
0.2177709772353159	5.971487226633854
0.21827299118430013	5.960719774124893
0.2187761623949553	5.949948407889006
0.21928049353504486	5.939178362719316
0.21978598727848253	5.92841492899074
0.2202926463053456	5.9176581521881895
0.22080047330189004	5.906908077244758
0.22130947096056375	5.896164748531935
0.22181964198002194	5.885428209849656
0.2223309890651403	5.874698504416295
0.22284351492703042	5.863975674858521
0.22335722228305316	5.853259763201096
0.223872113856834	5.842550810856504
0.22438819237827662	5.83184885861456
0.2249054605835781	5.821153946631823
0.22542392121524293	5.810466114420977
0.22594357702209775	5.799785400840055
0.22646443075930595	5.789111844081589
0.2269864851883822	5.778445481661619
0.22750974307720706	5.767786350408621
0.2280342072000418	5.757134486452313
0.22855988033754301	5.746489925212332
0.2290867652767773	5.735852701386829
0.2296148648112362	5.7252228489409225
0.23014418174085083	5.714600401095062
0.2306747188720069	5.703985390313244
0.23120647901755947	5.693377848291151
0.23173946499684786	5.682777805944133
0.2322736796357107	5.672185293395104
0.23280912576650079	5.661600339962289
0.23334580622810028	5.651022974146873
0.23388372386593548	5.640453223620523
0.2344228815319922	5.62989111521277
0.23496328208483072	5.619336674898294
0.23550492838960096	5.608789927784071
0.2360478233180577	5.598250898096383
0.23659196974857583	5.587719609167723
0.23713737056616552	5.577196083423554
0.23768402866248767	5.566680342368949
0.23823194693586902	5.5561724065751
0.23878112829131776	5.545672295665687
0.23933157564053875	5.535180028303126
0.23988329190194904	5.524695622174675
0.24043628000069334	5.51421909397841
0.24099054286865948	5.503750459409068
0.24154608344449405	5.493289733143743
0.2421029046736178	5.48283692882745
0.24266100950824154	5.4723920590585555
0.24322040090738153	5.461955135374055
0.24378108183687525	5.451526168234724
0.2443430552693972	5.441105167010111
0.24490632418447456	5.4306921399634005
0.24547089156850305	5.420275273834332
0.24603676041476275	5.40986042727162
0.24660393372343392	5.399453521205283
0.24717241450161304	5.389054602313932
0.24774220576332856	5.378663716689223
0.24831331052955705	5.368280909825551
0.2488857318282391	5.357906226609686
0.24945947269429547	5.347539711310268
0.25003453616964316	5.3371814075672095
0.2506109253032114	5.326831358381001
0.251188643150958	5.316489606101882
0.25176769277588557	5.306156192418935
0.25234807724805747	5.295831158349042
0.2529297996446145	5.285514544225741
0.25351286304979076	5.2752063896879795
0.25409727055493053	5.2649067336687345
0.2546830252585041	5.254615614383547
0.2552701302661247	5.244333069318901
0.2558585886905646	5.234059135220538
0.25644840365177174	5.223793848081609
0.2570395782768864	5.2135372431307365
0.25763211570025757	5.203289354819942
0.25822601906345966	5.193050216812472
0.2588212915153092	5.182819861970481
0.2594179362118814	5.172598322342612
0.2600159563165272	5.162385629151437
0.2606153549998896	5.152181812780798
0.26121613543992067	5.14198690276299
0.2618183008218985	5.131800927765856
0.26242185433844417	5.121623915579715
0.26302679918953814	5.111455893104201
0.263633138582538	5.101296886334938
0.2642408757321946	5.091146920350122
0.2648500138606701	5.081006019296929
0.2654605561975539	5.070874206377828
0.26607250597988097	5.060751503836737
0.2666858664521479	5.050637932945066
0.26730064086633115	5.040533513987591
0.2679168324819031	5.030438266248235
0.26853444456585074	5.020352207995666
0.26915348039269155	5.010275356468794
0.26977394324449205	5.000207727862103
0.2703958364108843	4.9901493373108545
0.2710191631890843	4.980100198876143
0.2716439268839082	4.9700603255298095
0.2722701308077913	4.960029729139202
0.272897778280804	4.950008420451814
0.27352687263067127	4.939996409079739
0.27415741719278824	4.929993703484018
0.2747894153102397	4.9200003109587955
0.2754228703338166	4.910002267643767
0.27605778562203465	4.900006495413594
0.27669416454115114	4.890019989897277
0.2773320104651841	4.880042804374184
0.27797132677592884	4.870074991581338
0.2786121168629771	4.860116603703451
0.27925438412373377	4.850167692362872
0.2798981319634363	4.840228308609426
0.2805433637951713	4.830298502910165
0.28119008303989407	4.820378325138982
0.28183829312644537	4.810467824566157
0.2824879974915708	4.800567049847766
0.2831391995799379	4.790676049015005
0.2837919028441557	4.780794869463386
0.28444611074479154	4.770923557941836
0.285101826750391	4.761062160541688
0.28575905433749466	4.751210722685551
0.2864177969906581	4.7413692891160695
0.28707805820246907	4.731537903884583
0.28773984147356696	4.721716610339646
0.28840315031266056	4.7119054511154745
0.2890679882365476	4.702104468120213
0.28973435877013226	4.692313702524159
0.2904022654464451	4.682533194747807
0.2910717118066605	4.672964627562311
0.29174270140011677	4.6641887090048915
0.29241523778433354	4.65542273719777
0.2930893245250321	4.6466667195310585
0.2937649651961531	4.63792066226694
0.29444216337987617	4.629184570524334
0.29512092266663853	4.62045844826344
0.29580124665515467	4.611742298270103
0.2964831389524342	4.603036122140069
0.29716660317380267	4.594339920263047
0.29785164294291894	4.585653691806671
0.298538261891796	4.5769774347002565
0.2992264636608189	4.568311145618456
0.29991625189876514	4.559654819964713
0.30060763026282306	4.551008451854602
0.3013006024186122	4.542372034098978
0.3019951720402016	4.533745558186995
0.30269134281013055	4.525129014268938
0.30338911841942706	4.51652239113892
0.3040885025676279	4.5079256762174085
0.3047894989627983	4.499338855533575
0.3054921113215513	4.4907619137074954
0.3061963433690677	4.482194833932184
0.30690219883911574	4.473637597955455
0.3076096814740708	4.46509018606161
0.3083187950249354	4.456552577052967
0.30902954325135906	4.448008793214177
0.309741929921658	4.439466710146858
0.31045595881283555	4.430934287536498
0.31117163371060175	4.422411556103678
0.3118889584093937	4.413898545798256
0.3126079367123955	4.405395285787619
0.31332857243155854	4.396901804444788
0.3140508693876217	4.388418129336426
0.3147748314101316	4.3799442872107255
0.31550046233746265	4.371480303985177
0.31622776601683794	4.363026204734213
0.3169567463043491	4.354582013676736
0.31768740706497706	4.346147754163529
0.3184197521726125	4.3377234486645335
0.31915378551007617	4.329309118756012
0.3198895109691398	4.320904785107587
0.3206269324505466	4.31251046746914
0.3213660538640317	4.304126184657615
0.32210687912834346	4.295751954543649
0.32284941217126356	4.287387794038117
0.32359365692962827	4.279033719078528
0.32433961734934924	4.270689744615283
0.3250872973854344	4.262355884597815
0.3258367010020088	4.254032151960591
0.32658783217233583	4.245718558608975
0.3273406948788382	4.237415115404967
0.328095293113119	4.229121832152792
0.32885163087598307	4.220838717584358
0.32960971217745777	4.212565779344585
0.3303695410368148	4.204303023976572
0.3311311214825911	4.196050456906646
0.3318944575526104	4.1878080824292505
0.33265955329400454	4.179575903691707
0.333426412763235	4.171353922678816
0.3341950400261143	4.163142140197326
0.33496543915782767	4.154940555860248
0.3357376142429547	4.146749168071027
0.33651156937549076	4.138567974007548
0.3372873086588689	4.130396969606026
0.3380648362059816	4.122236149544706
0.33884415613920255	4.114085507227434
0.3396252725904084	4.1059450347670605
0.3404081897010009	4.097814722968707
0.34119291162192855	4.0896945613128475
0.3419794425137089	4.08158453793826
0.3427677865464504	4.073484639624799
0.34355794789987465	4.065394851776021
0.34434993076333853	4.057315158401635
0.3451437393358563	4.049245542099801
0.345939377826122	4.041185984039257
0.34673685045253166	4.033117361718712
0.34753616144320587	4.0250491114913745
0.34833731503601184	4.016990770738155
0.34914031547858615	4.008942384210041
0.3499451670283573	4.000903996102018
0.350751873952568	3.992875650043475
0.35156044052829816	3.9848573890885044
0.35237087104248715	3.976849255706123
0.353183169791957	3.9688512917703793
0.3539973410834347	3.960863538550366
0.35481338923357547	3.9528860367001357
0.3556313185689854	3.9449188262485055
0.3564511334262443	3.9369619465887746
0.35727283815192895	3.929015436468324
0.35809643710263606	3.921079333978119
0.35892193464500527	3.9131536765421124
0.35974933515574237	3.9052385009065285
0.36057864302164244	3.8973338431290565
0.36140986263961333	3.8894397385679227
0.36224299841669866	3.8815562218708677
0.3630780547701014	3.8736833269639996
0.36391503612720716	3.86582108704055
0.36475394692560786	3.857969534549513
0.36559479161312497	3.850128701184172
0.36643757464783333	3.8422986178705183
0.3672823004980847	3.8344793147555483
0.3681289736425315	3.826670821195451
0.3689775985701504	3.818873165743686
0.3698281797802663	3.811086376138924
0.37068072178257605	3.8033104792928962
0.37153522909717257	3.7955455012781103
0.3723917062545686	3.787791467315439
0.3732501577957206	3.780048401761613
0.3741105882720534	3.772316328096565
0.3749730022454836	3.7645952689106696
0.3758374042884442	3.7568852458918496
0.37670379898390893	3.7491862798125632
0.377572190925416	3.741498390516668
0.37844258471709324	3.7338215969061417
0.3793149849736819	3.726155916927699
0.38018939632056115	3.718501367559262
0.381065823393773	3.710857964796306
0.3819442708400465	3.703225723638078
0.38282474331682265	3.695604658073675
0.38370724549227875	3.687994781067999
0.38459178204535355	3.6803961045475644
0.38547835766577176	3.6728086393861896
0.38636697705406914	3.665232395390528
0.3872576449216172	3.657667381285481
0.3881503659906482	3.6501136046994653
0.38904514499428056	3.6425636283435328
0.3899419866765434	3.6350211432655355
0.390840895792402	3.627489879318849
0.3917418771077831	3.619969866671725
0.3926449353995998	3.612461134696293
0.3935500754557774	3.6049637119565947
0.3944573020752784	3.597477626196498
0.3953666200681279	3.5900029043274957
0.39627803425543945	3.5825395724163775
0.3971915494694403	3.5750876556727893
0.3981071705534972	3.567647178436672
0.39902490236214205	3.560218164165572
0.39994474976109745	3.5528006354218404
0.4008667176273028	3.54539461385969
0.4017908108489399	3.538000120212148
0.4027170343254591	3.530617174277867
0.40364539296760493	3.523245794907818
0.4045758916974427	3.515885999991849
0.40550853544838383	3.5085378064451227
0.40644332916521275	3.5012012301944146
0.40738027780411273	3.4938762861642827
0.4083193863326921	3.4865629882631146
0.40926065973001086	3.4792613493690228
0.4102041029866068	3.47197138131562
0.41114972110452225	3.4646930948776578
0.4120975190973302	3.4574264997565156
0.4130475019901614	3.4501716045655693
0.41399967481973043	3.44292841681541
0.4149540426343629	3.4356969428989217
0.41591061049402206	3.4284771880762226
0.4168693834703354	3.4212691564594677
0.41783036664662176	3.414072850997492
0.4187935651179184	3.406888273460324
0.41975898399100753	3.3997154244235523
0.4207266283844441	3.39255430325253
0.4216965034285822	3.3854049080864486
0.422668614265603	3.378267235822255
0.4236429660495411	3.3711412820984137
0.4246195639463129	3.3640270412785185
0.4255984131337431	3.3569245064347593
0.42657951880159267	3.3498336693312214
0.4275628861515862	3.342754520407038
0.4285485203974395	3.335687048759378
0.4295364267648873	3.328631242126282
0.43052661049171065	3.3215870868693425
0.43151907682776525	3.314554567956201
0.43251383103500873	3.3075336689429133
0.4335108783875289	3.3005243719561266
0.43451022417157154	3.2935266576751023
0.4355118736855686	3.2865405053135706
0.436515832240166	3.279556331965807
0.4375221051582521	3.272578847623953
0.4385306977749857	3.2656128120661565
0.4395416154378245	3.2586582332348275
0.4405548635065533	3.2517151179967017
0.4415704473533125	3.244783472128312
0.44258837236262655	3.237863300301335
0.44360864393143257	3.2309546060677836
0.4446312674691087	3.2240573918450797
0.4456562483975033	3.217171658900966
0.44668359215096315	3.210297407338287
0.44771330417636257	3.2034346360796313
0.4487453899331322	3.1965833428518127
0.449779854893288	3.1897435241702197
0.45081670454146017	3.1829151753230156
0.4518559443749224	3.1760982903551884
0.4528975799036208	3.1692928620524485
0.4539416166502032	3.1624988819249844
0.4549880601500486	3.1557163401910566
0.4560369159512962	3.1489452257604484
0.4570881896148751	3.1421855262177547
0.4581418867145335	3.135437227805518
0.4591980128368686	3.1287003154072104
0.4602565735813561	3.121974772530051
0.4613175745603794	3.115260581287675
0.46238102139926035	3.108557722382626
0.46344691973628804	3.101866175088706
0.46451527522274944	3.095185917233141
0.465586093522959	3.0885169251785998
0.46665938031428866	3.081859173805041
0.46773514128719823	3.0752126364913845
0.46881338214526524	3.06857728509703
0.46989410860521547	3.061953089943189
0.47097732639695294	3.055340019794058
0.47206304126359055	3.048738041837816
0.4731512589614805	3.0421471216674387
0.4742419852602447	3.0355672232613533
0.47533522594280536	3.0289983089639008
0.47643098680541573	3.022440339465631
0.47752927365769093	3.015893273783409
0.4786300923226384	3.0093570692403495
0.47973344863668915	3.0028316814455582
0.4808393484497286	2.9963170642736965
0.4819477976251274	2.9898131698443557
0.4830588020397727	2.983319948501252
0.48417236758409943	2.9768373487912183
0.4852885001621211	2.97036531744302
0.4864072056914617	2.9639037993459705
0.4875284901033864	2.9574527375283552
0.48865235934283363	2.9510120731356655
0.48977881936844625	2.9445588772010036
0.4909078761526032	2.9381044097907156
0.492039535681451	2.9316600517436875
0.49317380395493593	2.92522581963285
0.4943106869868355	2.9188017291921
0.4954501908047903	2.912387795304448
0.49659232145033616	2.9059840319900574
0.49773708497893604	2.899590452394166
0.4988844874600123	2.8932070687748945
0.5000345349769786	2.886833892490937
0.5011872336272724	2.880470933989134
0.5023425895223872	2.874118202791928
0.5035006087879049	2.867775707484696
0.5046612975635284	2.861443455702965
0.505824662003114	2.855121454119509
0.5069907082747043	2.848809708431313
0.5081594425605604	2.8425082233464227
0.5093308710571953	2.8362170025706743
0.5105049999754062	2.8299360487942775
0.5116818355403077	2.8236653636783
0.5128613839913648	2.8174049478409993
0.514043651582426	2.811154800844046
0.5152286445817564	2.8049149211786006
0.5164163692720709	2.7986853062512735
0.5176068319505677	2.7924659523699407
0.5188000389289611	2.786256854729441
0.5199959965335159	2.7800580073971206
0.5211947111050804	2.7738694032982614
0.5223961889991198	2.7676910342013605
0.5236004365857502	2.761522890703277
0.5248074602497725	2.7553649622142395
0.5260172663907061	2.7492172369427155
0.5272298614228227	2.743079701880136
0.5284452517751804	2.7369523427854814
0.5296634438916578	2.7308351441697294
0.5308844442309884	2.724728089280143
0.5321082592667942	2.7186311600844335
0.5333348954876209	2.712544337254757
0.5345643593969717	2.7064676001515804
0.5357966575133416	2.7004009268073847
0.5370317963702527	2.6943442939102322
0.5382697825162883	2.6882976767871622
0.5395106225151276	2.6822610493874586
0.5407543229455808	2.6762343842657397
0.5420008904016238	2.6702176525649124
0.5432503314924332	2.6642108239989586
0.5445026528424212	2.6582138668355637
0.5457578610912709	2.652226747878596
0.5470159628939716	2.6462494324504156
0.5482769649208538	2.6402818843740232
0.5495408738576245	2.6343054822518868
0.5508076964054034	2.628329388216786
0.5520774392807574	2.6223628625767303
0.5533501092157367	2.6164059305714606
0.5546257129579107	2.6104586167887325
0.5559042572704036	2.604520945154509
0.5571857489319298	2.5985929389230615
0.5584701947368308	2.592674620666971
0.5597576014951101	2.586766012267032
0.5610479760324705	2.580867134902062
0.5623413251903491	2.574978009038606
0.5636376558259545	2.5690986544205465
0.5649369748123025	2.5632290900586105
0.5662392890382533	2.5573693342197736
0.5675446054085471	2.5515194044165637
0.5688529308438415	2.545679317396266
0.5701642722807475	2.5398490891300116
0.571478636671867	2.534028734801777
0.5727960309858292	2.5282182687972594
0.5741164622073276	2.522417704692667
0.5754399373371569	2.5166270552433816
0.5767664633922508	2.5108463323725263
0.5780960474057181	2.5050755471594175
0.5794286964268811	2.4993147098279085
0.580764417521312	2.4935638297346214
0.5821032177708715	2.487822915357066
0.5834451042737447	2.482091974281654
0.5847900841444807	2.47637101319158
0.5861381645140288	2.4706600378546115
0.5874893525297767	2.4649590531107473
0.588843655355589	2.4592680628597607
0.5902010801718444	2.453587070048631
0.591561634175474	2.447916076658853
0.5929253245799998	2.4422550836936234
0.5942921586155727	2.436604091164916
0.5956621435290105	2.4309630980804258
0.5970352865838369	2.4253321024303895
0.5984115950603197	2.419711101174295
0.5997910762555094	2.4141000902274548
0.6011737374832781	2.408499064447454
0.6025595860743578	2.402908017620478
0.6039486293763798	2.3973269424475077
0.6053408747539136	2.391755830530388
0.6067363295885054	2.3861946723577643
0.6081350012787179	2.3806434572908906
0.6095368972401692	2.3751021735493043
0.610942024905572	2.3695708081963667
0.6123503917247736	2.3640493471246717
0.6137620051647943	2.358537775041321
0.6151768727098682	2.3530360754530544
0.6165950018614822	2.347534853935383
0.618016400138416	2.3420387342494506
0.6194410750767815	2.336552389230604
0.6208690342300636	2.331075831539395
0.6223002851691596	2.3256090730334464
0.6237348354824193	2.3201521247563046
0.6251726927756859	2.3147049969261917
0.6266138646723355	2.3092676989246437
0.628058358813318	2.303840239285053
0.6295061828571976	2.2984226256810865
0.6309573444801934	2.293014864915003
0.6324118513762195	2.2876169629058585
0.633869711256927	2.282228924677596
0.6353309318517437	2.2768507543470347
0.6367955209079159	2.2714824551117214
0.6382634861905487	2.2661240292376963
0.6397348354826482	2.260775478047122
0.6412095765851616	2.2554368019058058
0.6426877173170197	2.2501080002106018
0.6441692655151774	2.2447890713766943
0.6456542290346556	2.2394800128247656
0.6471426157485832	2.2341808209680383
0.6486344335482385	2.2288914911991986
0.6501296903430908	2.223612017877197
0.6516283940608427	2.218342394313929
0.6531305526474724	2.213082612760785
0.654636174067275	2.2078326643950805
0.6561452663029055	2.2025925393063592
0.6576578373554206	2.1973622264825607
0.6591738952443215	2.192141713796078
0.6606934480075961	2.1869309879896623
0.662216503701762	2.1817300346622175
0.6637430704019089	2.1765388382544497
0.6652731562017414	2.1713573820343917
0.6668067692136223	2.166185648082791
0.6683439175686147	2.1610236172783606
0.6698846094165265	2.155871269282899
0.6714288529259524	2.1507285825262703
0.6729766562843179	2.1455955341912434
0.6745280276979221	2.1404721001982
0.6760829753919819	2.1353582551896917
0.6776415076106752	2.1302539725148653
0.6792036326171846	2.1251592242137383
0.6807693586937414	2.1200739810013345
0.6823386941416696	2.1149982122516717
0.6839116472814293	2.10993188598161
0.6854882264526615	2.10487496883454
0.6870684400142321	2.0998274260639374
0.688652296344276	2.0947892215167547
0.6902398038402419	2.089760317616673
0.6918309709189364	2.084724981512421
0.6934258060165691	2.079690943230277
0.6950243175887968	2.0746660155427517
0.6966265141107687	2.069650212094224
0.6982324040771714	2.064643545812777
0.6998419960022735	2.059646028900147
0.7014552984199712	2.0546576728215773
0.7030723198838335	2.049678488295572
0.7046930689671469	2.0447084852835586
0.7063175542629619	2.0397476729794444
0.7079457843841379	2.034796059799078
0.7095777679633888	2.0298536533696097
0.711213513653329	2.0249204605187514
0.7128530301265195	2.01999648726393
0.7144963260755133	2.015081738801347
0.716143410212902	2.010176219494924
0.7177942912713617	2.0052799328651516
0.7194489780036994	2.0003928815778305
0.7211074791828996	1.995515067432705
0.7227698036021702	1.9906464913519903
0.72443596007499	1.9857871533687932
0.7261059574351547	1.980937052615421
0.727779804536824	1.9760961873115852
0.7294575102545687	1.9712645547524883
0.7311390834834174	1.9664421512968064
0.732824533138904	1.9616289723545512
0.734513868157115	1.956825012374826
0.7362070974947361	1.9520302648334649
0.737904230129101	1.9472447222205527
0.7396052750582378	1.9424683760278343
0.7413102413009175	1.9377012167360048
0.7430191378967014	1.9329432338018802
0.744731973905989	1.9281944156454516
0.7464487584100665	1.923454749636816
0.7481695005111544	1.9187242220829896
0.7498942093324559	1.914002818214599
0.7516228940182055	1.9092905221724423
0.7533555637337174	1.9045873169939391
0.7550922276654339	1.8998931845994422
0.7568328950209744	1.8952081057784325
0.7585775750291838	1.8905320601755833
0.7603262769401818	1.885865026276696
0.762079010025412	1.881206981394507
0.7638357835776907	1.8765579016543665
0.7655966069112563	1.8719177619797838
0.7673614893618189	1.8672865360778401
0.7691304402866096	1.8626641964244703
0.7709034690644301	1.8580507142496074
0.7726805850957024	1.8534460595221938
0.7744617978025188	1.8488502009350551
0.7762471166286917	1.8442487195229706
0.7780365510398041	1.8396487045129652
0.7798301105232588	1.835057321013919
0.7816278045883297	1.8304745847887909
0.7834296427662119	1.8259005109736854
0.7852356346100718	1.8213351140688814
0.7870457896950986	1.8167784079297735
0.7888601176185545	1.8122304057577299
0.7906786279998251	1.8076911200908568
0.7925013304804718	1.8031605627946825
0.7943282347242815	1.7986387450527417
0.7961593504173188	1.7941256773570804
0.7979946872679766	1.7896213694986638
0.7998342550070284	1.785125830557692
0.8016780633876791	1.7806390688938256
0.8035261221856173	1.7761610921363236
0.8053784411990667	1.771691907174074
0.8072350302488382	1.7672315201455435
0.8090958991783823	1.7627799364286258
0.8109610578538409	1.7583371606303897
0.8128305161640993	1.7539031965767424
0.8147042840208396	1.74947804730198
0.8165823713585925	1.7450617150382521
0.81846478813479	1.7406542012049189
0.8203515443298183	1.7362555063978138
0.8222426499470712	1.7318656303784
0.8241381150130024	1.7274845720628285
0.8260379495771788	1.723112329510895
0.8279421637123342	1.7187488999148879
0.8298507675144225	1.7143942795883336
0.8317637711026711	1.7100484639546456
0.8336811846196344	1.7057114475356512
0.835603018231248	1.7013832239400257
0.8375292821268826	1.6970637858516118
0.8394599865193975	1.6927531250176313
0.8413951416451951	1.6884512322367877
0.8433347577642755	1.684158097347259
0.84527884516029	1.6798737092145801
0.8472274141405965	1.6755980557194063
0.8491804750363139	1.6713311237451751
0.8511380382023765	1.6670728991656427
0.8531001140175896	1.6628233668323118
0.8550667128846834	1.658582510561744
0.8570378452303697	1.6543503131227488
0.8590135215053958	1.6501267562234636
0.8609937521846007	1.6459118204983072
0.8629785477669704	1.6417054854948188
0.8649679187756933	1.6375077296603735
0.8669618757582167	1.6333185303287747
0.8689604292863019	1.6291378637067309
0.8709635899560808	1.624954241776066
0.8729713683881117	1.620773314173534
0.8749837752274362	1.6166007908838982
0.8770008211436349	1.612436685163259
0.8790225168308845	1.6082810096503628
0.8810488730080143	1.604133776357893
0.8830799004185629	1.5999949966636768
0.8851156098308356	1.5958646813018071
0.887156012037961	1.5917428403536849
0.8892011178579485	1.587629483238967
0.8912509381337457	1.5835246187064362
0.8933054837332954	1.57942825482478
0.895364765549594	1.5753403989732795
0.8974287945007486	1.5712610578324169
0.8994975815300353	1.567190237374388
0.9015711376059571	1.5631279428535247
0.9036494737223016	1.5590741787966333
0.9057326008982003	1.5550289489932292
0.9078205301781859	1.550992256485695
0.9099132726322517	1.5469641035593327
0.9120108393559097	1.54294449173233
0.9141132414702502	1.5389334217456254
0.9162204901219997	1.5349308935526877
0.9183325964835808	1.5309369063091895
0.9204495717531712	1.5269514583625896
0.9225714271547631	1.5229745472416192
0.9246981739382225	1.519006169645661
0.9268298233793492	1.5150463214340415
0.9289663867799363	1.5110949976152142
0.9311078754678302	1.5071521923358435
0.933254300796991	1.5032178988697924
0.9354056741475518	1.4992921096069987
0.9375620069258802	1.495374816042257
0.9397233105646378	1.4914660087638898
0.9418895965228413	1.4875656774423167
0.9440608762859233	1.483673810818519
0.946237161365793	1.4797903966923918
0.9484184633008971	1.475915421910998
0.9506047936562815	1.472048872356704
0.9527961640236519	1.4681907329352133
0.9549925860214359	1.4643409875634827
0.9571940712948444	1.4604996191575392
0.9594006315159331	1.4566666096201697
0.9616122783836646	1.452841939828509
0.9638290236239705	1.4490255896215114
0.9660508789898133	1.445217537787303
0.9682778562612491	1.4414177620504267
0.9705099672454897	1.4376262390589587
0.9727472237769651	1.4338429443715237
0.9749896377173869	1.4300678524441726
0.9772372209558107	1.4262909923149634
0.9794899854086988	1.4225172599246925
0.9817479430199844	1.418751603437446
0.9840111057611337	1.4149940289366423
0.9862794856312105	1.4112445418382669
0.9885530946569389	1.4075031468818662
0.9908319448927676	1.4037698481214567
0.9931160484209338	1.4000446489163445
0.995405417351527	1.3963275519218643
0.9977000638225533	1.3926185590800253
1.	1.388917671610072
1.0023052380778998	1.3852248899989568
1.0046157902783952	1.3815402139917212
1.0069316688518044	1.3778636425817872
1.0092528860766845	1.3741951740011586
1.0115794542598988	1.3705348057105298
1.0139113857366795	1.3668825343893047
1.016248692870696	1.3632383559255157
1.0185913880541169	1.359602265405659
1.0209394837076802	1.355974257104421
1.023292992280754	1.352354324474329
1.0256519262514079	1.3487424601352824
1.0280162981264735	1.3451386558640084
1.0303861204416165	1.3415429025834007
1.0327614057613974	1.3379551903517792
1.0351421666793441	1.3343755083520272
1.0375284158180127	1.3308038448806547
1.0399201658290596	1.327240187336735
1.0423174293933042	1.3236845222107585
1.0447202192208003	1.3201368350733718
1.0471285480508996	1.3165971105640222
1.0495424286523225	1.313065332379488
1.051961873823223	1.309541483262315
1.0543868963912593	1.3060255449891343
1.0568175092136585	1.3025174983588854
1.0592537251772887	1.29901732318092
1.0616955571987248	1.295524998263005
1.064143018224316	1.292040501399217
1.066596121230258	1.2885638093577148
1.0690548792226577	1.2850948978684165
1.0715193052376064	1.2816337416105485
1.0739894123412446	1.2781803142000965
1.076465213629835	1.2747345881771273
1.0789467222298286	1.27129653499301
1.081433951297938	1.2678661249975067
1.0839269140212033	1.2644433274257627
1.0864256236170655	1.2610281103851595
1.0889300933334332	1.2576204408420704
1.0914403364487566	1.2542202846084733
1.0939563662720937	1.2508276063284667
1.096478196143185	1.247429329048285
1.0990058394325208	1.2440318717462737
1.101539309541415	1.240641722172833
1.104078619902073	1.237258887596019
1.1066237839776665	1.233883374705645
1.1091748152624008	1.230515189605384
1.1117317272815914	1.2271543378047958
1.1142945335917298	1.223800824211283
1.1168632477805611	1.2204546531219593
1.1194378834671515	1.2171158282154584
1.1220184543019636	1.2137843525436467
1.1246049739669264	1.210460228523274
1.1271974561755105	1.2071434579275322
1.1297959146727976	1.2038340418775473
1.1324003632355573	1.2005319808337769
1.1350108156723149	1.1972372745873439
1.137627285823431	1.19394992225127
1.1402497875611686	1.1906699222516466
1.1428783347897717	1.1873972723187058
1.1455129414455354	1.18413196947782
1.1481536214968828	1.1808740100404103
1.1508003889444356	1.1776233895947756
1.1534532578210923	1.174380102996831
1.1561122421920986	1.1711441443607633
1.1587773561551262	1.1679155070495992
1.1614486138403426	1.1646941836656866
1.1641260294104914	1.1614801660410836
1.1668096170609623	1.158273445227866
1.1694993910198712	1.1550740114883347
1.1721953655481303	1.1518818542851454
1.1748975549395297	1.148696962271334
1.1776059735208073	1.1455193232802618
1.1803206356517297	1.1423489243154576
1.1830415557251646	1.1391857515403754
1.1857687481671602	1.1360297902680492
1.1885022274370183	1.1328810249506647
1.1912420080273751	1.129739439169019
1.193988104464273	1.1266050156219014
1.1967405313072437	1.1234777361153612
1.1994993031493788	1.12035758155189
1.2022644346174132	1.117244531919495
1.2050359403717974	1.1141385662806822
1.2078138351067804	1.111039662761329
1.2105981335504823	1.1079477985394652
1.2133888504649775	1.1048629498339437
1.2161860006463678	1.1017850918930163
1.2189895989248667	1.0987141989827949
1.2217996601648717	1.0956502443756213
1.2246161992650488	1.092593200338321
1.2274392311584073	1.0895430381203541
1.2302687708123818	1.0864884890391253
1.233104833228909	1.0834350869996152
1.2359474334445106	1.080388425166619
1.238796586530369	1.077348511479624
1.2416523075924113	1.0743153533678145
1.244514611771385	1.0712889577430402
1.2473835142429432	1.0682693309927067
1.2502590302177201	1.065256478972607
1.2531411749414163	1.0622504069996792
1.2560299636948749	1.0592511198447025
1.2589254117941675	1.0562586217249128
1.2618275345906707	1.0532729162965608
1.2647363474711515	1.0502940066473894
1.2676518658578455	1.0473218952890497
1.270574105208542	1.0443565841494364
1.2735030810166617	1.0413980745649587
1.276438808811344	1.0384463672727302
1.2793813041575246	1.0355014624026957
1.2823305826560218	1.0325633594696755
1.2852866599436155	1.0296320573653395
1.2882495516931343	1.0267075543501034
1.2912192736135342	1.0237898480449543
1.2941958414499863	1.020878935423192
1.297179270983956	1.0179748128021016
1.3001695780332907	1.0150774758345416
1.3031667784522993	1.0121869195004598
1.3061708881318417	1.0093031380983235
1.309181922999407	1.0064261252364777
1.3121998990192034	1.0035558738244164
1.3152248321922384	1.000692376063979
1.3182567385564075	0.997835623440458
1.3212956341865751	0.9949856067136335
1.324341535194665	0.9921423159087155
1.3273944577297394	0.9893057403072114
1.3304544179780915	0.9864758684377013
1.333521432163324	0.9836526880665368
1.3365955165464425	0.9808361861884438
1.3396766874259352	0.9780263490170513
1.3427649611378643	0.9752231619753221
1.3458603540559484	0.9724266096859041
1.348962882591654	0.9696366759613856
1.3520725631942772	0.966853343794471
1.3551894123510364	0.9640765953480559
1.3583134465871542	0.9613064119452219
1.3614446824659503	0.9585427740591312
1.3645831365889245	0.9557856613028368
1.3677288255958495	0.9530350524189933
1.3708817661648536	0.9502909252694801
1.3740419750125157	0.9475532568249249
1.3772094688939465	0.9448220231541383
1.3803842646028852	0.942088676188644
1.383566378971781	0.9393574102721226
1.3867558288718889	0.9366324645538817
1.3899526312133532	0.9339138423900197
1.3931568029453036	0.9312015466112182
1.3963683610559376	0.9284955795157386
1.3995873225726185	0.9257959428623402
1.4028137045619582	0.9231026378631464
1.4060475241299144	0.9204156651764284
1.4092887984218747	0.9177350248993353
1.4125375446227548	0.9150607165605438
1.4157937799570817	0.9123927391128502
1.4190575216890926	0.9097310909256813
1.4223287871228198	0.9070757697775484
1.425607593602188	0.9044267728484188
1.428893958511103	0.9017840967120224
1.432187899273543	0.8991477373280893
1.435489433353656	0.8965176900345054
1.4387985782558452	0.8938939495394074
1.4421153515248688	0.8912765099131927
1.4454397707459272	0.8886653645804659
1.4487718535447618	0.8860605063119005
1.452111617587742	0.8834619272160354
1.455459080581966	0.8808696187309856
1.4588142602753482	0.8782835716160854
1.4621771744567182	0.8757037759434476
1.4655478409559113	0.8731302210894503
1.468926277643867	0.8705628957261389
1.4723125024327186	0.8680017878125585
1.4757065332758947	0.865446884585996
1.4791083881682072	0.8628981725531506
1.4825180851459536	0.860355637481217
1.4859356422870067	0.8578192643888936
1.4893610777109154	0.8552890375372995
1.492794409578996	0.8527649404208194
1.4962356560944337	0.8502469557578539
1.4996848355023733	0.8477350654814961
1.5031419660900225	0.8452292507301129
1.5066070661867417	0.8427294918378503
1.5100801541641484	0.8402357683250433
1.513561248436208	0.8377480588885484
1.5170503674593367	0.8352663413919776
1.5205475297324955	0.8327905928558554
1.5240527537972914	0.8303207894476754
1.5275660582380723	0.8278569064718767
1.5310874616820302	0.8253989183597221
1.5346169827992941	0.8229467986590917
1.5381546403030348	0.8205005200241777
1.5417004529495593	0.8180600542050919
1.545254439538414	0.8156253720373763
1.5488166189124812	0.8131857181876987
1.5523870099580825	0.8107463720284754
1.5559656316050743	0.8083126695423523
1.559552502826954	0.8058846168115674
1.5631476426409538	0.803462219491896
1.5667510701081493	0.801045482806799
1.5703628043335522	0.7986344115415236
1.5739828644662197	0.7962290100371394
1.5776112696993485	0.793829282184526
1.5812480392703834	0.7914352314182974
1.5848931924611134	0.7890468607106736
1.5885467485977791	0.7866641725652905
1.59220872705117	0.7842871690109556
1.5958791472367329	0.7819158515953399
1.5995580286146687	0.7795502213786146
1.6032453906900417	0.7771902789270264
1.6069412530128773	0.7748360243064129
1.6106456351782708	0.7724874570756549
1.6143585568264862	0.7701445762800726
1.6180800376430662	0.7678073804447529
1.6218100973589298	0.7654758675678225
1.6255487557504842	0.7631500351136492
1.6292960326397223	0.7608298800059893
1.6330519478943346	0.758515398621062
1.6368165214278085	0.7562065867805683
1.6405897731995396	0.7539034397446361
1.6443717232149315	0.7516059522047084
1.6481623915255086	0.7493141182763572
1.651961798229015	0.7470279314920399
1.6557699634695284	0.7447473847937794
1.6595869074375604	0.7424724705257851
1.6634126503701698	0.7402031804269974
1.6672472125510627	0.7379395056235724
1.6710906143107078	0.7356814366212893
1.6749428760264373	0.7334289632978936
1.6788040181225607	0.7311820748953665
1.6826740610704674	0.7289407600121259
1.6865530253887415	0.7267050065951525
1.690440931643264	0.7244748019320493
1.6943378004473288	0.7222501326430205
1.6982436524617444	0.7200309846727864
1.7021585083949509	0.717817343282415
1.7060823890031234	0.715609193041088
1.710015315090288	0.7134065178177831
1.7139573075084253	0.7112093007728897
1.7179083871575884	0.7090175243497389
1.721868574986007	0.7068311702660648
1.725837891990204	0.7046502195053821
1.7298163592151015	0.7024746523082902
1.7338039977541384	0.7003044481636942
1.7378008287493754	0.6981321462740447
1.7418068733916146	0.6959614081361758
1.7458221529205038	0.6937959343925043
1.7498466886246573	0.6916357284961562
1.7538805018417611	0.6894807934794179
1.7579236139586931	0.6873311319480868
1.7619760464116292	0.6851867460757812
1.7660378206861649	0.6830476375981811
1.770108958317421	0.6809138078072318
1.7741894808901661	0.6787852575452762
1.7782794100389228	0.676661987199147
1.78237876744809	0.674543996694192
1.7864875748520508	0.67243128548825
1.7906058540352947	0.6703238525655678
1.7947336268325265	0.6682216964306619
1.7988709151287883	0.6661248151021195
1.803017740859569	0.6640332061063469
1.8071741260109275	0.6619468664712541
1.8113400926196026	0.6598657927198863
1.8155156627731361	0.6577899808639901
1.8197008586099834	0.6557194263975259
1.8238957023196385	0.653654124290114
1.8281002161427427	0.6515940689804282
1.832314422371212	0.6495392543695172
1.8365383433483464	0.647489673814077
1.8407720014689564	0.6454453201196481
1.8450154191794736	0.6434061855337626
1.8492686189780787	0.6413722617390165
1.8535316234148114	0.6393435398460887
1.857804455091699	0.6373200103866856
1.8620871366628675	0.6353016633064328
1.8663796908346704	0.6332884879576873
1.8706821403658007	0.6312804730922984
1.8749945080674193	0.6292776068542899
1.8793168168032686	0.6272798767724855
1.883649089489801	0.6252872697530579
1.8879913490962936	0.6232997720720176
1.892343618644976	0.621317369367627
1.8967059212111463	0.6193400466327517
1.9010782799233006	0.6173677882071334
1.9054607179632472	0.615400577769604
1.9098532585662378	0.6134383983302174
1.914255925021086	0.6114812322223178
1.9186687406702891	0.6095290610945354
1.9230917289101586	0.6075818659027028
1.9275249131909356	0.6056396269017095
1.9319683170169242	0.603702323637271
1.936421963946607	0.6017699349376335
1.9408858775927782	0.5998424389051962
1.9453600816226624	0.5979198129080642
1.9498445997580456	0.5959954023048329
1.9543394557753944	0.5940724663133408
1.95884467350599	0.5921542989778972
1.9633602768360463	0.590240898763813
1.967886289706845	0.588332263693795
1.9724227361148534	0.586428391342261
1.976969640111861	0.5845292788295919
1.9815270258050979	0.5826349228163411
1.9860949173573716	0.5807453194973794
1.9906733389871865	0.5788604645959954
1.9952623149688797	0.5769803533579335
1.9998618696327437	0.5751049805453824
2.0044720273651615	0.5732343404309026
2.0090928126087277	0.571368426791304
2.0137242498623884	0.5695072329014595
2.0183663636815607	0.5676507515280705
2.023019178678272	0.5657989749233653
2.0276827195212817	0.5639518948187485
2.032357010936222	0.5621095024183841
2.037042077705718	0.5602717883927274
2.0417379446695296	0.5584387428719902
2.046444636724674	0.5566103554395522
2.0511621788255656	0.5547866151253068
2.0558905959841414	0.552967510398952
2.0606299132700006	0.5511530291632131
2.065380155810529	0.5493431587470113
2.0701413487910423	0.5475378858985613
2.0749135174549096	0.5457371967784153
2.079696687103696	0.5439410769524349
2.084490883097289	0.5421495113847076
2.0892961308540396	0.5403624844303901
2.0941124558508926	0.5385799798284959
2.0989398836235242	0.536801980694609
2.1037784397664754	0.5350284695135384
2.1086281499332897	0.5332594281319021
2.1134890398366464	0.531494837750646
2.1183611352485023	0.529734678917493
2.123244462000219	0.5279789315193293
2.1281390459827123	0.5262275747745141
2.133044913146576	0.5244805872251279
2.1379620895022327	0.5227379467291451
2.1428906011200586	0.5209996304525422
2.1478304741305343	0.5192656148613276
2.1527817347243725	0.5175358757135087
2.157744409152667	0.5158103880509777
2.16271852372702	0.5140891261913347
2.167704104819695	0.5123720637196282
2.1727011788637443	0.5106591734800296
2.1777097723531593	0.5089504275674274
2.1827299118430012	0.5072457973189516
2.187761623949553	0.5055364976986975
2.1928049353504484	0.503826833672569
2.197859872784825	0.5021211564096271
2.202926463053456	0.5004194659771039
2.2080047330189	0.49872176208338037
2.2130947096056377	0.49702804407330653
2.2181964198002193	0.4953383109234756
2.223309890651403	0.4936525612374562
2.2284351492703043	0.4919707932409775
2.2335722228305315	0.4902930047770736
2.23872113856834	0.4886191933011756
2.2438819237827663	0.4869493558761678
2.2490546058357817	0.48528348916738673
2.254239212152429	0.4836215894375854
2.259435770220978	0.48196365254183926
2.2646443075930596	0.48030967392241564
2.2698648518838223	0.4786596486035873
2.2750974307720706	0.47701357118640375
2.2803420720004186	0.4753714358434105
2.28559880337543	0.47373323631332254
2.2908676527677736	0.4720989658956454
2.296148648112362	0.4704686174452516
2.301441817408509	0.4688421833669012
2.306747188720069	0.46721965560971784
2.312064790175595	0.46560102566160866
2.3173946499684783	0.4639862845436392
2.3227367963571073	0.4623754228043495
2.328091257665008	0.460768430514026
2.3334580622810033	0.45916529725891436
2.338837238659355	0.45756601213538417
2.344228815319923	0.4559705637440369
2.3496328208483073	0.4543789401837642
2.35504928389601	0.4527911290457471
2.360478233180577	0.45120711740740654
2.365919697485759	0.4496268918262926
2.371373705661655	0.4480504383339248
2.3768402866248772	0.4464777424295698
2.38231946935869	0.4449087890739703
2.3878112829131783	0.44334356268300856
2.3933157564053875	0.4417820471213224
2.3988329190194912	0.44022422569585323
2.4043628000069335	0.43867008114934625
2.4099054286865957	0.4371195956537817
2.41546083444494	0.43557275080375785
2.421029046736179	0.4340295276098035
2.4266100950824154	0.4324899064916401
2.432204009073816	0.43095386727137525
2.4378108183687526	0.42942138916664324
2.4434305526939726	0.42789245078367544
2.4490632418447453	0.42636703011031646
2.454708915685031	0.42483687103795015
2.4603676041476272	0.42330602694102915
2.46603933723434	0.4217785947390553
2.4717241450161302	0.42025457982342945
2.4774220576332864	0.4187339873473403
2.4831331052955705	0.4172168222224014
2.4888573182823914	0.4157030891152535
2.494594726942955	0.4141927924441363
2.500345361696432	0.4126859363754263
2.506109253032114	0.4111825248201428
2.511886431509581	0.4096825614304179
2.5176769277588558	0.4081860495959375
2.5234807724805757	0.40669299244034257
2.529297996446145	0.4052033928176021
2.5351286304979084	0.403717253308347
2.540972705549305	0.40223457621617253
2.5468302525850417	0.40075536356390284
2.552701302661247	0.3992796170898232
2.5585858869056453	0.3978073382438747
2.5644840365177175	0.3963385281838125
2.5703957827688635	0.3948731877713311
2.5763211570025755	0.39341131756814834
2.582260190634596	0.39195291783205793
2.588212915153092	0.3904979885129401
2.5941793621188136	0.38904652924873856
2.6001595631652723	0.38759853936139627
2.6061535499988953	0.3861540178527582
2.6121613543992064	0.38471296340042976
2.6181830082189848	0.38327537435360165
2.624218543384442	0.3818412487288321
2.6302679918953813	0.38041058420579377
2.6363313858253803	0.3789833781229757
2.642408757321946	0.37755962747335203
2.648500138606701	0.37613932890000373
2.654605561975539	0.3747224786917051
2.6607250597988097	0.3733090727784665
2.666858664521479	0.3718991067270365
2.6730064086633116	0.3704925757363628
2.6791683248190314	0.3690894746330118
2.6853444456585076	0.3676897978665436
2.691534803926915	0.3662935395048481
2.6977394324449206	0.3649006932294335
2.703958364108843	0.36351125233067794
2.7101916318908432	0.36212520970302936
2.7164392688390824	0.3607425578401697
2.7227013080779128	0.35936328883012764
2.7289777828080406	0.3579873943503527
2.7352687263067126	0.35661486566273864
2.741574171927882	0.35524569360860714
2.7478941531023975	0.35387986860363985
2.7542287033381663	0.35251252352506085
2.7605778562203462	0.351146052825227
2.7669416454115114	0.3497828765809667
2.773320104651841	0.3484230011209611
2.7797132677592886	0.3470664325676712
2.7861211686297707	0.3457131768343523
2.792543841237338	0.3443632396220421
2.798981319634363	0.3430166264165162
2.805433637951713	0.3416733424852184
2.811900830398941	0.34033339287415726
2.8183829312644537	0.3389967824047775
2.8248799749157074	0.33766351567079644
2.831391995799379	0.3363335970350149
2.8379190284415565	0.33500703062609355
2.8444611074479154	0.33368382033530203
2.85101826750391	0.33236396981323346
2.8575905433749464	0.3310474824664922
2.8641779699065815	0.3297343614543441
2.8707805820246906	0.3284246096853422
2.8773984147356697	0.3271182298139126
2.8840315031266055	0.32581522423691545
2.8906798823654762	0.3245155950901673
2.897343587701323	0.32321934424493504
2.904022654464451	0.3219264733043928
2.910717118066605	0.32063698360004994
2.9174270140011673	0.3193508761881404
2.924152377843335	0.3180681518459833
2.9308932452503216	0.316788811068304
2.9376496519615305	0.315512854063526
2.9444216337987617	0.31424028075002247
2.9512092266663856	0.31297109075233853
2.9580124665515464	0.31170528339737325
2.9648313895243423	0.3104428577105293
2.971666031738027	0.3091838124118239
2.9785164294291895	0.30792814591196704
2.9853826189179604	0.3066758563083993
2.992264636608189	0.3054269413812963
2.9991625189876516	0.3041813985895325
3.0060763026282307	0.3029392250666121
3.013006024186122	0.30170041761655686
3.019951720402016	0.30046497270976114
3.0269134281013064	0.29923288647880364
3.0338911841942706	0.29800415471422564
3.04088502567628	0.29677877286026466
3.047894989627983	0.2955567360105543
3.054921113215514	0.2943380389037795
3.061963433690677	0.29312267591929686
3.069021988391158	0.2919106410727089
3.076096814740708	0.29070192801140426
3.083187950249355	0.2894965300100503
3.0902954325135905	0.288290341803068
3.097419299216581	0.28708538503247666
3.1045595881283554	0.28588370294653515
3.1117163371060186	0.2846853021897251
3.118889584093937	0.28349018921775554
3.126079367123956	0.282298370294797
3.1332857243155856	0.28110985149069423
3.1405086938762183	0.2799246386781476
3.1477483141013156	0.2787427375298711
3.1550046233746274	0.27756415351571945
3.1622776601683795	0.27638889189979127
3.169567463043492	0.2752169577375001
3.1768740706497707	0.27404835587262205
3.1841975217261256	0.2728830909343102
3.1915378551007616	0.271721167334086
3.198895109691399	0.2705625892627959
3.206269324505466	0.2694073606875447
3.213660538640318	0.2682554853485939
3.2210687912834346	0.2671069667562372
3.2284941217126364	0.2659618081876389
3.2359365692962827	0.2648200126836492
3.2433961734934935	0.26368158304558326
3.250872973854344	0.2625465218319755
3.2583670100200885	0.2614148313552974
3.265878321723358	0.26028651367864947
3.273406948788383	0.2591615706124179
3.2809529311311905	0.25804000371090335
3.2885163087598315	0.2569218142689139
3.2960971217745776	0.2558070033183306
3.303695410368149	0.25469557162463546
3.311311214825911	0.2535875196834133
3.3189445755261047	0.2524828477168136
3.326595532940045	0.251381555669986
3.3342641276323506	0.2502836432074766
3.3419504002611427	0.24918910970959599
3.3496543915782775	0.24809795426874834
3.3573761424295467	0.24701017568573105
3.365115693754908	0.24592577246599534
3.372873086588689	0.24484474281587632
3.380648362059817	0.24376708463878452
3.3884415613920256	0.2426927955313651
3.3962527259040853	0.24162187277961847
3.404081897010009	0.24055431335498834
3.4119291162192864	0.2394901139104099
3.4197944251370886	0.2384292707763253
3.4276778654645046	0.23737177995665898
3.4355794789987466	0.23631763712475848
3.443499307633384	0.23526683761929618
3.451437393358563	0.23421937644013407
3.459393778261219	0.23317524824415167
3.4673685045253166	0.23213141032683288
3.4753616144320576	0.2310893603655032
3.483373150360118	0.2300506119798357
3.4914031547858606	0.22901516945903777
3.499451670283573	0.22798303688135432
3.5075187395256795	0.22695421811113883
3.5156044052829816	0.2259287167958934
3.523708710424871	0.22490653636328461
3.53183169791957	0.22388768001812645
3.5399734108343464	0.22287215073933944
3.548133892335755	0.22185995127687597
3.5563131856898527	0.22085108414862126
3.5645113342624426	0.21984555163726102
3.5727283815192883	0.2188433557871231
3.5809643710263606	0.21784449840098544
3.5892193464500517	0.21684898103685832
3.5974933515574232	0.2158568050047322
3.6057864302164235	0.2148679713632981
3.6140986263961334	0.21388248091663536
3.6224299841669856	0.21290033421086987
3.630780547701014	0.21192153153079804
3.639150361272071	0.2109460728964842
3.6475394692560785	0.20997395805982066
3.6559479161312485	0.20900518650106004
3.664375746478333	0.20803975742531194
3.672823004980846	0.20707766975901065
3.681289736425315	0.20611892214634525
3.6897759857015027	0.20516351294566204
3.6982817978026628	0.20421144022582846
3.7068072178257596	0.20326270176256706
3.715352290971726	0.20231729503475296
3.7239170625456848	0.20137521722067978
3.732501577957206	0.2004364651942872
3.741105882720533	0.19950103552135837
3.7497300224548358	0.19856892445567756
3.758374042884441	0.19764012793515726
3.767037989839089	0.1967146415779244
3.77572190925416	0.19579246067837588
3.7844258471709336	0.19487358020319323
3.793149849736819	0.1939579947873244
3.801893963205613	0.1930456987299259
3.81065823393773	0.1921366859902707
3.8194427084004663	0.1912309501836149
3.8282474331682264	0.1903284845770313
3.8370724549227884	0.18942928208520035
3.8459178204535354	0.1885333352661665
3.8547835766577188	0.18764063631705322
3.8636697705406915	0.1867511770697413
3.8725764492161727	0.18586494898650519
3.8815036599064823	0.18498194315561328
3.8904514499428067	0.18409892580527693
3.899419866765434	0.1832174838023476
3.908408957924021	0.18233922093034693
3.9174187710778305	0.18146413846534928
3.926449353995999	0.18059223744974948
3.9355007545577743	0.17972351868918696
3.944573020752785	0.17885798274943748
3.953666200681279	0.17799562995327994
3.9627803425543955	0.1771364603773298
3.971915494694403	0.17628047384884665
3.981071705534973	0.17542766994250858
3.9902490236214203	0.17457804797715964
3.9994474976109755	0.1737316070125244
4.008667176273028	0.17288834584589413
4.0179081084894	0.17204826300878004
4.027170343254591	0.17121135676353777
4.036453929676051	0.1703776250999584
4.045758916974426	0.16954706573183026
4.055085354483839	0.16871967609346614
4.0644332916521275	0.16789545333620123
4.073802778041128	0.16707439432485663
4.083193863326921	0.166256495634172
4.09260659730011	0.16544175354520305
4.1020410298660686	0.1646301640416894
4.111497211045223	0.163821722806385
4.120975190973302	0.1630164252173582
4.130475019901614	0.16221426634425595
4.139996748197304	0.161415240944535
4.149540426343631	0.1606193434596573
4.1591061049402205	0.1598265680112527
4.168693834703355	0.15903690839724344
4.178303666466218	0.1582503580879372
4.187935651179185	0.15746691022208104
4.1975898399100755	0.156686557602882
4.207266283844442	0.15590929269398948
4.216965034285822	0.15513510761544314
4.226686142656031	0.15436399413958216
4.2364296604954115	0.15359594368691873
4.24619563946313	0.15283094732197364
4.2559841313374305	0.15206899574907418
4.265795188015928	0.15131007930811405
4.275628861515862	0.15055418797027584
4.285485203974396	0.14980131133371288
4.295364267648873	0.14905143861919476
4.3052661049171075	0.14830455866571132
4.3151907682776525	0.14756065992603914
4.325138310350088	0.14681973046226623
4.335108783875289	0.14608175794127842
4.345102241715717	0.14534672963020348
4.355118736855686	0.14461463239181624
4.365158322401661	0.14388136220893977
4.375221051582521	0.14314893043960172
4.385306977749858	0.1424193699748802
4.395416154378245	0.1416926808919352
4.405548635065534	0.14096886304667294
4.4157044735331255	0.14024791607088863
4.425883723626267	0.13952983936938165
4.436086439314326	0.13881463211704514
4.446312674691089	0.13810229325592682
4.456562483975033	0.1373928214922647
4.466835921509633	0.1366862152934927
4.477133041763626	0.1359824728852216
4.487453899331323	0.13528159224818884
4.49779854893288	0.1345835711151831
4.508167045414603	0.13388840696793802
4.518559443749224	0.13319609703399932
4.528975799036209	0.1325066382835611
4.539416166502032	0.13182002742627516
4.549880601500488	0.13113626090802882
4.560369159512962	0.1304553349076954
4.570881896148752	0.12977724533385238
4.581418867145335	0.1291019878214721
4.591980128368688	0.12842955772858003
4.6025657358135605	0.12775995013288396
4.613175745603796	0.12709315982837113
4.623810213992603	0.12642918132187608
4.634469197362879	0.12576800882961475
4.645152752227495	0.12510963627368937
4.6558609352295885	0.12445405727856078
4.666593803142887	0.12380126516748734
4.677351412871981	0.12315125295893418
4.688133821452653	0.12250401336294686
4.698941086052153	0.12185953877749522
4.709773263969529	0.12121782128478126
4.720630412635905	0.12057885264751586
4.731512589614805	0.11994262430516078
4.7424198526024455	0.11930912737013707
4.753352259428054	0.11867835262399844
4.7643098680541565	0.11805029051357237
4.775292736576909	0.11742493114706351
4.786300923226383	0.11680226429012476
4.797334486366892	0.11618227936189102
4.808393484497285	0.11556496543097892
4.819477976251274	0.1149503112114493
4.830588020397726	0.1143383050587349
4.841723675840994	0.11372893496553026
4.8528850016212095	0.11312218855764616
4.864072056914616	0.11251805308982564
4.875284901033862	0.11191651544152452
4.886523593428336	0.11131756211265195
4.897788193684462	0.11071692277333142
4.909078761526032	0.11011669064868193
4.920395356814509	0.10951898141341528
4.9317380395493595	0.10892379548821013
4.943106869868354	0.10833113310742395
4.954501908047903	0.10774099431667178
4.96592321450336	0.1071533789703856
4.97737084978936	0.10656828672934772
4.9888448746001215	0.10598571705820455
5.000345349769786	0.10540566922295405
5.011872336272722	0.10482814228841289
5.0234258952238715	0.10425313511565706
5.035006087879047	0.10368064635944185
5.046612975635284	0.10311067446559513
5.05824662003114	0.10254321766838885
5.0699070827470445	0.10197827398788449
5.081594425605605	0.10141584122725561
5.093308710571955	0.10085591697008389
5.105049999754062	0.10029849857763248
5.116818355403078	0.09974358318609204
5.1286138399136485	0.09919116770380343
5.140436515824262	0.09864124880845347
5.152286445817564	0.098093822944246
5.16416369272071	0.0975488863190462
5.176068319505676	0.09700643490149971
5.188000389289612	0.09646646441812455
5.199959965335159	0.09592897035037717
5.211947111050805	0.09539394793169113
5.223961889991197	0.09486139214448981
5.236004365857504	0.09433129771717016
5.248074602497725	0.09380365912106176
5.2601726639070625	0.09327847056735479
5.2722986142282275	0.09275572600400377
5.284452517751805	0.09223541911260004
5.296634438916578	0.09171754330521853
5.308844442309884	0.09120209172123378
5.321082592667942	0.09068905722410926
5.333348954876211	0.09017843239815573
5.345643593969716	0.08967020954526235
5.357966575133418	0.08916438068159617
5.370317963702527	0.08866093753427427
5.382697825162884	0.08815987153800366
5.3951062251512765	0.08766117383169293
5.4075432294558095	0.08716483525503224
5.420008904016238	0.08667084634504324
5.432503314924333	0.08617919733259749
5.445026528424211	0.08568987813890501
5.4575786109127105	0.08520287837196934
5.470159628939716	0.08471818732301341
5.482769649208539	0.08423579396287115
5.495408738576246	0.0837525366553326
5.508076964054036	0.08326996352146335
5.520774392807573	0.08278963925686302
5.533501092157368	0.08231156297285794
5.546257129579107	0.08183573360105457
5.559042572704037	0.08136214989106683
5.5718574893192985	0.08089081040822463
5.584701947368309	0.08042171353125875
5.597576014951102	0.07995485744996698
5.610479760324706	0.07949024016285627
5.623413251903491	0.07902785947476515
5.6363765582595455	0.07856771299446311
5.649369748123025	0.07810979813222853
5.6623928903825345	0.07765411209740379
5.675446054085471	0.077200651895929
5.688529308438416	0.07674941432785166
5.701642722807475	0.07630039598481528
5.714786366718672	0.07585359324752328
5.727960309858292	0.07540900228318134
5.741164622073277	0.07496661904291521
5.7543993733715695	0.07452643925916586
5.767664633922509	0.07408845844306017
5.780960474057181	0.07365267188175857
5.794286964268812	0.0732190746357777
5.807644175213121	0.07278766153628954
5.821032177708716	0.07235842718239541
5.834451042737448	0.07193136593837608
5.847900841444809	0.07150647193091589
5.861381645140288	0.07108373904630326
5.874893525297769	0.07066316092760415
5.88843655355589	0.07024473097181189
5.902010801718445	0.06982844232696962
5.91561634175474	0.06941428788926843
5.9292532458	0.06900226030011763
5.942921586155727	0.0685923519431907
5.956621435290106	0.06818455494144274
5.970352865838369	0.06777886115410296
5.984115950603199	0.06737526217363854
5.997910762555095	0.06697374932269304
6.011737374832782	0.06657431365099566
6.025595860743578	0.0661769459322445
6.0394862937638	0.06578163666096082
6.0534087475391365	0.06538837604931597
6.067363295885055	0.0649971540239294
6.08135001278718	0.06460796022263905
6.095368972401694	0.06422078399124197
6.109420249055721	0.06383561438020695
6.123503917247737	0.0634524401413571
6.137620051647943	0.06307124972452385
6.151768727098683	0.0626920312741704
6.165950018614822	0.06231171999591458
6.180164001384161	0.061931814864220384
6.1944107507678146	0.06155383091976094
6.208690342300634	0.06117776615473146
6.223002851691596	0.06080361839288321
6.237348354824191	0.060431385287449894
6.251726927756859	0.06006106431905388
6.266138646723353	0.05969265279359482
6.2805835881331795	0.059326147840117346
6.295061828571975	0.05896154640866089
6.309573444801933	0.058598845268088416
6.324118513762193	0.05823804100389663
6.33869711256927	0.05787913001600498
6.353309318517436	0.05752210851652602
6.367955209079159	0.057166972527513835
6.382634861905486	0.05681371787869369
6.397348354826482	0.056462340205169596
6.412095765851615	0.05611283494511244
6.4268771731701975	0.05576519733742584
6.441692655151772	0.055419422419392295
6.456542290346556	0.05507550502429669
6.471426157485831	0.05473343977902966
6.486344335482385	0.05439322110166811
6.501296903430906	0.054054843199035016
6.516283940608428	0.05371830006423644
6.531305526474723	0.05338358547417698
6.546361740672751	0.0530506929870524
6.561452663029053	0.05271961593982035
6.576578373554206	0.052390347445647655
6.591738952443213	0.05206288039133562
6.606934480075961	0.05173720743472135
6.622165037017619	0.05141332100205678
6.637430704019089	0.051091213285363396
6.652731562017413	0.05077087623976414
6.668067692136222	0.05045230158079079
6.6834391756861455	0.05013548078166813
6.698846094165265	0.04982040507057302
6.714288529259523	0.04950706542787027
6.729766562843179	0.04919545258332253
6.745280276979219	0.04888555701327691
6.760829753919819	0.048577368937825285
6.77641507610675	0.04827087831794053
6.792036326171846	0.047966074852586534
6.807693586937414	0.04766294797580349
6.823386941416698	0.04736148685376642
6.839116472814292	0.04706168038181895
6.8548822645266165	0.0467635171814795
6.870684400142321	0.046466985597422565
6.886522963442762	0.046172073694431964
6.902398038402419	0.04587876925432875
6.918309709189366	0.04558376486110864
6.934258060165691	0.04528867913343674
6.9502431758879695	0.04499514807971879
6.966265141107686	0.044703170303486965
6.982324040771715	0.044412744276036954
6.998419960022734	0.04412386833479331
7.014552984199714	0.04383654068165847
7.030723198838334	0.04355075938134797
7.046930689671471	0.04326652235970914
7.06317554262962	0.04298382740202554
7.07945784384138	0.04270267215130505
7.095777679633888	0.042423054106552976
7.112135136533292	0.04214497062102878
7.128530301265195	0.0418684189004877
7.1449632607551345	0.0415933960014054
7.16143410212902	0.04131989882918761
7.177942912713619	0.04104792413636227
7.194489780036995	0.04077746852075659
7.211074791828998	0.040508528423656244
7.227698036021702	0.040241100127949216
7.2443596007499025	0.039975179756251436
7.261059574351547	0.039710763269017145
7.277798045368242	0.039447846462630345
7.294575102545687	0.039186424967480836
7.311390834834176	0.03892649424602136
7.3282453313890406	0.03866804959080858
7.345138681571151	0.03841108612252513
7.362070974947361	0.03815559878798535
7.379042301291012	0.037901582358121626
7.396052750582378	0.03764903142595394
7.413102413009177	0.03739794040454027
7.430191378967014	0.03714830352490938
7.447319739059893	0.03690011483397452
7.464487584100665	0.03665336819242902
7.481695005111545	0.036408057272622474
7.498942093324558	0.03616417555641878
7.516228940182057	0.03592171633303423
7.533555637337174	0.03568067269685719
7.550922276654341	0.03544103754524746
7.568328950209744	0.03520280357631718
7.58577575029184	0.034965963286690896
7.603262769401819	0.03473050896924673
7.620790100254123	0.03449643271083671
7.638357835776907	0.03426372638998771
7.655966069112566	0.034032381674581204
7.67361489361819	0.03380239001951336
7.691304402866098	0.0335737426643336
7.709034690644301	0.03334643063086327
7.726805850957025	0.033120444720792286
7.744617978025188	0.032895775513255614
7.76247116628692	0.032669959940298296
7.78036551039804	0.03244420289328082
7.798301105232589	0.032219722199853855
7.816278045883297	0.03199651644828329
7.83429642766212	0.031774584115814325
7.852356346100718	0.031553923567310724
7.870457896950989	0.03133453305388106
7.888601176185544	0.03111641071149291
7.906786279998253	0.030899554559573852
7.925013304804718	0.030683962499600426
7.943282347242818	0.030469632313673372
7.961593504173188	0.0302565616630807
7.979946872679768	0.030044748086847064
7.9983425500702845	0.029834189000270496
8.016780633876794	0.02962488169344538
8.035261221856173	0.029416823329772503
8.05378441199067	0.029210010944455054
8.072350302488383	0.029004441442981706
8.090958991783825	0.028800111599595293
8.109610578538408	0.028597018055748238
8.128305161640995	0.028395157318543515
8.147042840208396	0.028194525759162245
8.165823713585926	0.02799511961127623
8.1846478813479	0.02779693496944719
8.203515443298185	0.027599967787510768
8.222426499470712	0.027404213876946644
8.241381150130026	0.027209668905233558
8.260379495771788	0.0270163283941901
8.279421637123345	0.02682418771829999
8.298507675144226	0.02663324210302315
8.317637711026709	0.026443486623090914
8.336811846196344	0.02625491620078661
8.356030182312479	0.0260675256042106
8.375292821268827	0.025881309445529594
8.394599865193973	0.025696262179211032
8.413951416451951	0.025512378100240825
8.433347577642753	0.025329651342326297
8.452788451602899	0.025148075876082254
8.472274141405963	0.02496764550720165
8.491804750363139	0.024788353874609464
8.511380382023763	0.024610194448600832
8.531001140175896	0.02443316052896201
8.550667128846833	0.024257245243075494
8.570378452303697	0.024082441544007602
8.590135215053957	0.023908742208579935
8.609937521846007	0.023736139835423165
8.629785477669701	0.023564626843014226
8.649679187756934	0.023394195467695778
8.669618757582166	0.02322483776167869
8.689604292863018	0.023056545591026465
8.709635899560805	0.022887267360643514
8.729713683881117	0.022718006245443182
8.74983775227436	0.022549776193227393
8.770008211436348	0.022382575737115606
8.790225168308842	0.022216403316987637
8.810488730080142	0.022051257278353664
8.830799004185627	0.021887135871214693
8.851156098308357	0.021724037248911948
8.871560120379607	0.021561959466966533
8.892011178579486	0.02140090048190774
8.912509381337454	0.021240858150091607
8.933054837332953	0.02108183022650795
8.953647655495937	0.020923814363577223
8.974287945007486	0.020766808109935975
8.994975815300352	0.02061080890921191
9.01571137605957	0.020455814098787207
9.036494737223014	0.02030182090855139
9.057326008982002	0.020148826459642246
9.078205301781857	0.019996827763176128
9.099132726322518	0.019845821718966178
9.120108393559097	0.01969580511422958
9.141132414702504	0.019546774622282735
9.162204901219997	0.019398726801225213
9.183325964835811	0.019251658092611354
9.204495717531712	0.01910556482011062
9.225714271547634	0.018960443188155273
9.246981739382225	0.01881628928057669
9.268298233793494	0.01867309905922877
9.289663867799362	0.018530868362599748
9.311078754678306	0.018389592904411067
9.33254300796991	0.018249268272204227
9.354056741475521	0.018109889925914686
9.375620069258803	0.017971453196433423
9.39723310564638	0.017833953284155414
9.418895965228414	0.017697385257515554
9.440608762859236	0.017561744051511223
9.462371613657929	0.01742702446621223
9.484184633008974	0.017293221165257017
9.506047936562814	0.017160328674336214
9.527961640236521	0.017028341379662096
9.549925860214358	0.016897253526425224
9.571940712948447	0.01676705921723682
9.594006315159332	0.016637752410558083
9.616122783836648	0.01650932691911501
9.638290236239705	0.01638177640829983
9.660508789898136	0.016255094394557995
9.68277856261249	0.016129274243761357
9.7050996724549	0.016004309169566654
9.727472237769652	0.015880192231760088
9.749896377173872	0.015756916334586885
9.772372209558107	0.015632690094831873
9.79489985408699	0.015508389478312151
9.817479430199844	0.015384899864708748
9.84011105761134	0.015262220008661977
9.862794856312105	0.015140348590855902
9.885530946569391	0.015019284217126515
9.908319448927676	0.01489902541756213
9.93116048420934	0.014779570645595227
9.954054173515269	0.01466091827708641
9.977000638225535	0.014543066609399755
10.	0.014426013860470056
10.023052380778994	0.014309758167861402
10.046157902783957	0.014194297587817283
10.069316688518045	0.014079630094302456
10.092528860766844	0.013965753578035516
10.115794542598982	0.013852665845513307
10.1391138573668	0.013740364618026303
10.16248692870696	0.013628847530665353
10.18591388054117	0.013518112131319026
10.209394837076797	0.013408155879662443
10.232929922807546	0.013298976146136777
10.256519262514079	0.01319057021091985
10.280162981264736	0.013082935262887051
10.303861204416158	0.01297606839856347
10.32761405761398	0.012869966621066284
10.351421666793442	0.012764626839038113
10.375284158180126	0.01266004586557028
10.39920165829059	0.01255622041711701
10.423174293933046	0.012453147112399627
10.447202192208003	0.012350822471301339
10.471285480508996	0.012249242913751675
10.495424286523221	0.012148404758601525
10.519618738232236	0.012048304222487888
10.543868963912592	0.011948937418688837
10.568175092136585	0.011850300355967899
10.592537251772887	0.011752388937408651
10.616955571987253	0.011655198959238743
10.641430182243164	0.01155872610964378
10.665961212302578	0.011462965967570337
10.690548792226577	0.011367914001518788
10.71519305237607	0.011273565568325308
10.739894123412451	0.011179915911933343
10.76465213629835	0.011086960162153919
10.789467222298287	0.01099469333341537
10.814339512979387	0.010903110323501981
10.83926914021204	0.010812205912281643
10.864256236170656	0.010721974760422075
10.889300933334333	0.010632411408096135
10.91440336448757	0.010543510273675621
10.939563662720943	0.010455265652413734
10.964781961431852	0.010366295980839973
10.990058394325208	0.010277276472300739
11.015393095414156	0.010188889595855191
11.040786199020735	0.010101134144938627
11.066237839776663	0.010014008852624672
11.091748152624008	0.00992751239090671
11.117317272815919	0.00984164336997247
11.142945335917304	0.009756400337472347
11.168632477805613	0.009671781777780684
11.194378834671515	0.009587786111250815
11.220184543019629	0.00950441169346316
11.24604973966927	0.009421656814466526
11.271974561755105	0.009339519698012857
11.297959146727976	0.009257998500784619
11.324003632355566	0.009177091311615692
11.350108156723154	0.009096796150705008
11.37627285823431	0.009017110968823367
11.402497875611685	0.00893803364651282
11.428783347897712	0.008859561993279126
11.45512941445536	0.008781693746776953
11.481536214968829	0.008704426571987873
11.508003889444357	0.008627758060390704
11.534532578210918	0.008551685729124842
11.561122421920993	0.00847620702014585
11.587773561551263	0.008401319299373834
11.614486138403427	0.008327019855833817
11.641260294104908	0.008253305900788876
11.66809617060963	0.008180174566865333
11.694993910198711	0.008107622907170417
11.721953655481304	0.008035647894401771
11.748975549395292	0.007964246419949392
11.776059735208078	0.00789341529298943
11.803206356517299	0.007823151239570175
11.830415557251646	0.007753450901689665
11.857687481671597	0.00768431083636545
11.88502227437019	0.007615727514695981
11.91242008027375	0.007547697320913884
11.93988104464273	0.007480216551430648
11.967405313072431	0.007413281413873182
11.994993031493793	0.0073468880261117345
12.02264434617413	0.00728103241527943
12.050359403717973	0.0072157105167829525
12.078138351067798	0.007150918173304826
12.10598133550483	0.007086651133796794
12.133888504649775	0.007022905052464539
12.161860006463678	0.006959675487743269
12.189895989248662	0.006896957901264607
12.217996601648723	0.006834747656814335
12.246161992650489	0.00677304001928117
12.274392311584071	0.006711830153596122
12.30268770812381	0.006649970200861047
12.331048332289097	0.006588021019085384
12.359474334445107	0.006526549496558899
12.387965865303691	0.006465554544832586
12.416523075924106	0.006405035027812508
12.445146117713856	0.006344989761198701
12.473835142429433	0.006285417511919276
12.5025903021772	0.006226316997559125
12.531411749414156	0.0061676868857837115
12.560299636948754	0.006109525793757597
12.589254117941675	0.006051832287557824
12.618275345906707	0.005994604881581834
12.64736347471151	0.005937842037950305
12.67651865857846	0.005881542165904485
12.705741052085418	0.005825703621198287
12.735030810166617	0.005770324705484723
12.764388088113435	0.00571540366569707
12.793813041575252	0.005660938693424377
12.823305826560219	0.005606927924281544
12.852866599436155	0.005553369437273584
12.882495516931336	0.005500261254154409
12.912192736135347	0.0054476013387798035
12.941958414499863	0.005395387596454802
12.971792709839558	0.005343617873275018
13.001695780332899	0.005292289955462352
13.031667784523	0.005241401568694718
13.061708881318419	0.005190950377429927
13.09181922999407	0.005140933984223397
13.121998990192028	0.005091349929040022
13.15224832192239	0.005042195688559884
13.182567385564074	0.004993468675477901
13.212956341865752	0.004945166237797156
13.243415351946643	0.004897285658116162
13.273944577297401	0.004849824152909746
13.304544179780914	0.004802778871803753
13.33521432163324	0.004756146896843134
13.365955165464419	0.004709925241753844
13.396766874259358	0.004664110851198135
13.427649611378643	0.0046187006000234345
13.458603540559483	0.00457369129250446
13.489628825916533	0.004529079661578897
13.52072563194278	0.0044848623680762536
13.551894123510364	0.004441035999940155
13.583134465871542	0.004397597071443566
13.614446824659497	0.004354542022397463
13.645831365889252	0.004311867217352414
13.677288255958494	0.004269568944793356
13.708817661648537	0.004227643416327172
13.740419750125149	0.004186086765863406
13.772094688939474	0.004144895048787714
13.803842646028853	0.004103120532589405
13.83566378971781	0.004061226372204975
13.867558288718882	0.0040196807059195445
13.89952631213354	0.003978482699237823
13.931568029453036	0.0039376314825877
13.963683610559377	0.0038971261509088417
13.995873225726179	0.0038569657632377794
14.028137045619589	0.0038171493422891343
14.060475241299143	0.0037776758740331894
14.092887984218748	0.0037385443072695253
14.12537544622754	0.003699753553196966
14.157937799570824	0.003661302484979586
14.190575216890926	0.0036231899373089325
14.223287871228198	0.0035854147059621584
14.25607593602188	0.0035479755473563886
14.288939585111036	0.003510871178098991
14.321878992735439	0.0034741002745339315
14.35489433353656	0.00343766147228395
14.387985782558452	0.0034015533657888023
14.421153515248696	0.003365774507839282
14.45439770745928	0.003330323409107244
14.487718535447618	0.0032951985376712418
14.52111617587742	0.003260398318538149
14.554590805819668	0.00322592113316044
14.58814260275349	0.003191765318949286
14.621771744567184	0.003157929168783172
14.655478409559112	0.00312441093051237
14.689262776438676	0.0030912088064588734
14.723125024327194	0.003058320952912072
14.757065332758946	0.0030257454796198064
14.791083881682072	0.002993480449275063
14.825180851459544	0.002961523876998119
14.859356422870075	0.0029298737298141427
14.893610777109155	0.0028985279261261442
14.92794409578996	0.0028674843351833646
14.962356560944343	0.0028367407765449632
14.99684835502374	0.002806295019539068
15.031419660900225	0.0027761447827169563
15.066070661867418	0.0027462877333025945
15.100801541641477	0.002716721486637288
15.135612484362087	0.002687443605619491
15.170503674593368	0.002658451600139781
15.205475297324954	0.0026297429265107752
15.240527537972907	0.002601314986892219
15.275660582380732	0.00257316512871097
15.310874616820303	0.0025452906440760177
15.346169827992941	0.0025176887691883035
15.381546403030342	0.002490356683745522
15.4170045294956	0.0024632915103416733
15.452544395384141	0.002436490313861509
15.488166189124811	0.0024092613176396227
15.523870099580817	0.002381942507054273
15.55965631605075	0.002354875504268912
15.595525028269538	0.002328059642533533
15.631476426409538	0.0023014942290872026
15.667510701081484	0.002275178544855467
15.70362804333553	0.0022491118441449157
15.739828644662197	0.002223293354335129
15.776112696993485	0.002197722275567711
15.812480392703826	0.0021723977804326646
15.848931924611142	0.0021473190136519016
15.88546748597779	0.002122485091759995
15.9220872705117	0.002097895102781938
15.95879147236732	0.002073548105908179
15.995580286146694	0.0020494431311666775
16.032453906900418	0.0020255791790920936
16.069412530128773	0.0020019552203919505
16.106456351782697	0.00197857019560992
16.143585568264868	0.0019554230147860578
16.18080037643066	0.001932512557114088
16.218100973589298	0.0019098376705955578
16.255487557504836	0.0018873971716910046
16.292960326397232	0.0018651898449680057
16.330519478943348	0.0018432144427461504
16.368165214278086	0.0018214696847388032
16.40589773199539	0.0017999542576917708
16.443717232149325	0.0017786668150187614
16.481623915255085	0.00175760597643366
16.51961798229015	0.001736770327579483
16.557699634695275	0.0017161584196541718
16.595869074375614	0.0016957687690330172
16.634126503701697	0.0016755998568878533
16.672472125510627	0.0016556501288028003
16.71090614310707	0.0016359179943867268
16.749428760264383	0.0016164018268822813
16.788040181225607	0.001597099962771536
16.82674061070467	0.0015780107013781044
16.865530253887407	0.0015591323044658657
16.90440931643265	0.001540462995834141
16.94337800447329	0.0015220009609093702
16.982436524617444	0.0015037443463331746
17.0215850839495	0.0014856912595468817
17.060823890031244	0.001467839768372413
17.10015315090288	0.0014501879005895581
17.139573075084254	0.0014327336435095007
17.179083871575877	0.0014154749435447262
17.21868574986008	0.0013984097057751362
17.25837891990204	0.0013815357935104693
17.298163592151013	0.0013648510278488292
17.338039977541374	0.0013483531872314903
17.378008287493763	0.0013315557477381831
17.418068733916144	0.0013146961727887475
17.458221529205037	0.00129801448055598
17.498466886246565	0.0012815100357574563
17.53880501841762	0.0012651821826403153
17.579236139586932	0.0012490302447480692
17.619760464116293	0.0012330535246852772
17.66037820686164	0.0012172513038801827
17.70108958317422	0.0012016228423451976
17.741894808901662	0.0011861673784353168
17.78279410038923	0.0011708841286042996
17.82378767448089	0.0011557722871587707
17.864875748520518	0.0011408310260100892
17.906058540352948	0.0011260594944240768
17.947336268325266	0.0011114568187684474
17.988709151287875	0.0010970221022580902
18.030177408595698	0.0010827544246980448
18.071741260109274	0.0010686528422242602
18.113400926196025	0.0010547163870420013
18.15515662773135	0.0010409440671620147
18.197008586099845	0.0010273348661343355
18.238957023196384	0.0010138877427797836
18.281002161427427	0.0010006016309190514
18.323144223712113	0.0009874754390994658
18.365383433483473	0.000974508050319325
18.407720014689563	0.0009616983217498398
18.450154191794738	0.0009490450844546028
18.492686189780777	0.0009365471431066436
18.535316234148123	0.0009242032757029833
18.57804455091699	0.0009120122332767297
18.620871366628677	0.0008999727396066008
18.663796908346693	0.000888083490923973
18.706821403658015	0.0008763431556173428
18.74994508067419	0.0008647503739342455
18.793168168032686	0.0008533037576805297
18.836490894898002	0.0008420018899170705
18.879913490962945	0.0008308433246538144
18.92343618644976	0.0008198265865411962
18.967059212111465	0.0008089501705588391
19.010782799232995	0.0007982125417016
19.054607179632484	0.0007876121346628613
19.098532585662387	0.0007771473535151228
19.14255925021086	0.0007668165713877734
19.18668740670289	0.0007566181301421335
19.230917289101594	0.0007465503400436596
19.275249131909366	0.0007366114794313475
19.31968317016924	0.0007267997943842439
19.364219639466068	0.0007171134983851294
19.408858775927794	0.0007075507719812744
19.453600816226633	0.0006981097624423126
19.498445997580454	0.0006883824007041068
19.543394557753942	0.0006785678799888387
19.58844673505991	0.0006688675389691866
19.633602768360475	0.0006592808657631638
19.67886289706845	0.0006498073339813206
19.724227361148536	0.0006404464025642219
19.76969640111862	0.0006311975156184641
19.81527025805099	0.000622060102251247
19.860949173573715	0.0006130335764034714
19.906733389871864	0.0006041173366813727
19.952623149688808	0.0005953107661866731
19.998618696327448	0.0005866132323452381
20.044720273651613	0.0005780240867341977
20.090928126087277	0.0005695426649075816
20.137242498623895	0.0005611682862203955
20.183663636815616	0.0005529002536511789
20.23019178678272	0.0005447378536229638
20.276827195212817	0.0005366803558227034
20.32357010936221	0.0005287270130190977
20.37042077705719	0.0005208770608788241
20.417379446695296	0.0005131297177811808
20.46444636724674	0.0005054841846310681
20.511621788255646	0.0004979396446703806
20.558905959841425	0.0004904952632877206
20.606299132700006	0.0004831501878264841
20.65380155810529	0.00047590354739123245
20.701413487910415	0.00046875445265241375
20.749135174549107	0.0004617019956493689
20.79696687103696	0.00045474524959163745
20.844908830972887	0.00044788326865851405
20.892961308540386	0.00044111508779688706
20.941124558508935	0.0004344397225173133
20.989398836235246	0.00042785616868834124
21.03778439766475	0.0004213634023290183
21.086281499332888	0.0004149603793996407
21.134890398366476	0.0004086460355906682
21.183611352485023	0.0004024192861098387
21.23244462000219	0.00039627902546741293
21.28139045982711	0.0003902241272595931
21.330449131465773	0.00038425344395006343
21.379620895022324	0.0003783658066496603
21.428906011200585	0.000372560024894118
21.47830474130533	0.0003668348864199362
21.527817347243737	0.00036118915693829465
21.57744409152667	0.00035562157990705285
21.6271852372702	0.00035013087630075904
21.67704104819694	0.00034471574437871345
21.727011788637455	0.00033937485945103273
21.77709772353159	0.00033410687364272167
21.827299118430012	0.0003289104156557008
21.87761623949552	0.00032347292445418063
21.9280493535045	0.0003179470490605711
21.978598727848254	0.0003124870842153131
22.02926463053456	0.0003070926943358463
22.080047330188993	0.00030176353491998594
22.13094709605639	0.00029649925244689426
22.181964198002195	0.0002912994842771826
22.23309890651403	0.0002861638585521152
22.28435149270303	0.0002810919940919454
22.335722228305325	0.00027608350029334825
22.3872113856834	0.00027113797702595587
22.438819237827662	0.0002662550145279711
22.490546058357804	0.00026143419330088117
22.542392121524305	0.00025667508400323557
22.59435770220978	0.00025197724734350756
22.646443075930595	0.0002473402339719931
22.698648518838212	0.00024276358437179011
22.750974307720718	0.0002382468287488064
22.803420720004187	0.00023378948692082276
22.8559880337543	0.00022939106820556602
22.908676527677724	0.00022505107130782592
22.961486481123632	0.00022076898420557794
23.01441817408509	0.00021654428403512422
23.06747188720069	0.0002123764369752159
23.12064790175594	0.00020826489813018917
23.173946499684796	0.00020420911141207345
23.227367963571073	0.00020020850942168615
23.280912576650078	0.00019626251332867988
23.33458062281002	0.00019237053275056716
23.38837238659356	0.0001885319656306865
23.442288153199225	0.00018474619811512393
23.49632820848307	0.0001810126044285511
23.55049283896009	0.0001773305467490102
23.604782331805783	0.00017369937508160518
23.65919697485759	0.00017011842713111533
23.71373705661655	0.00016658702817349213
23.76840286624876	0.0001631044909262665
23.823194693586913	0.00015967011541783224
23.878112829131783	0.00015628318885561093
23.933157564053875	0.00015294298549307139
23.9883291901949	0.00014964876649562029
24.043628000069347	0.00014639977980533472
24.099054286865954	0.00014319526000453994
24.154608344449404	0.00014003442817820706
24.210290467361776	0.00013691649177518405
24.266100950824168	0.00013384064446823272
24.32204009073816	0.00013080606601287376
24.378108183687527	0.00012781192210501582
24.434305526939713	0.00012485736423737868
24.49063241844747	0.00012194152955468513
24.547089156850312	0.00011906354070762521
24.603676041476273	0.00011622250570556229
24.660393372343385	0.0001134175177679984
24.717241450161318	0.00011064765517476714
24.774220576332862	0.00010791198111496133
24.831331052955704	0.00010520954353456154
24.888573182823905	0.00010253937498278547
24.94594726942956	0.00009990049245712546
25.003453616964322	0.00009729189724707627
25.06109253032114	0.00009471257477653085
25.118864315095795	0.0000921614944448486
25.17676927758857	0.00008963760946657338
25.234807724805755	0.00008713985670980288
25.29297996446145	0.00008466715653317907
25.35128630497907	0.00008221841262151327
25.409727055493065	0.00007979251182001649
25.46830252585042	0.00007738832396713914
25.527013026612472	0.00007500470172598753
25.58585886905645	0.00007264048041433416
25.64484036517719	0.00007029447783318654
25.703957827688647	0.00006796549409392263
25.763211570025756	0.00006565231144396013
25.82260190634596	0.00006335369409097187
25.88212915153093	0.00006106838802561832
25.94179362118815	0.00005879512084279719
26.001595631652723	0.00005653260156138497
26.06153549998895	0.00005427952044247667
26.12161354399208	0.00005203454880609525
26.18183008218986	0.0000497963388463751
26.24218543384442	0.00004756352344518579
26.302679918953814	0.00004533471598420968
26.363313858253814	0.000043108510155441086
26.424087573219474	0.000040883479770109486
26.485001386067008	0.00003865817856599732
26.54605561975539	0.00003643114001316007
26.607250597988113	0.000034200877118020946
26.668586645214805	0.000031965882225838434
26.730064086633117	0.000029724626821518703
26.791683248190314	0.00002747556132878186
26.85344445658509	0.000025217114907648364
26.915348039269166	0.0000229476952502515
26.977394324449207	0.000020665688374940172
27.039583641088434	0.000018369458418684655
27.101916318908415	0.00001605734742775234
27.164392688390837	0.000013727675146648489
27.227013080779127	0.000011378738805312923
27.289777828080403	9.00881290454202e-6
27.35268726306711	6.6161489996455006e-6
27.415741719278834	4.198975482306471e-6
27.478941531023974	1.755497360643056e-6