0.1	9.472994542953007
0.10023052380778996	9.461041448885938
0.10046157902783952	9.449089988034315
0.10069316688518042	9.437140172887744
0.10092528860766845	9.425192015131504
0.10115794542598985	9.413245525634775
0.10139113857366794	9.4013007144388
0.10162486928706957	9.38935736342487
0.1018591388054117	9.377403675525732
0.102093948370768	9.365451636165846
0.10232929922807542	9.353501281415227
0.10256519262514076	9.341552646865269
0.10280162981264736	9.329605767620118
0.10303861204416162	9.31766067828797
0.10327614057613975	9.305717412972259
0.10351421666793438	9.29377600526276
0.10375284158180126	9.281836488226636
0.10399201658290592	9.269898894399322
0.10423174293933042	9.257963255775397
0.10447202192208001	9.246029603799302
0.10471285480508996	9.234097969355982
0.10495424286523224	9.222168382761465
0.1051961873823223	9.210240873753271
0.1054386896391259	9.198315471480822
0.10568175092136585	9.18639220449566
0.10592537251772889	9.174471100741632
0.10616955571987247	9.162552187544955
0.10641430182243161	9.150635491604165
0.10665961212302578	9.13872103897999
0.1069054879222658	9.126808855085114
0.10715193052376065	9.114898964673825
0.10739894123412448	9.102991391831583
0.1076465213629835	9.09108615996446
0.10789467222298288	9.07918329178849
0.1081433951297938	9.067282809318911
0.10839269140212036	9.055384733859306
0.10864256236170655	9.043489085990608
0.10889300933334335	9.031595885560028
0.10914403364487565	9.019705151669871
0.10939563662720939	9.007816902666224
0.1096478196143185	8.995931156127538
0.10990058394325211	8.984047928853101
0.11015393095414151	8.972167236851403
0.11040786199020733	8.960289095328392
0.11066237839776664	8.948413518675562
0.11091748152624012	8.936540520458022
0.11117317272815914	8.924670113402355
0.11142945335917301	8.912802309384412
0.11168632477805612	8.900937119416962
0.11194378834671516	8.889074553637238
0.11220184543019636	8.877214621294348
0.11246049739669266	8.865357330736586
0.11271974561755105	8.853502689398585
0.11297959146727979	8.841650703788371
0.11324003632355571	8.829801379474304
0.11350108156723152	8.817954721071848
0.1137627285823431	8.806110732230259
0.11402497875611688	8.794269196750841
0.11428783347897718	8.782418749817062
0.11455129414455358	8.770570924699697
0.1148153621496883	8.75872574941349
0.11508003889444356	8.746883251333545
0.11534532578210924	8.73504345718502
0.11561122421920987	8.723206393032688
0.11587773561551262	8.71137208427046
0.11614486138403426	8.69954055561074
0.11641260294104915	8.687711831073681
0.11668096170609624	8.67588593397639
0.11694993910198712	8.664062886921949
0.11721953655481303	8.6522427117884
0.11748975549395298	8.64042542971754
0.11776059735208072	8.628611061103697
0.11803206356517298	8.61679962558231
0.11830415557251646	8.604991142018456
0.118576874816716	8.59318562849524
0.11885022274370183	8.581383102302064
0.11912420080273747	8.569583579922798
0.1193988104464273	8.557787077023818
0.11967405313072434	8.545993608441961
0.11994993031493788	8.534203188172288
0.12022644346174129	8.522415829355834
0.12050359403717974	8.510631544267142
0.120781383510678	8.498850344301713
0.12105981335504823	8.487072239963378
0.12133888504649772	8.475297240851441
0.12161860006463679	8.463525355647818
0.12189895989248664	8.451756592103951
0.12217996601648717	8.439990957027675
0.12246161992650487	8.428228456269894
0.12274392311584072	8.416469094711175
0.12302687708123815	8.404712876248182
0.1233104833228909	8.392959803779984
0.12359474334445104	8.381209879194273
0.1238796586530369	8.369463103353374
0.1241652307592411	8.357719476080193
0.1244514611771385	8.345978996143971
0.12473835142429429	8.334241661245972
0.125025903021772	8.322507468004943
0.1253141174941416	8.310776411942529
0.1256029963694875	8.299048487468472
0.12589254117941673	8.287323687865733
0.12618275345906707	8.275602005275411
0.12647363474711512	8.263883430681586
0.12676518658578456	8.252167953895926
0.12705741052085415	8.240455563542282
0.12735030810166617	8.228746247040977
0.12764388088113438	8.217039990593102
0.12793813041575247	8.205336375076016
0.12823305826560213	8.193614398661683
0.12852866599436155	8.181895336020128
0.1288249551693134	8.17017922068618
0.12912192736135342	8.158466085623845
0.1294195841449986	8.146755963216666
0.12971792709839558	8.135048885257953
0.13001695780332903	8.123344882940936
0.13031667784522993	8.111643986848819
0.13061708881318415	8.099946226944697
0.1309181922999407	8.088251632561438
0.13121998990192033	8.076560232391396
0.13152248321922383	8.064872054476062
0.1318256738556407	8.053187126195605
0.1321295634186575	8.041505474258281
0.13243415351946647	8.029827124689788
0.13273944577297395	8.018152102822464
0.1330454417978091	8.006480433284406
0.1333521432163324	7.994812139988459
0.13365955165464422	7.983147246121143
0.1339676687425935	7.9714857741314
0.1342764961137864	7.959827745719294
0.13458603540559483	7.94817318182455
0.13489628825916536	7.936522102615011
0.13520725631942773	7.9248745274749846
0.1355189412351036	7.913230474993444
0.1358313446587154	7.901589962952139
0.136144468246595	7.889953008313572
0.13645831365889247	7.8783196272088984
0.13677288255958492	7.866689834925632
0.13708817661648537	7.855063645895313
0.13740419750125152	7.843441073680997
0.13772094688939465	7.831822130964652
0.1380384264602885	7.82020682953442
0.1383566378971781	7.808595180271759
0.13867558288718884	7.796987193138456
0.13899526312133534	7.78538287716353
0.13931568029453031	7.773782240429981
0.13963683610559377	7.7621852900614385
0.13995873225726183	7.750592032208661
0.14028137045619582	7.739002472035913
0.1406047524129914	7.727416613707212
0.14092887984218747	7.715834460372451
0.14125375446227545	7.704256014153361
0.14157937799570816	7.692681276129371
0.14190575216890922	7.681110246323317
0.142232878712282	7.669542923687
0.14256075936021884	7.657979306086642
0.1428893958511103	7.6464193902881785
0.14321878992735435	7.634863171942402
0.1435489433353656	7.623310252577644
0.14387985782558455	7.611740216285229
0.14421153515248689	7.600173762823037
0.14454397707459277	7.588610934163492
0.14487718535447616	7.577051771797087
0.14521116175877424	7.56549631672349
0.14554590805819662	7.553944609442604
0.14588142602753484	7.542396689945505
0.14621771744567183	7.530852597705276
0.14655478409559117	7.519312371667783
0.1468926277643867	7.507776050242329
0.1472312502432719	7.496243671292227
0.14757065332758945	7.48471527212526
0.14791083881682077	7.473190889484056
0.14825180851459538	7.4616705595363815
0.1485935642287007	7.450154317865291
0.14893610777109154	7.438642199459217
0.14927944095789963	7.427134238701944
0.14962356560944334	7.415630469362493
0.1499684835502373	7.404130924584873
0.15031419660900225	7.392635636877771
0.15066070661867417	7.381144638104109
0.15100801541641484	7.369657959470489
0.1513561248436208	7.35817563151659
0.1517050367459337	7.3466976841043605
0.15205475297324955	7.335224146407212
0.15240527537972914	7.323755046899005
0.15275660582380723	7.312290413343016
0.15310874616820302	7.300830272780707
0.15346169827992942	7.289374651520459
0.1538154640303035	7.277923575126143
0.15417004529495593	7.266477068405615
0.1545254439538414	7.2550351553990415
0.1548816618912481	7.2435978593671955
0.15523870099580825	7.232165202779538
0.15559656316050743	7.220737207302279
0.15595525028269538	7.2093138937862316
0.15631476426409538	7.197895282254621
0.15667510701081494	7.186481391890714
0.15703628043335524	7.175072241025384
0.15739828644662196	7.163667847124499
0.15776112696993486	7.152268226776231
0.15812480392703834	7.140873395678217
0.15848931924611134	7.129483368624593
0.15885467485977792	7.118098159492931
0.159220872705117	7.106717781231005
0.15958791472367329	7.095342245843467
0.15995580286146688	7.083971564378368
0.16032453906900418	7.0726057469135695
0.1606941253012877	7.061244802543009
0.16106456351782708	7.049888431059224
0.16143585568264862	7.03852062840537
0.16180800376430657	7.027157645766026
0.16218100973589297	7.015799528116901
0.16255487557504839	7.004446319935755
0.16292960326397224	6.993098065193246
0.16330519478943342	6.981754807343634
0.16368165214278085	6.970416589315414
0.16405897731995392	6.959083453501879
0.16443717232149316	6.947755441751515
0.1648162391525508	6.936432595358385
0.1651961798229015	6.925114955052327
0.1655769963469528	6.913802560989134
0.16595869074375605	6.902495452740573
0.16634126503701693	6.891193669284338
0.16672472125510626	6.879897248993863
0.16710906143107074	6.868606229628097
0.16749428760264373	6.857320648321096
0.16788040181225602	6.84604054157158
0.16826740610704674	6.834765945232321
0.16865530253887412	6.8234968944994945
0.16904409316432642	6.81223342390185
0.16943378004473283	6.8009755672898375
0.16982436524617442	6.789723357824581
0.17021585083949506	6.778476827966752
0.17060823890031235	6.767236009465356
0.17100153150902875	6.7560009333463675
0.17139573075084252	6.744771629901289
0.17179083871575881	6.733548128675569
0.1721868574986007	6.722330458456915
0.17258378919902034	6.711118647263491
0.17298163592151014	6.699912722332007
0.17338039977541378	6.688712710105667
0.17378008287493754	6.677518636222032
0.17418068733916142	6.666330525500715
0.17458221529205037	6.6551484019310205
0.1749846688624657	6.6439722886593815
0.1753880501841761	6.6328022079767655
0.17579236139586926	6.621638181305869
0.1761976046411629	6.610480229188246
0.17660378206861643	6.59932837127129
0.17701089583174212	6.588182626295085
0.17741894808901656	6.577043012079134
0.1778279410038923	6.56590954550896
0.17823787674480895	6.554782242522576
0.17864875748520506	6.543661118096809
0.17906058540352943	6.532546186233528
0.17947336268325265	6.521437459945686
0.1798870915128788	6.510334951243284
0.1803017740859569	6.499238671119158
0.1807174126010927	6.48814834565824
0.18113400926196024	6.477049241214284
0.18155156627731356	6.465956323649708
0.18197008586099836	6.454869636535488
0.18238957023196378	6.4437892228649085
0.1828100216142743	6.432715125043463
0.18323144223712115	6.421647384878637
0.18365383433483465	6.410586043569607
0.18407720014689558	6.3995311416968415
0.18450154191794738	6.3884827192115665
0.18492686189780783	6.377440815425151
0.18535316234148114	6.366405468998377
0.18578044550916986	6.355376717930594
0.18620871366628675	6.3443545995487804
0.186637969083467	6.333339150496476
0.18706821403658005	6.32233040672263
0.18749945080674188	6.3113284034702914
0.18793168168032684	6.300333175265248
0.18836490894898006	6.289344755904491
0.18879913490962935	6.278363178444617
0.18923436186449755	6.267388475190066
0.18967059212111465	6.256420677681291
0.19010782799233	6.245459816682768
0.19054607179632474	6.234505922170905
0.1909853258566238	6.223559023321849
0.19142559250210858	6.212619148499136
0.19186687406702896	6.201686325241245
0.19230917289101584	6.1907605802490195
0.1927524913190936	6.179841939372973
0.1931968317016924	6.168930427600466
0.19364219639466074	6.1580260690427435
0.19408858775927784	6.147128886921868
0.19453600816226624	6.136238903557521
0.19498445997580455	6.125356140353643
0.19543394557753943	6.1144806177850075
0.195884467350599	6.10361235538359
0.19633602768360464	6.092751371724856
0.1967886289706845	6.081897684413906
0.19724227361148533	6.0710513100714705
0.19769696401118608	6.060212264319779
0.1981527025805098	6.049380561768293
0.19860949173573716	6.038556215999305
0.19906733389871864	6.027739239553392
0.19952623149688797	6.016929643914718
0.1999861869632744	6.0061274394962325
0.20044720273651614	5.9953326356246714
0.2009092812608728	5.984545240525474
0.20137242498623883	5.973765261307502
0.20183663636815607	5.962992703947647
0.2023019178678272	5.952227573275278
0.20276827195212818	5.941469527693463
0.20323570109362218	5.9307006391307056
0.2037042077705718	5.91993910147263
0.20417379446695297	5.909184959547549
0.20464446367246739	5.898438257579618
0.20511621788255657	5.887699039178386
0.20558905959841414	5.876967347328235
0.20606299132700007	5.8662432243777065
0.20653801558105292	5.85552671202874
0.20701413487910425	5.844817851325768
0.20749135174549097	5.834116682644739
0.2079696687103696	5.823423245682008
0.20844908830972886	5.812737579443114
0.20892961308540398	5.802059722231456
0.20941124558508925	5.791389711636855
0.20989398836235246	5.780727584523983
0.21037784397664752	5.77007337702071
0.21086281499332898	5.759427124506293
0.21134890398366465	5.748788861599495
0.2118361135248502	5.738158622146529
0.21232444620002192	5.727536439208951
0.21281390459827124	5.7169223450513575
0.21330449131465762	5.706316371129027
0.21379620895022325	5.695718548075401
0.21428906011200585	5.685128905689458
0.21478304741305343	5.674547472922946
0.21527817347243727	5.663974277867512
0.21577444091526668	5.653409347741687
0.21627185237270202	5.642852708877754
0.21677041048196952	5.632304386708479
0.21727011788637443	5.621764405753721
0.2177709772353159	5.611232789606907
0.21827299118430013	5.60070956092137
0.2187761623949553	5.5901947413965525
0.21928049353504486	5.579688351764103
0.21978598727848253	5.569190411773792
0.2202926463053456	5.558700940179339
0.22080047330189004	5.548219954724046
0.22130947096056375	5.537747472126366
0.22181964198002194	5.527283508065253
0.2223309890651403	5.516828077165433
0.22284351492703042	5.506381192982494
0.22335722228305316	5.49594286798786
0.223872113856834	5.485513113553586
0.22438819237827662	5.475091939937054
0.2249054605835781	5.464679356265474
0.22542392121524293	5.454275370520276
0.22594357702209775	5.443879989521326
0.22646443075930595	5.433493218911003
0.2269864851883822	5.423115063138123
0.22750974307720706	5.412745134178049
0.2280342072000418	5.402363114535464
0.22855988033754301	5.391989621435539
0.2290867652767773	5.3816247050983845
0.2296148648112362	5.371268415174277
0.23014418174085083	5.360920800733442
0.2306747188720069	5.350581910255753
0.23120647901755947	5.340251791620297
0.23173946499684786	5.329930492094866
0.2322736796357107	5.319618058325322
0.23280912576650079	5.309314536324849
0.23334580622810028	5.299019971463109
0.23388372386593548	5.288734408455304
0.2344228815319922	5.27845789135107
0.23496328208483072	5.268190463523329
0.23550492838960096	5.257932167656987
0.2360478233180577	5.2476830457375225
0.23659196974857583	5.237443139039465
0.23713737056616552	5.227212488114776
0.23768402866248767	5.21699113278107
0.23823194693586902	5.206779112109774
0.23878112829131776	5.196576464414114
0.23933157564053875	5.186383227237025
0.23988329190194904	5.176199437338908
0.24043628000069334	5.166025130685297
0.24099054286865948	5.155860342434381
0.24154608344449405	5.146092033990172
0.2421029046736178	5.137137272212635
0.24266100950824154	5.128191566169288
0.24322040090738153	5.119254910945126
0.24378108183687525	5.110327300365787
0.2443430552693972	5.101408726981067
0.24490632418447456	5.092499182048262
0.24547089156850305	5.083598655515386
0.24603676041476275	5.074707136004202
0.24660393372343392	5.065824610793101
0.24717241450161304	5.056951065799834
0.24774220576332856	5.048086485564069
0.24831331052955705	5.039230853229788
0.2488857318282391	5.030384150527534
0.24945947269429547	5.021546357756454
0.25003453616964316	5.012717453766228
0.2506109253032114	5.0038974159387895
0.251188643150958	4.995086220169895
0.25176769277588557	4.986283840850517
0.25234807724805747	4.977490250848056
0.2529297996446145	4.968705421487407
0.25351286304979076	4.959929322531818
0.25409727055493053	4.951161922163589
0.2546830252585041	4.942403186964588
0.2552701302661247	4.933652509108199
0.2558585886905646	4.924880105277413
0.25644840365177174	4.91611611848683
0.2570395782768864	4.90736058295394
0.25763211570025757	4.89861353222986
0.25822601906345966	4.889874999188706
0.2588212915153092	4.8811450160168866
0.2594179362118814	4.872423614202256
0.2600159563165272	4.863710824523193
0.2606153549998896	4.855006677037551
0.26121613543992067	4.846311201071517
0.2618183008218985	4.837624425208333
0.26242185433844417	4.828946377276925
0.26302679918953814	4.820277084340439
0.263633138582538	4.811616572684614
0.2642408757321946	4.802964867806089
0.2648500138606701	4.7943219944005735
0.2654605561975539	4.7856879763509
0.26607250597988097	4.7770628367149675
0.2666858664521479	4.7684465977135755
0.26730064086633115	4.7598392807181105
0.2679168324819031	4.751240906238157
0.26853444456585074	4.742651493908933
0.26915348039269155	4.73407106247866
0.26977394324449205	4.725499629795766
0.2703958364108843	4.7169372127959965
0.2710191631890843	4.708383827489379
0.2716439268839082	4.699839488947073
0.2722701308077913	4.691304211288087
0.272897778280804	4.682778007665883
0.27352687263067127	4.674260890254826
0.27415741719278824	4.6657528702365285
0.2747894153102397	4.657253957786048
0.2754228703338166	4.648764162057962
0.27605778562203465	4.640283491172302
0.27669416454115114	4.6318119522003665
0.2773320104651841	4.6233495511503735
0.27797132677592884	4.614896292953015
0.2786121168629771	4.606452181446825
0.27925438412373377	4.598017219363462
0.2798981319634363	4.589591408312801
0.2805433637951713	4.581174748767931
0.28119008303989407	4.5727672400499655
0.28183829312644537	4.564368880312749
0.2824879974915708	4.555979666527392
0.2831391995799379	4.547599594466685
0.2837919028441557	4.539228658689322
0.28444611074479154	4.530866852524034
0.285101826750391	4.5225141680535295
0.28575905433749466	4.514170596098298
0.2864177969906581	4.505835585092843
0.28707805820246907	4.497481021934416
0.28773984147356696	4.48913540557756
0.28840315031266056	4.4807987917586765
0.2890679882365476	4.472471235845637
0.28973435877013226	4.464152792830094
0.2904022654464451	4.455843517319666
0.2910717118066605	4.447543463530088
0.29174270140011677	4.439252685277222
0.29241523778433354	4.430971235969051
0.2930893245250321	4.422699168597522
0.2937649651961531	4.414436535730363
0.29444216337987617	4.406183389502769
0.29512092266663853	4.397939781609035
0.29580124665515467	4.389705763294077
0.2964831389524342	4.381481385344885
0.29716660317380267	4.373266698081877
0.29785164294291894	4.3650617513501615
0.298538261891796	4.356866594510722
0.2992264636608189	4.3486812764314955
0.29991625189876514	4.340505845478375
0.30060763026282306	4.332340349506116
0.3013006024186122	4.324184835849127
0.3019951720402016	4.316039351312208
0.30269134281013055	4.307903942161161
0.30338911841942706	4.299778654113319
0.3040885025676279	4.291663532327974
0.3047894989627983	4.283558621396712
0.3054921113215513	4.275463965333646
0.3061963433690677	4.267379607565559
0.30690219883911574	4.259305590921931
0.3076096814740708	4.251241957624882
0.3083187950249354	4.24318874927901
0.30902954325135906	4.235146006861119
0.309741929921658	4.22711377070985
0.31045595881283555	4.2190920805152095
0.31117163371060175	4.211080975307996
0.3118889584093937	4.203080493449107
0.3126079367123955	4.195090672618758
0.31332857243155854	4.187111549805579
0.3140508693876217	4.179143161295611
0.3147748314101316	4.171185542661199
0.31550046233746265	4.163238728749754
0.31622776601683794	4.155302753672423
0.3169567463043491	4.147377650792653
0.31768740706497706	4.139463452714611
0.3184197521726125	4.131560191271519
0.31915378551007617	4.123667897513875
0.3198895109691398	4.115786601697527
0.3206269324505466	4.107916333271674
0.3213660538640317	4.100057145860834
0.32210687912834346	4.092210365284968
0.32284941217126356	4.084374701510244
0.32359365692962827	4.076550177397297
0.32433961734934924	4.068736814893083
0.3250872973854344	4.060934635017706
0.3258367010020088	4.05314365785111
0.32658783217233583	4.045363902519645
0.3273406948788382	4.037595387182513
0.328095293113119	4.029838129018067
0.32885163087598307	4.0220921442099895
0.32960971217745777	4.014357447933337
0.3303695410368148	4.006634054340451
0.3311311214825911	3.998921976546728
0.3318944575526104	3.9912212266162634
0.33265955329400454	3.9835318155473445
0.333426412763235	3.9758537532578266
0.3341950400261143	3.9681870485703437
0.33496543915782767	3.9605317091974026
0.3357376142429547	3.9528877417263155
0.33651156937549076	3.9452551516040057
0.3372873086588689	3.9376339431216603
0.3380648362059816	3.9300241193992353
0.33884415613920255	3.922425682369821
0.3396252725904084	3.9148386327638653
0.3404081897010009	3.9072629700932286
0.34119291162192855	3.899698692635102
0.3419794425137089	3.8921457974157794
0.3427677865464504	3.8846042801942655
0.34355794789987465	3.8770741354457328
0.34434993076333853	3.8695553563448266
0.3451437393358563	3.8620479347488135
0.345939377826122	3.854551861180572
0.34673685045253166	3.8470671248114194
0.34753616144320587	3.8395937134437834
0.34833731503601184	3.832131613493712
0.34914031547858615	3.824680809973222
0.3499451670283573	3.817241286472474
0.350751873952568	3.8098130251417968
0.35156044052829816	3.8023960066735296
0.35237087104248715	3.7949902102837103
0.353183169791957	3.7875956136935787
0.3539973410834347	3.7802121931109265
0.35481338923357547	3.7728399232112535
0.3556313185689854	3.7654787771187785
0.3564511334262443	3.758128726387243
0.35727283815192895	3.7507897409805597
0.35809643710263606	3.743461789253277
0.35892193464500527	3.736144837930866
0.35974933515574237	3.7288388520898215
0.36057864302164244	3.721543452850526
0.36140986263961333	3.7142408259262663
0.36224299841669866	3.706948967106664
0.3630780547701014	3.6996678790315074
0.36391503612720716	3.6923975632073702
0.36475394692560786	3.6851380199925483
0.36559479161312497	3.6778892485818626
0.36643757464783333	3.6706512469913126
0.3672823004980847	3.6634240120425896
0.3681289736425315	3.6562075393474442
0.3689775985701504	3.649001823291903
0.3698281797802663	3.6418068570203426
0.37068072178257605	3.634622632419415
0.37153522909717257	3.6274491401018114
0.3723917062545686	3.6202863693898912
0.3732501577957206	3.6131343082991476
0.3741105882720534	3.6059929435215166
0.3749730022454836	3.598862260408544
0.3758374042884442	3.591742242954382
0.37670379898390893	3.5846328737786304
0.377572190925416	3.5775341341090314
0.37844258471709324	3.570446003763982
0.3793149849736819	3.563368461134902
0.38018939632056115	3.5563014831684368
0.381065823393773	3.549245045348489
0.3819442708400465	3.5421991216780855
0.38282474331682265	3.535163684661083
0.38370724549227875	3.528138705283702
0.38459178204535355	3.5211241529958848
0.38547835766577176	3.5141199956925
0.38636697705406914	3.5071261996943455
0.3872576449216172	3.500142729729013
0.3881503659906482	3.4931695489115424
0.38904514499428056	3.4862066187249243
0.3899419866765434	3.479253899000413
0.390840895792402	3.472311347897667
0.3917418771077831	3.4653789218846893
0.3926449353995998	3.4584565757176193
0.3935500754557774	3.4515442624203
0.3944573020752784	3.4446419332636915
0.3953666200681279	3.43774953774509
0.39627803425543945	3.4308670235671395
0.3971915494694403	3.423994336616682
0.3981071705534972	3.4171314209433907
0.39902490236214205	3.410278218738229
0.39994474976109745	3.403434670311701
0.4008667176273028	3.396600714071914
0.4017908108489399	3.389776286502445
0.4027170343254591	3.38296132213999
0.40364539296760493	3.376155753551838
0.4045758916974427	3.3693587860369023
0.40550853544838383	3.3625326823616066
0.40644332916521275	3.355715585284781
0.40738027780411273	3.348907513265423
0.4083193863326921	3.3421084839868445
0.40926065973001086	3.3353185143455133
0.4102041029866068	3.3285376204397847
0.41114972110452225	3.3217658175585125
0.4120975190973302	3.3150031201695764
0.4130475019901614	3.308249541908264
0.41399967481973043	3.3015050955655725
0.4149540426343629	3.2947697930763793
0.41591061049402206	3.2880436455075097
0.4168693834703354	3.281326663045682
0.41783036664662176	3.2746188549853397
0.4187935651179184	3.2679202297163803
0.41975898399100753	3.261230794711738
0.4207266283844441	3.254550556514886
0.4216965034285822	3.2478795207271833
0.422668614265603	3.2412176919951285
0.4236429660495411	3.2345650739974823
0.4246195639463129	3.2279216694322583
0.4255984131337431	3.221287480003615
0.42657951880159267	3.214662506408593
0.4275628861515862	3.2080467483237594
0.4285485203974395	3.2014402043917016
0.4295364267648873	3.1948428722074027
0.43052661049171065	3.188254748304489
0.43151907682776525	3.1816758281413504
0.43251383103500873	3.175106106087127
0.4335108783875289	3.1685455754075633
0.43451022417157154	3.1619942282507343
0.4355118736855686	3.155452055632637
0.436515832240166	3.1489190474226416
0.4375221051582521	3.1423951923288174
0.4385306977749857	3.13588047788311
0.4395416154378245	3.129374890426394
0.4405548635065533	3.1228784150933717
0.4415704473533125	3.1163910357973443
0.44258837236262655	3.1099127352148366
0.44360864393143257	3.1034434947700733
0.4446312674691087	3.096983294619327
0.4456562483975033	3.0905321136351045
0.44668359215096315	3.0840899293901978
0.44771330417636257	3.077656718141584
0.4487453899331322	3.0712324548141794
0.449779854893288	3.064817112984437
0.45081670454146017	3.058410664863804
0.4518559443749224	3.0520130812820176
0.4528975799036208	3.045624331670257
0.4539416166502032	3.0392438857233173
0.4549880601500486	3.032845830713338
0.4560369159512962	3.026456389281049
0.4570881896148751	3.02007558967619
0.4581418867145335	3.0137034595630516
0.4591980128368686	3.0073400260113545
0.4602565735813561	3.000985315487024
0.4613175745603794	2.994639353842869
0.46238102139926035	2.9883021663091958
0.46344691973628804	2.9819737774843027
0.46451527522274944	2.9756542113248883
0.465586093522959	2.9693434911363785
0.46665938031428866	2.9630416395631443
0.46773514128719823	2.9567486785786263
0.46881338214526524	2.950464629475372
0.46989410860521547	2.944189512854965
0.47097732639695294	2.93792334861786
0.47206304126359055	2.9316661559531294
0.4731512589614805	2.925417953328087
0.4742419852602447	2.9191787584778344
0.47533522594280536	2.9129485883946984
0.47643098680541573	2.906727459317556
0.47752927365769093	2.9005153867210756
0.4786300923226384	2.8943123853048407
0.47973344863668915	2.8881184689823685
0.4808393484497286	2.881933650870032
0.4819477976251274	2.875757943275872
0.4830588020397727	2.8695913576882965
0.48417236758409943	2.8634339047646775
0.4852885001621211	2.8572855943198388
0.4864072056914617	2.851146435314433
0.4875284901033864	2.845016435843204
0.48865235934283363	2.8388956031231443
0.48977881936844625	2.832783943481535
0.4909078761526032	2.8266814623438723
0.492039535681451	2.820588164221685
0.49317380395493593	2.814504052700224
0.4943106869868355	2.808429130426052
0.4954501908047903	2.8023633990945016
0.49659232145033616	2.7963068594370233
0.49773708497893604	2.790259511208411
0.4988844874600123	2.7842213531739066
0.5000345349769786	2.778192383096188
0.5011872336272724	2.7721725977222236
0.5023425895223872	2.76616199277002
0.5035006087879049	2.7601605629152313
0.5046612975635284	2.7541683017776477
0.505824662003114	2.7481852019075608
0.5069907082747043	2.742211254771996
0.5081594425605604	2.736246450740823
0.5093308710571953	2.7302905642874955
0.5105049999754062	2.724332429096815
0.5116818355403077	2.718383349620858
0.5128613839913648	2.7124433395363865
0.514043651582426	2.70651241173937
0.5152286445817564	2.700590578334046
0.5164163692720709	2.6946778506218525
0.5176068319505677	2.6887742390902734
0.5188000389289611	2.682879753401576
0.5199959965335159	2.6769944023814287
0.5211947111050804	2.6711181940074185
0.5223961889991198	2.6652511353974657
0.5236004365857502	2.6593932327981142
0.5248074602497725	2.6535444915727195
0.5260172663907061	2.647704916189526
0.5272298614228227	2.6418745102096235
0.5284452517751804	2.6360532762747964
0.5296634438916578	2.6302412160952593
0.5308844442309884	2.624438330437267
0.5321082592667942	2.618644619110621
0.5333348954876209	2.6128600809560476
0.5345643593969717	2.607084713832465
0.5357966575133416	2.601318514604122
0.5370317963702527	2.595561479127626
0.5382697825162883	2.589813602238842
0.5395106225151276	2.584074877739673
0.5407543229455808	2.5783452983847157
0.5420008904016238	2.5726248558677893
0.5432503314924332	2.5669135408083417
0.5445026528424212	2.56121134273773
0.5457578610912709	2.555518250085367
0.5470159628939716	2.549834250164747
0.5482769649208538	2.5441593291593354
0.5495408738576245	2.5384934721083314
0.5508076964054034	2.532836662892298
0.5520774392807574	2.527188884218655
0.5533501092157367	2.5215501176070445
0.5546257129579107	2.515920343374557
0.5559042572704036	2.5102995406208217
0.5571857489319298	2.5046876872129613
0.5584701947368308	2.499084759770402
0.5597576014951101	2.493490733649555
0.5610479760324705	2.487905582928346
0.5623413251903491	2.4823292803906107
0.5636376558259545	2.476761797510343
0.5649369748123025	2.471203104435799
0.5662392890382533	2.4656531699734576
0.5675446054085471	2.4601119615718336
0.5688529308438415	2.4545794453051424
0.5701642722807475	2.449055585856817
0.571478636671867	2.443539896409376
0.5727960309858292	2.4380089640943816
0.5741164622073276	2.432486465638149
0.5754399373371569	2.4269724183271153
0.5767664633922508	2.421466838784892
0.5780960474057181	2.415969742962691
0.5794286964268811	2.410481146129658
0.580764417521312	2.405001062863116
0.5821032177708715	2.399529507038709
0.5834451042737447	2.3940664918204586
0.5847900841444807	2.388612029650715
0.5861381645140288	2.3831661322400244
0.5874893525297767	2.377728810556886
0.588843655355589	2.372300074817421
0.5902010801718444	2.3668799344749347
0.591561634175474	2.3614683982093894
0.5929253245799998	2.3560654739167637
0.5942921586155727	2.3506711686983235
0.5956621435290105	2.345285488849781
0.5970352865838369	2.3399084398503556
0.5984115950603197	2.3345400263517297
0.5997910762555094	2.3291802521669016
0.6011737374832781	2.3238291202589307
0.6025595860743578	2.3184866327295746
0.6039486293763798	2.3131527908078233
0.6053408747539136	2.307827594838325
0.6067363295885054	2.3025110442696985
0.6081350012787179	2.297203137642739
0.6095368972401692	2.2919038725785112
0.610942024905572	2.2866132457663357
0.6123503917247736	2.2813312529516523
0.6137620051647943	2.276057888923782
0.6151768727098682	2.270793147503568
0.6165950018614822	2.2655370215308963
0.618016400138416	2.2602895028521126
0.6194410750767815	2.2550505823073124
0.6208690342300636	2.249820249717511
0.6223002851691596	2.2445984938717034
0.6237348354824193	2.239385302513799
0.6251726927756859	2.234180662329429
0.6266138646723355	2.2289845589326442
0.628058358813318	2.2237969768524795
0.6295061828571976	2.2186178995193973
0.6309573444801934	2.2134473092516065
0.6324118513762195	2.2082851872412537
0.633869711256927	2.203131513540489
0.6353309318517437	2.197986267047404
0.6367955209079159	2.192849425491833
0.6382634861905487	2.187720965421036
0.6397348354826482	2.1826008621852395
0.6412095765851616	2.177488708608611
0.6426877173170197	2.17236467478813
0.6441692655151774	2.1672488246061468
0.6456542290346556	2.1621411778974866
0.6471426157485832	2.157041753914127
0.6486344335482385	2.151950571316567
0.6501296903430908	2.146867648165109
0.6516283940608427	2.141793001911056
0.6531305526474724	2.136726649387828
0.654636174067275	2.131668606801984
0.6561452663029055	2.1266188897241687
0.6576578373554206	2.121577513079957
0.6591738952443215	2.116544491140625
0.6606934480075961	2.111519837513822
0.662216503701762	2.106503565134159
0.6637430704019089	2.101495686253698
0.6652731562017414	2.096496212432365
0.6668067692136223	2.091505154528253
0.6683439175686147	2.086522522687847
0.6698846094165265	2.081548326336147
0.6714288529259524	2.0765825741667006
0.6729766562843179	2.0716252741315397
0.6745280276979221	2.0666764334310224
0.6760829753919819	2.061736058503571
0.6776415076106752	2.056804155015327
0.6792036326171846	2.0518807278496927
0.6807693586937414	2.0469657810967843
0.6823386941416696	2.042059318042779
0.6839116472814293	2.0371613411591656
0.6854882264526615	2.0322718520918905
0.6870684400142321	2.0273908516504036
0.688652296344276	2.0225183397965973
0.6902398038402419	2.0176543156336493
0.6918309709189364	2.0127987773947487
0.6934258060165691	2.00795172243173
0.6950243175887968	2.0031131472035884
0.6966265141107687	1.998283047264893
0.6982324040771714	1.9934614172540963
0.6998419960022735	1.9886482508817227
0.7014552984199712	1.9838435409184578
0.7030723198838335	1.9790472791831215
0.7046930689671469	1.9742594565305307
0.7063175542629619	1.9694800628392461
0.7079457843841379	1.9647090869992105
0.7095777679633888	1.9599465168992694
0.711213513653329	1.9551923394145714
0.7128530301265195	1.950446540393863
0.7144963260755133	1.9457091046466566
0.716143410212902	1.9409800159302806
0.7177942912713617	1.9362592569368156
0.7194489780036994	1.9315465086613777
0.7211074791828996	1.9268261395941046
0.7227698036021702	1.9221139693358569
0.72443596007499	1.9174100151460371
0.7261059574351547	1.9127142936944095
0.727779804536824	1.9080268210525233
0.7294575102545687	1.9033476126850553
0.7311390834834174	1.8986766834410693
0.732824533138904	1.8940140475451874
0.734513868157115	1.8893597185886806
0.7362070974947361	1.8847137095204733
0.737904230129101	1.8800760326380586
0.7396052750582378	1.8754466995783285
0.7413102413009175	1.8708257213083133
0.7430191378967014	1.866213108115838
0.744731973905989	1.861608869600087
0.7464487584100665	1.8570130146620711
0.7481695005111544	1.8524255514950176
0.7498942093324559	1.8478464875746585
0.7516228940182055	1.843275829649428
0.7533555637337174	1.8387135837305701
0.7550922276654339	1.8341597550821516
0.7568328950209744	1.8296143482109748
0.7585775750291838	1.8250773668564062
0.7603262769401818	1.8205488139800936
0.762079010025412	1.8160286917556014
0.7638357835776907	1.8115170015579407
0.7655966069112563	1.807013743952996
0.7673614893618189	1.8025189186868646
0.7691304402866096	1.7980325246750846
0.7709034690644301	1.793554559991768
0.7726805850957024	1.7890850218586312
0.7744617978025188	1.7846239066339173
0.7762471166286917	1.7801712098012257
0.7780365510398041	1.7757269259582262
0.7798301105232588	1.771291048805274
0.7816278045883297	1.7668635711339167
0.7834296427662119	1.7624444848152951
0.7852356346100718	1.7580337807884352
0.7870457896950986	1.7536314490484326
0.7888601176185545	1.749237478634525
0.7906786279998251	1.744851857618058
0.7925013304804718	1.740474573090334
0.7943282347242815	1.7361056111503566
0.7961593504173188	1.7317449568924494
0.7979946872679766	1.7273925943937787
0.7998342550070284	1.7230485067017411
0.8016780633876791	1.7187126758212488
0.8035261221856173	1.7143850827018927
0.8053784411990667	1.7100657072249905
0.8072350302488382	1.705754263808403
0.8090958991783823	1.7014369999929218
0.8109610578538409	1.6971278231917537
0.8128305161640993	1.6928267431462096
0.8147042840208396	1.6885337689400974
0.8165823713585925	1.684248908990643
0.81846478813479	1.6799721710393158
0.8203515443298183	1.675703562142581
0.8222426499470712	1.6714430886625482
0.8241381150130024	1.6671907562575359
0.8260379495771788	1.6629465698725594
0.8279421637123342	1.658710533729706
0.8298507675144225	1.6544826513184403
0.8317637711026711	1.6502629253858017
0.8336811846196344	1.6460513579265224
0.835603018231248	1.6418479501730419
0.8375292821268826	1.6376527025854333
0.8394599865193975	1.6334656148412359
0.8413951416451951	1.6292866858251844
0.8433347577642755	1.6251159136188529
0.84527884516029	1.6209532954901926
0.8472274141405965	1.6167988278829757
0.8491804750363139	1.6126525064061423
0.8511380382023765	1.6085143258230423
0.8531001140175896	1.6043842800405805
0.8550667128846834	1.6002623620982654
0.8570378452303697	1.5961485641571438
0.8590135215053958	1.592042877488645
0.8609937521846007	1.5879452924633133
0.8629785477669704	1.583855798539439
0.8649679187756933	1.5797743842515866
0.8669618757582167	1.575701037199011
0.8689604292863019	1.5716357440339712
0.8709635899560808	1.5675784904499346
0.8729713683881117	1.5635292611696727
0.8749837752274362	1.5594880399332463
0.8770008211436349	1.55545480948588
0.8790225168308845	1.5514295515657286
0.8810488730080143	1.547412246891526
0.8830799004185629	1.5434028751501252
0.8851156098308356	1.5394014149839197
0.887156012037961	1.5354078439781549
0.8892011178579485	1.5314221386481182
0.8912509381337457	1.5274442744262167
0.8933054837332954	1.5234742256489338
0.895364765549594	1.519511965543667
0.8974287945007486	1.5155574662154498
0.8994975815300353	1.511610698633545
0.9015711376059571	1.5076716326179243
0.9036494737223016	1.5037402368256207
0.9057326008982003	1.4998161101027498
0.9078205301781859	1.4958800744467053
0.9099132726322517	1.491951519007321
0.9120108393559097	1.4880304554274477
0.9141132414702502	1.4841168947824586
0.9162204901219997	1.4802108475722653
0.9183325964835808	1.4763123237132427
0.9204495717531712	1.4724213325300868
0.9225714271547631	1.46853788274759
0.9246981739382225	1.4646619824823388
0.9268298233793492	1.4607936392343348
0.9289663867799363	1.4569328598785316
0.9311078754678302	1.4530796506562935
0.933254300796991	1.449234017166775
0.9354056741475518	1.445395964358215
0.9375620069258802	1.441565496519149
0.9397233105646378	1.4377426172695418
0.9418895965228413	1.4339273295518307
0.9440608762859233	1.43011963562189
0.946237161365793	1.4263195370399062
0.9484184633008971	1.422527034661169
0.9506047936562815	1.4187421286267725
0.9527961640236519	1.4149648183542365
0.9549925860214359	1.4111951025280323
0.9571940712948444	1.407432979090022
0.9594006315159331	1.4036784452298088
0.9616122783836646	1.3999314973750003
0.9638290236239705	1.3961921311813708
0.9660508789898133	1.3924603415229455
0.9682778562612491	1.3887361224819819
0.9705099672454897	1.3850194673388603
0.9727472237769651	1.381310368561885
0.9749896377173869	1.377608817796983
0.9772372209558107	1.373914805857314
0.9794899854086988	1.3702283227127803
0.9817479430199844	1.3665493574794405
0.9840111057611337	1.362877898408826
0.9862794856312105	1.3592139328771575
0.9885530946569389	1.355557447374464
0.9908319448927676	1.3519084274935977
0.9931160484209338	1.3482668579191535
0.995405417351527	1.3446327224162808
0.9977000638225533	1.3410060038193967
1.	1.3373866840207913
1.0023052380778998	1.3337747439591359
1.0046157902783952	1.3301701636078764
1.0069316688518044	1.3265729219635287
1.0092528860766845	1.3229829970338614
1.0115794542598988	1.3194003658259734
1.0139113857366795	1.3158250043342652
1.016248692870696	1.3122565791969536
1.0185913880541169	1.3086790517650493
1.0209394837076802	1.3051086415089768
1.023292992280754	1.3015453602108387
1.0256519262514079	1.2979892191349118
1.0280162981264735	1.2944402290203139
1.0303861204416165	1.2908984000735881
1.0327614057613974	1.287363741961229
1.0351421666793441	1.2838362638021232
1.0375284158180127	1.2803159741599333
1.0399201658290596	1.2768028810353929
1.0423174293933042	1.273296991858544
1.0447202192208003	1.2697983134808848
1.0471285480508996	1.2663068521674574
1.0495424286523225	1.2628226135888478
1.051961873823223	1.2593456028131214
1.0543868963912593	1.2558758242976706
1.0568175092136585	1.2524132818809965
1.0592537251772887	1.248957978774403
1.0616955571987248	1.245509917553618
1.064143018224316	1.2420691001503374
1.066596121230258	1.2386355278436816
1.0690548792226577	1.2352092012515816
1.0715193052376064	1.2317901203220734
1.0739894123412446	1.228378284324522
1.076465213629835	1.224973691840753
1.0789467222298286	1.2215763407561095
1.081433951297938	1.2181862282504163
1.0839269140212033	1.21480335078887
1.0864256236170655	1.211427704112836
1.0889300933334332	1.2080592832305634
1.0914403364487566	1.2046980824078113
1.0939563662720937	1.2013440951583922
1.096478196143185	1.1979973142346205
1.0990058394325208	1.1946577316176816
1.101539309541415	1.1913253385078997
1.104078619902073	1.1880001253149297
1.1066237839776665	1.1846820816478445
1.1091748152624008	1.181371196305144
1.1117317272815914	1.178067457264656
1.1142945335917298	1.1747708516733637
1.1168632477805611	1.1714813658371186
1.1194378834671515	1.1681989852102785
1.1220184543019636	1.164923694385233
1.1246049739669264	1.1616554770818455
1.1271974561755105	1.158394316136791
1.1297959146727976	1.1551401934928007
1.1324003632355573	1.1518930901878037
1.1350108156723149	1.1486529863439754
1.137627285823431	1.145419861156678
1.1402497875611686	1.1421934557948343
1.1428783347897717	1.1389614348431076
1.1455129414455354	1.135736267309276
1.1481536214968828	1.1325179592965322
1.1508003889444356	1.1293065163525262
1.1534532578210923	1.126101943461808
1.1561122421920986	1.1229042450382147
1.1587773561551262	1.1197134249171725
1.1614486138403426	1.1165294863479394
1.1641260294104914	1.1133524319857597
1.1668096170609623	1.11018226388396
1.1694993910198712	1.1070189834859547
1.1721953655481303	1.1038625916171934
1.1748975549395297	1.100713088477014
1.1776059735208073	1.097570473630439
1.1803206356517297	1.0944347459998762
1.1830415557251646	1.0913059038567559
1.1857687481671602	1.088183944813082
1.1885022274370183	1.0850688658129077
1.1912420080273751	1.0819606631237277
1.193988104464273	1.0788593323277982
1.1967405313072437	1.0757648683133632
1.1994993031493788	1.0726772652658145
1.2022644346174132	1.069596516658756
1.2050359403717974	1.0665226152449943
1.2078138351067804	1.0634555530474383
1.2105981335504823	1.060395321349925
1.2133888504649775	1.0573419106879463
1.2161860006463678	1.0542953108393038
1.2189895989248667	1.0512555108146677
1.2217996601648717	1.0482224988480553
1.2246161992650488	1.0451962623872144
1.2274392311584073	1.0421767880839274
1.2302687708123818	1.039164061784218
1.233104833228909	1.036158068518473
1.2359474334445106	1.0331587924914705
1.238796586530369	1.0301662170723211
1.2416523075924113	1.0271803247843085
1.244514611771385	1.0242010972946516
1.2473835142429432	1.0212285154041538
1.2502590302177201	1.0182625590367773
1.2531411749414163	1.0153032072291073
1.2560299636948749	1.0123504381197308
1.2589254117941675	1.0094042289385101
1.2618275345906707	1.0064645559957672
1.2647363474711515	1.0035313946713624
1.2676518658578455	1.0006047194036796
1.270574105208542	0.9976845036785073
1.2735030810166617	0.9947707200178255
1.276438808811344	0.9918633399684803
1.2793813041575246	0.98896201113178
1.2823305826560218	0.9860499308302192
1.2852866599436155	0.9831440849635626
1.2882495516931343	0.980244482919722
1.2912192736135342	0.9773511336364451
1.2941958414499863	0.9744640455949839
1.297179270983956	0.9715832268137131
1.3001695780332907	0.9687086848416766
1.3031667784522993	0.9658404267520831
1.3061708881318417	0.9629784591357285
1.309181922999407	0.9601227880943685
1.3121998990192034	0.9572734192340149
1.3152248321922384	0.954430357658178
1.3182567385564075	0.9515936079610406
1.3212956341865751	0.948763174220569
1.324341535194665	0.9459390599915545
1.3273944577297394	0.9431212682985985
1.3304544179780915	0.940309801629019
1.333521432163324	0.9375046619257018
1.3365955165464425	0.9347058505798745
1.3396766874259352	0.9319133684238231
1.3427649611378643	0.9291272157235266
1.3458603540559484	0.9263473921712381
1.348962882591654	0.9235738968779822
1.3520725631942772	0.9208067283659919
1.3551894123510364	0.9180458845610684
1.3583134465871542	0.9152913627848759
1.3614446824659503	0.9125431597471572
1.3645831365889245	0.9098012715378826
1.3677288255958495	0.9070656936193228
1.3708817661648536	0.9043364208180492
1.3740419750125157	0.9016134473168582
1.3772094688939465	0.8988967666466258
1.3803842646028852	0.8961863716780748
1.383566378971781	0.8934822546134845
1.3867558288718889	0.8907844069783022
1.3899526312133532	0.8880928196126968
1.3931568029453036	0.885407482663018
1.3963683610559376	0.8827283855731928
1.3995873225726185	0.8800555170760244
1.4028137045619582	0.8773888651844307
1.4060475241299144	0.8747284171825844
1.4092887984218747	0.8720741596169875
1.4125375446227548	0.8694260782874481
1.4157937799570817	0.8667841582379919
1.4190575216890926	0.864148383747673
1.4223287871228198	0.8615187383213161
1.425607593602188	0.8588952046801616
1.428893958511103	0.8562777647524349
1.432187899273543	0.8536663996638253
1.435489433353656	0.8510608711248697
1.4387985782558452	0.8484498059102293
1.4421153515248688	0.8458447013042931
1.4454397707459272	0.8432455634575148
1.4487718535447618	0.8406523980635844
1.452111617587742	0.8380652103531836
1.455459080581966	0.8354840050876742
1.4588142602753482	0.832908786552734
1.4621771744567182	0.8303395585519266
1.4655478409559113	0.8277763244002156
1.468926277643867	0.8252190869174107
1.4723125024327186	0.8226678484215616
1.4757065332758947	0.8201226107222775
1.4791083881682072	0.8175833751139975
1.4825180851459536	0.8150501423691828
1.4859356422870067	0.8125229127314599
1.4893610777109154	0.8100016859086859
1.492794409578996	0.807486461065961
1.4962356560944337	0.8049772368185644
1.4996848355023733	0.8024740112248334
1.5031419660900225	0.7999767817789696
1.5066070661867417	0.7974855454037829
1.5100801541641484	0.7950002984433618
1.513561248436208	0.7925210366556839
1.5170503674593367	0.7900477552051486
1.5205475297324955	0.7875804486550487
1.5240527537972914	0.7851191109599645
1.5275660582380723	0.7826637354580945
1.5310874616820302	0.7802143148635098
1.5346169827992941	0.777770841258341
1.5381546403030348	0.7753333060848878
1.5417004529495593	0.7729017001376626
1.545254439538414	0.7704760135553538
1.5488166189124812	0.7680562358127215
1.5523870099580825	0.765642355712413
1.5559656316050743	0.7632343613767076
1.559552502826954	0.7608322402391824
1.5631476426409538	0.7584359790363047
1.5667510701081493	0.7560455637989433
1.5703628043335522	0.7536609798438092
1.5739828644662197	0.7512822117648075
1.5776112696993485	0.7489092434243223
1.5812480392703834	0.7465420579444112
1.5848931924611134	0.7441806376979297
1.5885467485977791	0.7418249642995648
1.59220872705117	0.7394750185967965
1.5958791472367329	0.7371307806607685
1.5995580286146687	0.7347922297770845
1.6032453906900417	0.732459344436514
1.6069412530128773	0.7301321023256181
1.6106456351782708	0.7278102840060752
1.6143585568264862	0.7254836704909486
1.6180800376430662	0.7231625810227392
1.6218100973589298	0.7208470154184664
1.6255487557504842	0.7185369729972186
1.6292960326397223	0.7162324525736793
1.6330519478943346	0.7139334524515818
1.6368165214278085	0.7116399704171127
1.6405897731995396	0.7093520037322454
1.6443717232149315	0.7070695491280176
1.6481623915255086	0.7047926027977426
1.651961798229015	0.7025211603901603
1.6557699634695284	0.7002552170025208
1.6595869074375604	0.6979947671736085
1.6634126503701698	0.6957398048766968
1.6672472125510627	0.6934903235124431
1.6710906143107078	0.6912463159017107
1.6749428760264373	0.6890077742783329
1.6788040181225607	0.6867746902818026
1.6826740610704674	0.6845470549499018
1.6865530253887415	0.6823248587112547
1.690440931643264	0.6801080913778219
1.6943378004473288	0.6778967421373165
1.6982436524617444	0.6756907995455599
1.7021585083949509	0.6734902515187564
1.7060823890031234	0.6712950853257093
1.710015315090288	0.6691052875799549
1.7139573075084253	0.666920844231833
1.7179083871575884	0.6647417405604789
1.721868574986007	0.6625679611657459
1.725837891990204	0.6603994899600534
1.7298163592151015	0.6582363101601608
1.7338039977541384	0.6560784042788644
1.7378008287493754	0.653925754116625
1.7418068733916146	0.6517783407531093
1.7458221529205038	0.6496361445386676
1.7498466886246573	0.6474991450857217
1.7538805018417611	0.6453673212600849
1.7579236139586931	0.6432406511721954
1.7619760464116292	0.6411191121682784
1.7660378206861649	0.6390026808214204
1.770108958317421	0.6368913329225708
1.7741894808901661	0.6347850434714554
1.7782794100389228	0.6326837866674156
1.78237876744809	0.6305875359001564
1.7864875748520508	0.628496263740421
1.7906058540352947	0.6264099419305726
1.7947336268325265	0.6243285413750995
1.7988709151287883	0.6222520321310298
1.803017740859569	0.620180383398263
1.8071741260109275	0.6181132905028257
1.8113400926196026	0.6160365428202077
1.8155156627731361	0.6139644921976305
1.8197008586099834	0.6118971396908951
1.8238957023196385	0.6098344859419366
1.8281002161427427	0.6077765311733776
1.832314422371212	0.6057232751830265
1.8365383433483464	0.6036747173383282
1.8407720014689564	0.6016308565707595
1.8450154191794736	0.5995916913701744
1.8492686189780787	0.5975572197790929
1.8535316234148114	0.5955274393869443
1.857804455091699	0.5935023473242459
1.8620871366628675	0.5914819402567383
1.8663796908346704	0.5894662143794567
1.8706821403658007	0.5874551654107564
1.8749945080674193	0.5854487885862732
1.8793168168032686	0.583447078652837
1.883649089489801	0.5814500298623206
1.8879913490962936	0.5794576359654405
1.892343618644976	0.5774698902054904
1.8967059212111463	0.5754867853120269
1.9010782799233006	0.5735083134944882
1.9054607179632472	0.5715344664357616
1.9098532585662378	0.5695652352856856
1.914255925021086	0.5676006106544956
1.9186687406702891	0.5656405826062112
1.9230917289101586	0.5636851406519554
1.9275249131909356	0.5617342737432236
1.9319683170169242	0.5597879702650801
1.936421963946607	0.5578462180293006
1.9408858775927782	0.5559090042674467
1.9453600816226624	0.5539763156238816
1.9498445997580456	0.5520481381487172
1.9543394557753944	0.5501244572907029
1.95884467350599	0.5482052578900427
1.9633602768360463	0.5462905241711548
1.967886289706845	0.5443802397353581
1.9724227361148534	0.5424743875534991
1.976969640111861	0.5405729499585049
1.9815270258050979	0.5386759086378775
1.9860949173573716	0.5367832446261097
1.9906733389871865	0.5348949382970435
1.9952623149688797	0.53301096935615
1.9998618696327437	0.5311313168327471
2.0044720273651615	0.5292559590721408
2.0090928126087277	0.5273848737277033
2.0137242498623884	0.5255180377528692
2.0183663636815607	0.5236554273930735
2.023019178678272	0.5217970181776028
2.0276827195212817	0.5199425185114069
2.032357010936222	0.5180780675079698
2.037042077705718	0.5162176756398033
2.0417379446695296	0.5143613500152768
2.046444636724674	0.5125090974657915
2.0511621788255656	0.5106609245418219
2.0558905959841414	0.5088168375089274
2.0606299132700006	0.5069768423437196
2.065380155810529	0.5051409447297955
2.0701413487910423	0.5033091500536266
2.0749135174549096	0.5014814634004142
2.079696687103696	0.4996578895499007
2.084490883097289	0.49783843297214453
2.0892961308540396	0.4960230978232501
2.0941124558508926	0.4942118879410636
2.0989398836235242	0.4924048068408217
2.1037784397664754	0.49060185771076265
2.1086281499332897	0.4888030434076945
2.1134890398366464	0.4870083664525214
2.1183611352485023	0.4852178290257276
2.123244462000219	0.48343143296282026
2.1281390459827123	0.48164917974972543
2.133044913146576	0.4798710705181459
2.1379620895022327	0.4780971060408697
2.1428906011200586	0.47632728672704094
2.1478304741305343	0.4745616126173787
2.1527817347243725	0.4728000833793591
2.157744409152667	0.4710426983023439
2.16271852372702	0.4692894562926729
2.167704104819695	0.4675403558686997
2.1727011788637443	0.46579539515579255
2.1777097723531593	0.4640545718812778
2.1827299118430012	0.4623178833693456
2.187761623949553	0.46058532653590006
2.1928049353504484	0.4588568978833687
2.197859872784825	0.45713259349545765
2.202926463053456	0.4554124090318636
2.2080047330189	0.4536963397229316
2.2130947096056377	0.4519843803642686
2.2181964198002193	0.45027652531130163
2.223309890651403	0.4485727684737918
2.2284351492703043	0.4468731033102914
2.2335722228305315	0.4451775228225572
2.23872113856834	0.44348601954990347
2.2438819237827663	0.44179858556351176
2.2490546058357817	0.44011521246068286
2.254239212152429	0.4384358913590384
2.259435770220978	0.43676061289066703
2.2646443075930596	0.43508936719622177
2.2698648518838223	0.43342214391895667
2.2750974307720706	0.43175877317245603
2.2803420720004186	0.43009098487116226
2.28559880337543	0.42842714653764846
2.2908676527677736	0.4267672663753533
2.296148648112362	0.42511135234682035
2.301441817408509	0.4234594121701683
2.306747188720069	0.4218114533155332
2.312064790175595	0.4201674830014706
2.3173946499684783	0.41852750819132833
2.3227367963571073	0.41689153558957937
2.328091257665008	0.41525957163812377
2.3334580622810033	0.41363162251255153
2.338837238659355	0.41200769411837246
2.344228815319923	0.4103877920872061
2.3496328208483073	0.4087719217729415
2.35504928389601	0.40716008824785194
2.360478233180577	0.40555229629868034
2.365919697485759	0.40394855042268185
2.371373705661655	0.402348854823633
2.3768402866248772	0.40075321340779735
2.38231946935869	0.39916162977986036
2.3878112829131783	0.39757410723881725
2.3933157564053875	0.3959906487738302
2.3988329190194912	0.39441125706003827
2.4043628000069335	0.3928359344543353
2.4099054286865957	0.3912646829911007
2.41546083444494	0.38969750437789785
2.421029046736179	0.3881343999911225
2.4266100950824154	0.38657537087162075
2.432204009073816	0.3850204177202562
2.4378108183687526	0.3834695408934426
2.4434305526939726	0.3819227403986296
2.4490632418447453	0.38038001588975084
2.454708915685031	0.3788413666626239
2.4603676041476272	0.3773067916503143
2.46603933723434	0.37577628941844765
2.4717241450161302	0.37424985816048767
2.4774220576332864	0.372727495692961
2.4831331052955705	0.3712091994506449
2.4888573182823914	0.36969496648170536
2.494594726942955	0.3681847934427932
2.500345361696432	0.36667867659409253
2.506109253032114	0.3651766117943252
2.511886431509581	0.3636785944957068
2.5176769277588558	0.3621846197388594
2.5234807724805757	0.3606946821476725
2.529297996446145	0.3592087759241224
2.5351286304979084	0.35772689484303855
2.540972705549305	0.3562490322468254
2.5468302525850417	0.35477518104013295
2.552701302661247	0.3533052002585747
2.5585858869056453	0.35183215270311896
2.5644840365177175	0.3503630604073729
2.5703957827688635	0.3488979317632634
2.5763211570025755	0.34743677493848335
2.582260190634596	0.34597959787318816
2.588212915153092	0.3445264082766546
2.5941793621188136	0.34307721362391297
2.6001595631652723	0.3416320211523402
2.6061535499988953	0.3401908378582276
2.6121613543992064	0.3387536704933084
2.6181830082189848	0.33732052556125713
2.624218543384442	0.3358914093141514
2.6302679918953813	0.3344663277489043
2.6363313858253803	0.3330452866036567
2.642408757321946	0.33162829135414124
2.648500138606701	0.33021534721000545
2.654605561975539	0.3288064591111062
2.6607250597988097	0.3274016317237619
2.666858664521479	0.3260008694369757
2.6730064086633116	0.32460417635861666
2.6791683248190314	0.3232115563115706
2.6853444456585076	0.3218230128298481
2.691534803926915	0.32043854915466197
2.6977394324449206	0.31905816823046135
2.703958364108843	0.31768187270093484
2.7101916318908432	0.316309664904969
2.7164392688390824	0.31494154687257553
2.7227013080779128	0.3135775203207734
2.7289777828080406	0.31221758664943894
2.7352687263067126	0.31086174693711033
2.741574171927882	0.3095100019367589
2.7478941531023975	0.308162352071515
2.7542287033381663	0.3068187974303596
2.7605778562203462	0.30547933776376945
2.7669416454115114	0.3041439724793276
2.773320104651841	0.3028127006372877
2.7797132677592886	0.3014855209461015
2.7861211686297707	0.3001624317579003
2.792543841237338	0.29884343106393874
2.798981319634363	0.297528516489992
2.805433637951713	0.2962176852917144
2.811900830398941	0.29491093434995086
2.8183829312644537	0.2936082601660094
2.8248799749157074	0.29230965885688487
2.831391995799379	0.2910151261504437
2.8379190284415565	0.2897246573805598
2.8444611074479154	0.2884382474822088
2.85101826750391	0.28715589098651473
2.8575905433749464	0.28587758201575364
2.8641779699065815	0.28460321286023643
2.8707805820246906	0.28332750986135874
2.8773984147356697	0.2820558098029596
2.8840315031266055	0.28078811826522343
2.8906798823654762	0.27952444057691034
2.897343587701323	0.2782647818118453
2.904022654464451	0.2770091467853673
2.910717118066605	0.2757575400507487
2.9174270140011673	0.27450996589557786
2.924152377843335	0.27326642833811043
2.9308932452503216	0.27202693112358145
2.9376496519615305	0.27079147772048845
2.9444216337987617	0.2695600713168329
2.9512092266663856	0.26833271481633203
2.9580124665515464	0.26710941083458967
2.9648313895243423	0.2658901616952356
2.971666031738027	0.26467496942602436
2.9785164294291895	0.2634638357549013
2.9853826189179604	0.26225676210602716
2.992264636608189	0.26105374959577066
2.9991625189876516	0.2598547990286577
3.0060763026282307	0.2586599108932881
3.013006024186122	0.25746908535820934
3.019951720402016	0.25628232226775616
3.0269134281013064	0.25509962113784646
3.0338911841942706	0.2539209811517432
3.04088502567628	0.2527464011557725
3.047894989627983	0.25157587965500466
3.054921113215514	0.25040941480889256
3.061963433690677	0.24924700442687353
3.069021988391158	0.2480886459639247
3.076096814740708	0.24693433651608346
3.083187950249355	0.24578407281592068
3.0902954325135905	0.24463785122797746
3.097419299216581	0.24349566774415446
3.1045595881283554	0.24235751797906363
3.1117163371060186	0.2412233971653326
3.118889584093937	0.2400933001488705
3.126079367123956	0.2389672213840853
3.1332857243155856	0.23784515492906202
3.1405086938762183	0.23672709444069207
3.1477483141013156	0.2356130331697631
3.1550046233746274	0.23450296395599818
3.1622776601683795	0.23339687922305496
3.169567463043492	0.23229477097347478
3.1768740706497707	0.23119663078358932
3.1841975217261256	0.2301024497983775
3.1915378551007616	0.22901221872627842
3.198895109691399	0.2279259278339548
3.206269324505466	0.22684356694101077
3.213660538640318	0.225765018096628
3.2210687912834346	0.22468469685941028
3.2284941217126364	0.223608246474732
3.2359365692962827	0.22253566882902903
3.2433961734934935	0.22146696552829914
3.250872973854344	0.22040213789439325
3.2583670100200885	0.21934118696126964
3.265878321723358	0.2182841134712153
3.273406948788383	0.21723091787102924
3.2809529311311905	0.21618160030817365
3.2885163087598315	0.21513616062688468
3.2960971217745776	0.21409459836425163
3.303695410368149	0.21305691274625532
3.311311214825911	0.2120231026837731
3.3189445755261047	0.2109931667685442
3.326595532940045	0.20996710326909918
3.3342641276323506	0.20894491012664998
3.3419504002611427	0.2079265849509447
3.3496543915782775	0.20691212501608033
3.3573761424295467	0.20590152725628003
3.365115693754908	0.20489478826162894
3.372873086588689	0.203891904273773
3.380648362059817	0.20289287118157512
3.3884415613920256	0.20189768451673523
3.3962527259040853	0.20090633944936576
3.404081897010009	0.19991883078353057
3.4119291162192864	0.19893515295273909
3.4197944251370886	0.1979553000154029
3.4276778654645046	0.19697926565024707
3.4355794789987466	0.19600704315168307
3.443499307633384	0.1950386254251363
3.451437393358563	0.19407400498233218
3.459393778261219	0.1931131739365411
3.4673685045253166	0.19215612399777574
3.4753616144320576	0.19120284646794952
3.483373150360118	0.19025333223598717
3.4914031547858606	0.18930757177289334
3.499451670283573	0.18836555512677483
3.5075187395256795	0.18742727191781952
3.5156044052829816	0.18649271133322706
3.523708710424871	0.18556186212209738
3.53183169791957	0.184634712590269
3.5399734108343464	0.18371125059511467
3.548133892335755	0.1827914635402857
3.5563131856898527	0.1818753383704142
3.5645113342624426	0.18096286156576172
3.5727283815192883	0.1800540191368256
3.5809643710263606	0.17914879661889146
3.5892193464500517	0.17824717906654158
3.5974933515574232	0.17734915104810986
3.6057864302164235	0.1764545595677239
3.6140986263961334	0.1755562696207317
3.6224299841669856	0.17466148689676725
3.630780547701014	0.17377021172789386
3.639150361272071	0.17288244417894602
3.6475394692560785	0.17199818404406486
3.6559479161312485	0.17111743084320527
3.664375746478333	0.17024018381860634
3.672823004980846	0.1693664419312331
3.681289736425315	0.1684962038571815
3.6897759857015027	0.16762946798405326
3.6982817978026628	0.1667662324072937
3.7068072178257596	0.1659064949264997
3.715352290971726	0.16505025304168924
3.7239170625456848	0.16419750394954058
3.732501577957206	0.16334824453959268
3.741105882720533	0.16250247139041465
3.7497300224548358	0.16166018076573596
3.758374042884441	0.16082136861054497
3.767037989839089	0.15998603054714763
3.77572190925416	0.15915416187119388
3.7844258471709336	0.15832575754766426
3.793149849736819	0.15750081220682222
3.801893963205613	0.15667932014012767
3.81065823393773	0.15586127529611474
3.8194427084004663	0.15504667127622984
3.8282474331682264	0.1542355013306345
3.8370724549227884	0.15342775835396694
3.8459178204535354	0.1526234348810679
3.8547835766577188	0.15182252308266464
3.8636697705406915	0.1510250147610193
3.8725764492161727	0.15023090134553377
3.8815036599064823	0.14944017388831846
3.8904514499428067	0.14865282305971758
3.899419866765434	0.14786883914379717
3.908408957924021	0.14708821203378913
3.9174187710778305	0.14631093122749697
3.926449353995999	0.14553698582265767
3.9355007545577743	0.144766364512264
3.944573020752785	0.14399905557984213
3.953666200681279	0.1432350468946901
3.9627803425543955	0.14247432590706943
3.971915494694403	0.14171687964335752
3.981071705534973	0.14096269470115325
3.9902490236214203	0.14021175724434157
3.9994474976109755	0.13946405299811113
4.008667176273028	0.13871956724393
4.0179081084894	0.137978284814474
4.027170343254591	0.13724019008851182
4.036453929676051	0.136505266985743
4.045758916974426	0.13577335473937424
4.055085354483839	0.13503694643821768
4.0644332916521275	0.1343036239468841
4.073802778041128	0.1335733879880584
4.083193863326921	0.13284623905924814
4.09260659730011	0.1321221774298485
4.1020410298660686	0.13140120313818218
4.111497211045223	0.1306833159885087
4.120975190973302	0.12996851554800903
4.130475019901614	0.12925680114373914
4.139996748197304	0.12854817185955797
4.149540426343631	0.12784262653302453
4.1591061049402205	0.12714016375226833
4.168693834703355	0.1264407818528287
4.178303666466218	0.12574447891446697
4.187935651179185	0.12505125275794726
4.1975898399100755	0.12436110094178941
4.207266283844442	0.12367402075899012
4.216965034285822	0.12299000923371546
4.226686142656031	0.12230906311796148
4.2364296604954115	0.12163117888818616
4.24619563946313	0.12095635274190768
4.2559841313374305	0.12028458059427426
4.265795188015928	0.11961585807460032
4.275628861515862	0.11895018052287275
4.285485203974396	0.11828754298622345
4.295364267648873	0.11762794021537161
4.3052661049171075	0.11697136666103149
4.3151907682776525	0.11631781647028928
4.325138310350088	0.11566728348294542
4.335108783875289	0.11501976122782513
4.345102241715717	0.11437524291905377
4.355118736855686	0.11373372145230005
4.365158322401661	0.11309518940098369
4.375221051582521	0.11245963901244997
4.385306977749858	0.11182706220410853
4.395416154378245	0.11119745055953824
4.405548635065534	0.11057079532455596
4.4157044735331255	0.10994708740325085
4.425883723626267	0.10932631735398164
4.436086439314326	0.10870847538533934
4.446312674691089	0.10809355135207185
4.456562483975033	0.10748153475097406
4.466835921509633	0.10687241471673863
4.477133041763626	0.10626618001777184
4.487453899331323	0.10566281905196999
4.49779854893288	0.10506231984245942
4.508167045414603	0.10446467003329737
4.518559443749224	0.10386985688513543
4.528975799036209	0.1032778672708426
4.539416166502032	0.10268858171290345
4.549880601500488	0.10209648356530165
4.560369159512962	0.101507141657195
4.570881896148752	0.1009205549984033
4.581418867145335	0.10033672237980301
4.591980128368688	0.09975564237055443
4.6025657358135605	0.09917731331530534
4.613175745603796	0.09860173333136697
4.623810213992603	0.09802890030586593
4.634469197362879	0.09745881189286767
4.645152752227495	0.09689146551047513
4.6558609352295885	0.09632685833790047
4.666593803142887	0.09576498731250871
4.677351412871981	0.09520584912683595
4.688133821452653	0.09464944022557843
4.698941086052153	0.09409575680255616
4.709773263969529	0.09354479479764621
4.720630412635905	0.09299654989369055
4.731512589614805	0.09245101751337347
4.7424198526024455	0.09190819281607226
4.753352259428054	0.09136807069467745
4.7643098680541565	0.09083064577238634
4.775292736576909	0.09029591239946465
4.786300923226383	0.08976386464998136
4.797334486366892	0.08923449631851194
4.808393484497285	0.08870780091681309
4.819477976251274	0.08818377167046598
4.830588020397726	0.08766240151549086
4.841723675840994	0.08714368309492913
4.8528850016212095	0.08662760875539635
4.864072056914616	0.08611417054360242
4.875284901033862	0.08560336020284212
4.886523593428336	0.08509516916945244
4.897788193684462	0.08458958856923944
4.909078761526032	0.08408660921387176
4.920395356814509	0.08358622159724285
4.9317380395493595	0.08308841589179947
4.943106869868354	0.08259318194483845
4.954501908047903	0.08210050927476899
4.96592321450336	0.08161038706734312
4.97737084978936	0.0811228041718505
4.9888448746001215	0.0806377490972813
5.000345349769786	0.0801552100084529
5.011872336272722	0.07967517472210396
5.0234258952238715	0.07919763070295185
5.035006087879047	0.07872256505971668
5.046612975635284	0.07824996454110845
5.05824662003114	0.07777981553178014
5.0699070827470445	0.07731210404824305
5.081594425605605	0.07684681573474807
5.093308710571955	0.07638383124305013
5.105049999754062	0.07591770243018112
5.116818355403078	0.07545392622637266
5.1286138399136485	0.07499250030357885
5.140436515824262	0.07453342212922613
5.152286445817564	0.07407668896369066
5.16416369272071	0.07362229785775123
5.176068319505676	0.07317024565002016
5.188000389289612	0.07272052896434944
5.199959965335159	0.07227314420721448
5.211947111050805	0.07182808756507228
5.223961889991197	0.07138535500169768
5.236004365857504	0.07094494225549292
5.248074602497725	0.07050684483677501
5.2601726639070625	0.0700710580250364
5.2722986142282275	0.0696375768661824
5.284452517751805	0.06920639616974239
5.296634438916578	0.06877751050605661
5.308844442309884	0.06835091420343638
5.321082592667942	0.06792660134530011
5.333348954876211	0.06750456576728175
5.345643593969716	0.06708480105431484
5.357966575133418	0.06666730053768832
5.370317963702527	0.06625205729207811
5.382697825162884	0.06583906413254936
5.3951062251512765	0.0654283136115343
5.4075432294558095	0.06501979801578073
5.420008904016238	0.06461350936327474
5.432503314924333	0.06420943940013463
5.445026528424211	0.06380757959747813
5.4575786109127105	0.0634079211482601
5.470159628939716	0.06301045496408382
5.482769649208539	0.06261517167198173
5.495408738576246	0.06222206161116928
5.508076964054036	0.06183111482976827
5.520774392807573	0.06144232108150236
5.533501092157368	0.06105566982236175
5.546257129579107	0.06067115020723967
5.559042572704037	0.06028875108653758
5.5718574893192985	0.05990846100274126
5.584701947368309	0.05953026818696574
5.597576014951102	0.059154160555470424
5.610479760324706	0.05878012570614234
5.623413251903491	0.05840815091494924
5.6363765582595455	0.05803822313236063
5.649369748123025	0.05767032897973762
5.6623928903825345	0.05730445474569037
5.675446054085471	0.0569405863824044
5.688529308438416	0.05657870950193313
5.701642722807475	0.0562188093724592
5.714786366718672	0.0558607585475203
5.727960309858292	0.055498706037070626
5.741164622073277	0.055138556894218364
5.7543993733715695	0.05478030953683867
5.767664633922509	0.05442396222262059
5.780960474057181	0.054069513047081734
5.794286964268812	0.0537169599415636
5.807644175213121	0.053366300671209586
5.821032177708716	0.05301753283292347
5.834451042737448	0.05267065385331007
5.847900841444809	0.052325660986596384
5.861381645140288	0.05198255131253428
5.874893525297769	0.05164132173428358
5.88843655355589	0.05130196897627635
5.902010801718445	0.05096448958206103
5.91561634175474	0.050628879912128
5.9292532458	0.05029513614171393
5.942921586155727	0.0499632542585879
5.956621435290106	0.049633230060815776
5.970352865838369	0.049305059154505844
5.984115950603199	0.04897873695153255
5.997910762555095	0.0486542586672411
6.011737374832782	0.048331619318130015
6.025595860743578	0.04801081371951392
6.0394862937638	0.047691836483164156
6.0534087475391365	0.047374682014929316
6.067363295885055	0.047059344512333116
6.08135001278718	0.0467458179621518
6.095368972401694	0.046434096137968846
6.109420249055721	0.04612417259770854
6.123503917247737	0.04581604068114667
6.137620051647943	0.045509693507399696
6.151768727098683	0.04520512397239056
6.165950018614822	0.04490232474629287
6.180164001384161	0.044601288270951084
6.1944107507678146	0.04430200675727898
6.208690342300634	0.044004472182633626
6.223002851691596	0.04370867628816678
6.237348354824191	0.04341461057615278
6.251726927756859	0.04312226630729176
6.266138646723353	0.04283163449799029
6.2805835881331795	0.042542705917616344
6.295061828571975	0.04225547108573133
6.309573444801933	0.041969920269296496
6.324118513762193	0.04168604347985543
6.33869711256927	0.04140383047069082
6.353309318517436	0.0411232707339571
6.367955209079159	0.040844353497786506
6.382634861905486	0.04056706772337097
6.397348354826482	0.04029140210201705
6.412095765851615	0.040017262064397936
6.4268771731701975	0.039740325946135094
6.441692655151772	0.03946495440093768
6.456542290346556	0.03919114576616697
6.471426157485831	0.03891889824401965
6.486344335482385	0.03864820989986763
6.501296903430906	0.03837907866058387
6.516283940608428	0.038111502312851854
6.531305526474723	0.037845478501460486
6.546361740672751	0.03758100472758274
6.561452663029053	0.03731807834703923
6.576578373554206	0.03705669656854525
6.591738952443213	0.03679685645194288
6.606934480075961	0.03653855490641572
6.622165037017619	0.03628178868868881
6.637430704019089	0.03602655440121095
6.652731562017413	0.03577284849032164
6.668067692136222	0.03552066724440052
6.6834391756861455	0.03527000679200083
6.698846094165265	0.03502086309996535
6.714288529259523	0.034773231971525986
6.729766562843179	0.03452710904438548
6.745280276979219	0.034282489788782795
6.760829753919819	0.034039369505539895
6.77641507610675	0.033797743324092244
6.792036326171846	0.03355760620050046
6.807693586937414	0.033318952915445066
6.823386941416698	0.033081778072202465
6.839116472814292	0.032846076094603695
6.8548822645266165	0.03261184122497369
6.870684400142321	0.032379067522053516
6.886522963442762	0.03214774885890289
6.902398038402419	0.03191787892078475
6.918309709189366	0.03168945120303028
6.934258060165691	0.031462459008885814
6.9502431758879695	0.031236895447339565
6.966265141107686	0.03101275343092999
6.982324040771715	0.030790025673533686
6.998419960022734	0.03056870468813478
7.014552984199714	0.030348782784573456
7.030723198838334	0.03013025206727535
7.046930689671471	0.029913104432960302
7.06317554262962	0.02969733156833127
7.07945784384138	0.02948292494774235
7.095777679633888	0.02926987583084675
7.112135136533292	0.02905817526022346
7.128530301265195	0.02884781405898354
7.1449632607551345	0.028638782828354765
7.16143410212902	0.028431071945245624
7.177942912713619	0.028224671559787248
7.194489780036995	0.028019501656558955
7.211074791828998	0.027811919920766686
7.227698036021702	0.02760560088883252
7.2443596007499025	0.02740054284280283
7.261059574351547	0.027196743951602414
7.277798045368242	0.026994202269660712
7.294575102545687	0.026792915735526588
7.311390834834176	0.026592882170469543
7.3282453313890406	0.026394099277069007
7.345138681571151	0.0261965646377901
7.362070974947361	0.026000275713547186
7.379042301291012	0.025805229842253575
7.396052750582378	0.025611424237358973
7.413102413009177	0.025418855986372776
7.430191378967014	0.025227522049375003
7.447319739059893	0.025037419257512697
7.464487584100665	0.024848544311483763
7.481695005111545	0.02466089378000632
7.498942093324558	0.024474464098274935
7.516228940182057	0.02428925156640234
7.533555637337174	0.02410525234784777
7.550922276654341	0.023922462467830474
7.568328950209744	0.023740877811729743
7.58577575029184	0.023560494123469933
7.603262769401819	0.02338130700389156
7.620790100254123	0.02320331190910728
7.638357835776907	0.02302650414884373
7.655966069112566	0.02285087888476803
7.67361489361819	0.022676431128799867
7.691304402866098	0.022503155741407956
7.709034690644301	0.022331047429891934
7.726805850957025	0.022160100746648387
7.744617978025188	0.021990310087421947
7.76247116628692	0.02182166968954044
7.78036551039804	0.02165417363013475
7.798301105232589	0.021487815824342428
7.816278045883297	0.02132259002349603
7.83429642766212	0.021158489813294663
7.852356346100718	0.02099550861196002
7.870457896950989	0.020833639668375585
7.888601176185544	0.020672876060209955
7.906786279998253	0.02051321069202294
7.925013304804718	0.020354636293355675
7.943282347242818	0.020197145416803248
7.961593504173188	0.020040730436070978
7.979946872679768	0.01988538354401305
7.9983425500702845	0.01973109675065433
8.016780633876794	0.01957786188119454
8.035261221856173	0.0194256705739952
8.05378441199067	0.019274514278548528
8.072350302488383	0.019124323587999988
8.090958991783825	0.018971939028233235
8.109610578538408	0.01882054805108937
8.128305161640995	0.018670149192410335
8.147042840208396	0.018520740898277745
8.165823713585926	0.018372321523928238
8.1846478813479	0.01822488933265957
8.203515443298185	0.01807844249472631
8.222426499470712	0.017932979086225754
8.241381150130026	0.017788497087973573
8.260379495771788	0.017644994384369526
8.279421637123345	0.017502468762252435
8.298507675144226	0.017360917909745453
8.317637711026709	0.017220339415090217
8.336811846196344	0.017080730765470946
8.356030182312479	0.01694208934582786
8.375292821268827	0.016804412437659615
8.394599865193973	0.01666769721781544
8.413951416451951	0.016531940757275838
8.433347577642753	0.01639714001992293
8.452788451602899	0.016263291861299267
8.472274141405963	0.016130393027355812
8.491804750363139	0.01599844015318853
8.511380382023763	0.015867429761763863
8.531001140175896	0.015737358262632464
8.550667128846833	0.015608221950631981
8.570378452303697	0.015480017004577597
8.590135215053957	0.015352739485941498
8.609937521846007	0.015226385337520146
8.629785477669701	0.015100950382089948
8.649679187756934	0.014976430321050777
8.669618757582166	0.014852820733057688
8.689604292863018	0.014730117072640107
8.709635899560805	0.014608314668809214
8.729713683881117	0.014487408723652567
8.74983775227436	0.014367394310916676
8.770008211436348	0.0142482663745766
8.790225168308842	0.014130019727393377
8.810488730080142	0.014012649049458262
8.830799004185627	0.013896148886724493
8.851156098308357	0.013780513649525775
8.871560120379607	0.013665737611082081
8.892011178579486	0.01355181490599186
8.912509381337454	0.013438739528711502
8.933054837332953	0.013326505332020858
8.953647655495937	0.013215106025475884
8.974287945007486	0.013104535173847152
8.994975815300352	0.01299478619554519
9.01571137605957	0.012885852361031552
9.036494737223014	0.012777726791216368
9.057326008982002	0.012670355936131378
9.078205301781857	0.012561316703092688
9.099132726322518	0.01245305297004338
9.120108393559097	0.012345563272528254
9.141132414702504	0.012238846072307241
9.162204901219997	0.012132899756476544
9.183325964835811	0.012027722636581405
9.204495717531712	0.011923312947721228
9.225714271547634	0.011819668847646179
9.246981739382225	0.011716788415846169
9.268298233793494	0.011614669652631037
9.289663867799362	0.011513310478202976
9.311078754678306	0.01141270873172014
9.33254300796991	0.011312862170352277
9.354056741475521	0.011213768468327412
9.375620069258803	0.011115425215970441
9.39723310564638	0.01101782991873267
9.418895965228414	0.01092097999621302
9.440608762859236	0.010824872781170157
9.462371613657929	0.010729505518526116
9.484184633008974	0.010634875364360618
9.506047936562814	0.010540979384896875
9.527961640236521	0.010447814555477887
9.549925860214358	0.01035537775953402
9.571940712948447	0.010263665787541043
9.594006315159332	0.010172675335969206
9.616122783836648	0.010082403006222722
9.638290236239705	0.009992845303570023
9.660508789898136	0.009903998636064358
9.68277856261249	0.009815859313455029
9.7050996724549	0.00972842354608871
9.727472237769652	0.00964168744380139
9.749896377173872	0.009555647014800113
9.772372209558107	0.009470298164535266
9.79489985408699	0.009385636694562528
9.817479430199844	0.00930165830139511
9.84011105761134	0.009218358575345587
9.862794856312105	0.009135732999357835
9.885530946569391	0.009053776947828369
9.908319448927676	0.00897248568541767
9.93116048420934	0.008891854365850728
9.954054173515269	0.008811878030707364
9.977000638225535	0.008732551608201708
10.	0.008653869911951195
10.023052380778994	0.008575827639734584
10.046157902783957	0.008498419372239226
10.069316688518045	0.008421639571797509
10.092528860766844	0.008345482581111929
10.115794542598982	0.008269942621969388
10.1391138573668	0.008195013793944042
10.16248692870696	0.008120650482028237
10.18591388054117	0.008044790453579451
10.209394837076797	0.007969513564858534
10.232929922807546	0.0078948185445578
10.256519262514079	0.007820704063982845
10.280162981264736	0.0077471687363749485
10.303861204416158	0.007674211116227629
10.32761405761398	0.0076018296985968644
10.351421666793442	0.007530022918405305
10.375284158180126	0.007458789149739914
10.39920165829059	0.007388126705143532
10.423174293933046	0.007318033834900023
10.447202192208003	0.007248508726313058
10.471285480508996	0.0071795495029782115
10.495424286523221	0.007111154224048816
10.519618738232236	0.00704332088349504
10.543868963912592	0.006976047409356581
10.568175092136585	0.006909331662988311
10.592537251772887	0.00684317143829955
10.616955571987253	0.00677756446098636
10.641430182243164	0.006712508387757146
10.665961212302578	0.006648000805551101
10.690548792226577	0.006584039230750007
10.71519305237607	0.006520621108382826
10.739894123412451	0.00645774381132342
10.76465213629835	0.006395404639480865
10.789467222298287	0.006333600818982877
10.814339512979387	0.0062723295013518525
10.83926914021204	0.006211587762673751
10.864256236170656	0.006151372602759396
10.889300933334333	0.006091680944298631
10.91440336448757	0.006032509632006835
10.939563662720943	0.005973855431764091
10.964781961431852	0.005915715029746516
10.990058394325208	0.005858085031550181
11.015393095414156	0.005800961961307188
11.040786199020735	0.005744342260794145
11.066237839776663	0.00568822228853255
11.091748152624008	0.005632598318881525
11.117317272815919	0.005577466541122476
11.142945335917304	0.0055228230585358615
11.168632477805613	0.005468663887469653
11.194378834671515	0.005414984956399892
11.220184543019629	0.005361782104982918
11.24604973966927	0.005309051083099308
11.271974561755105	0.005256787549889648
11.297959146727976	0.005204987072781598
11.324003632355566	0.0051536451265087714
11.350108156723154	0.005102757092120918
11.37627285823431	0.005052318255985633
11.402497875611685	0.005002292133264433
11.428783347897712	0.004951028812286885
11.45512941445536	0.004900192334857599
11.481536214968829	0.0048497817037362655
11.508003889444357	0.0047997958790677135
11.534532578210918	0.004750233777881586
11.561122421920993	0.0047010942735873995
11.587773561551263	0.0046523761954652
11.614486138403427	0.0046040783281514
11.641260294104908	0.004556199411120208
11.66809617060963	0.004508738138160299
11.694993910198711	0.004461693156846918
11.721953655481304	0.004415063068009016
11.748975549395292	0.004368846425191881
11.776059735208078	0.004323041734114757
11.803206356517299	0.00427764745212384
11.830415557251646	0.004232661987640113
11.857687481671597	0.00418808369960249
11.88502227437019	0.004143910896905886
11.91242008027375	0.004100141837834381
11.93988104464273	0.004056774729489171
11.967405313072431	0.004013807727211618
11.994993031493793	0.003971238934001079
12.02264434617413	0.003929066399927654
12.050359403717973	0.003887288121539579
12.078138351067798	0.0038459020412655322
12.10598133550483	0.0038049060468115683
12.133888504649775	0.003764297970552804
12.161860006463678	0.003724075588919576
12.189895989248662	0.0036842366217783437
12.217996601648723	0.0036447787318070394
12.246161992650489	0.003605699523865032
12.274392311584071	0.003566996544357342
12.30268770812381	0.0035286672805934696
12.331048332289097	0.0034907091601404715
12.359474334445107	0.003453119550170466
12.387965865303691	0.0034158957568022393
12.416523075924106	0.003379035024437274
12.445146117713856	0.003342534535089817
12.473835142429433	0.0033063914077112407
12.5025903021772	0.0032706026975083038
12.531411749414156	0.0032351653952556003
12.560299636948754	0.0032000764266019643
12.589254117941675	0.003165332651370869
12.618275345906707	0.003130930862854613
12.64736347471151	0.0030968677871024875
12.67651865857846	0.0030631400822026694
12.705741052085418	0.003029744337557965
12.735030810166617	0.00299667707315511
12.764388088113435	0.002963934738827879
12.793813041575252	0.002931490322894465
12.823305826560219	0.0028981253868552662
12.852866599436155	0.002865068663541112
12.882495516931336	0.00283231934619762
12.912192736135347	0.002799876596367979
12.941958414499863	0.0027677395435238626
12.971792709839558	0.0027359072846928722
13.001695780332899	0.002704378884082803
13.031667784523	0.002673153372702444
13.061708881318419	0.0026422297479790765
13.09181922999407	0.0026116069733723973
13.121998990192028	0.0025812839779851345
13.15224832192239	0.002551259656170117
13.182567385564074	0.0025215328671339006
13.212956341865752	0.002492102434536733
13.243415351946643	0.002462967146089105
13.273944577297401	0.002434125753144598
13.304544179780914	0.0024055769702892266
13.33521432163324	0.0023773194749269863
13.365955165464419	0.0023493519068618516
13.396766874259358	0.0023216728678759897
13.427649611378643	0.0022942809213043354
13.458603540559483	0.0022671745916052343
13.489628825916533	0.002240352363927459
13.52072563194278	0.0022138126836732906
13.551894123510364	0.002187553956057839
13.583134465871542	0.002161574545664335
13.614446824659497	0.0021358727759956506
13.645831365889252	0.0021104469290217725
13.677288255958494	0.002085295244723373
13.708817661648537	0.0020604159206312617
13.740419750125149	0.0020358071113618977
13.772094688939474	0.002011466928148763
13.803842646028853	0.0019873934383696887
13.83566378971781	0.001963584665069928
13.867558288718882	0.0019400385864811695
13.89952631213354	0.0019167531355362795
13.931568029453036	0.0018937261993798638
13.963683610559377	0.0018709556188744416
13.995873225726179	0.001848439188102431
14.028137045619589	0.0018261746538637208
14.060475241299143	0.0018041597151689267
14.092887984218748	0.0017823920227281289
14.12537544622754	0.0017608691784352917
14.157937799570824	0.0017395887348480978
14.190575216890926	0.0017185481946633595
14.223287871228198	0.0016977450101877652
14.25607593602188	0.0016771765828041344
14.288939585111036	0.001656840262433004
14.321878992735439	0.0016367333469895773
14.35489433353656	0.0016168364976159985
14.387985782558452	0.001596285637735212
14.421153515248696	0.0015759517612548694
14.45439770745928	0.0015558341019277014
14.487718535447618	0.0015359318686576312
14.52111617587742	0.0015162442452165026
14.554590805819668	0.0014967703899582336
14.58814260275349	0.0014775094355304796
14.621771744567184	0.0014584604885836349
14.655478409559112	0.0014396226294773504
14.689262776438676	0.0014209949119843778
14.723125024327194	0.0014025763629918466
14.757065332758946	0.0013843659821998109
14.791083881682072	0.001366362741817201
14.825180851459544	0.0013485655862550446
14.859356422870075	0.0013309734318170188
14.893610777109155	0.0013135851663871902
14.92794409578996	0.0012963996491150813
14.962356560944343	0.00127941571009791
14.99684835502374	0.0012626321500600712
15.031419660900225	0.0012460477400297323
15.066070661867418	0.0012296612210126528
15.100801541641477	0.0012134713036630975
15.135612484362087	0.0011974766679518657
15.170503674593368	0.0011816759628314392
15.205475297324954	0.0011660678058981304
15.240527537972907	0.0011506507830513315
15.275660582380732	0.001135423448149754
15.310874616820303	0.0011203843226646846
15.346169827992941	0.0011055318953301658
15.381546403030342	0.0010908646217901647
15.4170045294956	0.0010763809242426486
15.452544395384141	0.0010620791910805822
15.488166189124811	0.0010479577765297344
15.523870099580817	0.0010340150002834017
15.55965631605075	0.0010202491471339166
15.595525028269538	0.0010066584666009917
15.631476426409538	0.0009932411725567677
15.667510701081484	0.0009799954428476845
15.70362804333553	0.000966919418913022
15.739828644662197	0.0009540112054001864
15.776112696993485	0.0009412688697765942
15.812480392703826	0.0009286904419382741
15.848931924611142	0.0009162739138150337
15.88546748597779	0.0009040172389722641
15.9220872705117	0.0008919183322092451
15.95879147236732	0.0008799750691540489
15.995580286146694	0.0008681852858549104
16.032453906900418	0.0008565467783681199
16.069412530128773	0.0008450573023423156
16.106456351782697	0.0008337005982257528
16.143585568264868	0.0008217486079964313
16.18080037643066	0.0008099353008995907
16.218100973589298	0.0007982600778617743
16.255487557504836	0.0007867223225003309
16.292960326397232	0.0007753214009289704
16.330519478943348	0.000764056661561624
16.368165214278086	0.000752927434914517
16.40589773199539	0.0007419330334065466
16.443717232149325	0.0007310727511578556
16.481623915255085	0.000720345863786668
16.51961798229015	0.000709751628204273
16.557699634695275	0.0006992892824082565
16.595869074375614	0.0006889580452738793
16.634126503701697	0.0006787571163436506
16.672472125510627	0.0006686856756150008
16.71090614310707	0.0006587428833261371
16.749428760264383	0.0006489278797399905
16.788040181225607	0.0006392397849262978
16.82674061070467	0.000629677698541724
16.865530253887407	0.000620240699608104
16.90440931643265	0.000610927846288728
16.94337800447329	0.000601738175662677
16.982436524617444	0.0005926707034971666
17.0215850839495	0.0005837244240179276
17.060823890031244	0.0005748983096775662
17.10015315090288	0.0005661913109219366
17.139573075084254	0.0005576023559544244
17.179083871575877	0.0005491303504982316
17.21868574986008	0.0005407741775565634
17.25837891990204	0.0005325326971707594
17.298163592151013	0.0005244047461762855
17.338039977541374	0.0005163891379566447
17.378008287493763	0.0005084846621951362
17.418068733916144	0.0005006900846244868
17.458221529205037	0.0004930041467742727
17.498466886246565	0.00048542556571620234
17.53880501841762	0.0004779530338071721
17.579236139586932	0.00047058521843012114
17.619760464116293	0.0004633207617326255
17.66037820686164	0.000456158280363262
17.70108958317422	0.00044909636520568526
17.741894808901662	0.00044213358111043927
17.78279410038923	0.0004352684666244218
17.82378767448089	0.0004284995337180611
17.864875748520518	0.0004218252675101266
17.906058540352948	0.0004152441259902001
17.947336268325266	0.0004087545397387305
17.988709151287875	0.00040235491164472364
18.030177408595698	0.00039604361662099586
18.071741260109274	0.00038980873496655225
18.113400926196025	0.00038311542206538043
18.15515662773135	0.00037650292145792425
18.197008586099845	0.00036997082381767197
18.238957023196384	0.0003635187089173744
18.281002161427427	0.00035714614550797755
18.323144223712113	0.00035085269119651335
18.365383433483473	0.00034463789232289934
18.407720014689563	0.00033850128383566407
18.450154191794738	0.00033244238916655967
18.492686189780777	0.0003264607201040922
18.535316234148123	0.0003205557766659261
18.57804455091699	0.00031472704697018783
18.620871366628677	0.0003089740071056084
18.663796908346693	0.0003032961210005608
18.706821403658015	0.0002976928402909271
18.74994508067419	0.0002921636041868327
18.793168168032686	0.0002867078393381831
18.836490894898002	0.0002813249596990563
18.879913490962945	0.00027601436639089445
18.92343618644976	0.00027077544756451497
18.967059212111465	0.00026560757826089756
19.010782799232995	0.0002605101202707851
19.054607179632484	0.00025548242199304036
19.098532585662387	0.0002505238182917952
19.14255925021086	0.0002456336303523277
19.18668740670289	0.00024081116553571684
19.230917289101594	0.00023605571723221878
19.275249131909366	0.00023136656471338697
19.31968317016924	0.0002267429729828905
19.364219639466068	0.00022218419262606215
19.408858775927794	0.000217689459658132
19.453600816226633	0.0002132579953711639
19.498445997580454	0.0002088890061796473
19.543394557753942	0.00020458168346477968
19.58844673505991	0.0002003352034173929
19.633602768360475	0.0001961487268795387
19.67886289706845	0.00019202139918468965
19.724227361148536	0.00018795234999658645
19.76969640111862	0.00018394069314668898
19.81527025805099	0.00017998552647023863
19.860949173573715	0.0001760859316409
19.906733389871864	0.00017224097400399797
19.952623149688808	0.0001684497024083186
19.998618696327448	0.0001647111490364753
20.044720273651613	0.00016102432923381104
20.090928126087277	0.0001573882413358501
20.137242498623895	0.00015380186649426646
20.183663636815616	0.00015026416850137672
20.23019178678272	0.00014677409361311665
20.276827195212817	0.00014333057037052593
20.32357010936221	0.00013993250941970247
20.37042077705719	0.00013657880333022308
20.417379446695296	0.00013326832641202797
20.46444636724674	0.0001299999345307291
20.511621788255646	0.00012677246492136905
20.558905959841425	0.00012358473600058265
20.606299132700006	0.00012043554717717933
20.65380155810529	0.0001173236786610998
20.701413487910415	0.0001142478912707686
20.749135174549107	0.00011120692623880896
20.79696687103696	0.00010819950501611676
20.844908830972887	0.00010522432907426717
20.892961308540386	0.00010228007970626176
20.941124558508935	0.00009936541782558593
20.989398836235246	0.00009647898376357677
21.03778439766475	0.0000936193970650683
21.086281499332888	0.00009078525628232572
21.134890398366476	0.00008797513876723747
21.183611352485023	0.00008518760046176224
21.23244462000219	0.00008242117568660253
21.28139045982711	0.0000796743769281104
21.330449131465773	0.00007694569462339745
21.379620895022324	0.00007423359694364577
21.428906011200585	0.00007153652957558612
21.47830474130533	0.00006885291550115892
21.527817347243737	0.00006618115477531567
21.57744409152667	0.00006351962430197006
21.6271852372702	0.0000608666776080588
21.67704104819694	0.000058220644615723066
21.727011788637455	0.00005557983141257929
21.77709772353159	0.00005294252002007497
21.827299118430012	0.00005030696815989866
21.87761623949552	0.00004767140901845188
21.9280493535045	0.00004503405100934796
21.978598727848254	0.00004239307753393775
22.02926463053456	0.00003974664673982876
22.080047330188993	0.0000370928912774033
22.13094709605639	0.000034429918054305345
22.181964198002195	0.00003175580798788924
22.23309890651403	0.000029068615755600558
22.28435149270303	0.000026366369543293872
22.335722228305325	0.000023647070791454068
22.3872113856834	0.0000209086939393175
22.438819237827662	0.000018149186166860023
22.490546058357804	0.000015366467134657055
22.542392121524305	0.000012558428721582143
22.59435770220978	9.722934760340283e-6
22.646443075930595	6.8578207708002034e-6
22.698648518838212	3.9608936911339885e-6