0.1	10.43557366705746
0.10023052380778996	10.422138832923322
0.10046157902783952	10.408703803596561
0.10069316688518042	10.395268580780824
0.10092528860766845	10.381833165223885
0.10115794542598985	10.368397556704311
0.10139113857366794	10.354943713545907
0.10162486928706957	10.34148826700554
0.1018591388054117	10.328032576800846
0.102093948370768	10.314576685828238
0.10232929922807542	10.301120636600215
0.10256519262514076	10.28766447123751
0.10280162981264736	10.27420823146116
0.10303861204416162	10.260751958584486
0.10327614057613975	10.247295693505004
0.10351421666793438	10.233839476696216
0.10375284158180126	10.220383348199356
0.10399201658290592	10.206927347615016
0.10423174293933042	10.19347151409471
0.10447202192208001	10.180015886332326
0.10471285480508996	10.166560502555518
0.10495424286523224	10.153105400516973
0.1051961873823223	10.139650617485616
0.1054386896391259	10.126196190237723
0.10568175092136585	10.112742155047908
0.10592537251772889	10.099288547680063
0.10616955571987247	10.085835403378175
0.10641430182243161	10.072382756857056
0.10665961212302578	10.058930642292985
0.1069054879222658	10.04547909331424
0.10715193052376065	10.032028142991534
0.10739894123412448	10.01857782382838
0.1076465213629835	10.00512816775131
0.10789467222298288	9.991679206100056
0.1081433951297938	9.978230969617556
0.10839269140212036	9.96478348843993
0.10864256236170655	9.951336792086309
0.10889300933334335	9.937890909448576
0.10914403364487565	9.924445868781016
0.10939563662720939	9.911001697689816
0.1096478196143185	9.897558423122526
0.10990058394325211	9.884116071357367
0.11015393095414151	9.870674667992432
0.11040786199020733	9.8572342379348
0.11066237839776664	9.843794805389543
0.11091748152624012	9.830356393848582
0.11117317272815914	9.816919026079487
0.11142945335917301	9.803482724114128
0.11168632477805612	9.79004750923723
0.11194378834671516	9.7766134019748
0.11220184543019636	9.76318042208246
0.11246049739669266	9.749748588533636
0.11271974561755105	9.736317919507666
0.11297959146727979	9.722888432377742
0.11324003632355571	9.709460143698807
0.11350108156723152	9.696033069195236
0.1137627285823431	9.682593509970836
0.11402497875611688	9.669154124262624
0.11428783347897718	9.65571596128202
0.11455129414455358	9.642279069133476
0.1148153621496883	9.62884349552491
0.11508003889444356	9.615409287759487
0.11534532578210924	9.601976492727305
0.11561122421920987	9.588545156896995
0.11587773561551262	9.575115326307241
0.11614486138403426	9.561687046558204
0.11641260294104915	9.548260362802848
0.11668096170609624	9.534835319738194
0.11694993910198712	9.521411961596463
0.11721953655481303	9.50799033213615
0.11748975549395298	9.494570474632956
0.11776059735208072	9.48115243187071
0.11803206356517298	9.467736246132102
0.11830415557251646	9.454321959189382
0.118576874816716	9.440909612294949
0.11885022274370183	9.427499246171822
0.11912420080273747	9.41409090100405
0.1193988104464273	9.400684616426988
0.11967405313072434	9.387280431517478
0.11994993031493788	9.373878384783966
0.12022644346174129	9.360478514156464
0.12050359403717974	9.347080856976447
0.120781383510678	9.333685449986627
0.12105981335504823	9.320292329320646
0.12133888504649772	9.306901530492617
0.12161860006463679	9.29351308838663
0.12189895989248664	9.280127037246082
0.12217996601648717	9.266743410662942
0.12246161992650487	9.253362241566883
0.12274392311584072	9.239983562214329
0.12302687708123815	9.22660740417736
0.1233104833228909	9.213233798332544
0.12359474334445104	9.19986277484961
0.1238796586530369	9.186494363180055
0.1241652307592411	9.173128592045604
0.1244514611771385	9.159765489426567
0.12473835142429429	9.146405082550064
0.125025903021772	9.133047397878183
0.1253141174941416	9.119692461095934
0.1256029963694875	9.106340297099171
0.12589254117941673	9.092990929982339
0.12618275345906707	9.079644383026112
0.12647363474711512	9.066300678684929
0.12676518658578456	9.052959838574369
0.12705741052085415	9.03962188345844
0.12735030810166617	9.026286833236707
0.12764388088113438	9.012943481712664
0.12793813041575247	8.99960219675798
0.12823305826560213	8.986263843647459
0.12852866599436155	8.972928468017825
0.1288249551693134	8.959596114982153
0.12912192736135342	8.946266829120121
0.1294195841449986	8.932940654468243
0.12971792709839558	8.919617634509914
0.13001695780332903	8.906297812165406
0.13031667784522993	8.89298122978176
0.13061708881318415	8.879667929122549
0.1309181922999407	8.866357951357546
0.13121998990192033	8.853051337052314
0.13152248321922383	8.839748126157621
0.1318256738556407	8.826448357998839
0.1321295634186575	8.813152071265153
0.13243415351946647	8.799859303998705
0.13273944577297395	8.786570093583624
0.1330454417978091	8.773284476734926
0.1333521432163324	8.76000248948732
0.13365955165464422	8.746724167183892
0.1339676687425935	8.733449544464682
0.1342764961137864	8.720178655255127
0.13458603540559483	8.706911532754424
0.13489628825916536	8.69364820942373
0.13520725631942773	8.680388716974287
0.1355189412351036	8.667133086355392
0.1358313446587154	8.653881347742283
0.136144468246595	8.640633530523866
0.13645831365889247	8.627389663290344
0.13677288255958492	8.614149773820733
0.13708817661648537	8.600913889070211
0.13740419750125152	8.587682035157385
0.13772094688939465	8.574454237351414
0.1380384264602885	8.561230520059011
0.1383566378971781	8.548010906811292
0.13867558288718884	8.53479542025055
0.13899526312133534	8.521584082116826
0.13931568029453031	8.508376913234406
0.13963683610559377	8.495173933498172
0.13995873225726183	8.481975161859799
0.14028137045619582	8.468780616313829
0.1406047524129914	8.455590313883622
0.14092887984218747	8.44240427060715
0.14125375446227545	8.429222501522666
0.14157937799570816	8.416045020654224
0.14190575216890922	8.402871840997062
0.142232878712282	8.389702974502836
0.14256075936021884	8.376538432064747
0.1428893958511103	8.363378223502457
0.14321878992735435	8.350205738533498
0.1435489433353656	8.337036307646056
0.14387985782558455	8.323871192886788
0.14421153515248689	8.310710443045199
0.14454397707459277	8.297554106362329
0.14487718535447616	8.284402230520636
0.14521116175877424	8.271254862633732
0.14554590805819662	8.258112049236058
0.14588142602753484	8.244973836272408
0.14621771744567183	8.231840269087371
0.14655478409559117	8.218711392414662
0.1468926277643867	8.20558725036634
0.1472312502432719	8.192467886421923
0.14757065332758945	8.179353343417368
0.14791083881682077	8.166243663533983
0.14825180851459538	8.153138888287176
0.1485935642287007	8.140039058515121
0.14893610777109154	8.126944214367317
0.14927944095789963	8.11385439529299
0.14962356560944334	8.100769640029423
0.1499684835502373	8.08768998659014
0.15031419660900225	8.074615472252985
0.15066070661867417	8.061546133548076
0.15100801541641484	8.04848200624563
0.1513561248436208	8.035423125343687
0.1517050367459337	8.022369525055687
0.15205475297324955	8.009321238797945
0.15240527537972914	7.996278299176978
0.15275660582380723	7.983240737976728
0.15310874616820302	7.9702085861456355
0.15346169827992942	7.957181873783621
0.1538154640303035	7.9441606301288825
0.15417004529495593	7.931144883544621
0.1545254439538414	7.918134661505582
0.1548816618912481	7.905129990584507
0.15523870099580825	7.892130896438428
0.15559656316050743	7.8791374037948305
0.15595525028269538	7.86614953643768
0.15631476426409538	7.853167317193325
0.15667510701081494	7.840190767916233
0.15703628043335524	7.827219909474622
0.15739828644662196	7.814254761735917
0.15776112696993486	7.801295343552098
0.15812480392703834	7.788341672744876
0.15848931924611134	7.775393766090745
0.15885467485977792	7.762451639305873
0.159220872705117	7.7495153070308636
0.15958791472367329	7.736584782815351
0.15995580286146688	7.723660079102468
0.16032453906900418	7.710741207213126
0.1606941253012877	7.697810679161118
0.16106456351782708	7.684884637424984
0.16143585568264862	7.671964411821418
0.16180800376430657	7.65905005473663
0.16218100973589297	7.646141617988225
0.16255487557504839	7.633239152814701
0.16292960326397224	7.620342709864805
0.16330519478943342	7.607452339186805
0.16368165214278085	7.594568090217646
0.16405897731995392	7.581690011771975
0.16443717232149316	7.568818152031107
0.1648162391525508	7.555952558531793
0.1651961798229015	7.543093278154963
0.1655769963469528	7.530240357114295
0.16595869074375605	7.517393840944691
0.16634126503701693	7.504553774490622
0.16672472125510626	7.49172020189438
0.16710906143107074	7.478893166584175
0.16749428760264373	7.466072711262154
0.16788040181225602	7.453258877892252
0.16826740610704674	7.44045170768797
0.16865530253887412	7.427651241099982
0.16904409316432642	7.4148575178036555
0.16943378004473283	7.402070576686428
0.16982436524617442	7.389290455835057
0.17021585083949506	7.37651719252275
0.17060823890031235	7.363750823196165
0.17100153150902875	7.350991383462276
0.17139573075084252	7.338238908075107
0.17179083871575881	7.325493430922342
0.1721868574986007	7.312754985011799
0.17258378919902034	7.300023602457762
0.17298163592151014	7.287299314467198
0.17338039977541378	7.2745821513258075
0.17378008287493754	7.261872142383967
0.17418068733916142	7.249169316042514
0.17458221529205037	7.236473699738403
0.1749846688624657	7.22378531993021
0.1753880501841761	7.211104202083506
0.17579236139586926	7.19843037065608
0.1761976046411629	7.185763849083021
0.17660378206861643	7.173104659761652
0.17701089583174212	7.160452824036313
0.17741894808901656	7.147808362183017
0.1778279410038923	7.135171293393913
0.17823787674480895	7.122541635761656
0.17864875748520506	7.1099194062635735
0.17906058540352943	7.097304620745705
0.17947336268325265	7.084697293906689
0.1798870915128788	7.07209743928148
0.1803017740859569	7.0594883632536884
0.1807174126010927	7.046885480018508
0.18113400926196024	7.034290061629439
0.18155156627731356	7.0217021604452725
0.18197008586099836	7.009121828183018
0.18238957023196378	6.996549115906498
0.1828100216142743	6.983984074014806
0.18323144223712115	6.971426752230695
0.18365383433483465	6.958877199588774
0.18407720014689558	6.946335464423665
0.18450154191794738	6.93380159435798
0.18492686189780783	6.921275636290202
0.18535316234148114	6.9087576363824414
0.18578044550916986	6.8962476400480694
0.18620871366628675	6.883745691939215
0.186637969083467	6.871251835934146
0.18706821403658005	6.858766115124538
0.18749945080674188	6.846288571802574
0.18793168168032684	6.833819247447962
0.18836490894898006	6.821358182714787
0.18879913490962935	6.808905417418256
0.18923436186449755	6.7964609905212905
0.18967059212111465	6.784024940121003
0.19010782799233	6.771597303435033
0.19054607179632474	6.759178116787741
0.1909853258566238	6.746767415596266
0.19142559250210858	6.734365234356462
0.19186687406702896	6.721971606628669
0.19230917289101584	6.709586565023376
0.1927524913190936	6.697210141186699
0.1931968317016924	6.684842365785767
0.19364219639466074	6.672483268493917
0.19408858775927784	6.660132877975789
0.19453600816226624	6.647791221872221
0.19498445997580455	6.635458326785052
0.19543394557753943	6.623134218261747
0.195884467350599	6.610818920779861
0.19633602768360464	6.598512457731386
0.1967886289706845	6.586214851406906
0.19724227361148533	6.573926122979644
0.19769696401118608	6.561646292489301
0.1981527025805098	6.54937537882579
0.19860949173573716	6.537113399712767
0.19906733389871864	6.524860371691041
0.19952623149688797	6.512616310101799
0.1999861869632744	6.500381229069683
0.20044720273651614	6.488155141485686
0.2009092812608728	6.475938058989918
0.20137242498623883	6.463729991954158
0.20183663636815607	6.451530949464286
0.2023019178678272	6.439321835136194
0.20276827195212818	6.42712026962234
0.20323570109362218	6.414927701332188
0.2037042077705718	6.402744183938509
0.20417379446695297	6.39056977043026
0.20464446367246739	6.378404513100655
0.20511621788255657	6.366248463535056
0.20558905959841414	6.354101672598817
0.20606299132700007	6.341964190424917
0.20653801558105292	6.329836066401549
0.20701413487910425	6.317717349159518
0.20749135174549097	6.305608086559568
0.2079696687103696	6.293508325679527
0.20844908830972886	6.281418112801374
0.20892961308540398	6.269337493398129
0.20941124558508925	6.257266512120663
0.20989398836235246	6.245205212784321
0.21037784397664752	6.233153638355455
0.21086281499332898	6.221111830937795
0.21134890398366465	6.209079831758703
0.2118361135248502	6.19705768115528
0.21232444620002192	6.185045418560337
0.21281390459827124	6.173043082488222
0.21330449131465762	6.161050710520527
0.21379620895022325	6.149068339291614
0.21428906011200585	6.137096004474052
0.21478304741305343	6.125133740763854
0.21527817347243727	6.113181581865619
0.21577444091526668	6.101239560477482
0.21627185237270202	6.089307708275958
0.21677041048196952	6.077386055900613
0.21727011788637443	6.065474632938584
0.2177709772353159	6.053573467908956
0.21827299118430013	6.041682588246997
0.2187761623949553	6.02980202028821
0.21928049353504486	6.017931789252259
0.21978598727848253	6.006071919226716
0.2202926463053456	5.9942224331506715
0.22080047330189004	5.982383352798167
0.22130947096056375	5.970554698761486
0.22181964198002194	5.958736490434259
0.2223309890651403	5.946928745994429
0.22284351492703042	5.935131482387038
0.22335722228305316	5.923344715306866
0.223872113856834	5.911568459180867
0.22438819237827662	5.899802727150479
0.2249054605835781	5.8880475310537355
0.22542392121524293	5.876302881407218
0.22594357702209775	5.864568787387834
0.22646443075930595	5.8528452568144145
0.2269864851883822	5.841109714450671
0.22750974307720706	5.829382985828811
0.2280342072000418	5.81766678059019
0.22855988033754301	5.805961159928649
0.2290867652767773	5.794266184403981
0.2296148648112362	5.7825819139303425
0.23014418174085083	5.770908407764529
0.2306747188720069	5.759245724494153
0.23120647901755947	5.747593922025688
0.23173946499684786	5.735953057572389
0.2322736796357107	5.724323187642095
0.23280912576650079	5.71270436802491
0.23334580622810028	5.701096653780747
0.23388372386593548	5.689500099226762
0.2344228815319922	5.67791475792465
0.23496328208483072	5.666340682667809
0.23550492838960096	5.65477792546839
0.2360478233180577	5.643226537544203
0.23659196974857583	5.6316865693054945
0.23713737056616552	5.620158070341593
0.23768402866248767	5.608641089407424
0.23823194693586902	5.597135674409883
0.23878112829131776	5.585641872394078
0.23933157564053875	5.574159729529436
0.23988329190194904	5.562926010240525
0.24043628000069334	5.552662319780017
0.24099054286865948	5.542409893346904
0.24154608344449405	5.532168737041141
0.2421029046736178	5.521938855629934
0.24266100950824154	5.511720252529745
0.24322040090738153	5.501512929788137
0.24378108183687525	5.491316888065449
0.2443430552693972	5.481132126616279
0.24490632418447456	5.470958643270811
0.24547089156850305	5.460796434415957
0.24603676041476275	5.450645494976323
0.24660393372343392	5.440505818394999
0.24717241450161304	5.430377396614158
0.24774220576332856	5.420260220055486
0.24831331052955705	5.410154277600416
0.2488857318282391	5.400059556570196
0.24945947269429547	5.389976042705739
0.25003453616964316	5.379903720147316
0.2506109253032114	5.369842571414043
0.251188643150958	5.359792577383178
0.25176769277588557	5.349753717269227
0.25234807724805747	5.339725968602859
0.2529297996446145	5.329709307209617
0.25351286304979076	5.319703707188437
0.25409727055493053	5.309709140889968
0.2546830252585041	5.299698282383375
0.2552701302661247	5.289696268055313
0.2558585886905646	5.27970512708627
0.25644840365177174	5.269724895925234
0.2570395782768864	5.259755610151052
0.25763211570025757	5.249797304459057
0.25822601906345966	5.2398500126475325
0.2588212915153092	5.229913767604067
0.2594179362118814	5.219988601291768
0.2600159563165272	5.210074544735338
0.2606153549998896	5.200171628007013
0.26121613543992067	5.19027988021237
0.2618183008218985	5.180399329476
0.26242185433844417	5.17053000292702
0.26302679918953814	5.160671926684471
0.263633138582538	5.150825125842551
0.2642408757321946	5.140989624455731
0.2648500138606701	5.131165445523686
0.2654605561975539	5.121352610976127
0.26607250597988097	5.111551141657455
0.2666858664521479	5.101761057311279
0.26730064086633115	5.091982376564778
0.2679168324819031	5.082215116912923
0.26853444456585074	5.072459294702531
0.26915348039269155	5.062714925116188
0.26977394324449205	5.052982022155994
0.2703958364108843	5.043260598627171
0.2710191631890843	5.033550666121502
0.2716439268839082	5.023852235000627
0.2722701308077913	5.014165314379147
0.272897778280804	5.004489912107626
0.27352687263067127	4.994826034755349
0.27415741719278824	4.985173687593004
0.2747894153102397	4.97553287457513
0.2754228703338166	4.965903598322434
0.27605778562203465	4.956285860103938
0.27669416454115114	4.946679659818948
0.2773320104651841	4.937084995978847
0.27797132677592884	4.927501865688745
0.2786121168629771	4.917930264628913
0.27925438412373377	4.908370187036087
0.2798981319634363	4.898821625684561
0.2805433637951713	4.889284571867129
0.28119008303989407	4.8797590153758135
0.28183829312644537	4.870244944482468
0.2824879974915708	4.860742345919131
0.2831391995799379	4.851251204858259
0.2837919028441557	4.841771504892731
0.28444611074479154	4.832303228015689
0.285101826750391	4.822846354600174
0.28575905433749466	4.8133698205422
0.2864177969906581	4.80390222465248
0.28707805820246907	4.794445887555303
0.28773984147356696	4.785000864035643
0.28840315031266056	4.775567208279178
0.2890679882365476	4.766144973861581
0.28973435877013226	4.756734213737755
0.2904022654464451	4.747334980230914
0.2910717118066605	4.737947325021578
0.29174270140011677	4.728571299136443
0.29241523778433354	4.719206952937162
0.2930893245250321	4.709854336108966
0.2937649651961531	4.700513497649233
0.29444216337987617	4.691184485855881
0.29512092266663853	4.681867348315687
0.29580124665515467	4.672562131892464
0.2964831389524342	4.663268882715147
0.29716660317380267	4.6539876461657155
0.29785164294291894	4.644718466867043
0.298538261891796	4.635461388670591
0.2992264636608189	4.626216454644008
0.29991625189876514	4.616983707058568
0.30060763026282306	4.607763187376528
0.3013006024186122	4.598554936238329
0.3019951720402016	4.589358993449683
0.30269134281013055	4.580175397968526
0.30338911841942706	4.571004187891849
0.3040885025676279	4.561845400442395
0.3047894989627983	4.552699071955228
0.3054921113215513	4.543565237864157
0.3061963433690677	4.53444393268806
0.30690219883911574	4.525335190017028
0.3076096814740708	4.516239042498412
0.3083187950249354	4.507155521822712
0.30902954325135906	4.498084658709337
0.309741929921658	4.489026482892224
0.31045595881283555	4.479981023105319
0.31117163371060175	4.470948307067913
0.3118889584093937	4.461928361469835
0.3126079367123955	4.452921211956513
0.31332857243155854	4.443926883113874
0.3140508693876217	4.434945398453107
0.3147748314101316	4.4259767803952785
0.31550046233746265	4.417021050255806
0.31622776601683794	4.408078228228755
0.3169567463043491	4.399148333371032
0.31768740706497706	4.390231383586377
0.3184197521726125	4.381327395609231
0.31915378551007617	4.372436384988447
0.3198895109691398	4.363558366070834
0.3206269324505466	4.354684201485817
0.3213660538640317	4.345822339958051
0.32210687912834346	4.336973483433165
0.32284941217126356	4.328137665187886
0.32359365692962827	4.319314917544016
0.32433961734934924	4.310505271854203
0.3250872973854344	4.301708758487583
0.3258367010020088	4.292925406815292
0.32658783217233583	4.28415524519581
0.3273406948788382	4.2753983009601955
0.328095293113119	4.266654600397153
0.32885163087598307	4.257924168737971
0.32960971217745777	4.249207030141299
0.3303695410368148	4.2405032076777935
0.3311311214825911	4.231812723314611
0.3318944575526104	4.223135597899734
0.33265955329400454	4.214471851146187
0.333426412763235	4.205821501616055
0.3341950400261143	4.197184566704378
0.33496543915782767	4.188561062622883
0.3357376142429547	4.179951004383562
0.33651156937549076	4.171354405782086
0.3372873086588689	4.162771279381071
0.3380648362059816	4.154201636493181
0.33884415613920255	4.145645487164064
0.3396252725904084	4.137102840155131
0.3404081897010009	4.1285737029261815
0.34119291162192855	4.120058081617842
0.3419794425137089	4.111555981033859
0.3427677865464504	4.103067404623209
0.34355794789987465	4.094592354462055
0.34434993076333853	4.086130831235516
0.3451437393358563	4.077682834219276
0.345939377826122	4.069248361261026
0.34673685045253166	4.060827408761707
0.34753616144320587	4.0524199716566
0.34833731503601184	4.044026043396235
0.34914031547858615	4.035645615927111
0.3499451670283573	4.027278679672243
0.350751873952568	4.018925223511532
0.35156044052829816	4.010585234761934
0.35237087104248715	4.002258699157471
0.353183169791957	3.9939456008290257
0.3539973410834347	3.985645922283975
0.35481338923357547	3.977359644385615
0.3556313185689854	3.9690867463324055
0.3564511334262443	3.960827205637021
0.35727283815192895	3.9525809981052
0.35809643710263606	3.9443480978144088
0.35892193464500527	3.936128477092304
0.35974933515574237	3.927905833588497
0.36057864302164244	3.919695139813574
0.36140986263961333	3.911497592106018
0.36224299841669866	3.9033131980879516
0.3630780547701014	3.895141964110945
0.36391503612720716	3.8869838952389317
0.36475394692560786	3.878838995230968
0.36559479161312497	3.870707266523836
0.36643757464783333	3.862588710214466
0.3672823004980847	3.8544833260422275
0.3681289736425315	3.8463911123709993
0.3689775985701504	3.83831206617113
0.3698281797802663	3.8302461830011842
0.37068072178257605	3.8221934569895395
0.37153522909717257	3.81415388081581
0.3723917062545686	3.8061274456920855
0.3732501577957206	3.7981141413440027
0.3741105882720534	3.790113955991647
0.3749730022454836	3.782126876330257
0.3758374042884442	3.7741528875107693
0.37670379898390893	3.7661919731201614
0.377572190925416	3.7582441151616415
0.37844258471709324	3.7503092940346177
0.3793149849736819	3.7423874885145128
0.38018939632056115	3.734478675732376
0.381065823393773	3.72658283115431
0.3819442708400465	3.718699928560701
0.38282474331682265	3.710829940025278
0.38370724549227875	3.7029728358939473
0.38459178204535355	3.695128584763463
0.38547835766577176	3.6872971534598764
0.38636697705406914	3.679478507016804
0.3872576449216172	3.6716726086534925
0.3881503659906482	3.6638794197526714
0.38904514499428056	3.6560988998382182
0.3899419866765434	3.6483310065526076
0.390840895792402	3.6405756956341655
0.3917418771077831	3.6328329208940993
0.3926449353995998	3.6251026341933366
0.3935500754557774	3.617384785419137
0.3944573020752784	3.609679322461501
0.3953666200681279	3.601986191189365
0.39627803425543945	3.5943053354265664
0.3971915494694403	3.586636696927608
0.3981071705534972	3.5789802153531887
0.39902490236214205	3.5713358282455263
0.39994474976109745	3.563703471003437
0.4008667176273028	3.556083076857213
0.4017908108489399	3.5484745768432537
0.4027170343254591	3.540877899778475
0.40364539296760493	3.533254779565387
0.4045758916974427	3.525640354445994
0.40550853544838383	3.518037431816627
0.40644332916521275	3.51044603113438
0.40738027780411273	3.5028661708900497
0.4083193863326921	3.4952978685944647
0.40926065973001086	3.4877411407646663
0.4102041029866068	3.4801960029099734
0.41114972110452225	3.472662469517905
0.4120975190973302	3.4651405540399733
0.4130475019901614	3.4576302688773324
0.41399967481973043	3.450131625366297
0.4149540426343629	3.4426446337637278
0.41591061049402206	3.43516930323226
0.4168693834703354	3.4277056418254133
0.41783036664662176	3.4202536564725468
0.4187935651179184	3.4128133529636693
0.41975898399100753	3.405384735934119
0.4207266283844441	3.397967808849083
0.4216965034285822	3.3905625739879808
0.422668614265603	3.3831690324286963
0.4236429660495411	3.3757871840316653
0.4246195639463129	3.3684170274238046
0.4255984131337431	3.3610585599822946
0.42657951880159267	3.353711777818215
0.4275628861515862	3.346376675760021
0.4285485203974395	3.3390532473368597
0.4295364267648873	3.3317414847617455
0.43052661049171065	3.3244413789145613
0.43151907682776525	3.3171529193249114
0.43251383103500873	3.3098760941548084
0.4335108783875289	3.3026108901812115
0.43451022417157154	3.295357292778379
0.4355118736855686	3.288115285900081
0.436515832240166	3.280884852061631
0.4375221051582521	3.273665972321757
0.4385306977749857	3.2664586262643045
0.4395416154378245	3.2592627919797694
0.4405548635065533	3.252078446046657
0.4415704473533125	3.244905563512674
0.44258837236262655	3.23774411787575
0.44360864393143257	3.2305940810648655
0.4446312674691087	3.22345542342073
0.4456562483975033	3.2163281136762616
0.44668359215096315	3.209212118936898
0.44771330417636257	3.2021074046607216
0.4487453899331322	3.1950139346384048
0.449779854893288	3.1879316709729717
0.45081670454146017	3.180860574059373
0.4518559443749224	3.1738006025638765
0.4528975799036208	3.1667216732245698
0.4539416166502032	3.1596514384691394
0.4549880601500486	3.152592121138643
0.4560369159512962	3.1455437512549214
0.4570881896148751	3.1385063580943022
0.4581418867145335	3.1314799701763194
0.4591980128368686	3.124464615252314
0.4602565735813561	3.1174603202939415
0.4613175745603794	3.1104671114815465
0.46238102139926035	3.1034850141924375
0.46344691973628804	3.096514052989045
0.46451527522274944	3.0895542516069603
0.465586093522959	3.082605632942865
0.46665938031428866	3.0756682190423383
0.46773514128719823	3.0687420310875466
0.46881338214526524	3.0618270893848174
0.46989410860521547	3.05492341335209
0.47097732639695294	3.048031021506249
0.47206304126359055	3.041149931450331
0.4731512589614805	3.03428015986061
0.4742419852602447	3.027421722473566
0.47533522594280536	3.020574634072713
0.47643098680541573	3.0137389084753186
0.47752927365769093	3.0069145585189845
0.4786300923226384	3.000101596048102
0.47973344863668915	2.9933000319001826
0.4808393484497286	2.9865098758920485
0.4819477976251274	2.979731136805904
0.4830588020397727	2.972963822375267
0.48417236758409943	2.9662079392707654
0.4852885001621211	2.9594634930858077
0.4864072056914617	2.952730488322105
0.4875284901033864	2.9460089283750714
0.48865235934283363	2.9392988155190705
0.48977881936844625	2.932600150892536
0.4909078761526032	2.925912934482946
0.492039535681451	2.9192371651116575
0.49317380395493593	2.912572840418592
0.4943106869868355	2.9059199568467897
0.4954501908047903	2.899278509626809
0.49659232145033616	2.892648492760984
0.49773708497893604	2.8860298990075317
0.4988844874600123	2.8794227198645164
0.5000345349769786	2.8728269455536566
0.5011872336272724	2.866242565003987
0.5023425895223872	2.859669565835365
0.5035006087879049	2.8531079343418306
0.5046612975635284	2.846557655474797
0.505824662003114	2.840018712826104
0.5069907082747043	2.8334910886108977
0.5081594425605604	2.8269601054038347
0.5093308710571953	2.8204392576334576
0.5105049999754062	2.8139296306871326
0.5116818355403077	2.8074312393937024
0.5128613839913648	2.8009440976487694
0.514043651582426	2.7944682184017267
0.5152286445817564	2.7880036136426645
0.5164163692720709	2.7815502943891497
0.5176068319505677	2.775108270672881
0.5188000389289611	2.7686775515262263
0.5199959965335159	2.7622581449686114
0.5211947111050804	2.755850057992799
0.5223961889991198	2.749453296551031
0.5236004365857502	2.7430678655410357
0.5248074602497725	2.7366937687919055
0.5260172663907061	2.7303310090498476
0.5272298614228227	2.7239795879637847
0.5284452517751804	2.717639506070837
0.5296634438916578	2.7113107627816633
0.5308844442309884	2.7049933563656476
0.5321082592667942	2.698687283935976
0.5333348954876209	2.692392541434548
0.5345643593969717	2.6861091236167596
0.5357966575133416	2.6798370240361398
0.5370317963702527	2.6735762350288477
0.5382697825162883	2.667326747698017
0.5395106225151276	2.661088551897963
0.5407543229455808	2.654861636218237
0.5420008904016238	2.6486459879675355
0.5432503314924332	2.642441593157455
0.5445026528424212	2.6362484364861074
0.5457578610912709	2.6300665013215654
0.5470159628939716	2.6238957696851726
0.5482769649208538	2.6177362222346874
0.5495408738576245	2.6115878382472792
0.5508076964054034	2.6054505956023566
0.5520774392807574	2.599324470764252
0.5533501092157367	2.5932094387647346
0.5546257129579107	2.587105473185367
0.5559042572704036	2.581012546139701
0.5571857489319298	2.574930628255306
0.5584701947368308	2.5688596886556376
0.5597576014951101	2.562799694941737
0.5610479760324705	2.556750613173761
0.5623413251903491	2.5507124078523478
0.5636376558259545	2.544685041899807
0.5649369748123025	2.5386684766411456
0.5662392890382533	2.532662671784916
0.5675446054085471	2.5266675854038825
0.5688529308438415	2.520683173915531
0.5701642722807475	2.514683773395982
0.571478636671867	2.5086929575051444
0.5727960309858292	2.502712613024229
0.5741164622073276	2.4967427564799656
0.5754399373371569	2.490783403572388
0.5767664633922508	2.484834569163177
0.5780960474057181	2.4788962672639063
0.5794286964268811	2.4729685110241695
0.580764417521312	2.46705131271959
0.5821032177708715	2.4611446837397213
0.5834451042737447	2.455248634575838
0.5847900841444807	2.4493631748085902
0.5861381645140288	2.443488313095565
0.5874893525297767	2.4376240571587133
0.588843655355589	2.4317704137716625
0.5902010801718444	2.425927388746909
0.591561634175474	2.4200949869228907
0.5929253245799998	2.4142732121509334
0.5942921586155727	2.408462067282077
0.5956621435290105	2.4026615541537772
0.5970352865838369	2.396871673576483
0.5984115950603197	2.3910924253200783
0.5997910762555094	2.3853238081002175
0.6011737374832781	2.379565819564506
0.6025595860743578	2.3738184562785722
0.6039486293763798	2.3680817137119985
0.6053408747539136	2.362355586224123
0.6067363295885054	2.356640067049711
0.6081350012787179	2.350935148284489
0.6095368972401692	2.345240820870542
0.610942024905572	2.33955707458159
0.6123503917247736	2.333883898008098
0.6137620051647943	2.3282212785422813
0.6151768727098682	2.3225692023629483
0.6165950018614822	2.3169276544202075
0.618016400138416	2.311296618420044
0.6194410750767815	2.3056760768087368
0.6208690342300636	2.3000660107571442
0.6223002851691596	2.2944664001448394
0.6237348354824193	2.2888772235440986
0.6251726927756859	2.2832984582037463
0.6266138646723355	2.2777300800328466
0.628058358813318	2.2721720635842493
0.6295061828571976	2.266624382037979
0.6309573444801934	2.26108700718448
0.6324118513762195	2.2555599094077006
0.633869711256927	2.250043057668024
0.6353309318517437	2.244536419485048
0.6367955209079159	2.2390399609202
0.6382634861905487	2.233553646559198
0.6397348354826482	2.228054186393032
0.6412095765851616	2.222562981545313
0.6426877173170197	2.2170817488015784
0.6441692655151774	2.211610507415002
0.6456542290346556	2.206149275915942
0.6471426157485832	2.200698072101534
0.6486344335482385	2.1952569130251884
0.6501296903430908	2.189825814985977
0.6516283940608427	2.1844047935179276
0.6531305526474724	2.178993863379211
0.654636174067275	2.1735930385412257
0.6561452663029055	2.1682023321775716
0.6576578373554206	2.162821756652932
0.6591738952443215	2.157451323511836
0.6606934480075961	2.1520910434673177
0.662216503701762	2.146740926389474
0.6637430704019089	2.1414009812939
0.6652731562017414	2.136071216330029
0.6668067692136223	2.1307516387693504
0.6683439175686147	2.125442254993524
0.6698846094165265	2.1201430704823756
0.6714288529259524	2.11485408980178
0.6729766562843179	2.1095753165914366
0.6745280276979221	2.1043067535525193
0.6760829753919819	2.0990484024352143
0.6776415076106752	2.0938002640261426
0.6792036326171846	2.0885623381356657
0.6807693586937414	2.0833346235850634
0.6823386941416696	2.078117118193595
0.6839116472814293	2.072909818765452
0.6854882264526615	2.0677127210765662
0.6870684400142321	2.06252581986131
0.688652296344276	2.0573491087990687
0.6902398038402419	2.0521825805006895
0.6918309709189364	2.0470262264947943
0.6934258060165691	2.0418800372139825
0.6950243175887968	2.0367440019808885
0.6966265141107687	2.03161810899412
0.6982324040771714	2.0265023453140603
0.6998419960022735	2.021396696848547
0.7014552984199712	2.0163011483384037
0.7030723198838335	2.011215683342856
0.7046930689671469	2.0061402842247995
0.7063175542629619	2.0010749321359342
0.7079457843841379	1.996019607001766
0.7095777679633888	1.9909742875064684
0.711213513653329	1.9859389510776038
0.7128530301265195	1.9809135738707029
0.7144963260755133	1.9758981307537076
0.716143410212902	1.9708925952912673
0.7177942912713617	1.965878540128837
0.7194489780036994	1.9608729007529744
0.7211074791828996	1.955877036782496
0.7227698036021702	1.9508909644780605
0.72443596007499	1.9459146993834002
0.7261059574351547	1.940948256315154
0.727779804536824	1.9359916493526124
0.7294575102545687	1.9310448918273526
0.7311390834834174	1.926107996312784
0.732824533138904	1.9211809746135868
0.734513868157115	1.9162638377550514
0.7362070974947361	1.9113565959723233
0.737904230129101	1.906459258699532
0.7396052750582378	1.9015718345588286
0.7413102413009175	1.896694331349313
0.7430191378967014	1.8918267560358566
0.744731973905989	1.886969114737824
0.7464487584100665	1.8821214127176777
0.7481695005111544	1.8772836543694875
0.7498942093324559	1.8724558432073206
0.7516228940182055	1.8676379818535305
0.7533555637337174	1.862830072026926
0.7550922276654339	1.8580321145308412
0.7568328950209744	1.8532441092410836
0.7585775750291838	1.8484660550937728
0.7603262769401818	1.843697950073063
0.762079010025412	1.8389397911987564
0.7638357835776907	1.8341915745137896
0.7655966069112563	1.8294532950716174
0.7673614893618189	1.8247249469234657
0.7691304402866096	1.8200065231054747
0.7709034690644301	1.815298015625717
0.7726805850957024	1.8105994154510965
0.7744617978025188	1.8059107124941276
0.7762471166286917	1.801231895599587
0.7780365510398041	1.796562952531049
0.7798301105232588	1.791903869957288
0.7816278045883297	1.7872546334385595
0.7834296427662119	1.7826152274127571
0.7852356346100718	1.777985635181432
0.7870457896950986	1.7733658388956979
0.7888601176185545	1.768755819541991
0.7906786279998251	1.7641555569277112
0.7925013304804718	1.7595650296667231
0.7943282347242815	1.7549842151647286
0.7961593504173188	1.7504130896045031
0.7979946872679766	1.7458516279309981
0.7998342550070284	1.741299803836306
0.8016780633876791	1.7367575897444838
0.8035261221856173	1.732224956796251
0.8053784411990667	1.7276858744958918
0.8072350302488382	1.7231550638082778
0.8090958991783823	1.7186337007301826
0.8109610578538409	1.7141217929140402
0.8128305161640993	1.7096193472303471
0.8147042840208396	1.7051263697570767
0.8165823713585925	1.700642865768996
0.81846478813479	1.6961688397268806
0.8203515443298183	1.691704295266627
0.8222426499470712	1.6872492351882658
0.8241381150130024	1.6828036614448652
0.8260379495771788	1.6783675751313363
0.8279421637123342	1.6739409764731275
0.8298507675144225	1.6695238648148194
0.8317637711026711	1.665116238608605
0.8336811846196344	1.660718095402669
0.835603018231248	1.6563294318294524
0.8375292821268826	1.6519502435938138
0.8394599865193975	1.6475805254610736
0.8413951416451951	1.643220271244951
0.8433347577642755	1.638869473795389
0.84527884516029	1.634528124986261
0.8472274141405965	1.6301962157029704
0.8491804750363139	1.6258737358299284
0.8511380382023765	1.6215606742379218
0.8531001140175896	1.6172570187713569
0.8550667128846834	1.6129627562353936
0.8570378452303697	1.6086778723829522
0.8590135215053958	1.604402351901608
0.8609937521846007	1.6001361784003558
0.8629785477669704	1.5958793343962647
0.8649679187756933	1.5916318013009987
0.8669618757582167	1.5873935594072182
0.8689604292863019	1.5831645878748595
0.8709635899560808	1.5789448647172823
0.8729713683881117	1.574734366787295
0.8749837752274362	1.5705330697630486
0.8770008211436349	1.5663409481338073
0.8790225168308845	1.5621579751855794
0.8810488730080143	1.5579841229866287
0.8830799004185629	1.553819362372845
0.8851156098308356	1.5496636629329843
0.887156012037961	1.5455169929937753
0.8892011178579485	1.5413793196048902
0.8912509381337457	1.5372506085237805
0.8933054837332954	1.5331308242003683
0.895364765549594	1.5290199297616114
0.8974287945007486	1.5249178869959155
0.8994975815300353	1.5208246563374148
0.9015711376059571	1.5167401968501053
0.9036494737223016	1.5126431040788089
0.9057326008982003	1.5085530303539911
0.9078205301781859	1.5044715444068388
0.9099132726322517	1.5003986554680078
0.9120108393559097	1.496334372090985
0.9141132414702502	1.4922787021427963
0.9162204901219997	1.4882316527946355
0.9183325964835808	1.484193230512394
0.9204495717531712	1.4801634410471074
0.9225714271547631	1.47614228942531
0.9246981739382225	1.472129779939296
0.9268298233793492	1.468125916137293
0.9289663867799363	1.464130700813537
0.9311078754678302	1.4601441359982599
0.933254300796991	1.4561662229475785
0.9354056741475518	1.4521969621332895
0.9375620069258802	1.4482363532325693
0.9397233105646378	1.444284395117578
0.9418895965228413	1.4403410858449623
0.9440608762859233	1.436406422645266
0.946237161365793	1.4324804019122335
0.9484184633008971	1.4285630191920247
0.9506047936562815	1.4246542691723156
0.9527961640236519	1.420754145671311
0.9549925860214359	1.4168626416266428
0.9571940712948444	1.4129797490841738
0.9594006315159331	1.4091054591866952
0.9616122783836646	1.4052397621625172
0.9638290236239705	1.4013826473139543
0.9660508789898133	1.3975341030057074
0.9682778562612491	1.393694116653135
0.9705099672454897	1.3898626747104164
0.9727472237769651	1.3860397626586078
0.9749896377173869	1.3822253649935872
0.9772372209558107	1.3784194652138868
0.9794899854086988	1.374622045808417
0.9817479430199844	1.3708330882440734
0.9840111057611337	1.3670525729532348
0.9862794856312105	1.3632804793211417
0.9885530946569389	1.3595167856731631
0.9908319448927676	1.3557614692619453
0.9931160484209338	1.3520145062544433
0.995405417351527	1.348275871718834
0.9977000638225533	1.3445455396113088
1.	1.3408234827627492
1.0023052380778998	1.337109672865278
1.0046157902783952	1.3334040804586893
1.0069316688518044	1.329706674916754
1.0092528860766845	1.326017424433406
1.0115794542598988	1.322336296008794
1.0139113857366795	1.3186448992142703
1.016248692870696	1.3149601232003847
1.0185913880541169	1.3112833180835033
1.0209394837076802	1.30761449390245
1.023292992280754	1.303953660096129
1.0256519262514079	1.3003008254952066
1.0280162981264735	1.296655998313728
1.0303861204416165	1.2930191861406397
1.0327614057613974	1.2893903959312476
1.0351421666793441	1.2857696339985738
1.0375284158180127	1.2821569060046545
1.0399201658290596	1.2785522169517354
1.0423174293933042	1.2749555711733969
1.0447202192208003	1.271366972325586
1.0471285480508996	1.2677864233775749
1.0495424286523225	1.2642139266028185
1.051961873823223	1.2606494835697446
1.0543868963912593	1.2570930951324406
1.0568175092136585	1.2535447614212643
1.0592537251772887	1.250004481833359
1.0616955571987248	1.2464722550230851
1.064143018224316	1.2429480788923601
1.066596121230258	1.2394319505809057
1.0690548792226577	1.2359238664564105
1.0715193052376064	1.2324238221045916
1.0739894123412446	1.2289318123191733
1.076465213629835	1.2254478310917643
1.0789467222298286	1.2219718716016472
1.081433951297938	1.2185039262054675
1.0839269140212033	1.2150439864268343
1.0864256236170655	1.2115920429458138
1.0889300933334332	1.2081480855883386
1.0914403364487566	1.204712103315506
1.0939563662720937	1.2012840842127899
1.096478196143185	1.197864015479143
1.0990058394325208	1.1944518834160038
1.101539309541415	1.1910476734162012
1.104078619902073	1.1876513699527584
1.1066237839776665	1.1842629565675895
1.1091748152624008	1.1808824158601017
1.1117317272815914	1.177509729475677
1.1142945335917298	1.174144878094069
1.1168632477805611	1.1707878414176758
1.1194378834671515	1.1674385981597153
1.1220184543019636	1.1640971260322899
1.1246049739669264	1.1607634017343413
1.1271974561755105	1.1574374009394977
1.1297959146727976	1.154119098283811
1.1324003632355573	1.1508084673533758
1.1350108156723149	1.1475054806718483
1.137627285823431	1.1441962438257787
1.1402497875611686	1.1408935116100523
1.1428783347897717	1.1375983008281392
1.1455129414455354	1.1343106158514358
1.1481536214968828	1.1310304604274262
1.1508003889444356	1.1277578376713444
1.1534532578210923	1.1244927500577455
1.1561122421920986	1.1212351994120078
1.1587773561551262	1.1179851869017452
1.1614486138403426	1.114742713028153
1.1641260294104914	1.1115077776172522
1.1668096170609623	1.108280379811073
1.1694993910198712	1.1050605180587396
1.1721953655481303	1.1018481901074828
1.1748975549395297	1.0986433929935582
1.1776059735208073	1.0954461230330914
1.1803206356517297	1.0922563758128245
1.1830415557251646	1.0890741461807911
1.1857687481671602	1.0858994282368906
1.1885022274370183	1.0827322153233865
1.1912420080273751	1.0795725000153065
1.193988104464273	1.0764202741107645
1.1967405313072437	1.0732755286211786
1.1994993031493788	1.0701382537614168
1.2022644346174132	1.0670084389398342
1.2050359403717974	1.0638860727482298
1.2078138351067804	1.060771142951704
1.2105981335504823	1.0576636364784304
1.2133888504649775	1.0545635394093225
1.2161860006463678	1.0514708369676165
1.2189895989248667	1.0483855135083493
1.2217996601648717	1.0453075525077498
1.2246161992650488	1.042236936552521
1.2274392311584073	1.0391736473290363
1.2302687708123818	1.0361176656124251
1.233104833228909	1.033068971255572
1.2359474334445106	1.0300275431780022
1.238796586530369	1.0269933593546758
1.2416523075924113	1.0239663968046724
1.244514611771385	1.0209466315797828
1.2473835142429432	1.0179340387529818
1.2502590302177201	1.0149285924068152
1.2531411749414163	1.0119302656216622
1.2560299636948749	1.0089390304639092
1.2589254117941675	1.0059548579740016
1.2618275345906707	1.0029777181543986
1.2647363474711515	1.000007579957412
1.2676518658578455	0.9970444112729405
1.270574105208542	0.9940881789160882
1.2735030810166617	0.9911388486146774
1.276438808811344	0.9881786443207538
1.2793813041575246	0.9852238865925581
1.2823305826560218	0.9822758780990526
1.2852866599436155	0.9793346264394173
1.2882495516931343	0.9764001387045631
1.2912192736135342	0.9734724214701452
1.2941958414499863	0.9705514807895063
1.297179270983956	0.9676373221865568
1.3001695780332907	0.9647299506485832
1.3031667784522993	0.9618293706189927
1.3061708881318417	0.9589355859899831
1.309181922999407	0.9560486000951529
1.3121998990192034	0.9531684157020297
1.3152248321922384	0.9502950350045403
1.3182567385564075	0.9474284596153982
1.3212956341865751	0.9445686905584317
1.324341535194665	0.9417157282608265
1.3273944577297394	0.9388695725453091
1.3304544179780915	0.9360302226222444
1.333521432163324	0.9331976770816722
1.3365955165464425	0.9303719338852546
1.3396766874259352	0.9275529903581621
1.3427649611378643	0.9247408431808734
1.3458603540559484	0.9219354883809077
1.348962882591654	0.9191369213244706
1.3520725631942772	0.9163451367080316
1.3551894123510364	0.9135601285498152
1.3583134465871542	0.9107818901812214
1.3614446824659503	0.9080104142381566
1.3645831365889245	0.9052456926522954
1.3677288255958495	0.9024877166422509
1.3708817661648536	0.899736476704674
1.3740419750125157	0.8969919626052598
1.3772094688939465	0.8942541633696812
1.3803842646028852	0.8915230672744294
1.383566378971781	0.8887986618375808
1.3867558288718889	0.8860809338094672
1.3899526312133532	0.8833698691632722
1.3931568029453036	0.8806654530855302
1.3963683610559376	0.8779676699665506
1.3995873225726185	0.8752765033907398
1.4028137045619582	0.8725919361268497
1.4060475241299144	0.8699139501181243
1.4092887984218747	0.8672425264723679
1.4125375446227548	0.8645776454519115
1.4157937799570817	0.8619192864634978
1.4190575216890926	0.8592674280480674
1.4223287871228198	0.8566220478704568
1.425607593602188	0.8539831227089981
1.428893958511103	0.851350628445029
1.432187899273543	0.8487122281447196
1.435489433353656	0.8460792475393332
1.4387985782558452	0.8434525898998114
1.4421153515248688	0.8408322595776383
1.4454397707459272	0.83821826041976
1.4487718535447618	0.8356105957618051
1.452111617587742	0.8330092684212467
1.455459080581966	0.8304142806904886
1.4588142602753482	0.8278256343299025
1.4621771744567182	0.8252433305607838
1.4655478409559113	0.8226673700582534
1.468926277643867	0.8200977529440829
1.4723125024327186	0.8175344787794636
1.4757065332758947	0.8149775465576956
1.4791083881682072	0.812426954696819
1.4825180851459536	0.8098827010321689
1.4859356422870067	0.8073447828088656
1.4893610777109154	0.8048131966742322
1.492794409578996	0.8022879386701437
1.4962356560944337	0.7997690042253012
1.4996848355023733	0.7972563881474399
1.5031419660900225	0.7947500846154593
1.5066070661867417	0.7922500871714847
1.5100801541641484	0.7897563887128507
1.513561248436208	0.7872689814840171
1.5170503674593367	0.7847878570684029
1.5205475297324955	0.7823130063801502
1.5240527537972914	0.7798444196558088
1.5275660582380723	0.777382086445948
1.5310874616820302	0.7749259956066848
1.5346169827992941	0.7724761352911446
1.5381546403030348	0.7700324929408299
1.5417004529495593	0.7675950552769242
1.545254439538414	0.7651638082915038
1.5488166189124812	0.7627387372386787
1.5523870099580825	0.760319826625645
1.5559656316050743	0.7579070602036628
1.559552502826954	0.7555004209589442
1.5631476426409538	0.7530998911034653
1.5667510701081493	0.7507054520656887
1.5703628043335522	0.7483170844812073
1.5739828644662197	0.7459347681832966
1.5776112696993485	0.7435584821933888
1.5812480392703834	0.7411882047114516
1.5848931924611134	0.7388239131062894
1.5885467485977791	0.7364655839057481
1.59220872705117	0.7341131927868395
1.5958791472367329	0.7317667145657669
1.5995580286146687	0.7294261231878713
1.6032453906900417	0.7270913917174773
1.6069412530128773	0.7247514709656764
1.6106456351782708	0.7224164939865051
1.6143585568264862	0.7200872637853122
1.6180800376430662	0.7177637785924227
1.6218100973589298	0.7154460361045839
1.6255487557504842	0.7131340334780971
1.6292960326397223	0.7108277673218928
1.6330519478943346	0.7085272336905362
1.6368165214278085	0.7062324280771709
1.6405897731995396	0.703943345406396
1.6443717232149315	0.7016599800270774
1.6481623915255086	0.6993823257050908
1.651961798229015	0.6971103756160022
1.6557699634695284	0.6948441223376733
1.6595869074375604	0.692583557842808
1.6634126503701698	0.690328673491419
1.6672472125510627	0.6880794600232387
1.6710906143107078	0.6858359075500439
1.6749428760264373	0.683598005547927
1.6788040181225607	0.6813657428494811
1.6826740610704674	0.6791391076359262
1.6865530253887415	0.6769180874291515
1.690440931643264	0.6747026690836949
1.6943378004473288	0.672492838778642
1.6982436524617444	0.670288582009457
1.7021585083949509	0.6680898835797328
1.7060823890031234	0.6658967275928709
1.710015315090288	0.6637090974436826
1.7139573075084253	0.6615269758099168
1.7179083871575884	0.6593503446437059
1.721868574986007	0.6571791851629403
1.725837891990204	0.6550134778425578
1.7298163592151015	0.652853202405761
1.7338039977541384	0.6506983378151483
1.7378008287493754	0.6485488622637724
1.7418068733916146	0.6464047531661087
1.7458221529205038	0.6442659871489526
1.7498466886246573	0.6421325400422232
1.7538805018417611	0.640004386869697
1.7579236139586931	0.6378815018396451
1.7619760464116292	0.6357638583353986
1.7660378206861649	0.6336514289058167
1.770108958317421	0.6315441852556821
1.7741894808901661	0.6294420982359984
1.7782794100389228	0.6273451378342105
1.78237876744809	0.625253273164329
1.7864875748520508	0.623166472456975
1.7906058540352947	0.6210847030493262
1.7947336268325265	0.6190079313749823
1.7988709151287883	0.6169361229537329
1.803017740859569	0.6148545534192988
1.8071741260109275	0.6127767297714097
1.8113400926196026	0.6107037244532046
1.8155156627731361	0.6086355376001437
1.8197008586099834	0.6065721689138871
1.8238957023196385	0.6045136176566295
1.8281002161427427	0.6024598826453899
1.832314422371212	0.6004109622462381
1.8365383433483464	0.5983668543684769
1.8407720014689564	0.5963275564587628
1.8450154191794736	0.5942930654951766
1.8492686189780787	0.5922633779812351
1.8535316234148114	0.5902384899398516
1.857804455091699	0.588218396907234
1.8620871366628675	0.5862030939267349
1.8663796908346704	0.5841925755426349
1.8706821403658007	0.5821868357938771
1.8749945080674193	0.5801858682077371
1.8793168168032686	0.5781896657934399
1.883649089489801	0.5761982210357127
1.8879913490962936	0.5742115258882842
1.892343618644976	0.5722295717673165
1.8967059212111463	0.5702523495447854
1.9010782799233006	0.5682798495417917
1.9054607179632472	0.5663120615218179
1.9098532585662378	0.5643489746839173
1.914255925021086	0.5623905776558447
1.9186687406702891	0.5604368584871242
1.9230917289101586	0.5584878046420495
1.9275249131909356	0.556543402992627
1.9319683170169242	0.5546036398114467
1.936421963946607	0.5526685007644961
1.9408858775927782	0.5507379709039021
1.9453600816226624	0.5488120346606116
1.9498445997580456	0.5468906758370015
1.9543394557753944	0.544973877599427
1.95884467350599	0.5430616224706956
1.9633602768360463	0.5411538923224798
1.967886289706845	0.5392506683676552
1.9724227361148534	0.5373519311525747
1.976969640111861	0.5354576605492674
1.9815270258050979	0.5335678357475729
1.9860949173573716	0.5316824352471995
1.9906733389871865	0.5298014368497151
1.9952623149688797	0.5279248176504627
1.9998618696327437	0.526052554030406
2.0044720273651615	0.5241846216478989
2.0090928126087277	0.5223209954303856
2.0137242498623884	0.5204616495660201
2.0183663636815607	0.5186065574952177
2.023019178678272	0.5167418260113544
2.0276827195212817	0.5148802114942108
2.032357010936222	0.5130227326348875
2.037042077705718	0.5111693960215448
2.0417379446695296	0.5093202079538878
2.046444636724674	0.507475174439094
2.0511621788255656	0.5056343011876933
2.0558905959841414	0.5037975936094157
2.0606299132700006	0.5019650568089926
2.065380155810529	0.5001366955819262
2.0701413487910423	0.49831251441020896
2.0749135174549096	0.49649251745801076
2.079696687103696	0.4946767085673192
2.084490883097289	0.4928650912535426
2.0892961308540396	0.4910576687010683
2.0941124558508926	0.48925444375877963
2.0989398836235242	0.4874554189355314
2.1037784397664754	0.4856605963955825
2.1086281499332897	0.48386997795398357
2.1134890398366464	0.4820835650719237
2.1183611352485023	0.4803013588520308
2.123244462000219	0.4785233600336308
2.1281390459827123	0.47674956898795784
2.133044913146576	0.47497998571332534
2.1379620895022327	0.4732146098302452
2.1428906011200586	0.4714534405765083
2.1478304741305343	0.46969647680221166
2.1527817347243725	0.4679437169647467
2.157744409152667	0.46619515912373205
2.16271852372702	0.4644508009359099
2.167704104819695	0.4627106396499829
2.1727011788637443	0.4609746721014139
2.1777097723531593	0.4592428947071689
2.1827299118430012	0.4575153034604175
2.187761623949553	0.4557918939251789
2.1928049353504484	0.4540726612309234
2.197859872784825	0.45235760006711934
2.202926463053456	0.4506467046777338
2.2080047330189	0.4489399688556791
2.2130947096056377	0.4472373859372101
2.2181964198002193	0.44553894879626893
2.223309890651403	0.44384464983877936
2.2284351492703043	0.44215448099688487
2.2335722228305315	0.44046843372314043
2.23872113856834	0.43878649898464234
2.2438819237827663	0.4371086672571125
2.2490546058357817	0.4354349285189239
2.254239212152429	0.4337652722450723
2.259435770220978	0.4320996874010926
2.2646443075930596	0.4304381624369221
2.2698648518838223	0.42877249902839243
2.2750974307720706	0.4271102323647142
2.2803420720004186	0.42545196776961397
2.28559880337543	0.42379771295477076
2.2908676527677736	0.4221474753815068
2.296148648112362	0.42050126225716533
2.301441817408509	0.4188590805314477
2.306747188720069	0.4172209368927208
2.312064790175595	0.41558683776428407
2.3173946499684783	0.41395678930060503
2.3227367963571073	0.4123307973835147
2.328091257665008	0.41070886761837044
2.3334580622810033	0.40909100533017734
2.338837238659355	0.4074772155596783
2.344228815319923	0.4058675030594009
2.3496328208483073	0.4042618722896721
2.35504928389601	0.4026603274145889
2.360478233180577	0.40106287229795784
2.365919697485759	0.39946951049918894
2.371373705661655	0.3978802452691565
2.3768402866248772	0.39629507954601534
2.38231946935869	0.39471401595098304
2.3878112829131783	0.3931370567840765
2.3933157564053875	0.3915642040198141
2.3988329190194912	0.38999545930287177
2.4043628000069335	0.38843082394370304
2.4099054286865957	0.3868702989141133
2.41546083444494	0.3853138848427974
2.421029046736179	0.38376158201082994
2.4266100950824154	0.3822133903471193
2.432204009073816	0.38066930942381255
2.4378108183687526	0.3791293384516638
2.4434305526939726	0.3775934762753535
2.4490632418447453	0.37606172136876953
2.454708915685031	0.3745340718302387
2.4603676041476272	0.3730105253777197
2.46603933723434	0.37149107934394526
2.4717241450161302	0.3699757306715256
2.4774220576332864	0.36846447590799947
2.4831331052955705	0.36695731120084746
2.4888573182823914	0.3654542322924497
2.494594726942955	0.3639552345150059
2.500345361696432	0.36246031278540225
2.506109253032114	0.3609694616000347
2.511886431509581	0.3594826750295808
2.5176769277588558	0.35799994671372865
2.5234807724805757	0.3565212698558508
2.529297996446145	0.35504663721763624
2.5351286304979084	0.353576041113666
2.540972705549305	0.35210947340594645
2.5468302525850417	0.3506400072707666
2.552701302661247	0.34917401230872286
2.5585858869056453	0.3477120016515511
2.5644840365177175	0.34625398336916025
2.5703957827688635	0.3447999653015842
2.5763211570025755	0.3433499550556171
2.582260190634596	0.3419039600014182
2.588212915153092	0.34046198726908233
2.5941793621188136	0.3390240437451793
2.6001595631652723	0.33759013606925553
2.6061535499988953	0.3361602706303097
2.6121613543992064	0.3347344535632256
2.6181830082189848	0.33331269074517855
2.624218543384442	0.33189498779200083
2.6302679918953813	0.330481350054519
2.6363313858253803	0.3290717826148489
2.642408757321946	0.327666290282663
2.648500138606701	0.3262648775914147
2.654605561975539	0.32486754879453283
2.6607250597988097	0.32347430786157605
2.666858664521479	0.32208515847435254
2.6730064086633116	0.3207001040230019
2.6791683248190314	0.3193191476020418
2.6853444456585076	0.31794229200637364
2.691534803926915	0.3165695397272555
2.6977394324449206	0.31520089294823106
2.703958364108843	0.3138363535410272
2.7101916318908432	0.31247592306140487
2.7164392688390824	0.3111196027449794
2.7227013080779128	0.3097673935029937
2.7289777828080406	0.3084192959180582
2.7352687263067126	0.3070753102398465
2.741574171927882	0.3057354363807537
2.7478941531023975	0.3043996739115106
2.7542287033381663	0.3030680220567624
2.7605778562203462	0.30174047969059964
2.7669416454115114	0.3004170453320531
2.773320104651841	0.2990977171405429
2.7797132677592886	0.2977824929112884
2.7861211686297707	0.29647137007067187
2.792543841237338	0.29516434567156336
2.798981319634363	0.2938614163885983
2.805433637951713	0.29256257851341483
2.811900830398941	0.2912678279498433
2.8183829312644537	0.2899771602090562
2.8248799749157074	0.28869057040466795
2.831391995799379	0.28740805324779445
2.8379190284415565	0.2861296030420634
2.8444611074479154	0.28485521367858124
2.85101826750391	0.28358487863085186
2.8575905433749464	0.2823134568251797
2.8641779699065815	0.28104567458763924
2.8707805820246906	0.2797819119826914
2.8773984147356697	0.278522174174632
2.8840315031266055	0.2772664660701806
2.8906798823654762	0.2760147923149038
2.897343587701323	0.27476715728960965
2.904022654464451	0.27352356510670156
2.910717118066605	0.2722840196065039
2.9174270140011673	0.27104852435354737
2.924152377843335	0.26981708263282383
2.9308932452503216	0.26858969744600186
2.9376496519615305	0.267366371507609
2.9444216337987617	0.26614710724117613
2.9512092266663856	0.26493190677534834
2.9580124665515464	0.26372077193995513
2.9648313895243423	0.2625137042620471
2.971666031738027	0.2613107049618937
2.9785164294291895	0.26011177494894433
2.9853826189179604	0.25891691481775014
2.992264636608189	0.25772612484384994
2.9991625189876516	0.25653940497961464
3.0060763026282307	0.2553567548500565
3.013006024186122	0.2541781737485952
3.019951720402016	0.25300366063278845
3.0269134281013064	0.2518332141200195
3.0338911841942706	0.25066683248314753
3.04088502567628	0.24950451364611437
3.047894989627983	0.24834625517951403
3.054921113215514	0.24719205429611735
3.061963433690677	0.24604190784636001
3.069021988391158	0.2448958123137828
3.076096814740708	0.24375376381043598
3.083187950249355	0.242615758072236
3.0902954325135905	0.24148179045428342
3.097419299216581	0.24035185592613476
3.1045595881283554	0.2392259490670331
3.1117163371060186	0.23810406406109275
3.118889584093937	0.23698619469244242
3.126079367123956	0.2358723343403205
3.1332857243155856	0.23476247597412897
3.1405086938762183	0.23365661214843853
3.1477483141013156	0.23255473499795185
3.1550046233746274	0.2314568362324165
3.1622776601683795	0.23036290713149657
3.169567463043492	0.22927293853959205
3.1768740706497707	0.2281869208606163
3.1841975217261256	0.22710484405272116
3.1915378551007616	0.2260266976229791
3.198895109691399	0.22495247062201196
3.206269324505466	0.2238766708225794
3.213660538640318	0.22280433970162272
3.2210687912834346	0.22173587897440486
3.2284941217126364	0.22067129012975886
3.2359365692962827	0.21961057437118994
3.2433961734934935	0.2185537326131186
3.250872973854344	0.2175007654770932
3.2583670100200885	0.21645167328796322
3.265878321723358	0.21540645607002
3.273406948788383	0.21436511354309826
3.2809529311311905	0.21332764511864497
3.2885163087598315	0.21229404989574752
3.2960971217745776	0.21126432665712858
3.303695410368149	0.21023847386510086
3.311311214825911	0.2092164896574872
3.3189445755261047	0.208198371843499
3.326595532940045	0.2071841178995811
3.3342641276323506	0.2061737249652137
3.3419504002611427	0.20516718983867932
3.3496543915782775	0.20416450897278737
3.3573761424295467	0.20316567847056263
3.365115693754908	0.20217069408089
3.372873086588689	0.20117955119412398
3.380648362059817	0.20019224483765266
3.3884415613920256	0.19920876967142592
3.3962527259040853	0.198229119983438
3.404081897010009	0.19725328968517297
3.4119291162192864	0.1962812723070044
3.4197944251370886	0.19531306099355705
3.4276778654645046	0.19434864849902198
3.4355794789987466	0.1933880271824333
3.443499307633384	0.19243118900289752
3.451437393358563	0.1914781255147826
3.459393778261219	0.1905288278628628
3.4673685045253166	0.189583286777417
3.4753616144320576	0.18864149256928606
3.483373150360118	0.18770343512488227
3.4914031547858606	0.18676910390115573
3.499451670283573	0.18583848792051363
3.5075187395256795	0.18491157576569522
3.5156044052829816	0.183988355574598
3.523708710424871	0.1830688150350603
3.53183169791957	0.18215294137959398
3.5399734108343464	0.181240721380072
3.548133892335755	0.18033214134236578
3.5563131856898527	0.17942718710093714
3.5645113342624426	0.17852584401337845
3.5727283815192883	0.17762809695490775
3.5809643710263606	0.17673393031280962
3.5892193464500517	0.17584332798083116
3.5974933515574232	0.17494931960090448
3.6057864302164235	0.17405829947736662
3.6140986263961334	0.17317077533385006
3.6224299841669856	0.17228674719960854
3.630780547701014	0.17140621483366628
3.639150361272071	0.17052917772133155
3.6475394692560785	0.16965563507067552
3.6559479161312485	0.16878558580898154
3.664375746478333	0.16791902857915786
3.672823004980846	0.16705596173612075
3.681289736425315	0.16619638334314027
3.6897759857015027	0.16534029116815624
3.6982817978026628	0.164487682680056
3.7068072178257596	0.16363855504492184
3.715352290971726	0.16279290512223987
3.7239170625456848	0.161950729461078
3.732501577957206	0.16111202429622443
3.741105882720533	0.16027678554429467
3.7497300224548358	0.15944500879979961
3.758374042884441	0.15861668933118
3.767037989839089	0.15779182207680184
3.77572190925416	0.15697040164091866
3.7844258471709336	0.1561524222895927
3.793149849736819	0.1553378779465828
3.801893963205613	0.15452676218919137
3.81065823393773	0.1537190682440766
3.8194427084004663	0.15291478898302285
3.8282474331682264	0.15211391691867684
3.8370724549227884	0.15131644420024098
3.8459178204535354	0.1505223626091307
3.8547835766577188	0.14973166355459
3.8636697705406915	0.1489443380692695
3.8725764492161727	0.14816037680476193
3.8815036599064823	0.1473797700271
3.8904514499428067	0.1466025076122108
3.899419866765434	0.14582857904133145
3.908408957924021	0.14505797339638168
3.9174187710778305	0.14429067935529644
3.926449353995999	0.14352668518731376
3.9355007545577743	0.14276597874822405
3.944573020752785	0.14200854747557276
3.953666200681279	0.14125437838382313
3.9627803425543955	0.14050345805947287
3.971915494694403	0.13975577265613
3.981071705534973	0.13901130788954114
3.9902490236214203	0.13827004903257917
3.9994474976109755	0.137531980910182
4.008667176273028	0.13679708789425024
4.0179081084894	0.13606535389849578
4.027170343254591	0.13533676237324707
4.036453929676051	0.13460405807176312
4.045758916974426	0.13387389720546927
4.055085354483839	0.13314680863922895
4.0644332916521275	0.13242279282687533
4.073802778041128	0.13170184999459164
4.083193863326921	0.1309839801379586
4.09260659730011	0.13026918301897228
4.1020410298660686	0.1295574581630368
4.111497211045223	0.12884880485592545
4.120975190973302	0.12814322214071758
4.130475019901614	0.1274407088147035
4.139996748197304	0.12674126342626368
4.149540426343631	0.1260448842717165
4.1591061049402205	0.12535156939213868
4.168693834703355	0.12466131657015504
4.178303666466218	0.12397412332670006
4.187935651179185	0.12328998691774788
4.1975898399100755	0.1226089043310139
4.207266283844442	0.12193087228262395
4.216965034285822	0.12125588721375563
4.226686142656031	0.12058394528724574
4.2364296604954115	0.1199150423841695
4.24619563946313	0.11924917410038566
4.2559841313374305	0.11858633574305268
4.265795188015928	0.11792652232711054
4.275628861515862	0.1172697285717328
4.285485203974396	0.11661594889674402
4.295364267648873	0.11596517741900642
4.3052661049171075	0.11531740794877228
4.3151907682776525	0.11467263398600427
4.325138310350088	0.11403084871666103
4.335108783875289	0.11339204500895067
4.345102241715717	0.11275621540954865
4.355118736855686	0.11212335213978264
4.365158322401661	0.11149344709178201
4.375221051582521	0.1108664918245933
4.385306977749858	0.11024247756025948
4.395416154378245	0.10962139517986529
4.405548635065534	0.10900323521954534
4.4157044735331255	0.10838798786645785
4.425883723626267	0.10777564295472043
4.436086439314326	0.10716618996131136
4.446312674691089	0.10655961800193166
4.456562483975033	0.10595591582683256
4.466835921509633	0.10535507181660322
4.477133041763626	0.10475707397792276
4.487453899331323	0.10416190993927239
4.49779854893288	0.1035695669466112
4.508167045414603	0.10298003185901117
4.518559443749224	0.1023932911442553
4.528975799036209	0.10180396781823163
4.539416166502032	0.1012169923328036
4.549880601500488	0.10063275512520019
4.560369159512962	0.10005125506425509
4.570881896148752	0.09947249079933487
4.581418867145335	0.09889646075756826
4.591980128368688	0.09832316314104778
4.6025657358135605	0.09775259592400676
4.613175745603796	0.09718475684996968
4.623810213992603	0.09661964342887697
4.634469197362879	0.09605725293418226
4.645152752227495	0.09549758239992363
4.6558609352295885	0.094940628617769
4.666593803142887	0.09438638813403147
4.677351412871981	0.09383485724666112
4.688133821452653	0.09328603200220549
4.698941086052153	0.09273990819274579
4.709773263969529	0.09219648135280198
4.720630412635905	0.09165574675621219
4.731512589614805	0.09111769941298171
4.7424198526024455	0.09058233406610494
4.753352259428054	0.09004964518835669
4.7643098680541565	0.08951962697905624
4.775292736576909	0.08899227336080015
4.786300923226383	0.08846757797616708
4.797334486366892	0.08794553418439127
4.808393484497285	0.08742613505800732
4.819477976251274	0.08690937337946329
4.830588020397726	0.08639524163770447
4.841723675840994	0.08588373202472502
4.8528850016212095	0.08537483643208992
4.864072056914616	0.08486854644742409
4.875284901033862	0.08436485335087149
4.886523593428336	0.08386374811152057
4.897788193684462	0.0833652213837998
4.909078761526032	0.08286926350383846
4.920395356814509	0.08237586448579705
4.9317380395493595	0.08188501401816288
4.943106869868354	0.08139670146001424
4.954501908047903	0.08091091583724944
4.96592321450336	0.0804276458387841
4.97737084978936	0.07994687981271234
4.9888448746001215	0.07946860576243589
5.000345349769786	0.07899281134275675
5.011872336272722	0.07851948385593703
5.0234258952238715	0.07804861024772156
5.035006087879047	0.07758017710332749
5.046612975635284	0.07711417064339614
5.05824662003114	0.07665057671991077
5.0699070827470445	0.07618938081207649
5.081594425605605	0.07572537833513791
5.093308710571955	0.07526333894255753
5.105049999754062	0.07480363904249734
5.116818355403078	0.07434627613922377
5.1286138399136485	0.0738912475312237
5.140436515824262	0.07343855030867215
5.152286445817564	0.07298818135087788
5.16416369272071	0.07254013732370446
5.176068319505676	0.07209441467696892
5.188000389289612	0.07165100964181552
5.199959965335159	0.07120991822806685
5.211947111050805	0.07077113622154908
5.223961889991197	0.07033465918139489
5.236004365857504	0.06990048243731975
5.248074602497725	0.06946860108687554
5.2601726639070625	0.06903900999267731
5.2722986142282275	0.06861170377960646
5.284452517751805	0.06818667683198741
5.296634438916578	0.06776392329073969
5.308844442309884	0.06734343705050334
5.321082592667942	0.06692521175673931
5.333348954876211	0.06650924080280261
5.345643593969716	0.06609551732699039
5.357966575133418	0.06568403420956176
5.370317963702527	0.06527478406973297
5.382697825162884	0.06486775926264299
5.3951062251512765	0.06446295187629433
5.4075432294558095	0.06406035372846457
5.420008904016238	0.0636599563635913
5.432503314924333	0.06326175104962839
5.445026528424211	0.06286572877487508
5.4575786109127105	0.062471880244775416
5.470159628939716	0.06208019587869069
5.482769649208539	0.06169066580664134
5.495408738576246	0.06130327986602149
5.508076964054036	0.06091802759828286
5.520774392807573	0.06053489824559013
5.533501092157368	0.060153880747445786
5.546257129579107	0.059774963737285886
5.559042572704037	0.05939813553904446
5.5718574893192985	0.05902338416368879
5.584701947368309	0.058650697305722636
5.597576014951102	0.05828006233965965
5.610479760324706	0.057911466316464766
5.623413251903491	0.05754489595996485
5.6363765582595455	0.05718033766322681
5.649369748123025	0.05681777748490485
5.6623928903825345	0.05645720114555424
5.675446054085471	0.05609859402391406
5.688529308438416	0.05574194115315572
5.701642722807475	0.05538162227122903
5.714786366718672	0.05502278951302737
5.727960309858292	0.05466585029668316
5.741164622073277	0.05431080287789303
5.7543993733715695	0.0539576453507349
5.767664633922509	0.053606375645670425
5.780960474057181	0.053256991527530315
5.794286964268812	0.052909490593479824
5.807644175213121	0.05256387027096727
5.821032177708716	0.052220127815652176
5.834451042737448	0.05187826030931572
5.847900841444809	0.0515382646577512
5.861381645140288	0.05120013758863613
5.874893525297769	0.050863875649384035
5.88843655355589	0.050529475204977664
5.902010801718445	0.05019693243578149
5.91561634175474	0.04986624333533555
5.9292532458	0.04953740370812781
5.942921586155727	0.04921040916734789
5.956621435290106	0.048885255132619085
5.970352865838369	0.048561936827711094
5.984115950603199	0.04824044927823079
5.997910762555095	0.04792078730929361
6.011737374832782	0.047602945543172376
6.025595860743578	0.0472869183969265
6.0394862937638	0.046972700080008395
6.0534087475391365	0.04666028459184969
6.067363295885055	0.046349665719424546
6.08135001278718	0.046040837034792156
6.095368972401694	0.04573379189261637
6.109420249055721	0.045428523427663826
6.123503917247737	0.04512502455227887
6.137620051647943	0.044823287953836964
6.151768727098683	0.04452330609217403
6.165950018614822	0.04422507119699432
6.180164001384161	0.04392857526525366
6.1944107507678146	0.04363381005852088
6.208690342300634	0.043340767100314315
6.223002851691596	0.04304943767341577
6.237348354824191	0.04275981281716018
6.251726927756859	0.04247188332470079
6.266138646723353	0.04218563974025104
6.2805835881331795	0.0419010723563009
6.295061828571975	0.04161817121080968
6.309573444801933	0.04133692608437288
6.324118513762193	0.04105732649736504
6.33869711256927	0.04077936170705647
6.353309318517436	0.040503020704705406
6.367955209079159	0.04022829221262357
6.382634861905486	0.039955164681216904
6.397348354826482	0.039679450734928935
6.412095765851615	0.03940498816234576
6.4268771731701975	0.03913208003619209
6.441692655151772	0.03886072459778778
6.456542290346556	0.03859091995273312
6.471426157485831	0.03832266406924687
6.486344335482385	0.038055954776488314
6.501296903430906	0.03779078976286489
6.516283940608428	0.03752716657432331
6.531305526474723	0.03726508261262623
6.546361740672751	0.037004535133612085
6.561452663029053	0.03674552124544021
6.576578373554206	0.03648803790681897
6.591738952443213	0.03623208192521874
6.606934480075961	0.035977649955067734
6.622165037017619	0.03572473849593255
6.637430704019089	0.03547334389068109
6.652731562017413	0.03522346232363
6.668067692136222	0.03497508981867424
6.6834391756861455	0.034728222237400894
6.698846094165265	0.03448285527718498
6.714288529259523	0.03423898446926897
6.729766562843179	0.03399660517682404
6.745280276979219	0.033755712592995125
6.760829753919819	0.033516301738927085
6.77641507610675	0.03327836746177434
6.792036326171846	0.03304190443269164
6.807693586937414	0.0328069071448078
6.823386941416698	0.032573369911180365
6.839116472814292	0.03234128686273282
6.8548822645266165	0.03211065194617263
6.870684400142321	0.0318814589218914
6.886522963442762	0.03165370136184564
6.902398038402419	0.03142737264741935
6.918309709189366	0.031202465967266727
6.934258060165691	0.03097897431513664
6.9502431758879695	0.030756890487676925
6.966265141107686	0.030536207082219862
6.982324040771715	0.03031691649454734
6.998419960022734	0.030099010916637095
7.014552984199714	0.029882482334387856
7.030723198838334	0.02966732252532559
7.046930689671471	0.029453523056288445
7.06317554262962	0.029241075281091933
7.07945784384138	0.02902997033817307
7.095777679633888	0.028820199148214116
7.112135136533292	0.028611752411744996
7.128530301265195	0.028404620606725033
7.1449632607551345	0.02819879398610298
7.16143410212902	0.02799426257535611
7.177942912713619	0.02778753599537648
7.194489780036995	0.02758181255764934
7.211074791828998	0.027377344511757017
7.227698036021702	0.027174130040227243
7.2443596007499025	0.02697216721165275
7.261059574351547	0.026771453979312455
7.277798045368242	0.026571988179779352
7.294575102545687	0.0263737675315165
7.311390834834176	0.026176789633459405
7.3282453313890406	0.025981051963586462
7.345138681571151	0.025786551877475482
7.362070974947361	0.025593286606847968
7.379042301291012	0.02540125325809963
7.396052750582378	0.025210448810818024
7.413102413009177	0.025020870116286256
7.430191378967014	0.024832513895973986
7.447319739059893	0.02464537674001391
7.464487584100665	0.024459455105665398
7.481695005111545	0.02427474531576339
7.498942093324558	0.024091243557154342
7.516228940182057	0.023908945879117145
7.533555637337174	0.023727848191770737
7.550922276654341	0.023547946264466636
7.568328950209744	0.023369235724167835
7.58577575029184	0.023191712053812534
7.603262769401819	0.023015370590663754
7.620790100254123	0.022840206524643757
7.638357835776907	0.022666214896654074
7.655966069112566	0.022493390596880054
7.67361489361819	0.02232172836308078
7.691304402866098	0.022151222778863316
7.709034690644301	0.021981868271942068
7.726805850957025	0.021813659112382217
7.744617978025188	0.021646589410827963
7.76247116628692	0.021480653116714685
7.78036551039804	0.021315844016465715
7.798301105232589	0.021152155731672506
7.816278045883297	0.02098958171725949
7.83429642766212	0.020828115259631883
7.852356346100718	0.020667749474807914
7.870457896950989	0.020508477306533875
7.888601176185544	0.02035029152438322
7.906786279998253	0.020193184721838217
7.925013304804718	0.02003714931435544
7.943282347242818	0.0198821775374136
7.961593504173188	0.01972826144454474
7.979946872679768	0.0195753929053477
7.9983425500702845	0.019423563603484618
8.016780633876794	0.0192727650346594
8.035261221856173	0.01912298850457892
8.05378441199067	0.018971188671391567
8.072350302488383	0.018820156090513487
8.090958991783825	0.018670110884496438
8.109610578538408	0.01852105151107364
8.128305161640995	0.018372976337599274
8.147042840208396	0.01822588363995994
8.165823713585926	0.018079771601475787
8.1846478813479	0.017934638311792008
8.203515443298185	0.017790481765760084
8.222426499470712	0.017647299862308955
8.241381150130026	0.017505090403305883
8.260379495771788	0.017363851092407283
8.279421637123345	0.017223579533898626
8.298507675144226	0.017084273231524626
8.317637711026709	0.016945929587308065
8.336811846196344	0.016808545900358615
8.356030182312479	0.016672119365670642
8.375292821268827	0.01653664707291013
8.394599865193973	0.016402126005191014
8.413951416451951	0.01626855303784009
8.433347577642753	0.016135924937151325
8.452788451602899	0.01600423835912859
8.472274141405963	0.01587348984821744
8.491804750363139	0.015743675836025293
8.511380382023763	0.015614792640030503
8.531001140175896	0.015486836462279475
8.550667128846833	0.015359803388072631
8.570378452303697	0.01523368938463824
8.590135215053957	0.015108490299794771
8.609937521846007	0.014984201860601114
8.629785477669701	0.014860819671994983
8.649679187756934	0.014738339215419019
8.669618757582166	0.014616755847435062
8.689604292863018	0.014496064798325624
8.709635899560805	0.0143762611706835
8.729713683881117	0.014257339937988488
8.74983775227436	0.014139295943171884
8.770008211436348	0.0140221238971679
8.790225168308842	0.01390581837745271
8.810488730080142	0.01379037382657026
8.830799004185627	0.013675784550645366
8.851156098308357	0.013562044717883498
8.871560120379607	0.013449148357057593
8.892011178579486	0.013337089355981272
8.912509381337454	0.01322586145996906
8.933054837332953	0.013115458270282612
8.953647655495937	0.013005873242563816
8.974287945007486	0.012897099685253693
8.994975815300352	0.012789130757997912
9.01571137605957	0.012681959470037953
9.036494737223014	0.012573237449289355
9.057326008982002	0.012465116031157906
9.078205301781857	0.012357764639926053
9.099132726322518	0.012251181783329481
9.120108393559097	0.012145365895322485
9.141132414702504	0.01204031533519996
9.162204901219997	0.011936028386711855
9.183325964835811	0.011832503257169221
9.204495717531712	0.011729738076542567
9.225714271547634	0.011627730896551641
9.246981739382225	0.01152647968974752
9.268298233793494	0.01142598234858589
9.289663867799362	0.011326236684492511
9.311078754678306	0.011227240426919787
9.33254300796991	0.011128991222395322
9.354056741475521	0.011031486633561498
9.375620069258803	0.010934724138206868
9.39723310564638	0.01083870112828848
9.418895965228414	0.010743414908945809
9.440608762859236	0.01064886269750553
9.462371613657929	0.010555041622477767
9.484184633008974	0.010461948722542984
9.506047936562814	0.010369580945530261
9.527961640236521	0.01027793514738606
9.549925860214358	0.0101870080911342
9.571940712948447	0.010096796445826225
9.594006315159332	0.010007296785482782
9.616122783836648	0.00991850558802529
9.638290236239705	0.009830419234198421
9.660508789898136	0.009743034006482775
9.68277856261249	0.009656346087998185
9.7050996724549	0.009570351561397034
9.727472237769652	0.009485046407748136
9.749896377173872	0.009400426505410361
9.772372209558107	0.009316487628896761
9.79489985408699	0.00923322544772824
9.817479430199844	0.00915063552527754
9.84011105761134	0.00906871331760271
9.862794856312105	0.008987454172270612
9.885530946569391	0.008906853327169787
9.908319448927676	0.008826905909313244
9.93116048420934	0.008747606933630398
9.954054173515269	0.008668951301748731
9.977000638225535	0.008590933800764556
10.	0.008513549102003196
10.023052380778994	0.008436791759768154
10.046157902783957	0.008360656210079496
10.069316688518045	0.008285136769401276
10.092528860766844	0.008210227633357575
10.115794542598982	0.008135922875437669
10.1391138573668	0.008060268156973272
10.16248692870696	0.007985053640796493
10.18591388054117	0.007910420216136702
10.209394837076797	0.007836366544687
10.232929922807546	0.007762891229993187
10.256519262514079	0.00768999281676972
10.280162981264736	0.007617669790209142
10.303861204416158	0.0075459205752856475
10.32761405761398	0.007474743536052142
10.351421666793442	0.007404136974931236
10.375284158180126	0.007334099131999519
10.39920165829059	0.007264628184265686
10.423174293933046	0.0071957222449421186
10.447202192208003	0.0071273793627100014
10.471285480508996	0.007059597520977635
10.495424286523221	0.006992374637132405
10.519618738232236	0.006925708561785872
10.543868963912592	0.0068595970780123425
10.568175092136585	0.006794037900580294
10.592537251772887	0.006729028675177309
10.616955571987253	0.006664566977627915
10.641430182243164	0.006600650313104636
10.665961212302578	0.006537276115331751
10.690548792226577	0.006474441745782273
10.71519305237607	0.006412144492867661
10.739894123412451	0.006350381571120459
10.76465213629835	0.006289150120369505
10.789467222298287	0.006228447204908043
10.814339512979387	0.00616826981265439
10.83926914021204	0.006108614854305288
10.864256236170656	0.006049479162481565
10.889300933334333	0.005990859490866521
10.91440336448757	0.005932752513336578
10.939563662720943	0.005875154823084381
10.964781961431852	0.0058180629317340395
10.990058394325208	0.005761473268448731
11.015393095414156	0.005705382179030405
11.040786199020735	0.005649785925011722
11.066237839776663	0.00559468068273975
11.091748152624008	0.005540062542451956
11.117317272815919	0.005485927507343893
11.142945335917304	0.00543227149262893
11.168632477805613	0.005379090324589516
11.194378834671515	0.0053263797396204075
11.220184543019629	0.0052741353832634185
11.24604973966927	0.005222352809233775
11.271974561755105	0.005171027478438121
11.297959146727976	0.005120154757983711
11.324003632355566	0.005069729920179271
11.350108156723154	0.005019748141527
11.37627285823431	0.004968601099855203
11.402497875611685	0.004917762126130007
11.428783347897712	0.0048673472376873726
11.45512941445536	0.00481735540644808
11.481536214968829	0.004767785561483957
11.508003889444357	0.004718636588515694
11.534532578210918	0.00466990732940638
11.561122421920993	0.004621596581650355
11.587773561551263	0.00457370309785759
11.614486138403427	0.004526225585233246
11.641260294104908	0.004479162705052743
11.66809617060963	0.004432513072132013
11.694993910198711	0.004386275254293189
11.721953655481304	0.004340447771825211
11.748975549395292	0.0042950290969399054
11.776059735208078	0.0042500176532230365
11.803206356517299	0.004205411815080605
11.830415557251646	0.004161209907180024
11.857687481671597	0.00411741020388647
11.88502227437019	0.004074010928694176
11.91242008027375	0.0040310102536527306
11.93988104464273	0.0039884062987880975
11.967405313072431	0.003946197131518731
11.994993031493793	0.003904380766066364
12.02264434617413	0.0038629551628616855
12.050359403717973	0.003821918227944626
12.078138351067798	0.0037812678123594597
12.10598133550483	0.003741001711544515
12.133888504649775	0.0037011176647165664
12.161860006463678	0.003661613354249637
12.189895989248662	0.00362248640504851
12.217996601648723	0.0035837343839166076
12.246161992650489	0.0035453547989184363
12.274392311584071	0.003507345098736234
12.30268770812381	0.0034697026720211443
12.331048332289097	0.0034324248467386314
12.359474334445107	0.0033955088895082104
12.387965865303691	0.0033589520049372478
12.416523075924106	0.0033227513349491167
12.445146117713856	0.003286903958105349
12.473835142429433	0.0032514068889219804
12.5025903021772	0.0032162570771797675
12.531411749414156	0.0031814514072285465
12.560299636948754	0.0031469866972854248
12.589254117941675	0.003112859698726958
12.618275345906707	0.0030790670953750364
12.64736347471151	0.003045605502776679
12.67651865857846	0.0030124714674775125
12.705741052085418	0.002979661466288996
12.735030810166617	0.0029471719055491866
12.764388088113435	0.002913827382183822
12.793813041575252	0.0028807045111846684
12.823305826560219	0.002847888005875409
12.852866599436155	0.002815377044355281
12.882495516931336	0.0027831707729374113
12.912192736135347	0.002751268305779242
12.941958414499863	0.0027196687245097106
12.971792709839558	0.002688371077852976
13.001695780332899	0.0026573743812488616
13.031667784523	0.0026266776164698665
13.061708881318419	0.002596279731234816
13.09181922999407	0.0025661796388189283
13.121998990192028	0.0025363762176605115
13.15224832192239	0.0025068683109641223
13.182567385564074	0.002477654726300222
13.212956341865752	0.002448734235201161
13.243415351946643	0.002420105572753701
13.273944577297401	0.0023917674371878254
13.304544179780914	0.002363718489461991
13.33521432163324	0.002335957352844565
13.365955165464419	0.002308482612491682
13.396766874259358	0.002281292815021295
13.427649611378643	0.0022543864680835083
13.458603540559483	0.0022277620399270286
13.489628825916533	0.002201417958961873
13.52072563194278	0.0021753526133181655
13.551894123510364	0.002149564350401117
13.583134465871542	0.0021240514764419498
13.614446824659497	0.0020988122560450084
13.645831365889252	0.0020738449117308068
13.677288255958494	0.002049147623475128
13.708817661648537	0.0020247185282439646
13.740419750125149	0.002000555719524504
13.772094688939474	0.0019766572468519197
13.803842646028853	0.0019530211153320936
13.83566378971781	0.0019296452851600538
13.867558288718882	0.001906527671134304
13.89952631213354	0.001883666142166856
13.931568029453036	0.0018610585207890354
13.963683610559377	0.0018387025826528854
13.995873225726179	0.0018165960560283217
14.028137045619589	0.001794736621295846
14.060475241299143	0.0017731219104349155
14.092887984218748	0.0017517495065077465
14.12537544622754	0.001730616943138759
14.157937799570824	0.0017097217039894138
14.190575216890926	0.0016890612222285784
14.223287871228198	0.001668632879998187
14.25607593602188	0.001648434007874382
14.288939585111036	0.0016284618843239273
14.321878992735439	0.0016078889097287997
14.35489433353656	0.0015874727522281753
14.387985782558452	0.0015672728448647888
14.421153515248696	0.0015472884070006174
14.45439770745928	0.0015275186330024446
14.487718535447618	0.0015079626919572721
14.52111617587742	0.0014886197273852686
14.554590805819668	0.0014694888569501182
14.58814260275349	0.0014505691721668531
14.621771744567184	0.0014318597381069965
14.655478409559112	0.0014133595931011772
14.689262776438676	0.0013950677484390465
14.723125024327194	0.0013769831880666166
14.757065332758946	0.0013591048682807978
14.791083881682072	0.001341431717421348
14.825180851459544	0.0013239626355600323
14.859356422870075	0.001306696494187098
14.893610777109155	0.0012896321358948997
14.92794409578996	0.0012727683740588155
14.962356560944343	0.0012561039925153045
14.99684835502374	0.0012396377452371843
15.031419660900225	0.001223368356005971
15.066070661867418	0.0012072945180814224
15.100801541641477	0.0011914148938681332
15.135612484362087	0.0011757281145792285
15.170503674593368	0.0011602327798971173
15.205475297324954	0.0011449274576312276
15.240527537972907	0.0011298106833728134
15.275660582380732	0.0011148809601466947
15.310874616820303	0.0011001367580600022
15.346169827992941	0.0010855765139477919
15.381546403030342	0.0010711986310156369
15.4170045294956	0.0010570014784790581
15.452544395384141	0.0010429833911998604
15.488166189124811	0.001029142669319245
15.523870099580817	0.0010154775778877894
15.55965631605075	0.001001986346492181
15.595525028269538	0.0009886671688787434
15.631476426409538	0.0009755182025736446
15.667510701081484	0.0009625375684998673
15.70362804333553	0.0009497233505908314
15.739828644662197	0.0009370735954007118
15.776112696993485	0.0009245863117113175
15.812480392703826	0.000912259470135649
15.848931924611142	0.0009000910027179849
15.88546748597779	0.0008880788025305623
15.9220872705117	0.0008762207232667211
15.95879147236732	0.000864514578830599
15.995580286146694	0.0008529581429232656
16.032453906900418	0.0008415491486253266
16.069412530128773	0.0008295941494869247
16.106456351782697	0.000817728031211727
16.143585568264868	0.0008060006168613846
16.18080037643066	0.0007944112783929927
16.218100973589298	0.0007829593700582418
16.255487557504836	0.000771644228205212
16.292960326397232	0.0007604651710783882
16.330519478943348	0.0007494214986169257
16.368165214278086	0.0007385124922510996
16.40589773199539	0.0007277374146969887
16.443717232149325	0.0007170955097493345
16.481623915255085	0.0007065860020725951
16.51961798229015	0.0006962080969901101
16.557699634695275	0.0006859609802714675
16.595869074375614	0.0006758438179179621
16.634126503701697	0.0006658557559462046
16.672472125510627	0.0006559959201697824
16.71090614310707	0.0006462634159790532
16.749428760264383	0.000636657328118981
16.788040181225607	0.0006271767204650556
16.82674061070467	0.0006178206357972032
16.865530253887407	0.0006085880955717711
16.90440931643265	0.0005994780996914935
16.94337800447329	0.0005904896262734687
16.982436524617444	0.0005816216314150843
17.0215850839495	0.0005728730489579314
17.060823890031244	0.0005642427902496455
17.10015315090288	0.0005557297439037029
17.139573075084254	0.0005473327755570812
17.179083871575877	0.0005390507276258651
17.21868574986008	0.0005308824190586958
17.25837891990204	0.0005228266450881158
17.298163592151013	0.0005148821769797178
17.338039977541374	0.0005070477617791563
17.378008287493763	0.0004993221220569533
17.418068733916144	0.0004917039556511171
17.458221529205037	0.00048419193540749856
17.498466886246565	0.0004767847089179518
17.53880501841762	0.00046948089825620383
17.579236139586932	0.00046227909971147373
17.619760464116293	0.0004551778835197677
17.66037820686164	0.0004481757935928845
17.70108958317422	0.00044127134724508183
17.741894808901662	0.00043446303491740735
17.78279410038923	0.00042774931989962936
17.82378767448089	0.00042112863804981963
17.864875748520518	0.0004145993975115031
17.906058540352948	0.00040815997842841365
17.947336268325266	0.00040180873265676607
17.988709151287875	0.0003955439834751052
18.030177408595698	0.00038883498610170947
18.071741260109274	0.00038216778407949956
18.113400926196025	0.0003755805812340463
18.15515662773135	0.00036907296570066117
18.197008586099845	0.0003626445147283333
18.238957023196384	0.0003562947945589784
18.281002161427427	0.0003500233603055929
18.323144223712113	0.0003438297558293631
18.365383433483473	0.00033771351361567854
18.407720014689563	0.0003316741546490618
18.450154191794738	0.00032571118828698503
18.492686189780777	0.00031982411213259354
18.535316234148123	0.00031401241190630156
18.57804455091699	0.00030827556131627796
18.620871366628677	0.00030261302192776995
18.663796908346693	0.00029702424303131085
18.706821403658015	0.00029150866150975404
18.74994508067419	0.0002860657017041673
18.793168168032686	0.0002806947752785265
18.836490894898002	0.0002753952810832547
18.879913490962945	0.00027016660501755603
18.92343618644976	0.00026500811989056504
18.967059212111465	0.0002599191852812635
19.010782799232995	0.0002548991473972044
19.054607179632484	0.0002499473389319895
19.098532585662387	0.00024506307892152715
19.14255925021086	0.00024024567259901724
19.18668740670289	0.0002354944112487032
19.230917289101594	0.00023080857205834301
19.275249131909366	0.00022618741797041417
19.31968317016924	0.00022163019753201237
19.364219639466068	0.00021713614474347354
19.408858775927794	0.00021270447890567285
19.453600816226633	0.00020833440446602305
19.498445997580454	0.00020402511086311777
19.543394557753942	0.00019977577237006338
19.58844673505991	0.00019558554793644228
19.633602768360475	0.00019145358102893431
19.67886289706845	0.0001873789994705429
19.724227361148536	0.00018336091527846167
19.76969640111862	0.00017939842450053858
19.81527025805099	0.00017549060705034385
19.860949173573715	0.0001716365265408096
19.906733389871864	0.00016783523011645881
19.952623149688808	0.00016408574828419005
19.998618696327448	0.00016038709474262174
20.044720273651613	0.00015673826620996305
20.090928126087277	0.00015313824225042847
20.137242498623895	0.00014958598509916263
20.183663636815616	0.00014608043948567855
20.23019178678272	0.00014262053245577716
20.276827195212817	0.00013920517319196358
20.32357010936221	0.0001358332528323264
20.37042077705719	0.00013250364428787716
20.417379446695296	0.00012921520205834352
20.46444636724674	0.00012596676204638222
20.511621788255646	0.00012275714137022955
20.558905959841425	0.00011958513817475196
20.606299132700006	0.00011644953144090628
20.65380155810529	0.00011334908079356744
20.701413487910415	0.00011028252630774486
20.749135174549107	0.00010724858831315062
20.79696687103696	0.0001042459671971213
20.844908830972887	0.00010127334320586342
20.892961308540386	0.00009832937624403017
20.941124558508935	0.00009541270567260173
20.989398836235246	0.00009252195010506648
21.03778439766475	0.00008965570720187201
21.086281499332888	0.00008681255346315651
21.134890398366476	0.00008399104401972857
21.183611352485023	0.00008118971242229497
21.23244462000219	0.00007840707042890535
21.28139045982711	0.00007564160779062018
21.330449131465773	0.0000728917920353751
21.379620895022324	0.00007015606825003638
21.428906011200585	0.00006743285886061642
21.47830474130533	0.00006472056341066036
21.527817347243737	0.00006201755833776738
21.57744409152667	0.00005932219674825023
21.6271852372702	0.000056632808189895855
21.67704104819694	0.000053947698422838596
21.727011788637455	0.00005126514918851207
21.77709772353159	0.0000485834179766776
21.827299118430012	0.00004590073779049705
21.87761623949552	0.00004321531690965808
21.9280493535045	0.00004052533865151784
21.978598727848254	0.000037828961130261904
22.02926463053456	0.000035124317014049395
22.080047330188993	0.000032409513280145194
22.13094709605639	0.000029682630968012757
22.181964198002195	0.00002694172493035849
22.23309890651403	0.00002418482358209756
22.28435149270303	0.000021409928647247297
22.335722228305325	0.00001861501490371472
22.3872113856834	0.00001579802992597196
22.438819237827662	0.000012956893825590463
22.490546058357804	0.00001008949898963566
22.542392121524305	7.1937098168897965e-6
22.59435770220978	4.2673624518997974e-6
22.646443075930595	1.3082645168131028e-6