0.1	5.070372417522832
0.10023052380778996	5.065841933007717
0.10046157902783952	5.0613109896261586
0.10069316688518042	5.056773479790302
0.10092528860766845	5.052233289763109
0.10115794542598985	5.047692572811451
0.10139113857366794	5.043151332798988
0.10162486928706957	5.038609573338922
0.1018591388054117	5.034067297790259
0.102093948370768	5.02952450925404
0.10232929922807542	5.024981210569527
0.10256519262514076	5.020437404310363
0.10280162981264736	5.015893092780681
0.10303861204416162	5.011348278011194
0.10327614057613975	5.0068029617552225
0.10351421666793438	5.002257145484698
0.10375284158180126	4.997710830386137
0.10399201658290592	4.993164017356541
0.10423174293933042	4.9886167069993075
0.10447202192208001	4.9840688996200475
0.10471285480508996	4.9795205952224055
0.10495424286523224	4.974971793503816
0.1051961873823223	4.970422493851222
0.1054386896391259	4.965872695336762
0.10568175092136585	4.961322396713399
0.10592537251772889	4.956771596410527
0.10616955571987247	4.952220292529517
0.10641430182243161	4.94766848283923
0.10665961212302578	4.9431161647714905
0.1069054879222658	4.938563335416505
0.10715193052376065	4.934009991518242
0.10739894123412448	4.929456129469777
0.1076465213629835	4.924901745308574
0.10789467222298288	4.920346834711741
0.1081433951297938	4.915791392991229
0.10839269140212036	4.911235415088989
0.10864256236170655	4.906678895572084
0.10889300933334335	4.902121828627747
0.10914403364487565	4.897564208058406
0.10939563662720939	4.893006027276651
0.1096478196143185	4.888447279300155
0.10990058394325211	4.883887956746548
0.11015393095414151	4.879328051828252
0.11040786199020733	4.874767556347245
0.11066237839776664	4.8702064616898
0.11091748152624012	4.8656447588211575
0.11117317272815914	4.861082438280162
0.11142945335917301	4.856519490173829
0.11168632477805612	4.851955904171886
0.11194378834671516	4.847391669501237
0.11220184543019636	4.842826774940396
0.11246049739669266	4.838261208813859
0.11271974561755105	4.8336949589864195
0.11297959146727979	4.829122001232065
0.11324003632355571	4.8245461717974285
0.11350108156723152	4.819969597099339
0.1137627285823431	4.81539228287674
0.11402497875611688	4.810814234654257
0.11428783347897718	4.806235457738841
0.11455129414455358	4.80165595721638
0.1148153621496883	4.7970757379482665
0.11508003889444356	4.79249480456793
0.11534532578210924	4.787913161477355
0.11561122421920987	4.78333081284354
0.11587773561551262	4.778747762594931
0.11614486138403426	4.774164014417829
0.11641260294104915	4.769579571752741
0.11668096170609624	4.76499443779072
0.11694993910198712	4.760408615469646
0.11721953655481303	4.755822107470489
0.11748975549395298	4.751234916213516
0.11776059735208072	4.746647043854488
0.11803206356517298	4.742058492280784
0.11830415557251646	4.737469263107524
0.118576874816716	4.732879357673624
0.11885022274370183	4.728288777037831
0.11912420080273747	4.723697521974713
0.1193988104464273	4.719105592970611
0.11967405313072434	4.71451299021955
0.11994993031493788	4.709919713619104
0.12022644346174129	4.7053257627662495
0.12050359403717974	4.70073113695313
0.120781383510678	4.696135835162827
0.12105981335504823	4.691539856065066
0.12133888504649772	4.68694319801188
0.12161860006463679	4.682345859033244
0.12189895989248664	4.677747836832654
0.12217996601648717	4.673149128782675
0.12246161992650487	4.668549731920435
0.12274392311584072	4.6639496429430904
0.12302687708123815	4.659348858203232
0.1233104833228909	4.654747373704256
0.12359474334445104	4.650145185095695
0.1238796586530369	4.645542287668492
0.1241652307592411	4.640938676350241
0.1244514611771385	4.636334345700372
0.12473835142429429	4.631729289905303
0.125025903021772	4.627123502773537
0.1253141174941416	4.622516977730711
0.1256029963694875	4.617909707814604
0.12589254117941673	4.613301685670099
0.12618275345906707	4.608692903544086
0.12647363474711512	4.604083353280337
0.12676518658578456	4.5994672352769905
0.12705741052085415	4.59484824862917
0.12735030810166617	4.590228445382694
0.12764388088113438	4.5856078347618245
0.12793813041575247	4.580986425825791
0.12823305826560213	4.576364227465901
0.12852866599436155	4.571741248402622
0.1288249551693134	4.567117497182644
0.12912192736135342	4.562492982175888
0.1294195841449986	4.557867711572509
0.12971792709839558	4.553241693379858
0.13001695780332903	4.548614935419409
0.13031667784522993	4.543987445323661
0.13061708881318415	4.539359230533006
0.1309181922999407	4.534730298292569
0.13121998990192033	4.530100655649006
0.13152248321922383	4.525470309447287
0.1318256738556407	4.520839266327425
0.1321295634186575	4.516207532721189
0.13243415351946647	4.51157511484878
0.13273944577297395	4.506942018715468
0.1330454417978091	4.502308250108199
0.1333521432163324	4.49767381459217
0.13365955165464422	4.493038717507369
0.1339676687425935	4.488402963965077
0.1342764961137864	4.483766558844337
0.13458603540559483	4.479129506788393
0.13489628825916536	4.474491812201083
0.13520725631942773	4.4698534792432065
0.1355189412351036	4.4652145118288535
0.1358313446587154	4.460574913621688
0.136144468246595	4.4559346880312125
0.13645831365889247	4.4512938382089775
0.13677288255958492	4.4466523670447655
0.13708817661648537	4.442010277162734
0.13740419750125152	4.4373675709175195
0.13772094688939465	4.432724250390302
0.1380384264602885	4.42808031738484
0.1383566378971781	4.423435773423451
0.13867558288718884	4.418790619742971
0.13899526312133534	4.414144857290657
0.13931568029453031	4.409498486720065
0.13963683610559377	4.404851508386874
0.13995873225726183	4.400203922344683
0.14028137045619582	4.3955557283407565
0.1406047524129914	4.390906925811736
0.14092887984218747	4.386257513879304
0.14125375446227545	4.38160749134581
0.14157937799570816	4.376956856689855
0.14190575216890922	4.372305608061832
0.142232878712282	4.3676496059336145
0.14256075936021884	4.362991496979596
0.1428893958511103	4.358332751114474
0.14321878992735435	4.353673378737087
0.1435489433353656	4.349013390084093
0.14387985782558455	4.344352795227071
0.14421153515248689	4.339691604069577
0.14454397707459277	4.33502982634419
0.14487718535447616	4.330367471609514
0.14521116175877424	4.325704549247153
0.14554590805819662	4.321041068458658
0.14588142602753484	4.316377038262442
0.14621771744567183	4.311712467490653
0.14655478409559117	4.307047364786035
0.1468926277643867	4.302381738598739
0.1472312502432719	4.29771559718311
0.14757065332758945	4.293048948594443
0.14791083881682077	4.288381800685696
0.14825180851459538	4.2837141611041885
0.1485935642287007	4.2790460372882455
0.14893610777109154	4.2743774364638165
0.14927944095789963	4.269708365641069
0.14962356560944334	4.265038831610935
0.1499684835502373	4.260368840941631
0.15031419660900225	4.255698399975131
0.15066070661867417	4.2510275148236305
0.15100801541641484	4.246356191365938
0.1513561248436208	4.241684435243869
0.1517050367459337	4.237012251858568
0.15205475297324955	4.232339646366829
0.15240527537972914	4.227666623677348
0.15275660582380723	4.222993188446961
0.15310874616820302	4.2183193450768295
0.15346169827992942	4.2136450977086035
0.1538154640303035	4.208970450220529
0.15417004529495593	4.204295406223536
0.1545254439538414	4.199619969057263
0.1548816618912481	4.19494414178608
0.15523870099580825	4.190267927195029
0.15559656316050743	4.185591327785759
0.15595525028269538	4.180914345772401
0.15631476426409538	4.176236983077418
0.15667510701081494	4.1715592413273965
0.15703628043335524	4.1668811218488155
0.15739828644662196	4.162202625663758
0.15776112696993486	4.157523753485596
0.15812480392703834	4.152844505714623
0.15848931924611134	4.1481648824336474
0.15885467485977792	4.14348488340354
0.159220872705117	4.138804508058749
0.15958791472367329	4.134120057633227
0.15995580286146688	4.129433898686769
0.16032453906900418	4.1247473459823505
0.1606941253012877	4.120060409764335
0.16106456351782708	4.115373100096432
0.16143585568264862	4.110685426858586
0.16180800376430657	4.105997399743799
0.16218100973589297	4.101309028254939
0.16255487557504839	4.096620321701512
0.16292960326397224	4.091931289196399
0.16330519478943342	4.087241939652562
0.16368165214278085	4.082552281779712
0.16405897731995392	4.077862324080955
0.16443717232149316	4.073172074849387
0.1648162391525508	4.068481542164667
0.1651961798229015	4.063790733889559
0.1655769963469528	4.05909965766642
0.16595869074375605	4.054408320913672
0.16634126503701693	4.049716730822233
0.16672472125510626	4.0450248943519105
0.16710906143107074	4.040332818227751
0.16749428760264373	4.035640508936372
0.16788040181225602	4.030947972722243
0.16826740610704674	4.02625521558393
0.16865530253887412	4.021562243270312
0.16904409316432642	4.016869061276745
0.16943378004473283	4.0121756748412105
0.16982436524617442	4.007482088940396
0.17021585083949506	4.002788308285762
0.17060823890031235	3.998094337319563
0.17100153150902875	3.9934001802108234
0.17139573075084252	3.9887058408512757
0.17179083871575881	3.9840113228512672
0.1721868574986007	3.9793166295356155
0.17258378919902034	3.9746217639394286
0.17298163592151014	3.969926728803884
0.17338039977541378	3.965231526571969
0.17378008287493754	3.9605361593841706
0.17418068733916142	3.9558406290741353
0.17458221529205037	3.951144937164278
0.1749846688624657	3.94644908486135
0.1753880501841761	3.941753073051966
0.17579236139586926	3.93705690229809
0.1761976046411629	3.932360572832465
0.17660378206861643	3.92766408455402
0.17701089583174212	3.92296743702321
0.17741894808901656	3.918270629457328
0.1778279410038923	3.913573660725763
0.17823787674480895	3.908876529345211
0.17864875748520506	3.904179233474851
0.17906058540352943	3.899477073995557
0.17947336268325265	3.894773055830452
0.1798870915128788	3.8900688480036796
0.1803017740859569	3.8853644626421295
0.1807174126010927	3.8806599117048446
0.18113400926196024	3.8759552069799716
0.18155156627731356	3.871250360081685
0.18197008586099836	3.866545382447069
0.18238957023196378	3.8618402853329745
0.1828100216142743	3.8571350798128385
0.18323144223712115	3.8524297767734783
0.18365383433483465	3.8477243869118456
0.18407720014689558	3.84301892073175
0.18450154191794738	3.838313388540551
0.18492686189780783	3.8336078004458134
0.18535316234148114	3.8289021663519303
0.18578044550916986	3.8241964959567114
0.18620871366628675	3.8194907987479336
0.186637969083467	3.814785083999866
0.18706821403658005	3.8100793607697483
0.18749945080674188	3.8053736378942387
0.18793168168032684	3.80066792398583
0.18836490894898006	3.795962227429221
0.18879913490962935	3.791256556377661
0.18923436186449755	3.7865509187492488
0.18967059212111465	3.7818453222231994
0.19010782799233	3.7771397742360735
0.19054607179632474	3.7724342819779695
0.1909853258566238	3.7677288523886756
0.19142559250210858	3.7630234921537804
0.19186687406702896	3.7583182077007558
0.19230917289101584	3.7536130051949894
0.1927524913190936	3.748907890535784
0.1931968317016924	3.7442028693523173
0.19364219639466074	3.7394979469995553
0.19408858775927784	3.7347931285541347
0.19453600816226624	3.7300884188102006
0.19498445997580455	3.7253838222751976
0.19543394557753943	3.7206793431656338
0.195884467350599	3.715974985402784
0.19633602768360464	3.7112707526083692
0.1967886289706845	3.7065666481001815
0.19724227361148533	3.701862674887677
0.19769696401118608	3.6971588356675036
0.1981527025805098	3.692455132819023
0.19860949173573716	3.687751568399746
0.19906733389871864	3.683048144140761
0.19952623149688797	3.678344861442091
0.1999861869632744	3.6736417213680195
0.20044720273651614	3.6689387246423686
0.2009092812608728	3.664231470230954
0.20137242498623883	3.6595227764416607
0.20183663636815607	3.6548142097244978
0.2023019178678272	3.650105783868492
0.20276827195212818	3.645397512498941
0.20323570109362218	3.6406894090743473
0.2037042077705718	3.635981486883318
0.20417379446695297	3.6312737590414303
0.20464446367246739	3.6265662384880786
0.20511621788255657	3.6218589379832657
0.20558905959841414	3.617151870104385
0.20606299132700007	3.6124450472429475
0.20653801558105292	3.6077384816012947
0.20701413487910425	3.6030321851892637
0.20749135174549097	3.5983261698208273
0.2079696687103696	3.5936204471106907
0.20844908830972886	3.5889150284708644
0.20892961308540398	3.58420992510719
0.20941124558508925	3.5795051480158437
0.20989398836235246	3.574800707979789
0.21037784397664752	3.570096615565213
0.21086281499332898	3.5653928811179036
0.21134890398366465	3.560689514759611
0.2118361135248502	3.5559865263843555
0.21232444620002192	3.5512839256547175
0.21281390459827124	3.546581721998064
0.21330449131465762	3.5418799246027666
0.21379620895022325	3.5371785424143503
0.21428906011200585	3.5324775841316387
0.21478304741305343	3.527777058202827
0.21527817347243727	3.523076972821539
0.21577444091526668	3.51837733592283
0.21627185237270202	3.5136781551791674
0.21677041048196952	3.508979437996349
0.21727011788637443	3.504281191509399
0.2177709772353159	3.4995834225784144
0.21827299118430013	3.4948861377843747
0.2187761623949553	3.490189343424902
0.21928049353504486	3.4854930455099935
0.21978598727848253	3.4807972497576967
0.2202926463053456	3.476101961589756
0.22080047330189004	3.4714071861271987
0.22130947096056375	3.466712928185903
0.22181964198002194	3.462019192272093
0.2223309890651403	3.4574202149940136
0.22284351492703042	3.4528404000907886
0.22335722228305316	3.4482594106667177
0.223872113856834	3.443677264161145
0.22438819237827662	3.4390939779860576
0.2249054605835781	3.434509569524579
0.22542392121524293	3.429920352703761
0.22594357702209775	3.42532871619404
0.22646443075930595	3.4207359955959333
0.2269864851883822	3.416142220341603
0.22750974307720706	3.411547419995813
0.2280342072000418	3.4069516242559676
0.22855988033754301	3.4023548629520963
0.2290867652767773	3.397757166046935
0.2296148648112362	3.393158563635887
0.23014418174085083	3.3885590859470844
0.2306747188720069	3.383958763341328
0.23120647901755947	3.3793576263121645
0.23173946499684786	3.374755705485814
0.2322736796357107	3.370153031621208
0.23280912576650079	3.3655496356099435
0.23334580622810028	3.360945548476251
0.23388372386593548	3.356340801377004
0.2344228815319922	3.3517354256016576
0.23496328208483072	3.347129452572207
0.23550492838960096	3.3425229138431547
0.2360478233180577	3.337915841101437
0.23659196974857583	3.3333082661663926
0.23713737056616552	3.328700220989681
0.23768402866248767	3.324091737655213
0.23823194693586902	3.319482848379057
0.23878112829131776	3.3148735855093947
0.23933157564053875	3.310263981526387
0.23988329190194904	3.305654069042108
0.24043628000069334	3.301043880800431
0.24099054286865948	3.2964334496769028
0.24154608344449405	3.291822808678642
0.2421029046736178	3.2872119909442206
0.24266100950824154	3.2826010297435073
0.24322040090738153	3.277989958477555
0.24378108183687525	3.273378810678437
0.2443430552693972	3.268767620009101
0.24490632418447456	3.264156420263206
0.24547089156850305	3.2595452453649636
0.24603676041476275	3.2549341293689387
0.24660393372343392	3.250323106459904
0.24717241450161304	3.245712210952603
0.24774220576332856	3.2411014772915916
0.24831331052955705	3.2364909400510173
0.2488857318282391	3.2318806339343853
0.24945947269429547	3.2272705937743713
0.25003453616964316	3.222660854532576
0.2506109253032114	3.2180514512992655
0.251188643150958	3.2134424192931568
0.25176769277588557	3.20883379386114
0.25234807724805747	3.2042256104780313
0.2529297996446145	3.19961186805889
0.25351286304979076	3.1949964676995553
0.25409727055493053	3.190381594144018
0.2546830252585041	3.1857673032291656
0.2552701302661247	3.181153651194114
0.2558585886905646	3.1765406946824712
0.25644840365177174	3.171928490744762
0.2570395782768864	3.16731709684075
0.25763211570025757	3.1627065708418267
0.25822601906345966	3.158096971033392
0.2588212915153092	3.1534883561172764
0.2594179362118814	3.148880785214136
0.2600159563165272	3.1442743178658885
0.2606153549998896	3.139669014038162
0.26121613543992067	3.1350649341227523
0.2618183008218985	3.1304621389400866
0.26242185433844417	3.1258606897417036
0.26302679918953814	3.121260648212759
0.263633138582538	3.116662076474539
0.2642408757321946	3.112065037086975
0.2648500138606701	3.1074695930511904
0.2654605561975539	3.102875807812053
0.26607250597988097	3.098283745260737
0.2666858664521479	3.093693469737306
0.26730064086633115	3.0891050460333225
0.2679168324819031	3.0845185393944408
0.26853444456585074	3.0799340155230324
0.26915348039269155	3.075351540580834
0.26977394324449205	3.070876177280707
0.2703958364108843	3.067374302395291
0.2710191631890843	3.06387408527208
0.2716439268839082	3.0603755597989535
0.2722701308077913	3.056878759977782
0.272897778280804	3.0533837199241343
0.27352687263067127	3.0498904738669768
0.27415741719278824	3.0463990561483882
0.2747894153102397	3.0429095012232374
0.2754228703338166	3.039421843658865
0.27605778562203465	3.0359361181347717
0.27669416454115114	3.0324523594422645
0.2773320104651841	3.028970602484121
0.27797132677592884	3.0254908822742426
0.2786121168629771	3.0220132339372725
0.27925438412373377	3.0185376927082617
0.2798981319634363	3.015064293932247
0.2805433637951713	3.0115930730638962
0.28119008303989407	3.00812406566709
0.28183829312644537	3.004657307414526
0.2824879974915708	3.0011928340872944
0.2831391995799379	2.99773068157446
0.2837919028441557	2.994287723981007
0.28444611074479154	2.9908532157604246
0.285101826750391	2.9874211992406914
0.28575905433749466	2.9839916553617782
0.2864177969906581	2.980564564400238
0.28707805820246907	2.9771399059613546
0.28773984147356696	2.9737176589711467
0.28840315031266056	2.970297801668353
0.2890679882365476	2.96688031159633
0.28973435877013226	2.9634651655948536
0.2904022654464451	2.9600523397918908
0.2910717118066605	2.956641809595245
0.29174270140011677	2.953233549684174
0.29241523778433354	2.9498275340008977
0.2930893245250321	2.946423735742042
0.2937649651961531	2.943022127350008
0.29444216337987617	2.9396226805042724
0.29512092266663853	2.9362253661125663
0.29580124665515467	2.932830154302036
0.2964831389524342	2.92943701441029
0.29716660317380267	2.9260459149763505
0.29785164294291894	2.922656823731571
0.298538261891796	2.919269707590412
0.2992264636608189	2.9158845326412064
0.29991625189876514	2.9125012641367665
0.30060763026282306	2.9091198664849656
0.3013006024186122	2.9057403032392006
0.3019951720402016	2.902362537088795
0.30269134281013055	2.89898652984929
0.30338911841942706	2.8956122424526662
0.3040885025676279	2.8922396349374813
0.3047894989627983	2.888868666438911
0.3054921113215513	2.8854992951786933
0.3061963433690677	2.8821314784550136
0.30690219883911574	2.8787651726322627
0.3076096814740708	2.875400333130726
0.3083187950249354	2.872036914416191
0.30902954325135906	2.86867486998943
0.309741929921658	2.8653141523756203
0.31045595881283555	2.861954713113655
0.31117163371060175	2.8585965027453804
0.3118889584093937	2.8552394708046904
0.3126079367123955	2.851883565806587
0.31332857243155854	2.8485287352361035
0.3140508693876217	2.8451749255371332
0.3147748314101316	2.841822082101186
0.31550046233746265	2.838470149256011
0.31622776601683794	2.8351190702541516
0.3169567463043491	2.8317687872613706
0.31768740706497706	2.828419241344997
0.3184197521726125	2.825060614152166
0.31915378551007617	2.8216990928851944
0.3198895109691398	2.818338088922837
0.3206269324505466	2.8149775709127725
0.3213660538640317	2.8116175067901255
0.32210687912834346	2.8082578637694384
0.32284941217126356	2.8048986083366243
0.32359365692962827	2.8015397062408405
0.32433961734934924	2.798181122486249
0.3250872973854344	2.794822821323759
0.3258367010020088	2.791464766242646
0.32658783217233583	2.7881069199621478
0.3273406948788382	2.784749244422933
0.328095293113119	2.781391700778525
0.32885163087598307	2.7780342493866597
0.32960971217745777	2.7746768498005316
0.3303695410368148	2.771319460759994
0.3311311214825911	2.767962040182666
0.3318944575526104	2.7646045451549566
0.33265955329400454	2.761246931923037
0.333426412763235	2.757889155883696
0.3341950400261143	2.7545311715751413
0.33496543915782767	2.751172932667703
0.3357376142429547	2.7478143919544857
0.33651156937549076	2.7444555013418874
0.3372873086588689	2.741096211840082
0.3380648362059816	2.737736473553403
0.33884415613920255	2.7343762356706307
0.3396252725904084	2.731015446455207
0.3404081897010009	2.7276540532353724
0.34119291162192855	2.724292002394191
0.3419794425137089	2.720929239359516
0.3427677865464504	2.717565708593851
0.34355794789987465	2.714201353584125
0.34434993076333853	2.7108361168313833
0.3451437393358563	2.707469939840394
0.345939377826122	2.70410276310914
0.34673685045253166	2.7007345261182487
0.34753616144320587	2.6973651673203154
0.34833731503601184	2.693994624129133
0.34914031547858615	2.690622832908824
0.3499451670283573	2.687249728962906
0.350751873952568	2.6838752465232214
0.35156044052829816	2.6804993187388058
0.35237087104248715	2.6771218776646397
0.353183169791957	2.673742854250301
0.3539973410834347	2.6703621783285496
0.35481338923357547	2.6669797786037788
0.3556313185689854	2.6635955826403785
0.3564511334262443	2.6602095168510047
0.35727283815192895	2.656787791642611
0.35809643710263606	2.6533519191214667
0.35892193464500527	2.649913823687785
0.35974933515574237	2.646473537907982
0.36057864302164244	2.6430310946764783
0.36140986263961333	2.639586527218183
0.36224299841669866	2.6361398690909694
0.3630780547701014	2.6326911541881985
0.36391503612720716	2.629240416741212
0.36475394692560786	2.6257876913219147
0.36559479161312497	2.6223330128452904
0.36643757464783333	2.6188764165720104
0.3672823004980847	2.6154179381110296
0.3681289736425315	2.6119576134221636
0.3689775985701504	2.60849547881877
0.3698281797802663	2.605031570970365
0.37068072178257605	2.6015659269053026
0.37153522909717257	2.5980985840134707
0.3723917062545686	2.5946295800489785
0.3732501577957206	2.5911589531329087
0.3741105882720534	2.587686741756034
0.3749730022454836	2.5842129847816073
0.3758374042884442	2.580737721448128
0.37670379898390893	2.5772609913721594
0.377572190925416	2.5737828345511273
0.37844258471709324	2.5703032913662
0.3793149849736819	2.566822402585116
0.38018939632056115	2.5633402093650957
0.381065823393773	2.5598567532557155
0.3819442708400465	2.556372076201858
0.38282474331682265	2.552886220546641
0.38370724549227875	2.549399229034391
0.38459178204535355	2.5459111448136205
0.38547835766577176	2.5424220114400438
0.38636697705406914	2.5389318728795924
0.3872576449216172	2.535440773511483
0.3881503659906482	2.5319487581312687
0.38904514499428056	2.528455871953939
0.3899419866765434	2.5249621606170423
0.390840895792402	2.5214676701838017
0.3917418771077831	2.517972447146295
0.3926449353995998	2.5144765384286156
0.3935500754557774	2.5109799913900837
0.3944573020752784	2.5074828538284772
0.3953666200681279	2.5039851739832635
0.39627803425543945	2.5004870005388797
0.3971915494694403	2.496988382628022
0.3981071705534972	2.4934893698349665
0.39902490236214205	2.489990012198902
0.39994474976109745	2.4864903602172976
0.4008667176273028	2.483002084253529
0.4017908108489399	2.4795177956827685
0.4027170343254591	2.4760334102239856
0.40364539296760493	2.472548942028414
0.4045758916974427	2.4690644051920017
0.40550853544838383	2.4655798137538296
0.40644332916521275	2.4620951816944694
0.40738027780411273	2.4586105229343618
0.4083193863326921	2.455125851332149
0.40926065973001086	2.451641180683006
0.4102041029866068	2.4481565247169432
0.41114972110452225	2.4446718970970984
0.4120975190973302	2.4411873114180023
0.4130475019901614	2.437702781203831
0.41399967481973043	2.4342183199066283
0.4149540426343629	2.4307339409045303
0.41591061049402206	2.4272496574999516
0.4168693834703354	2.4237654829177506
0.41783036664662176	2.4202814303033913
0.4187935651179184	2.4167975127210677
0.41975898399100753	2.4133137431518206
0.4207266283844441	2.409830134491627
0.4216965034285822	2.4063466995494736
0.422668614265603	2.402863451045399
0.4236429660495411	2.3993804016085325
0.4246195639463129	2.395897563775096
0.4255984131337431	2.3924149499863843
0.42657951880159267	2.3889325725867545
0.4275628861515862	2.3854504438215343
0.4285485203974395	2.3819685758349722
0.4295364267648873	2.3784869806681264
0.43052661049171065	2.3750056702567317
0.43151907682776525	2.371524656429071
0.43251383103500873	2.3680439509038047
0.4335108783875289	2.364563565287763
0.43451022417157154	2.361083511073757
0.4355118736855686	2.3576037996383183
0.436515832240166	2.354124442239453
0.4375221051582521	2.350645450014353
0.4385306977749857	2.347166833977086
0.4395416154378245	2.343688605016264
0.4405548635065533	2.3402107738926903
0.4415704473533125	2.3367333512369766
0.44258837236262655	2.333256347547134
0.44360864393143257	2.329779773186143
0.4446312674691087	2.326303638379503
0.4456562483975033	2.3228279532127467
0.44668359215096315	2.3193527276289356
0.44771330417636257	2.315877971426126
0.4487453899331322	2.3124036942548094
0.449779854893288	2.308927891555699
0.45081670454146017	2.305451862303813
0.4518559443749224	2.301976332638648
0.4528975799036208	2.2985013182180976
0.4539416166502032	2.2950268346313
0.4549880601500486	2.2915528973967914
0.4560369159512962	2.2880795219606744
0.4570881896148751	2.2846067236947256
0.4581418867145335	2.281134517894505
0.4591980128368686	2.2776629197774487
0.4602565735813561	2.274191944480925
0.4613175745603794	2.270721607060278
0.46238102139926035	2.26725192248685
0.46344691973628804	2.2637829056459835
0.46451527522274944	2.2603145713349937
0.465586093522959	2.2568469342611297
0.46665938031428866	2.253380009039509
0.46773514128719823	2.249913810191023
0.46881338214526524	2.2464483521402374
0.46989410860521547	2.2429836492132487
0.47097732639695294	2.239519715635532
0.47206304126359055	2.236056565529763
0.4731512589614805	2.23259421291362
0.4742419852602447	2.2291326716975464
0.47533522594280536	2.225671955682514
0.47643098680541573	2.2222120785577433
0.47752927365769093	2.2187530538984053
0.4786300923226384	2.2152948951633045
0.47973344863668915	2.2118376156925326
0.4808393484497286	2.2083812287050923
0.4819477976251274	2.20492574729651
0.4830588020397727	2.2014711844364108
0.48417236758409943	2.198017552966068
0.4852885001621211	2.1945648655959435
0.4864072056914617	2.1911131349031803
0.4875284901033864	2.1876623733290868
0.48865235934283363	2.1842125931765786
0.48977881936844625	2.1807638066076103
0.4909078761526032	2.1773160256405717
0.492039535681451	2.1738692621476607
0.49317380395493593	2.1704235278522157
0.4943106869868355	2.1669788343260463
0.4954501908047903	2.163535192986717
0.49659232145033616	2.1600926150948005
0.49773708497893604	2.1566511117511236
0.4988844874600123	2.153210693893962
0.5000345349769786	2.1497713722962204
0.5011872336272724	2.146333157562576
0.5023425895223872	2.142896060126605
0.5035006087879049	2.1394600902478618
0.5046612975635284	2.1360217327290165
0.505824662003114	2.1325832547533183
0.5069907082747043	2.129145920938776
0.5081594425605604	2.125709752412977
0.5093308710571953	2.1222747702755083
0.5105049999754062	2.1188409955964156
0.5116818355403077	2.1154084494146383
0.5128613839913648	2.111977152736441
0.514043651582426	2.1085471265338085
0.5152286445817564	2.1051183917428262
0.5164163692720709	2.1016909692620644
0.5176068319505677	2.098264879950902
0.5188000389289611	2.094840144627868
0.5199959965335159	2.091416784068952
0.5211947111050804	2.0879948190058775
0.5223961889991198	2.0845742701243886
0.5236004365857502	2.081155158062487
0.5248074602497725	2.077737503408669
0.5260172663907061	2.074321326700126
0.5272298614228227	2.0709066484209426
0.5284452517751804	2.067493489000259
0.5296634438916578	2.064081868810417
0.5308844442309884	2.0606718081650888
0.5321082592667942	2.057263327317384
0.5333348954876209	2.0538564464579285
0.5345643593969717	2.0504511857129324
0.5357966575133416	2.0470475651422255
0.5370317963702527	2.043645604737279
0.5382697825162883	2.040245324419203
0.5395106225151276	2.036846744036718
0.5407543229455808	2.0334498833641117
0.5420008904016238	2.030054762099158
0.5432503314924332	2.0266613998610414
0.5445026528424212	2.0232698161882197
0.5457578610912709	2.019880030536299
0.5470159628939716	2.016492062275869
0.5482769649208538	2.013105930690304
0.5495408738576245	2.009721654973571
0.5508076964054034	2.006339254227974
0.5520774392807574	2.0029587474619133
0.5533501092157367	1.9995801535875908
0.5546257129579107	1.9962034914187057
0.5559042572704036	1.992828779668118
0.5571857489319298	1.9894560369454908
0.5584701947368308	1.9860852817549146
0.5597576014951101	1.982716532492484
0.5610479760324705	1.9793498074438698
0.5623413251903491	1.9759851247818583
0.5636376558259545	1.9726225025638628
0.5649369748123025	1.9692619587294085
0.5662392890382533	1.9659064377788362
0.5675446054085471	1.962554083417847
0.5688529308438415	1.9592038714025994
0.5701642722807475	1.955855809550229
0.571478636671867	1.9525099054133341
0.5727960309858292	1.9491661662760014
0.5741164622073276	1.945824599149812
0.5754399373371569	1.9424852107697874
0.5767664633922508	1.9391480075903178
0.5780960474057181	1.9358129957810368
0.5794286964268811	1.9324801812226517
0.580764417521312	1.9291495695027518
0.5821032177708715	1.9258211659115556
0.5834451042737447	1.9224949754376366
0.5847900841444807	1.919171002763586
0.5861381645140288	1.915849252261647
0.5874893525297767	1.9125297279893136
0.588843655355589	1.9092124336848628
0.5902010801718444	1.905897372762873
0.591561634175474	1.902584548309674
0.5929253245799998	1.899273963078771
0.5942921586155727	1.895965619486217
0.5956621435290105	1.8926595196059344
0.5970352865838369	1.8893556651650139
0.5984115950603197	1.8860540575389357
0.5997910762555094	1.8827546977467802
0.6011737374832781	1.8794575864463627
0.6025595860743578	1.8761627239293435
0.6039486293763798	1.8728701101162757
0.6053408747539136	1.86957974455162
0.6067363295885054	1.866291626398702
0.6081350012787179	1.863005754434622
0.6095368972401692	1.8597221270451254
0.610942024905572	1.856440742219418
0.6123503917247736	1.85316159754493
0.6137620051647943	1.849884690202032
0.6151768727098682	1.8466100169587096
0.6165950018614822	1.8433375741651767
0.618016400138416	1.8400673577484445
0.6194410750767815	1.836799363206837
0.6208690342300636	1.833533585604452
0.6223002851691596	1.8302700195655812
0.6237348354824193	1.8270086592690709
0.6251726927756859	1.8237494984426177
0.6266138646723355	1.8204925303570372
0.628058358813318	1.8172377478204615
0.6295061828571976	1.8139851431724796
0.6309573444801934	1.8107347082782417
0.6324118513762195	1.8074864345224892
0.633869711256927	1.8042403128035331
0.6353309318517437	1.800989472321762
0.6367955209079159	1.797738296299529
0.6382634861905487	1.7944892165310198
0.6397348354826482	1.791242244472425
0.6412095765851616	1.787997391375966
0.6426877173170197	1.7847546682865507
0.6441692655151774	1.7815140860384104
0.6456542290346556	1.7782756552516719
0.6471426157485832	1.7750393863289284
0.6486344335482385	1.7718052894517538
0.6501296903430908	1.7685733745771923
0.6516283940608427	1.7653436514342107
0.6531305526474724	1.7621161295201184
0.654636174067275	1.7588908180969396
0.6561452663029055	1.7556677261877716
0.6576578373554206	1.752446862573081
0.6591738952443215	1.7492282357869955
0.6606934480075961	1.7460118541135143
0.662216503701762	1.7427977255827332
0.6637430704019089	1.7395858579669903
0.6652731562017414	1.7363762587769969
0.6668067692136223	1.7331689352579214
0.6683439175686147	1.7299638943854392
0.6698846094165265	1.7267611428617415
0.6714288529259524	1.7235606871115026
0.6729766562843179	1.7203625332778194
0.6745280276979221	1.7171666872180933
0.6760829753919819	1.7139731544998855
0.6776415076106752	1.710781940396732
0.6792036326171846	1.7075930498839125
0.6807693586937414	1.7044064876341738
0.6823386941416696	1.7012222580134297
0.6839116472814293	1.6980403650763953
0.6854882264526615	1.6948608125622058
0.6870684400142321	1.6916836038899685
0.688652296344276	1.6885087421542835
0.6902398038402419	1.6853362301207295
0.6918309709189364	1.6821660702212888
0.6934258060165691	1.6789982645497357
0.6950243175887968	1.6758328148569916
0.6966265141107687	1.6726697225464173
0.6982324040771714	1.6695089886690755
0.6998419960022735	1.6663506139189377
0.7014552984199712	1.6631945986280505
0.7030723198838335	1.6600409427616587
0.7046930689671469	1.6568896459132754
0.7063175542629619	1.653740707299707
0.7079457843841379	1.6505941257560384
0.7095777679633888	1.6474498997305598
0.711213513653329	1.644308027279653
0.7128530301265195	1.6411625637944063
0.7144963260755133	1.6380173114400813
0.716143410212902	1.6348743823427443
0.7177942912713617	1.631733792481713
0.7194489780036994	1.628595557689504
0.7211074791828996	1.6254596936490324
0.7227698036021702	1.6223262158907812
0.72443596007499	1.6191951397899491
0.7261059574351547	1.6160664805635605
0.727779804536824	1.6129402532675494
0.7294575102545687	1.6098164727938142
0.7311390834834174	1.6066951538672412
0.732824533138904	1.6035763110426955
0.734513868157115	1.6004599587019857
0.7362070974947361	1.597346111050794
0.737904230129101	1.5942347821155745
0.7396052750582378	1.591125985740424
0.7413102413009175	1.588019735583917
0.7430191378967014	1.5849160451159106
0.744731973905989	1.581814927614315
0.7464487584100665	1.5787163961618351
0.7481695005111544	1.5756204636426752
0.7498942093324559	1.5725271427392125
0.7516228940182055	1.5694364459286376
0.7533555637337174	1.5663483854795586
0.7550922276654339	1.5632629734485748
0.7568328950209744	1.5601802216768146
0.7585775750291838	1.5571001417864359
0.7603262769401818	1.5540227451770963
0.762079010025412	1.5509480430223832
0.7638357835776907	1.5478760462662164
0.7655966069112563	1.5448067656192015
0.7673614893618189	1.5417402115549645
0.7691304402866096	1.5386763943064323
0.7709034690644301	1.5356153238620884
0.7726805850957024	1.5325570099621906
0.7744617978025188	1.529501462094944
0.7762471166286917	1.5264486894926432
0.7780365510398041	1.5233987011277759
0.7798301105232588	1.5203515057090835
0.7816278045883297	1.5173071116775894
0.7834296427662119	1.5142655272025818
0.7852356346100718	1.5112267601775664
0.7870457896950986	1.5081908182161663
0.7888601176185545	1.5051577086479961
0.7906786279998251	1.5021274385144854
0.7925013304804718	1.4991000145646656
0.7943282347242815	1.4960754432509182
0.7961593504173188	1.4930537307246754
0.7979946872679766	1.4900348828320868
0.7998342550070284	1.4870158614986524
0.8016780633876791	1.483998620808735
0.8035261221856173	1.4809842491041638
0.8053784411990667	1.4779727609754418
0.8072350302488382	1.4749641708244876
0.8090958991783823	1.4719584928613725
0.8109610578538409	1.4689557411010377
0.8128305161640993	1.4659559293599664
0.8147042840208396	1.462959071252834
0.8165823713585925	1.4599651801891111
0.81846478813479	1.456974269369648
0.8203515443298183	1.4539863517832086
0.8222426499470712	1.4510014402029832
0.8241381150130024	1.4480195471830604
0.8260379495771788	1.4450406850548587
0.8279421637123342	1.4420648659235347
0.8298507675144225	1.4390921016643428
0.8317637711026711	1.4361224039189693
0.8336811846196344	1.4331557840918214
0.835603018231248	1.4301922533462845
0.8375292821268826	1.4272318226009437
0.8394599865193975	1.4242745025257606
0.8413951416451951	1.4213203035382191
0.8433347577642755	1.4183692357994337
0.84527884516029	1.415421309210214
0.8472274141405965	1.4124765334070912
0.8491804750363139	1.4095349177583145
0.8511380382023765	1.4065964713597958
0.8531001140175896	1.4036612030310214
0.8550667128846834	1.4007291213109256
0.8570378452303697	1.3978002344537162
0.8590135215053958	1.3948745504246693
0.8609937521846007	1.3919520768958742
0.8629785477669704	1.3890328212419432
0.8649679187756933	1.3861167905356748
0.8669618757582167	1.38320399154368
0.8689604292863019	1.3802944307219625
0.8709635899560808	1.377388114211455
0.8729713683881117	1.3744850478335184
0.8749837752274362	1.3715852370853923
0.8770008211436349	1.3686886871356003
0.8790225168308845	1.3657954028193182
0.8810488730080143	1.3629053886336915
0.8830799004185629	1.3600186487331085
0.8851156098308356	1.3571351869244332
0.887156012037961	1.3542550066621841
0.8892011178579485	1.3513781110436731
0.8912509381337457	1.3485045028041016
0.8933054837332954	1.3456341843115973
0.895364765549594	1.3427671575622144
0.8974287945007486	1.3399010017963957
0.8994975815300353	1.3370372693299188
0.9015711376059571	1.3341768233092017
0.9036494737223016	1.3313196721576417
0.9057326008982003	1.328465824011472
0.9078205301781859	1.3256152867155317
0.9099132726322517	1.322768067818992
0.9120108393559097	1.3199241745710468
0.9141132414702502	1.3170836139165583
0.9162204901219997	1.3142463924916612
0.9183325964835808	1.311412516619324
0.9204495717531712	1.3085819923048678
0.9225714271547631	1.305754825231441
0.9246981739382225	1.3029310207554528
0.9268298233793492	1.3001105839019593
0.9289663867799363	1.2972935193600064
0.9311078754678302	1.2944798314779322
0.933254300796991	1.291669524258617
0.9354056741475518	1.2888626013546944
0.9375620069258802	1.2860590660637101
0.9397233105646378	1.2832589213232435
0.9418895965228413	1.2804621697059733
0.9440608762859233	1.2776688134147025
0.946237161365793	1.2748788542773313
0.9484184633008971	1.272092293741789
0.9506047936562815	1.2693091328709105
0.9527961640236519	1.2665293723372666
0.9549925860214359	1.263753012417952
0.9571940712948444	1.2609800529893094
0.9594006315159331	1.2582104935216185
0.9616122783836646	1.2554443330737308
0.9638290236239705	1.2526815702876437
0.9660508789898133	1.2499222033830417
0.9682778562612491	1.2471662301517683
0.9705099672454897	1.2444136479522618
0.9727472237769651	1.2416644537039234
0.9749896377173869	1.2389186438814483
0.9772372209558107	1.2361762145090878
0.9794899854086988	1.233437161154874
0.9817479430199844	1.2307014789247777
0.9840111057611337	1.2279691624568174
0.9862794856312105	1.225240205915116
0.9885530946569389	1.2225146029838918
0.9908319448927676	1.2197923468614094
0.9931160484209338	1.2170734302538584
0.995405417351527	1.2143578453691912
0.9977000638225533	1.2116455839108855
1.	1.2089366370716683
1.0023052380778998	1.2062309955271646
1.0046157902783952	1.2035286494295028
1.0069316688518044	1.2008403941693666
1.0092528860766845	1.198183264553133
1.0115794542598988	1.195529033299052
1.0139113857366795	1.1928777102482795
1.016248692870696	1.190229305012428
1.0185913880541169	1.1875838269700278
1.0209394837076802	1.1849412852629475
1.023292992280754	1.1823016887927826
1.0256519262514079	1.1796650462172042
1.0280162981264735	1.1770313659462792
1.0303861204416165	1.1744006561387457
1.0327614057613974	1.1717729246982602
1.0351421666793441	1.1691481792695997
1.0375284158180127	1.1665264272348366
1.0399201658290596	1.163907675709467
1.0423174293933042	1.161291931538508
1.0447202192208003	1.158679201292552
1.0471285480508996	1.1560694912637883
1.0495424286523225	1.153462807461981
1.051961873823223	1.1508591556104106
1.0543868963912593	1.1482585411417763
1.0568175092136585	1.1456609691940585
1.0592537251772887	1.1430664446063403
1.0616955571987248	1.1404749719145904
1.064143018224316	1.1378865553474062
1.066596121230258	1.135301198821712
1.0690548792226577	1.1327189059384228
1.0715193052376064	1.130139679978057
1.0739894123412446	1.1275635238963189
1.076465213629835	1.1249904403196263
1.0789467222298286	1.1224204315406092
1.081433951297938	1.1198534995135505
1.0839269140212033	1.117289645849799
1.0864256236170655	1.1147288718131243
1.0889300933334332	1.1121711783150396
1.0914403364487566	1.1096165659100714
1.0939563662720937	1.10706503479099
1.096478196143185	1.1045165847839922
1.0990058394325208	1.1019712153438392
1.101539309541415	1.0994289255489487
1.104078619902073	1.0968897140964413
1.1066237839776665	1.0943535792971382
1.1091748152624008	1.091820519070516
1.1117317272815914	1.0892905309396075
1.1142945335917298	1.086763612025865
1.1168632477805611	1.0842397590439616
1.1194378834671515	1.0817189682965591
1.1220184543019636	1.0792012356690128
1.1246049739669264	1.0766865566240393
1.1271974561755105	1.0741749261963236
1.1297959146727976	1.0716609955376164
1.1324003632355573	1.0691481802873268
1.1350108156723149	1.0666383762775624
1.137627285823431	1.064131594349337
1.1402497875611686	1.061627845132005
1.1428783347897717	1.0591271390399104
1.1455129414455354	1.056629486269014
1.1481536214968828	1.0541348967934763
1.1508003889444356	1.0516433803622158
1.1534532578210923	1.0491549464954255
1.1561122421920986	1.0466696044810644
1.1587773561551262	1.0441873633713017
1.1614486138403426	1.0417082319789406
1.1641260294104914	1.0392322188737946
1.1668096170609623	1.0367593323790374
1.1694993910198712	1.0342895805675099
1.1721953655481303	1.0318229712579985
1.1748975549395297	1.0293595120114682
1.1776059735208073	1.0268992101272694
1.1803206356517297	1.0244420726392978
1.1830415557251646	1.0219881063121248
1.1857687481671602	1.0195373176370852
1.1885022274370183	1.0170897128283303
1.1912420080273751	1.0146452978188405
1.193988104464273	1.012204078256403
1.1967405313072437	1.009766059499543
1.1994993031493788	1.0073312466134274
1.2022644346174132	1.0048996443657163
1.2050359403717974	1.0024712572223868
1.2078138351067804	1.0000460893435053
1.2105981335504823	0.99762414457897
1.2133888504649775	0.9952054264642022
1.2161860006463678	0.9927899382158077
1.2189895989248667	0.9903776827271852
1.2217996601648717	0.9879686625641028
1.2246161992650488	0.9855628799602245
1.2274392311584073	0.9831603368126011
1.2302687708123818	0.9807610346771118
1.233104833228909	0.9783649747638691
1.2359474334445106	0.9759721579325719
1.238796586530369	0.9735825846878245
1.2416523075924113	0.9711962551744032
1.244514611771385	0.9688131691724827
1.2473835142429432	0.9664333260928146
1.2502590302177201	0.9640567249718649
1.2531411749414163	0.9616833644668991
1.2560299636948749	0.959313242851028
1.2589254117941675	0.9569463580082026
1.2618275345906707	0.9545827074281641
1.2647363474711515	0.9522222882013448
1.2676518658578455	0.9498615088475196
1.270574105208542	0.9475026631904618
1.2735030810166617	0.9451470243755898
1.276438808811344	0.942794599644786
1.2793813041575246	0.9404453959783073
1.2823305826560218	0.9380994200909675
1.2852866599436155	0.935756678428292
1.2882495516931343	0.9334171771626287
1.2912192736135342	0.9310809221892257
1.2941958414499863	0.9287479191222684
1.297179270983956	0.9264181732908808
1.3001695780332907	0.9240916897350852
1.3031667784522993	0.9217684732017266
1.3061708881318417	0.9194485281403542
1.309181922999407	0.9171318586990685
1.3121998990192034	0.9148184687203219
1.3152248321922384	0.912508361736686
1.3182567385564075	0.9102015409665728
1.3212956341865751	0.9078980093099198
1.324341535194665	0.9055977693438293
1.3273944577297394	0.9033008233181722
1.3304544179780915	0.9010071731511409
1.333521432163324	0.898716820424773
1.3365955165464425	0.8964297663804173
1.3396766874259352	0.8941460119141715
1.3427649611378643	0.8918655575722652
1.3458603540559484	0.8895884035464072
1.348962882591654	0.8873145496690831
1.3520725631942772	0.8850439954088142
1.3551894123510364	0.8827767398653649
1.3583134465871542	0.8805127817649143
1.3614446824659503	0.8782521194551718
1.3645831365889245	0.8759947509004563
1.3677288255958495	0.8737406736767224
1.3708817661648536	0.8714898849665452
1.3740419750125157	0.8692423815540536
1.3772094688939465	0.8669981598198218
1.3803842646028852	0.8647572157357057
1.383566378971781	0.8625195448596407
1.3867558288718889	0.8602851423303804
1.3899526312133532	0.8580540028621979
1.3931568029453036	0.8558261207395256
1.3963683610559376	0.8536014898115571
1.3995873225726185	0.8513801034867902
1.4028137045619582	0.8491619547275248
1.4060475241299144	0.8469470360443064
1.4092887984218747	0.8447353394903221
1.4125375446227548	0.8425268566557391
1.4157937799570817	0.8403215786619995
1.4190575216890926	0.8381194961560536
1.4223287871228198	0.8359137645913733
1.425607593602188	0.8337087500002704
1.428893958511103	0.8315068745324449
1.432187899273543	0.8293081493559382
1.435489433353656	0.8271125854468652
1.4387985782558452	0.8249201935863345
1.4421153515248688	0.8227309843573346
1.4454397707459272	0.8205449681415918
1.4487718535447618	0.8183621551163942
1.452111617587742	0.8161825552513879
1.455459080581966	0.8140061783053376
1.4588142602753482	0.811833033822859
1.4621771744567182	0.8096631311311153
1.4655478409559113	0.8074964793364859
1.468926277643867	0.8053330873211957
1.4723125024327186	0.8031729637399208
1.4757065332758947	0.8010161170163482
1.4791083881682072	0.7988625553397173
1.4825180851459536	0.796712286661312
1.4859356422870067	0.7945653186909315
1.4893610777109154	0.7924216588933183
1.492794409578996	0.7902813144845563
1.4962356560944337	0.7881442924284295
1.4996848355023733	0.7860105994327521
1.5031419660900225	0.7838802419456542
1.5066070661867417	0.7817532261518407
1.5100801541641484	0.7796295579688062
1.513561248436208	0.7775092430430202
1.5170503674593367	0.7753922867460683
1.5205475297324955	0.7732786941707652
1.5240527537972914	0.7711684701272203
1.5275660582380723	0.7690616191388753
1.5310874616820302	0.7669581454384949
1.5346169827992941	0.7648580529641279
1.5381546403030348	0.762761345355021
1.5417004529495593	0.7606680259475016
1.545254439538414	0.7585780977708142
1.5488166189124812	0.756491563542924
1.5523870099580825	0.7544084256662736
1.5559656316050743	0.7523286862235067
1.559552502826954	0.7502523469731437
1.5631476426409538	0.7481794093452241
1.5667510701081493	0.7461098744368999
1.5703628043335522	0.7440437430079946
1.5739828644662197	0.7419810154765136
1.5776112696993485	0.7399216919141189
1.5812480392703834	0.7378657720415546
1.5848931924611134	0.7358132552240357
1.5885467485977791	0.733764140466587
1.59220872705117	0.7317184264093463
1.5958791472367329	0.7296727524105652
1.5995580286146687	0.7276292671196054
1.6032453906900417	0.7255891637294429
1.6069412530128773	0.723552450419418
1.6106456351782708	0.7215191351332263
1.6143585568264862	0.7194892255754269
1.6180800376430662	0.7174627292079109
1.6218100973589298	0.7154396532463425
1.6255487557504842	0.7134200046565586
1.6292960326397223	0.7114037901509405
1.6330519478943346	0.709391016184742
1.6368165214278085	0.7073816889523918
1.6405897731995396	0.7053758143837515
1.6443717232149315	0.7033733981403438
1.6481623915255086	0.70137444561154
1.651961798229015	0.6993789619107152
1.6557699634695284	0.6973869518713605
1.6595869074375604	0.6953984200431663
1.6634126503701698	0.6934133706880589
1.6672472125510627	0.6914318077762066
1.6710906143107078	0.6894537349819839
1.6749428760264373	0.6874791556798985
1.6788040181225607	0.6855080729404777
1.6826740610704674	0.6835404895261195
1.6865530253887415	0.681576407886899
1.690440931643264	0.6796158301563411
1.6943378004473288	0.6776587581471462
1.6982436524617444	0.6757051933468831
1.7021585083949509	0.6737551369136335
1.7060823890031234	0.6718085896716022
1.710015315090288	0.6698655521066801
1.7139573075084253	0.6679260243619709
1.7179083871575884	0.6659900062332701
1.721868574986007	0.6640574971645072
1.725837891990204	0.6621284962431385
1.7298163592151015	0.6602030021955051
1.7338039977541384	0.6582810133821385
1.7378008287493754	0.6563625277930297
1.7418068733916146	0.6544475430428478
1.7458221529205038	0.6525360563661218
1.7498466886246573	0.650628064612367
1.7538805018417611	0.6487235642411775
1.7579236139586931	0.6468225513172621
1.7619760464116292	0.6449250215054451
1.7660378206861649	0.6430309700656088
1.770108958317421	0.6411403918476012
1.7741894808901661	0.6392532812860849
1.7782794100389228	0.6373696323953506
1.78237876744809	0.6354894387640689
1.7864875748520508	0.6336126935500082
1.7906058540352947	0.6317361040203507
1.7947336268325265	0.6298617661722605
1.7988709151287883	0.6279908413658186
1.803017740859569	0.626123331786371
1.8071741260109275	0.6242592393112362
1.8113400926196026	0.6223985655055654
1.8155156627731361	0.6205413116181555
1.8197008586099834	0.6186874785772315
1.8238957023196385	0.6168370669861799
1.8281002161427427	0.6149900771192527
1.832314422371212	0.6131465089172176
1.8365383433483464	0.6113063619829822
1.8407720014689564	0.6094696355771628
1.8450154191794736	0.607636328613624
1.8492686189780787	0.6058064396549663
1.8535316234148114	0.6039799669079798
1.857804455091699	0.6021569082190487
1.8620871366628675	0.600337261069519
1.8663796908346704	0.5985210225710165
1.8706821403658007	0.596708189460728
1.8749945080674193	0.5948987580966324
1.8793168168032686	0.5930927244526922
1.883649089489801	0.5912900841139976
1.8879913490962936	0.589490832271867
1.892343618644976	0.5876949637189003
1.8967059212111463	0.5859024728439901
1.9010782799233006	0.5841133536272816
1.9054607179632472	0.5823275996350912
1.9098532585662378	0.580545204014774
1.914255925021086	0.578766159489547
1.9186687406702891	0.5769904583532635
1.9230917289101586	0.5752180924651382
1.9275249131909356	0.5734490532444276
1.9319683170169242	0.5716833316650556
1.936421963946607	0.5699209182501977
1.9408858775927782	0.5681618030668066
1.9453600816226624	0.5664059757200977
1.9498445997580456	0.5646534253479737
1.9543394557753944	0.5629041406154079
1.95884467350599	0.5611581097087693
1.9633602768360463	0.5594153203301008
1.967886289706845	0.5576757596913406
1.9724227361148534	0.5559394145084975
1.976969640111861	0.554206270995765
1.9815270258050979	0.5524763148595917
1.9860949173573716	0.550749531292688
1.9906733389871865	0.5490259049679871
1.9952623149688797	0.5473054200325452
1.9998618696327437	0.5455880601013915
2.0044720273651615	0.543873808251317
2.0090928126087277	0.5421558371672563
2.0137242498623884	0.5404384892606305
2.0183663636815607	0.5387241700655254
2.023019178678272	0.537012882838546
2.0276827195212817	0.5353046305772183
2.032357010936222	0.5335994160164307
2.037042077705718	0.5318972416248465
2.0417379446695296	0.5301981096012768
2.046444636724674	0.5285020218710241
2.0511621788255656	0.5268089800821858
2.0558905959841414	0.5251189856019294
2.0606299132700006	0.5234320395127252
2.065380155810529	0.5217481426085504
2.0701413487910423	0.5200672953910507
2.0749135174549096	0.5183894980656718
2.079696687103696	0.5167147505377493
2.084490883097289	0.515043052408567
2.0892961308540396	0.5133744029713724
2.0941124558508926	0.5117088012073607
2.0989398836235242	0.5100462457816164
2.1037784397664754	0.5083867350390198
2.1086281499332897	0.5067302670001138
2.1134890398366464	0.5050768393569339
2.1183611352485023	0.5034264494687954
2.123244462000219	0.5017790943580483
2.1281390459827123	0.5001347707057835
2.133044913146576	0.49849347484750817
2.1379620895022327	0.4968552027687739
2.1428906011200586	0.49521995010076986
2.1478304741305343	0.4935877121158696
2.1527817347243725	0.491958483723143
2.157744409152667	0.4903322594638195
2.16271852372702	0.4887090335067172
2.167704104819695	0.4870887996436226
2.1727011788637443	0.4854715512846336
2.1777097723531593	0.4838572814534547
2.1827299118430012	0.48224598278265424
2.187761623949553	0.4806376475088718
2.1928049353504484	0.47903226746798877
2.197859872784825	0.4774298340902472
2.202926463053456	0.475830338395331
2.2080047330189	0.4742337709873969
2.2130947096056377	0.4726401220500625
2.2181964198002193	0.4710493813413481
2.223309890651403	0.46946153818857295
2.2284351492703043	0.46787658148320266
2.2335722228305315	0.46629449967565456
2.23872113856834	0.4647152807700494
2.2438819237827663	0.46313891231892174
2.2490546058357817	0.46156538141787723
2.254239212152429	0.45998758952848007
2.259435770220978	0.4584100595398312
2.2646443075930596	0.4568352992615932
2.2698648518838223	0.45526331720872126
2.2750974307720706	0.4536941217354281
2.2803420720004186	0.45212772103265986
2.28559880337543	0.4505641231255523
2.2908676527677736	0.44900333587085667
2.296148648112362	0.4474453669543451
2.301441817408509	0.4458902238881863
2.306747188720069	0.44433791400829975
2.312064790175595	0.442788444471679
2.3173946499684783	0.44124182225369435
2.3227367963571073	0.4396980541453639
2.328091257665008	0.4381571467506023
2.3334580622810033	0.436619106483439
2.338837238659355	0.43508393956521335
2.344228815319923	0.433551652021738
2.3496328208483073	0.4320222496804398
2.35504928389601	0.43049573816746733
2.360478233180577	0.4289721229047764
2.365919697485759	0.427451409107182
2.371373705661655	0.4259336017793865
2.3768402866248772	0.42441870571297446
2.38231946935869	0.42290672548338376
2.3878112829131783	0.42139766544684215
2.3933157564053875	0.41989152973728006
2.3988329190194912	0.41838832226320744
2.4043628000069335	0.4168880467045684
2.4099054286865957	0.4153907065095568
2.41546083444494	0.4138963048914105
2.421029046736179	0.4124048448251673
2.4266100950824154	0.4109163290443965
2.432204009073816	0.4094307600378925
2.4378108183687526	0.4079481400463454
2.4434305526939726	0.40646847105897044
2.4490632418447453	0.40499175481011473
2.454708915685031	0.40351799277582406
2.4603676041476272	0.40204718617038393
2.46603933723434	0.4005793359428213
2.4717241450161302	0.3991144427733803
2.4774220576332864	0.3976525070699578
2.4831331052955705	0.39619352896451215
2.4888573182823914	0.39473750830943183
2.494594726942955	0.3932844446738755
2.500345361696432	0.39183433734007356
2.506109253032114	0.3903871852995982
2.511886431509581	0.3889429872495954
2.5176769277588558	0.38750174158898615
2.5234807724805757	0.3860634464146263
2.529297996446145	0.38462439163637735
2.5351286304979084	0.383186948937668
2.540972705549305	0.38175243538480513
2.5468302525850417	0.38032086002163923
2.552701302661247	0.37889223173959136
2.5585858869056453	0.3774665592752263
2.5644840365177175	0.3760438512078036
2.5703957827688635	0.3746241159568045
2.5763211570025755	0.3732073617794314
2.582260190634596	0.3717935967680879
2.588212915153092	0.3703828288478284
2.5941793621188136	0.3689750657737882
2.6001595631652723	0.36757031512858235
2.6061535499988953	0.3661685843196859
2.6121613543992064	0.3647698805767814
2.6181830082189848	0.3633742109490869
2.624218543384442	0.3619815823026527
2.6302679918953813	0.3605920013176364
2.6363313858253803	0.3592054744855462
2.642408757321946	0.35782200810646364
2.648500138606701	0.35644160828623295
2.654605561975539	0.3550642809336288
2.6607250597988097	0.3536900317574927
2.666858664521479	0.35231886626384396
2.6730064086633116	0.35095078975296135
2.6791683248190314	0.34958580731643873
2.6853444456585076	0.34822392383420886
2.691534803926915	0.34686514397154306
2.6977394324449206	0.345509472176017
2.703958364108843	0.3441569126744539
2.7101916318908432	0.3428074694698301
2.7164392688390824	0.34146114633816016
2.7227013080779128	0.3401179468253443
2.7289777828080406	0.33877787424399164
2.7352687263067126	0.33744093167020844
2.741574171927882	0.33610712194036096
2.7478941531023975	0.3347764476478017
2.7542287033381663	0.3334489111395703
2.7605778562203462	0.3321245145130586
2.7669416454115114	0.3308032596126468
2.773320104651841	0.32948514802630713
2.7797132677592886	0.3281701810821753
2.7861211686297707	0.32685835984508954
2.792543841237338	0.32554968511309723
2.798981319634363	0.32424415741392876
2.805433637951713	0.32294177700143883
2.811900830398941	0.32164254385201146
2.8183829312644537	0.32034645766093656
2.8248799749157074	0.3190535178387469
2.831391995799379	0.3177637235075256
2.8379190284415565	0.31647373659766326
2.8444611074479154	0.31518569230137394
2.85101826750391	0.31390077669313193
2.8575905433749464	0.31261899867784376
2.8641779699065815	0.31134036700538237
2.8707805820246906	0.31006489026815165
2.8773984147356697	0.30879257689862066
2.8840315031266055	0.30752343516683905
2.8906798823654762	0.3062574731779229
2.897343587701323	0.3049946988695216
2.904022654464451	0.30373512000925357
2.910717118066605	0.30247874419212295
2.9174270140011673	0.30122557883790624
2.924152377843335	0.2999756311885169
2.9308932452503216	0.2987289083053411
2.9376496519615305	0.29748541706655185
2.9444216337987617	0.29624516416439123
2.9512092266663856	0.29500815610243214
2.9580124665515464	0.29377439919280895
2.9648313895243423	0.2925438995534247
2.971666031738027	0.2913166631051283
2.9785164294291895	0.29009269556886785
2.9853826189179604	0.288872002462812
2.992264636608189	0.28765458909944985
2.9991625189876516	0.2864404605826554
3.0060763026282307	0.2852296218047314
3.013006024186122	0.2840220774434184
3.019951720402016	0.28281783195888033
3.0269134281013064	0.2816168895906568
3.0338911841942706	0.28041925435459053
3.04088502567628	0.2792249300397211
3.047894989627983	0.2780339202051539
3.054921113215514	0.2768462281768938
3.061963433690677	0.2756618570446548
3.069021988391158	0.2744808096586334
3.076096814740708	0.27330308862625674
3.083187950249355	0.2721286963088953
3.0902954325135905	0.2709576348185484
3.097419299216581	0.2697899060144952
3.1045595881283554	0.2686255114999173
3.1117163371060186	0.26746445261848545
3.118889584093937	0.2663067304509192
3.126079367123956	0.2651523458115087
3.1332857243155856	0.2640012992446093
3.1405086938762183	0.26285359102109795
3.1477483141013156	0.2617092211348016
3.1550046233746274	0.2605681892988874
3.1622776601683795	0.25943049494222337
3.169567463043492	0.25829613720570105
3.1768740706497707	0.25716511493852817
3.1841975217261256	0.2560348603807513
3.1915378551007616	0.2549070150295379
3.198895109691399	0.25378249037031797
3.206269324505466	0.25266129248776253
3.213660538640318	0.2515434272730037
3.2210687912834346	0.25042890042084315
3.2284941217126364	0.24931771742693087
3.2359365692962827	0.2482098835849206
3.2433961734934935	0.2471054039835932
3.250872973854344	0.24600428350395775
3.2583670100200885	0.24490652681631894
3.265878321723358	0.24381213837732252
3.273406948788383	0.24272112242696708
3.2809529311311905	0.2416334829855923
3.2885163087598315	0.24054922385083333
3.2960971217745776	0.2394683485945511
3.303695410368149	0.2383908605597291
3.311311214825911	0.23731676285734507
3.3189445755261047	0.2362460583632085
3.326595532940045	0.23517874971477223
3.3342641276323506	0.23411483930791027
3.3419504002611427	0.2330543292936691
3.3496543915782775	0.2319972215749838
3.3573761424295467	0.230943517803368
3.365115693754908	0.22989321937556784
3.372873086588689	0.22884632743018932
3.380648362059817	0.22780284284428934
3.3884415613920256	0.22676276622993902
3.3962527259040853	0.22572609793075032
3.404081897010009	0.22469283801837583
3.4119291162192864	0.22366298628896913
3.4197944251370886	0.22263654225961843
3.4276778654645046	0.2216135051647421
3.4355794789987466	0.22059387395245408
3.443499307633384	0.21957764728089313
3.451437393358563	0.21856482351451842
3.459393778261219	0.21755540072037313
3.4673685045253166	0.2165493766643085
3.4753616144320576	0.21554674880717875
3.483373150360118	0.2145475143009954
3.4914031547858606	0.21355166998505012
3.499451670283573	0.21255921238199907
3.5075187395256795	0.21157013769391336
3.5156044052829816	0.2105844417982904
3.523708710424871	0.20960212024403163
3.53183169791957	0.20862316824738053
3.5399734108343464	0.20764758068782557
3.548133892335755	0.20667535210396323
3.5563131856898527	0.20570647668932618
3.5645113342624426	0.20474094828816922
3.5727283815192883	0.20377574983290409
3.5809643710263606	0.20281280215437247
3.5892193464500517	0.2018531696955214
3.5974933515574232	0.2008968547616148
3.6057864302164235	0.19994385942450685
3.6140986263961334	0.19899418551951675
3.6224299841669856	0.19804783464227707
3.630780547701014	0.19710480814554862
3.639150361272071	0.19616510713600963
3.6475394692560785	0.19522873247101055
3.6559479161312485	0.1942956847553025
3.664375746478333	0.19336596433773126
3.672823004980846	0.1924395713079039
3.681289736425315	0.19151650549282095
3.6897759857015027	0.1905967664534803
3.6982817978026628	0.18968035348144646
3.7068072178257596	0.18876726559539062
3.715352290971726	0.18785750153759584
3.7239170625456848	0.18695105977043278
3.732501577957206	0.1860479384727996
3.741105882720533	0.18514813553653164
3.7497300224548358	0.18425164856277534
3.758374042884441	0.1833584748583315
3.767037989839089	0.18246861143196122
3.77572190925416	0.1815820549906616
3.7844258471709336	0.1806988019359035
3.793149849736819	0.17981884835983813
3.801893963205613	0.1789421900414648
3.81065823393773	0.1780688224427681
3.8194427084004663	0.1771987407048147
3.8282474331682264	0.176331939643819
3.8370724549227884	0.17546841374716873
3.8459178204535354	0.17460815716941763
3.8547835766577188	0.17375116372823834
3.8636697705406915	0.17289742690034135
3.8725764492161727	0.17204693981735394
3.8815036599064823	0.1711996952616642
3.8904514499428067	0.17035568566222442
3.899419866765434	0.16951490309031944
3.908408957924021	0.16867733925529335
3.9174187710778305	0.16784298550024046
3.926449353995999	0.16701183279765394
3.9355007545577743	0.166183871745039
3.944573020752785	0.1653590925604821
3.953666200681279	0.16453748507818391
3.9627803425543955	0.1637190387439488
3.971915494694403	0.16290374261063637
3.981071705534973	0.16209158533356932
3.9902490236214203	0.16128255516590279
3.9994474976109755	0.16047663995394895
4.008667176273028	0.15966942263040018
4.0179081084894	0.1588637104711399
4.027170343254591	0.1580610579495532
4.036453929676051	0.15726146572235775
4.045758916974426	0.1564649342166031
4.055085354483839	0.1556714636266741
4.0644332916521275	0.15488105391127108
4.073802778041128	0.1540937047903572
4.083193863326921	0.1533094157420809
4.09260659730011	0.15252818599966714
4.1020410298660686	0.15175001454828244
4.111497211045223	0.1509749001218672
4.120975190973302	0.15020284119994282
4.130475019901614	0.14943383600438503
4.139996748197304	0.1486678824961712
4.149540426343631	0.14790497837209432
4.1591061049402205	0.14714512106144956
4.168693834703355	0.146388307722687
4.178303666466218	0.14563453524003717
4.187935651179185	0.14488380022010194
4.1975898399100755	0.14413609898841734
4.207266283844442	0.14339142758598164
4.216965034285822	0.1426497817657547
4.226686142656031	0.14191115698912216
4.2364296604954115	0.14117554842233032
4.24619563946313	0.14044295093288534
4.2559841313374305	0.13971335908592236
4.265795188015928	0.1389867671405389
4.275628861515862	0.13826316904609737
4.285485203974396	0.13754255843849136
4.295364267648873	0.13682492863638007
4.3052661049171075	0.1361102726373871
4.3151907682776525	0.13539858311426553
4.325138310350088	0.13468985241102738
4.335108783875289	0.13398407253903938
4.345102241715717	0.13328123517308138
4.355118736855686	0.1325813316473714
4.365158322401661	0.13188435295155207
4.375221051582521	0.13119028972664393
4.385306977749858	0.13049913226095922
4.395416154378245	0.12981087048598136
4.405548635065534	0.12912549397220507
4.4157044735331255	0.1284429919249413
4.425883723626267	0.1277633531800823
4.436086439314326	0.12708656619983083
4.446312674691089	0.12641261906838863
4.456562483975033	0.1257414994876089
4.466835921509633	0.12507319477260725
4.477133041763626	0.12440769184733601
4.487453899331323	0.1237449772401162
4.49779854893288	0.12308016665769692
4.508167045414603	0.1224163644149921
4.518559443749224	0.12175528955619172
4.528975799036209	0.12109694299928088
4.539416166502032	0.12044132546613728
4.549880601500488	0.1197884374799605
4.560369159512962	0.11913827936268032
4.570881896148752	0.11849085123233744
4.581418867145335	0.11784615300044327
4.591980128368688	0.1172041843693119
4.6025657358135605	0.11656494482936991
4.613175745603796	0.11592843365643878
4.623810213992603	0.11529464990899432
4.634469197362879	0.11466359242539878
4.645152752227495	0.11403525982110825
4.6558609352295885	0.11340965048585491
4.666593803142887	0.11278676258080074
4.677351412871981	0.11216659403566843
4.688133821452653	0.11154914254584218
4.698941086052153	0.11093440556944534
4.709773263969529	0.11032238032438751
4.720630412635905	0.10971306378538798
4.731512589614805	0.10910645268096902
4.7424198526024455	0.10850254349042346
4.753352259428054	0.10790133244075294
4.7643098680541565	0.10730281550358008
4.775292736576909	0.10670698839202984
4.786300923226383	0.106113846557585
4.797334486366892	0.10552338518691064
4.808393484497285	0.10493559919865178
4.819477976251274	0.10435048324019956
4.830588020397726	0.10376803168443038
4.841723675840994	0.10318823862641321
4.8528850016212095	0.10261109788008883
4.864072056914616	0.10203660297491712
4.875284901033862	0.10146474715249597
4.886523593428336	0.10089552336314757
4.897788193684462	0.10032892426247543
4.909078761526032	0.09976494220788905
4.920395356814509	0.09920356925509848
4.9317380395493595	0.09864479715457532
4.943106869868354	0.09808861734798457
4.954501908047903	0.09753502096458137
4.96592321450336	0.09698399881757787
4.97737084978936	0.0964355414004754
4.9888448746001215	0.0958896388833655
5.000345349769786	0.0953462811091961
5.011872336272722	0.09480545759000596
5.0234258952238715	0.09426715750312331
5.035006087879047	0.09373136968733299
5.046612975635284	0.09319451545414247
5.05824662003114	0.09265886706643849
5.0699070827470445	0.09212568213924524
5.081594425605605	0.09159495984976031
5.093308710571955	0.09106669917988011
5.105049999754062	0.0905408989137252
5.116818355403078	0.09001755763514124
5.1286138399136485	0.08949667372517801
5.140436515824262	0.08897824535954398
5.152286445817564	0.0884622705060388
5.16416369272071	0.0879487469219605
5.176068319505676	0.08743767215149074
5.188000389289612	0.08692904352305385
5.199959965335159	0.08642285814665385
5.211947111050805	0.08591911291118495
5.223961889991197	0.08541780448171939
5.236004365857504	0.08491892929676842
5.248074602497725	0.08442248356552036
5.2601726639070625	0.08392846326505123
5.2722986142282275	0.08343686413751206
5.284452517751805	0.08294768168728879
5.296634438916578	0.0824609111781375
5.308844442309884	0.08197654763029268
5.321082592667942	0.08149458581755033
5.333348954876211	0.08101502026432306
5.345643593969716	0.08053784524267023
5.357966575133418	0.0800630547692993
5.370317963702527	0.07959064260254203
5.382697825162884	0.07912060223930123
5.3951062251512765	0.07865292691197207
5.4075432294558095	0.07818760958533356
5.420008904016238	0.07772464295341379
5.432503314924333	0.07726401943632527
5.445026528424211	0.07680573117707352
5.4575786109127105	0.07634977003833521
5.470159628939716	0.07589612759920901
5.482769649208539	0.0754447951519356
5.495408738576246	0.07499576369859005
5.508076964054036	0.07454902394774282
5.520774392807573	0.07410456631109255
5.533501092157368	0.07366238090006706
5.546257129579107	0.07322245752239566
5.559042572704037	0.07278478567864921
5.5718574893192985	0.07234935455875101
5.584701947368309	0.07191615303845501
5.597576014951102	0.07148516967579398
5.610479760324706	0.07105639270749506
5.623413251903491	0.07062981004536428
5.6363765582595455	0.0702054092726385
5.649369748123025	0.06978317764030514
5.6623928903825345	0.06935943752449233
5.675446054085471	0.06893652195034493
5.688529308438416	0.0685157216201497
5.701642722807475	0.06809703447023208
5.714786366718672	0.06768045825315248
5.727960309858292	0.06726599053543819
5.741164622073277	0.06685362869529332
5.7543993733715695	0.06644336992028903
5.767664633922509	0.0660352112050312
5.780960474057181	0.06562914934880824
5.794286964268812	0.06522518095321607
5.807644175213121	0.06482330241976253
5.821032177708716	0.06442350994744905
5.834451042737448	0.06402579953033119
5.847900841444809	0.06363016695505593
5.861381645140288	0.0632366077983779
5.874893525297769	0.06284511742465158
5.88843655355589	0.06245569098330217
5.902010801718445	0.06206832340627221
5.91561634175474	0.06168300940544663
5.9292532458	0.06129974347005265
5.942921586155727	0.06091851986403809
5.956621435290106	0.06053933262342438
5.970352865838369	0.06016217555363709
5.984115950603199	0.059787042226811166
5.997910762555095	0.05941392597907309
6.011737374832782	0.05904281990779744
6.025595860743578	0.05867371686883998
6.0394862937638	0.05830660947374484
6.0534087475391365	0.057941490086927595
6.067363295885055	0.05757835082283222
6.08135001278718	0.057217183543063564
6.095368972401694	0.05685797985349313
6.109420249055721	0.05650073110134021
6.123503917247737	0.056145428372225525
6.137620051647943	0.05579206248720026
6.151768727098683	0.05544062399974693
6.165950018614822	0.05509110319275512
6.180164001384161	0.05474349007546896
6.1944107507678146	0.05439777438040874
6.208690342300634	0.054053945560263994
6.223002851691596	0.053711992784759924
6.237348354824191	0.05337190493749604
6.251726927756859	0.05303367061275579
6.266138646723353	0.05269727811228949
6.2805835881331795	0.0523627154420674
6.295061828571975	0.052029970309005365
6.309573444801933	0.051699030117660395
6.324118513762193	0.05136988196689822
6.33869711256927	0.05104251264653047
6.353309318517436	0.050712938755462886
6.367955209079159	0.05038368841774154
6.382634861905486	0.05005616063810625
6.397348354826482	0.04973035399191876
6.412095765851615	0.04940626690955419
6.4268771731701975	0.04908389767460277
6.441692655151772	0.04876324442205602
6.456542290346556	0.048444305136474984
6.471426157485831	0.048127077650143006
6.486344335482385	0.04781155964120046
6.501296903430906	0.047497748631763384
6.516283940608428	0.04718564198602401
6.531305526474723	0.04687523690833505
6.546361740672751	0.04656653044127501
6.561452663029053	0.046259519463697704
6.576578373554206	0.04595420068876227
6.591738952443213	0.0456505706619467
6.606934480075961	0.04534862575904222
6.622165037017619	0.045048362184130386
6.637430704019089	0.044749775967541074
6.652731562017413	0.04445286296379264
6.668067692136222	0.044157618849512865
6.6834391756861455	0.04386403912134165
6.698846094165265	0.04357211909381429
6.714288529259523	0.0432818538972262
6.729766562843179	0.04299323847547759
6.745280276979219	0.04270626758389989
6.760829753919819	0.042420935787061305
6.77641507610675	0.04213723745655397
6.792036326171846	0.04185516676876
6.807693586937414	0.04157471770259863
6.823386941416698	0.04129588403725219
6.839116472814292	0.0410186593498727
6.8548822645266165	0.04074303701326679
6.870684400142321	0.04046901019356127
6.886522963442762	0.04019657184784663
6.902398038402419	0.03992571472180048
6.918309709189366	0.03965643134728904
6.934258060165691	0.039388714039948015
6.9502431758879695	0.03912255489674124
6.966265141107686	0.038857945793498314
6.982324040771715	0.03859487838242968
6.998419960022734	0.038333344089620414
7.014552984199714	0.03807333411250094
7.030723198838334	0.037814839417296325
7.046930689671471	0.03755785073645204
7.06317554262962	0.03730235856603784
7.07945784384138	0.03704835316312784
7.095777679633888	0.0367958245431584
7.112135136533292	0.03654476247726181
7.128530301265195	0.03629220859806796
7.1449632607551345	0.036040039751603116
7.16143410212902	0.035789294324454796
7.177942912713619	0.035539970778320926
7.194489780036995	0.035292067451557635
7.211074791828998	0.03504558255766514
7.227698036021702	0.03480051418376114
7.2443596007499025	0.03455686028903885
7.261059574351547	0.03431461870321226
7.277798045368242	0.034073787124946055
7.294575102545687	0.03383436312027229
7.311390834834176	0.03359634412099156
7.3282453313890406	0.0333597274230608
7.345138681571151	0.03312451018496525
7.362070974947361	0.03289068942607679
7.379042301291012	0.0326582620249963
7.396052750582378	0.032427224717881994
7.413102413009177	0.03219757409676168
7.430191378967014	0.03196930660783085
7.447319739059893	0.03174241854973413
7.464487584100665	0.03151690607183248
7.481695005111545	0.03129276517245367
7.498942093324558	0.031069991697128006
7.516228940182057	0.030848581336807172
7.533555637337174	0.030628529626068088
7.550922276654341	0.03040983194129966
7.568328950209744	0.030192483498874118
7.58577575029184	0.029976479353301236
7.603262769401819	0.029761814395366716
7.620790100254123	0.029548483350253167
7.638357835776907	0.029336480775645105
7.655966069112566	0.02912580105981614
7.67361489361819	0.028916438419700048
7.691304402866098	0.028708386898943727
7.709034690644301	0.02850164036594366
7.726805850957025	0.02829619251186406
7.744617978025188	0.02809203684863825
7.76247116628692	0.027889166706951546
7.78036551039804	0.027687575234206847
7.798301105232589	0.027487255392471557
7.816278045883297	0.02728819995640711
7.83429642766212	0.027090401511179286
7.852356346100718	0.026893852450350836
7.870457896950989	0.026698544973754887
7.888601176185544	0.026504471085350065
7.906786279998253	0.026311622591056145
7.925013304804718	0.02611999109657135
7.943282347242818	0.025929568005169587
7.961593504173188	0.025740344515479095
7.979946872679768	0.02555231161924093
7.9983425500702845	0.025362952519644797
8.016780633876794	0.02517386342213131
8.035261221856173	0.024985927310286496
8.05378441199067	0.024799142572325537
8.072350302488383	0.024613507492607708
8.090958991783825	0.024429020250376847
8.109610578538408	0.024245678918491047
8.128305161640995	0.0240634814621401
8.147042840208396	0.02388242573755201
8.165823713585926	0.023702509490686963
8.1846478813479	0.023523730355920203
8.203515443298185	0.0233460858547123
8.222426499470712	0.023169573394267975
8.241381150130026	0.022994190266182178
8.260379495771788	0.022819933645074637
8.279421637123345	0.02264680058721122
8.298507675144226	0.022474788029113766
8.317637711026709	0.0223038927861566
8.336811846196344	0.022134111551150894
8.356030182312479	0.021965440892916268
8.375292821268827	0.021797877254839084
8.394599865193973	0.021631416953418612
8.413951416451951	0.021466056176799187
8.433347577642753	0.02130179098329011
8.452788451602899	0.021138617299871633
8.472274141405963	0.020976530920688016
8.491804750363139	0.020815527505526746
8.511380382023763	0.020655602578284585
8.531001140175896	0.02049675152541944
8.550667128846833	0.02033896959438907
8.570378452303697	0.020182251892075127
8.590135215053957	0.02002659338319387
8.609937521846007	0.0198719888886923
8.629785477669701	0.019718433084130307
8.649679187756934	0.01956592049804818
8.669618757582166	0.019414445510320136
8.689604292863018	0.01926400235049256
8.709635899560805	0.019114585096108246
8.729713683881117	0.018966187671015287
8.74983775227436	0.018818803843661455
8.770008211436348	0.01867242722537303
8.790225168308842	0.018527051268618977
8.810488730080142	0.018382669265259367
8.830799004185627	0.018239274344778813
8.851156098308357	0.01809685947250387
8.871560120379607	0.01795541744780527
8.892011178579486	0.01781494090228389
8.912509381337454	0.017675422297941303
8.933054837332953	0.017536853925333724
8.953647655495937	0.01739922790171039
8.974287945007486	0.017260341114154094
8.994975815300352	0.017121590848650635
9.01571137605957	0.016983750067637166
9.036494737223014	0.016846817395199627
9.057326008982002	0.016710791372820794
9.078205301781857	0.01657567045838396
9.099132726322518	0.016441453025167075
9.120108393559097	0.01630813736082822
9.141132414702504	0.016175721666381433
9.162204901219997	0.016044204055163696
9.183325964835811	0.01591358255179209
9.204495717531712	0.015783855091112003
9.225714271547634	0.015655019517135247
9.246981739382225	0.01552707358196933
9.268298233793494	0.01540001494473621
9.289663867799362	0.015273841170482132
9.311078754678306	0.015148549729076885
9.33254300796991	0.015024137994103884
9.354056741475521	0.014900603241739575
9.375620069258803	0.014777942649623382
9.39723310564638	0.01465615329571702
9.418895965228414	0.014535232157154023
9.440608762859236	0.01441517610907852
9.462371613657929	0.014295981923474102
9.484184633008974	0.01417764626798168
9.506047936562814	0.01406016570470742
9.527961640236521	0.013943536689019305
9.549925860214358	0.013827755568333733
9.571940712948447	0.013712818580890613
9.594006315159332	0.013598721854518145
9.616122783836648	0.013485461405386142
9.638290236239705	0.01337303313674863
9.660508789898136	0.013261432837675028
9.68277856261249	0.01315065618177036
9.7050996724549	0.013040698725883721
9.727472237769652	0.012931555908805846
9.749896377173872	0.012823223049954563
9.772372209558107	0.012715695348049193
9.79489985408699	0.012608967879772788
9.817479430199844	0.012503035598422916
9.84011105761134	0.012397893332550279
9.862794856312105	0.012293535784585585
9.885530946569391	0.012189957529454091
9.908319448927676	0.012087153013178245
9.93116048420934	0.011985116551467714
9.954054173515269	0.011883842328297424
9.977000638225535	0.01178332439447276
10.	0.0116835566661825
10.023052380778994	0.011584532923538827
10.046157902783957	0.01148624680910471
10.069316688518045	0.011387005564069448
10.092528860766844	0.01128788228617418
10.115794542598982	0.011189470457266
10.1391138573668	0.011091768700440511
10.16248692870696	0.01099477557070721
10.18591388054117	0.010898489554179245
10.209394837076797	0.010802909067256235
10.232929922807546	0.010708032455799472
10.256519262514079	0.010613857994299937
10.280162981264736	0.010520383885038355
10.303861204416158	0.01042760825723812
10.32761405761398	0.010335529166210307
10.351421666793442	0.010244144592491313
10.375284158180126	0.010153452440972256
10.39920165829059	0.010063450540020941
10.423174293933046	0.00997413664059586
10.447202192208003	0.00988550841535231
10.471285480508996	0.009797563457740176
10.495424286523221	0.0097102992810941
10.519618738232236	0.009623713317715166
10.543868963912592	0.009537802917944717
10.568175092136585	0.009452565349229424
10.592537251772887	0.009367997795178495
10.616955571987253	0.009284097354612239
10.641430182243164	0.009200861040602318
10.665961212302578	0.009118285779503157
10.690548792226577	0.009036368409975133
10.71519305237607	0.008955105681998829
10.739894123412451	0.008874494255880779
10.76465213629835	0.008794530701250048
10.789467222298287	0.008715211496046302
10.814339512979387	0.008636533025498681
10.83926914021204	0.008558491581095886
10.864256236170656	0.008481083359546822
10.889300933334333	0.00840430446173239
10.91440336448757	0.0083281508916479
10.939563662720943	0.008252618555336265
10.964781961431852	0.008177703259811606
10.990058394325208	0.00810340071197361
11.015393095414156	0.00802970651751222
11.040786199020735	0.007956616179802868
11.066237839776663	0.007884125098791746
11.091748152624008	0.007812228569871571
11.117317272815919	0.007740921782747361
11.142945335917304	0.007670199820292443
11.168632477805613	0.007600057657394186
11.194378834671515	0.007530490159789919
11.220184543019629	0.007461492082892582
11.24604973966927	0.007393058070606078
11.271974561755105	0.007325182654130538
11.297959146727976	0.007256429985392124
11.324003632355566	0.007187710183256474
11.350108156723154	0.007119526566874269
11.37627285823431	0.007051877908273512
11.402497875611685	0.006984762925974484
11.428783347897712	0.006918180284360123
11.45512941445536	0.0068521285930406095
11.481536214968829	0.006786606406212383
11.508003889444357	0.006721612222011075
11.534532578210918	0.006657144481858971
11.561122421920993	0.006593201569806375
11.587773561551263	0.006529781811867288
11.614486138403427	0.0064668834753488155
11.641260294104908	0.0064045047681748676
11.66809617060963	0.006342643838203616
11.694993910198711	0.006281298772539056
11.721953655481304	0.006220467596836114
11.748975549395292	0.006160148274599823
11.776059735208078	0.0061003387064781115
11.803206356517299	0.006041036729548429
11.830415557251646	0.005982240116597791
11.857687481671597	0.005923946575396644
11.88502227437019	0.005866153747966152
11.91242008027375	0.005808859209839132
11.93988104464273	0.005752060469314165
11.967405313072431	0.005695754966703367
11.994993031493793	0.005639940073573351
12.02264434617413	0.005584613091979615
12.050359403717973	0.005529771253693918
12.078138351067798	0.00547541171942508
12.10598133550483	0.005421531578032785
12.133888504649775	0.005368127845734564
12.161860006463678	0.005315197465305572
12.189895989248662	0.005262737305271559
12.217996601648723	0.00521074415909462
12.246161992650489	0.005159214744351892
12.274392311584071	0.005108145701906861
12.30268770812381	0.0050575335950735845
12.331048332289097	0.005007374908773499
12.359474334445107	0.004957666048684937
12.387965865303691	0.0049084033403850045
12.416523075924106	0.004859583028484187
12.445146117713856	0.004811201275753232
12.473835142429433	0.004763254162242578
12.5025903021772	0.004715737684393872
12.531411749414156	0.004668647754143948
12.560299636948754	0.004621980198020916
12.589254117941675	0.004575730756232458
12.618275345906707	0.00452989508174604
12.64736347471151	0.004484468739361321
12.67651865857846	0.0044382802295477395
12.705741052085418	0.00439207216670416
12.735030810166617	0.004346255255098977
12.764388088113435	0.004300828535325122
12.793813041575252	0.0042557910083497645
12.823305826560219	0.004211141635050514
12.852866599436155	0.004166879335747335
12.882495516931336	0.004123002989730387
12.912192736135347	0.0040795114347835
12.941958414499863	0.00403640346670357
12.971792709839558	0.003993677838815367
13.001695780332899	0.003951333261482211
13.031667784523	0.0039093684016122095
13.061708881318419	0.003867781882160109
13.09181922999407	0.00382657228162459
13.121998990192028	0.0037857381335411945
13.15224832192239	0.003745277925970679
13.182567385564074	0.003705190100982883
13.212956341865752	0.003665473054135841
13.243415351946643	0.0036261251339504423
13.273944577297401	0.0035871446413803035
13.304544179780914	0.003548529829277054
13.33521432163324	0.0035102789018507125
13.365955165464419	0.0034723900141254435
13.396766874259358	0.0034348612713903924
13.427649611378643	0.003397690728645782
13.458603540559483	0.003360876390043913
13.489628825916533	0.0033244162083254495
13.52072563194278	0.003288308084250571
13.551894123510364	0.0032525498660252723
13.583134465871542	0.0032171393487223777
13.614446824659497	0.0031820742736976995
13.645831365889252	0.003147352328000906
13.677288255958494	0.003112971143781343
13.708817661648537	0.003078928297688459
13.740419750125149	0.00304522131026717
13.772094688939474	0.0030118476453477824
13.803842646028853	0.002978804709430705
13.83566378971781	0.0029460898510656097
13.867558288718882	0.00291370036022531
13.89952631213354	0.0028816334676741075
13.931568029453036	0.0028498863443306923
13.963683610559377	0.002818456100625339
13.995873225726179	0.002787339785851668
14.028137045619589	0.002756534387512674
14.060475241299143	0.002726036830661108
14.092887984218748	0.002695843977234063
14.12537544622754	0.0026659526253818445
14.157937799570824	0.0026363595087909907
14.190575216890926	0.0026070612960014537
14.223287871228198	0.002577192088917316
14.25607593602188	0.0025473006937016193
14.288939585111036	0.0025176906047778775
14.321878992735439	0.0024883610597115865
14.35489433353656	0.002459311266813046
14.387985782558452	0.0024305404047975892
14.421153515248696	0.002402047622442676
14.45439770745928	0.002373832038241991
14.487718535447618	0.0023458927400563357
14.52111617587742	0.0023182287847615074
14.554590805819668	0.002290839197892948
14.58814260275349	0.0022637229732873163
14.621771744567184	0.0022368790727207216
14.655478409559112	0.0022103064255438606
14.689262776438676	0.0021840039283138267
14.723125024327194	0.0021579704444227295
14.757065332758946	0.0021322048037228747
14.791083881682072	0.002106705802148745
14.825180851459544	0.0020814722013355554
14.859356422870075	0.002056502728234488
14.893610777109155	0.002031796074724413
14.92794409578996	0.0020073508972202835
14.962356560944343	0.0019831658162779886
14.99684835502374	0.001959239416195806
15.031419660900225	0.0019355702446121992
15.066070661867418	0.0019121568121001995
15.100801541641477	0.0018889975917581391
15.135612484362087	0.001866091018796794
15.170503674593368	0.0018434354901229375
15.205475297324954	0.0018210293639191468
15.240527537972907	0.0017988709592199883
15.275660582380732	0.0017769585554844663
15.310874616820303	0.0017552903921647359
15.346169827992941	0.0017338646682709795
15.381546403030342	0.0017126795419325428
15.4170045294956	0.0016917331299551904
15.452544395384141	0.0016710235073745402
15.488166189124811	0.0016505487070055036
15.523870099580817	0.0016303067189878983
15.55965631605075	0.0016102954903280298
15.595525028269538	0.0015905129244363398
15.631476426409538	0.0015709568806609368
15.667510701081484	0.0015516251738171662
15.70362804333553	0.0015325155737130334
15.739828644662197	0.0015136258046705507
15.776112696993485	0.0014949535450428494
15.812480392703826	0.0014764964267272062
15.848931924611142	0.001458252034673763
15.88546748597779	0.0014402179063900825
15.9220872705117	0.0014223915314413008
15.95879147236732	0.0014041692643643599
15.995580286146694	0.0013859333805363292
16.032453906900418	0.0013678951921892936
16.069412530128773	0.001350053968864535
16.106456351782697	0.0013324089570516332
16.143585568264868	0.0013149593799265133
16.18080037643066	0.0012977044370872208
16.218100973589298	0.001280643304287258
16.255487557504836	0.0012637751331666363
16.292960326397232	0.0012470990509804948
16.330519478943348	0.0012306141603253475
16.368165214278086	0.0012143195388628453
16.40589773199539	0.0011982142390411562
16.443717232149325	0.0011822972878138421
16.481623915255085	0.001166567686356289
16.51961798229015	0.0011510244097795697
16.557699634695275	0.001135666406841848
16.595869074375614	0.0011204925996571944
16.634126503701697	0.0011055018834018877
16.672472125510627	0.0010906931260180502
16.71090614310707	0.001076065167914761
16.749428760264383	0.001061616821666491
16.788040181225607	0.0010473468717089377
16.82674061070467	0.0010332540740321165
16.865530253887407	0.0010193371558708413
16.90440931643265	0.0010055948153924528
16.94337800447329	0.0009920257213818385
16.982436524617444	0.0009786285129236608
17.0215850839495	0.0009654017990818482
17.060823890031244	0.0009523441585762675
17.10015315090288	0.0009394541394566106
17.139573075084254	0.0009267302587733689
17.179083871575877	0.0009141710022460201
17.21868574986008	0.0009017748239282759
17.25837891990204	0.0008895401458704643
17.298163592151013	0.0008774653577789212
17.338039977541374	0.0008655488166724782
17.378008287493763	0.0008537888465359409
17.418068733916144	0.0008421837379705995
17.458221529205037	0.0008307317478416456
17.498466886246565	0.0008194310989226164
17.53880501841762	0.0008082799795367071
17.579236139586932	0.0007972765431950294
17.619760464116293	0.0007864189082316949
17.66037820686164	0.0007757051574357981
17.70108958317422	0.0007651333376801987
17.741894808901662	0.0007547014595471316
17.78279410038923	0.0007444074969505564
17.82378767448089	0.0007342493867552911
17.864875748520518	0.0007242250283928599
17.906058540352948	0.0007138191146431274
17.947336268325266	0.0007033580572895695
17.988709151287875	0.0006930223144711719
18.030177408595698	0.0006828113196683544
18.071741260109274	0.0006727244903968709
18.113400926196025	0.0006627612280290828
18.15515662773135	0.0006529209176136856
18.197008586099845	0.0006432029276938258
18.238957023196384	0.0006336066101236235
18.281002161427427	0.0006241312998830456
18.323144223712113	0.0006147763148911798
18.365383433483473	0.0006055409558178455
18.407720014689563	0.0005964245058935592
18.450154191794738	0.0005874262307178011
18.492686189780777	0.000578545378065629
18.535316234148123	0.0005697811776925681
18.57804455091699	0.0005611328411378169
18.620871366628677	0.0005525995615256876
18.663796908346693	0.0005441805133653473
18.706821403658015	0.000535874852348773
18.74994508067419	0.0005276817151469792
18.793168168032686	0.0005196002192044114
18.836490894898002	0.0005116294625315933
18.879913490962945	0.0005037685234959325
18.92343618644976	0.0004960164606107318
18.967059212111465	0.0004883723123223222
19.010782799232995	0.00048083509679538354
19.054607179632484	0.0004734038116963687
19.098532585662387	0.0004660774339750751
19.14255925021086	0.0004588549196442775
19.18668740670289	0.0004517352035574909
19.230917289101594	0.00044471719918477785
19.275249131909366	0.00043779979838663724
19.31968317016924	0.00043098187118590525
19.364219639466068	0.0004242622655377112
19.408858775927794	0.0004176398070974274
19.453600816226633	0.0004111132989866341
19.498445997580454	0.00040468152155703193
19.543394557753942	0.0003983432321523514
19.58844673505991	0.0003920971648681902
19.633602768360475	0.0003859420303097997
19.67886289706845	0.00037987651534776063
19.724227361148536	0.0003738992828715819
19.76969640111862	0.00036800897154117343
19.81527025805099	0.00036220419553618965
19.860949173573715	0.00035648354430320743
19.906733389871864	0.0003508455823007531
19.952623149688808	0.00034528884874213773
19.998618696327448	0.0003398118573360974
20.044720273651613	0.0003344130960251955
20.090928126087277	0.0003287166158926002
20.137242498623895	0.00032296059246507246
20.183663636815616	0.0003172767142821508
20.23019178678272	0.0003116645949088563
20.276827195212817	0.0003061238379037257
20.32357010936221	0.00030065403670816274
20.37042077705719	0.00029525477453481677
20.417379446695296	0.00028992562425499206
20.46444636724674	0.0002846661482850383
20.511621788255646	0.0002794758984717716
20.558905959841425	0.00027435441597687234
20.606299132700006	0.0002693012311602842
20.65380155810529	0.0002643158634625681
20.701413487910415	0.0002593978212862471
20.749135174549107	0.0002545466018761028
20.79696687103696	0.00024976169119843305
20.844908830972887	0.0002450425638192388
20.892961308540386	0.00024038868278136548
20.941124558508935	0.00023579949948055942
20.989398836235246	0.00023127445354046092
21.03778439766475	0.00022681297268648304
21.086281499332888	0.0002224144726186151
21.134890398366476	0.0002180783568831099
21.183611352485023	0.0002138040167430661
21.23244462000219	0.00020959083104786714
21.28139045982711	0.00020543816610150796
21.330449131465773	0.00020134537552976987
21.379620895022324	0.00019731180014625346
21.428906011200585	0.0001933367678172361
21.47830474130533	0.00018941959332537787
21.527817347243737	0.00018555957823223842
21.57744409152667	0.00018175601073961914
21.6271852372702	0.00017800816554968936
21.67704104819694	0.00017431530372392454
21.727011788637455	0.00017067667254081964
21.77709772353159	0.00016709150535238664
21.827299118430012	0.0001635590214394004
21.87761623949552	0.00016007842586541937
21.9280493535045	0.00015664890932953898
21.978598727848254	0.00015326964801789242
22.02926463053456	0.00014993980345386204
22.080047330188993	0.00014665852234702103
22.13094709605639	0.00014342493644077485
22.181964198002195	0.0001402381623587033
22.23309890651403	0.00013709730144957787
22.28435149270303	0.00013400143963106492
22.335722228305325	0.00013094964723208994
22.3872113856834	0.00012794097883385932
22.438819237827662	0.00012497447310951738
22.490546058357804	0.00012204915266244709
22.542392121524305	0.0001191640238631862
22.59435770220978	0.00011631807668496462
22.646443075930595	0.0001135102845378274
22.698648518838212	0.00011073960410136268
22.750974307720718	0.0001080049751560007
22.803420720004187	0.00010530532041288743
22.8559880337543	0.00010263954534230338
22.908676527677724	0.0001000065380006406
22.961486481123632	0.00009740516885590524
23.01441817408509	0.00009483429061175201
23.06747188720069	0.00009229273803001602
23.12064790175594	0.00008977932775175694
23.173946499684796	0.00008729285811678541
23.227367963571073	0.00008483210898166935
23.280912576650078	0.00008239584153619659
23.33458062281002	0.00007998279811829885
23.38837238659356	0.00007759170202741024
23.442288153199225	0.00007522125733626061
23.49632820848307	0.00007287014870107333
23.55049283896009	0.00007053704117017815
23.604782331805783	0.00006822057999100849
23.65919697485759	0.0000659193904154841
23.71373705661655	0.00006363207750374878
23.76840286624876	0.00006135722592627251
23.823194693586913	0.000059093399764287935
23.878112829131783	0.000056839142308560744
23.933157564053875	0.00005459297585646465
23.9883291901949	0.00005235340150736781
24.043628000069347	0.00005011889895630297
24.099054286865954	0.00004788792628591734
24.154608344449404	0.00004565891975667598
24.210290467361776	0.00004343029359532253
24.266100950824168	0.00004120043978156967
24.32204009073816	0.00003896772783301607
24.378108183687527	0.00003673050458826144
24.434305526939713	0.00003448709398822561
24.49063241844747	0.00003223579685563974
24.547089156850312	0.000029974890672711042
24.603676041476273	0.0000277026293569276
24.660393372343385	0.00002541724303501081
24.717241450161318	0.000023116937814984683
24.774220576332862	0.000020799895556359958
24.831331052955704	0.000018464273638399647
24.888573182823905	0.00001610820472647678
24.94594726942956	0.000013729796536487971
25.003453616964322	0.000011327131597322557
25.06109253032114	8.898267011357281e-6
25.118864315095795	6.441234212978287e-6
25.17676927758857	3.954038725101266e-6
25.234807724805755	1.4346599136875495e-6