0.1	6.552317521664801
0.10023052380778996	6.544896700952331
0.10046157902783952	6.537475260116479
0.10069316688518042	6.530053207955312
0.10092528860766845	6.522630552877801
0.10115794542598985	6.515207302897849
0.10139113857366794	6.507783465628294
0.10162486928706957	6.500359048274834
0.1018591388054117	6.492934057629895
0.102093948370768	6.4855085000664445
0.10232929922807542	6.478082381531734
0.10256519262514076	6.470655707540998
0.10280162981264736	6.4632284831710605
0.10303861204416162	6.455800713053914
0.10327614057613975	6.448372401370211
0.10351421666793438	6.440943551842704
0.10375284158180126	6.433514167729602
0.10399201658290592	6.426084251817904
0.10423174293933042	6.418653806416618
0.10447202192208001	6.411222833349948
0.10471285480508996	6.403791333950395
0.10495424286523224	6.396359309051811
0.1051961873823223	6.388926758982364
0.1054386896391259	6.381493683557452
0.10568175092136585	6.374060082072539
0.10592537251772889	6.366625953295922
0.10616955571987247	6.3591912954614385
0.10641430182243161	6.3517561062610834
0.10665961212302578	6.344320382837586
0.1069054879222658	6.3368841217768805
0.10715193052376065	6.3294473191005265
0.10739894123412448	6.322003978004969
0.1076465213629835	6.314555834064902
0.10789467222298288	6.307107101374584
0.1081433951297938	6.299657798361722
0.10839269140212036	6.29220794319446
0.10864256236170655	6.284757553776662
0.10889300933334335	6.277306647743129
0.10914403364487565	6.269855242454799
0.10939563662720939	6.262403354993874
0.1096478196143185	6.254951002158901
0.10990058394325211	6.247498200459804
0.11015393095414151	6.24004496611287
0.11040786199020733	6.232591315035674
0.11066237839776664	6.2251372628419634
0.11091748152624012	6.217682824836478
0.11117317272815914	6.21022801600973
0.11142945335917301	6.202772851032718
0.11168632477805612	6.1953173442515945
0.11194378834671516	6.1878615096822855
0.11220184543019636	6.180405361005045
0.11246049739669266	6.172948911558951
0.11271974561755105	6.165492174336365
0.11297959146727979	6.158035161977317
0.11324003632355571	6.150577886763839
0.11350108156723152	6.143120360614258
0.1137627285823431	6.135662595077394
0.11402497875611688	6.128204601326743
0.11428783347897718	6.120746390154574
0.11455129414455358	6.113287971965979
0.1148153621496883	6.105829356772854
0.11508003889444356	6.098370554187835
0.11534532578210924	6.090911573418154
0.11561122421920987	6.083452423259459
0.11587773561551262	6.0759931120895425
0.11614486138403426	6.068533647862044
0.11641260294104915	6.06107403810005
0.11668096170609624	6.053614289889669
0.11694993910198712	6.046154409873511
0.11721953655481303	6.038694404244133
0.11748975549395298	6.03123427873739
0.11776059735208072	6.023774038625753
0.11803206356517298	6.016313688711522
0.11830415557251646	6.008853233320017
0.118576874816716	6.001392676292668
0.11885022274370183	5.993932020980052
0.11912420080273747	5.986471270234863
0.1193988104464273	5.979010426404807
0.11967405313072434	5.97154949132544
0.11994993031493788	5.96408846631292
0.12022644346174129	5.9566273521567
0.12050359403717974	5.949160660616808
0.120781383510678	5.94168998577413
0.12105981335504823	5.934219191853618
0.12133888504649772	5.9267483001244186
0.12161860006463679	5.919277331606284
0.12189895989248664	5.911806307064854
0.12217996601648717	5.904335247006909
0.12246161992650487	5.896864171675555
0.12274392311584072	5.889393101045367
0.12302687708123815	5.881922054817473
0.1233104833228909	5.874451052414606
0.12359474334445104	5.86698011297608
0.1238796586530369	5.859509255352743
0.1241652307592411	5.852038498101845
0.1244514611771385	5.844567859481885
0.12473835142429429	5.837097357447378
0.125025903021772	5.829627009643594
0.1253141174941416	5.8221568334012215
0.1256029963694875	5.814686845730986
0.12589254117941673	5.807217063318222
0.12618275345906707	5.799747502517368
0.12647363474711512	5.792278179346429
0.12676518658578456	5.784809109481368
0.12705741052085415	5.7773403082504435
0.12735030810166617	5.769871790628496
0.12764388088113438	5.762403571231174
0.12793813041575247	5.7549356643090865
0.12823305826560213	5.747468083741932
0.12852866599436155	5.7400008430325276
0.1288249551693134	5.73253395530081
0.12912192736135342	5.725067433277759
0.1294195841449986	5.717601289299265
0.12971792709839558	5.710135535299939
0.13001695780332903	5.702670182806854
0.13031667784522993	5.695205242933232
0.13061708881318415	5.687740726372058
0.1309181922999407	5.680276643389648
0.13121998990192033	5.672813003819124
0.13152248321922383	5.6653498170538645
0.1318256738556407	5.657887092040849
0.1321295634186575	5.650424837273967
0.13243415351946647	5.642963060787251
0.13273944577297395	5.6355017701480365
0.1330454417978091	5.628040972450062
0.1333521432163324	5.620580674306509
0.13365955165464422	5.61312088184295
0.1339676687425935	5.6056616006902535
0.1342764961137864	5.598202835977406
0.13458603540559483	5.590744592324269
0.13489628825916536	5.583286873834254
0.13520725631942773	5.575824340091919
0.1355189412351036	5.568358546536344
0.1358313446587154	5.5608932589784414
0.136144468246595	5.553428501445673
0.13645831365889247	5.545964297718036
0.13677288255958492	5.538500671323267
0.13708817661648537	5.531037645531988
0.13740419750125152	5.523575243352814
0.13772094688939465	5.516113487527386
0.1380384264602885	5.508652400525391
0.1383566378971781	5.501192004539492
0.13867558288718884	5.4937323214802225
0.13899526312133534	5.4862733729708335
0.13931568029453031	5.478815180342072
0.13963683610559377	5.471357764626923
0.13995873225726183	5.463901146555282
0.14028137045619582	5.456445346548581
0.1406047524129914	5.44899038471436
0.14092887984218747	5.441536280840776
0.14125375446227545	5.434083054391064
0.14157937799570816	5.42663072449794
0.14190575216890922	5.41917930995794
0.142232878712282	5.411728829225705
0.14256075936021884	5.404279300408217
0.1428893958511103	5.396830741258964
0.14321878992735435	5.389383169172048
0.1435489433353656	5.381936601176237
0.14387985782558455	5.374491053928968
0.14421153515248689	5.367046543710254
0.14454397707459277	5.359603086416579
0.14487718535447616	5.352160697554687
0.14521116175877424	5.34471939223534
0.14554590805819662	5.337279185166993
0.14588142602753484	5.3298400906494185
0.14621771744567183	5.322402122567262
0.14655478409559117	5.3149652943835335
0.1468926277643867	5.307529619133035
0.1472312502432719	5.300095109415726
0.14757065332758945	5.292661777390015
0.14791083881682077	5.285229634765989
0.14825180851459538	5.27779869279858
0.1485935642287007	5.270368962280663
0.14893610777109154	5.262940453536074
0.14927944095789963	5.255513176412574
0.14962356560944334	5.248087140274742
0.1499684835502373	5.240662353996787
0.15031419660900225	5.233238825955297
0.15066070661867417	5.225816564021933
0.15100801541641484	5.218395575556008
0.1513561248436208	5.210975867397048
0.1517050367459337	5.203552138325284
0.15205475297324955	5.196125935916489
0.15240527537972914	5.188701003028972
0.15275660582380723	5.1812773662607965
0.15310874616820302	5.173855051956335
0.15346169827992942	5.166434086201291
0.1538154640303035	5.15901449481767
0.15417004529495593	5.151596303358699
0.1545254439538414	5.144179537103671
0.1548816618912481	5.136764221052783
0.15523870099580825	5.12935037992186
0.15559656316050743	5.121938038137083
0.15595525028269538	5.114527219829613
0.15631476426409538	5.107117948830201
0.15667510701081494	5.099710248663695
0.15703628043335524	5.092304142543558
0.15739828644662196	5.084899653366249
0.15776112696993486	5.077496803705613
0.15812480392703834	5.070095615807176
0.15848931924611134	5.062696111582399
0.15885467485977792	5.055298312602861
0.159220872705117	5.047902240094399
0.15958791472367329	5.040507914931163
0.15995580286146688	5.03311535762964
0.16032453906900418	5.025724588342599
0.1606941253012877	5.018335626852974
0.16106456351782708	5.010948492567693
0.16143585568264862	5.003563204511448
0.16180800376430657	4.996179781320385
0.16218100973589297	4.989806894052707
0.16255487557504839	4.984221301524288
0.16292960326397224	4.978636592972553
0.16330519478943342	4.973052727989396
0.16368165214278085	4.967469665143165
0.16405897731995392	4.961887361966914
0.16443717232149316	4.9563057749465536
0.1648162391525508	4.950724859508888
0.1651961798229015	4.945144570009561
0.1655769963469528	4.939564859720872
0.16595869074375605	4.933985680819498
0.16634126503701693	4.9284069843741065
0.16672472125510626	4.922828720332842
0.16710906143107074	4.9172508375107205
0.16749428760264373	4.911673283576894
0.16788040181225602	4.906096005041818
0.16826740610704674	4.90051894724429
0.16865530253887412	4.894942054338379
0.16904409316432642	4.889365269280238
0.16943378004473283	4.8837885338147995
0.16982436524617442	4.878211788462358
0.17021585083949506	4.872621603437452
0.17060823890031235	4.867021800384974
0.17100153150902875	4.861421730717364
0.17139573075084252	4.855821385118226
0.17179083871575881	4.850220753744709
0.1721868574986007	4.844619826220748
0.17258378919902034	4.839018591630228
0.17298163592151014	4.833417038510095
0.17338039977541378	4.827815154843395
0.17378008287493754	4.822212928052251
0.17418068733916142	4.816610344990769
0.17458221529205037	4.811007391937893
0.1749846688624657	4.805404054590169
0.1753880501841761	4.799800318054468
0.17579236139586926	4.79419616684062
0.1761976046411629	4.7885915848539895
0.17660378206861643	4.7829865553879864
0.17701089583174212	4.7773810611164915
0.17741894808901656	4.77177508408623
0.1778279410038923	4.766168605709065
0.17823787674480895	4.760561606754216
0.17864875748520506	4.7549540673404165
0.17906058540352943	4.74934596692799
0.17947336268325265	4.743737284310857
0.1798870915128788	4.738127997608467
0.1803017740859569	4.73251808425766
0.1807174126010927	4.726907521004445
0.18113400926196024	4.721296283895708
0.18155156627731356	4.7156843482708535
0.18197008586099836	4.710071688753348
0.18238957023196378	4.704458279242206
0.1828100216142743	4.698844092903384
0.18323144223712115	4.693229102161111
0.18365383433483465	4.687613278689121
0.18407720014689558	4.681996593401824
0.18450154191794738	4.676379016445384
0.18492686189780783	4.67076051718872
0.18535316234148114	4.665141064214428
0.18578044550916986	4.659520625309616
0.18620871366628675	4.653899167456658
0.186637969083467	4.648276656823864
0.18706821403658005	4.642653058756066
0.18749945080674188	4.63702833776512
0.18793168168032684	4.631402457520315
0.18836490894898006	4.625775380838713
0.18879913490962935	4.620147069675373
0.18923436186449755	4.614517485113521
0.18967059212111465	4.608886587354601
0.19010782799233	4.60325433570826
0.19054607179632474	4.597620688582226
0.1909853258566238	4.591964010312653
0.19142559250210858	4.586290530124851
0.19186687406702896	4.580615409805054
0.19230917289101584	4.574938693204674
0.1927524913190936	4.56926042446026
0.1931968317016924	4.563580647994767
0.19364219639466074	4.557899408518809
0.19408858775927784	4.552216751031928
0.19453600816226624	4.546532720823867
0.19498445997580455	4.540847363475839
0.19543394557753943	4.5351607248618135
0.195884467350599	4.529472851149793
0.19633602768360464	4.523783788803104
0.1967886289706845	4.518093584581675
0.19724227361148533	4.512402285543352
0.19769696401118608	4.5067099390451775
0.1981527025805098	4.501016592744705
0.19860949173573716	4.4953222946012925
0.19906733389871864	4.489627092877434
0.19952623149688797	4.4839310361400475
0.1999861869632744	4.478234173261813
0.20044720273651614	4.472536553422486
0.2009092812608728	4.466838226110228
0.20137242498623883	4.46113924112293
0.20183663636815607	4.455439648569553
0.2023019178678272	4.449739498871462
0.20276827195212818	4.4440388427637725
0.20323570109362218	4.438337731296691
0.2037042077705718	4.43263621583687
0.20417379446695297	4.426934348068755
0.20464446367246739	4.421232179995956
0.20511621788255657	4.4155297639425894
0.20558905959841414	4.409827152554665
0.20606299132700007	4.404124398801437
0.20653801558105292	4.398421555976794
0.20701413487910425	4.392718677700622
0.20749135174549097	4.3870158179202035
0.2079696687103696	4.381313030911581
0.20844908830972886	4.375610371280971
0.20892961308540398	4.369907893966134
0.20941124558508925	4.364205654237792
0.20989398836235246	4.358503707701017
0.21037784397664752	4.352802110296644
0.21086281499332898	4.347100918302674
0.21134890398366465	4.341400188335695
0.2118361135248502	4.3356999773522915
0.21232444620002192	4.33000034265047
0.21281390459827124	4.324301341871085
0.21330449131465762	4.318603032999269
0.21379620895022325	4.312905474365855
0.21428906011200585	4.307214978845439
0.21478304741305343	4.301529788667018
0.21527817347243727	4.295845558931574
0.21577444091526668	4.290162323544717
0.21627185237270202	4.284480116406133
0.21677041048196952	4.278798971407572
0.21727011788637443	4.273118922430839
0.2177709772353159	4.267440003345724
0.21827299118430013	4.261762248007957
0.2187761623949553	4.2560856902570805
0.21928049353504486	4.250410363914344
0.21978598727848253	4.244736302780537
0.2202926463053456	4.239063540633835
0.22080047330189004	4.2333921112275625
0.22130947096056375	4.227722048287995
0.22181964198002194	4.222053385512079
0.2223309890651403	4.216386156565159
0.22284351492703042	4.21072039507866
0.22335722228305316	4.205056134647751
0.223872113856834	4.1993934088289695
0.22438819237827662	4.193732251137843
0.2249054605835781	4.188072695046442
0.22542392121524293	4.182414773980944
0.22594357702209775	4.176758521319142
0.22646443075930595	4.171103970387937
0.2269864851883822	4.1654511544608
0.22750974307720706	4.159800106755194
0.2280342072000418	4.1541508604299775
0.22855988033754301	4.148503448582776
0.2290867652767773	4.1428579042473155
0.2296148648112362	4.137214260390732
0.23014418174085083	4.131572549910854
0.2306747188720069	4.125932805633437
0.23120647901755947	4.120295060309383
0.23173946499684786	4.1146593466119255
0.2322736796357107	4.109025697133772
0.23280912576650079	4.103394144384224
0.23334580622810028	4.097764720786261
0.23388372386593548	4.092137458673591
0.2344228815319922	4.0865123902876705
0.23496328208483072	4.080889547774684
0.23550492838960096	4.075268963182494
0.2360478233180577	4.069650668457566
0.23659196974857583	4.064034695441834
0.23713737056616552	4.05842107586956
0.23768402866248767	4.052809841364134
0.23823194693586902	4.0472010234348605
0.23878112829131776	4.04159465347369
0.23933157564053875	4.035990762751925
0.23988329190194904	4.030389382416886
0.24043628000069334	4.024797875608099
0.24099054286865948	4.019214143288612
0.24154608344449405	4.013633052852338
0.2421029046736178	4.008054604643583
0.24266100950824154	4.002478798444727
0.24322040090738153	3.9969056334686246
0.24378108183687525	3.991335108350921
0.2443430552693972	3.98576722114229
0.24490632418447456	3.9802019693006163
0.24547089156850305	3.9746393496830827
0.24603676041476275	3.9690793585382003
0.24660393372343392	3.9635219914977506
0.24717241450161304	3.9579672435686564
0.24774220576332856	3.9524151091247774
0.24831331052955705	3.946865581898626
0.2488857318282391	3.9413186549730077
0.24945947269429547	3.9357743207725755
0.25003453616964316	3.9302325710553196
0.2506109253032114	3.9246933969039572
0.251188643150958	3.9191567887172636
0.25176769277588557	3.913622736201299
0.25234807724805747	3.90809122836058
0.2529297996446145	3.902562253489138
0.25351286304979076	3.8970357991615234
0.25409727055493053	3.891511852223702
0.2546830252585041	3.8859903987838895
0.2552701302661247	3.8804714242032743
0.2558585886905646	3.8749549130866803
0.25644840365177174	3.869440849273125
0.2570395782768864	3.8639292158262957
0.25763211570025757	3.858419995024943
0.25822601906345966	3.8529131683531777
0.2588212915153092	3.847408716490676
0.2594179362118814	3.841906619302811
0.2600159563165272	3.8364068558306688
0.2606153549998896	3.8309094042809915
0.26121613543992067	3.825414242016024
0.2618183008218985	3.8199213455432606
0.26242185433844417	3.8144306905050986
0.26302679918953814	3.8089422516684097
0.263633138582538	3.8034560029139985
0.2642408757321946	3.7979719172259796
0.2648500138606701	3.792489966681039
0.2654605561975539	3.787010122437622
0.26607250597988097	3.781532354724999
0.2666858664521479	3.7760566328322502
0.26730064086633115	3.770582925097134
0.2679168324819031	3.7651111988948704
0.26853444456585074	3.759641420626803
0.26915348039269155	3.754173555708982
0.26977394324449205	3.7486945150738613
0.2703958364108843	3.7432080540729413
0.2710191631890843	3.737723327509003
0.2716439268839082	3.7322403506360398
0.2722701308077913	3.726759138413027
0.272897778280804	3.721279705499076
0.27352687263067127	3.7158020662485205
0.27415741719278824	3.7103262347059776
0.2747894153102397	3.7048522246013396
0.2754228703338166	3.699380049344724
0.27605778562203465	3.6939097220213766
0.27669416454115114	3.6884412553865173
0.2773320104651841	3.6829746618601327
0.27797132677592884	3.6775099535217266
0.2786121168629771	3.6720471421050083
0.27925438412373377	3.666586238992539
0.2798981319634363	3.661127255210308
0.2805433637951713	3.6556702014222795
0.28119008303989407	3.6502150879248574
0.28183829312644537	3.644761924641322
0.2824879974915708	3.6393107211161935
0.2831391995799379	3.633861486509552
0.2837919028441557	3.628414229591287
0.28444611074479154	3.622968958735313
0.285101826750391	3.617525681913701
0.28575905433749466	3.612084406690779
0.2864177969906581	3.606645140217157
0.28707805820246907	3.6012078892236996
0.28773984147356696	3.59577266001544
0.28840315031266056	3.590339458465439
0.2890679882365476	3.584908290008572
0.28973435877013226	3.5794791596352744
0.2904022654464451	3.5740520718852022
0.2910717118066605	3.568627030840859
0.29174270140011677	3.5632040401211382
0.29241523778433354	3.5577831028748186
0.2930893245250321	3.552364221773981
0.2937649651961531	3.5469473990073834
0.29444216337987617	3.5415326362737516
0.29512092266663853	3.536119934775019
0.29580124665515467	3.5307092952094936
0.2964831389524342	3.5253007177649685
0.29716660317380267	3.5198942021117503
0.29785164294291894	3.514489747395647
0.298538261891796	3.5090873522308574
0.2992264636608189	3.5036870146928223
0.29991625189876514	3.4982887323109857
0.30060763026282306	3.4928925020615003
0.3013006024186122	3.4874983203598595
0.3019951720402016	3.482106183053457
0.30269134281013055	3.476707467130074
0.30338911841942706	3.4713046708256776
0.3040885025676279	3.465903857330605
0.3047894989627983	3.46050505572743
0.3054921113215513	3.4551082949868817
0.3061963433690677	3.4497136039647445
0.30690219883911574	3.444321011398711
0.3076096814740708	3.438930545905206
0.3083187950249354	3.433542235976178
0.30902954325135906	3.4281561099758453
0.309741929921658	3.422772196137424
0.31045595881283555	3.417390522559798
0.31117163371060175	3.412011117204172
0.3118889584093937	3.4066340078906805
0.3126079367123955	3.4012592222949545
0.31332857243155854	3.3958867879446615
0.3140508693876217	3.3905167322160006
0.3147748314101316	3.3851490823301624
0.31550046233746265	3.3797838653497507
0.31622776601683794	3.374421108175165
0.3169567463043491	3.3690608375409483
0.31768740706497706	3.363703080012084
0.3184197521726125	3.358347861980271
0.31915378551007617	3.352995209660142
0.3198895109691398	3.347645149085455
0.3206269324505466	3.342297706105233
0.3213660538640317	3.3369529063798717
0.32210687912834346	3.331610775377203
0.32284941217126356	3.326271338368512
0.32359365692962827	3.3209346204245236
0.32433961734934924	3.3156006464113332
0.3250872973854344	3.310269440986303
0.3258367010020088	3.3049410285939165
0.32658783217233583	3.2996154334615824
0.3273406948788382	3.294292679595401
0.328095293113119	3.2889727907758877
0.32885163087598307	3.2836557905536403
0.32960971217745777	3.278341702244979
0.3303695410368148	3.2730305489275233
0.3311311214825911	3.2677223534357407
0.3318944575526104	3.2624171383564327
0.33265955329400454	3.2571149260241867
0.333426412763235	3.2518157385167736
0.3341950400261143	3.2465195976505035
0.33496543915782767	3.2412265249755285
0.3357376142429547	3.2359365417711015
0.33651156937549076	3.230649669040786
0.3372873086588689	3.2253659275076147
0.3380648362059816	3.220085337609199
0.33884415613920255	3.2148079194927934
0.3396252725904084	3.2095360388632157
0.3404081897010009	3.204269033819172
0.34119291162192855	3.19900527163068
0.3419794425137089	3.1937447615475465
0.3427677865464504	3.1884875123691563
0.34355794789987465	3.183233532437936
0.34434993076333853	3.1779828296327386
0.3451437393358563	3.1727354113621833
0.345939377826122	3.167491284557914
0.34673685045253166	3.1622504556678015
0.34753616144320587	3.157012930649076
0.34833731503601184	3.151778714961402
0.34914031547858615	3.1465478135598692
0.3499451670283573	3.1413202308879367
0.350751873952568	3.136095970870291
0.35156044052829816	3.1308750369056475
0.35237087104248715	3.125657431859482
0.353183169791957	3.120443158056682
0.3539973410834347	3.1152322172741433
0.35481338923357547	3.110024610733284
0.3556313185689854	3.10482033909249
0.3564511334262443	3.099619402439493
0.35727283815192895	3.0944218002836723
0.35809643710263606	3.0892275315482816
0.35892193464500527	3.0840365945626056
0.35974933515574237	3.0788489870540414
0.36057864302164244	3.0736647061401055
0.36140986263961333	3.0684837483203595
0.36224299841669866	3.0633061094682716
0.3630780547701014	3.058131784822987
0.36391503612720716	3.052960768981033
0.36475394692560786	3.047793055887938
0.36559479161312497	3.042628638829775
0.36643757464783333	3.0374675104246265
0.3672823004980847	3.0323096626139674
0.3681289736425315	3.027155086653966
0.3689775985701504	3.0220037731067095
0.3698281797802663	3.016855711831341
0.37068072178257605	3.011710891975117
0.37153522909717257	3.0065693019643804
0.3723917062545686	3.0014309294954504
0.3732501577957206	2.9962957615254266
0.3741105882720534	2.9911637842629086
0.3749730022454836	2.9860349831586306
0.3758374042884442	2.9809093428960054
0.37670379898390893	2.9757868473815816
0.377572190925416	2.970667479735422
0.37844258471709324	2.9655512222813707
0.3793149849736819	2.9604380565372606
0.38018939632056115	2.955327963205006
0.381065823393773	2.9502115622712246
0.3819442708400465	2.9450915517541456
0.38282474331682265	2.9399745011870446
0.38370724549227875	2.934860426552667
0.38459178204535355	2.9297493435040316
0.38547835766577176	2.924641267359145
0.38636697705406914	2.9195362130956615
0.3872576449216172	2.9144341953454944
0.3881503659906482	2.9093352283893665
0.38904514499428056	2.904239326151314
0.3899419866765434	2.899146502193127
0.390840895792402	2.894056769708749
0.3917418771077831	2.8889701415186027
0.3926449353995998	2.883886630063876
0.3935500754557774	2.878806247400744
0.3944573020752784	2.8737290051945297
0.3953666200681279	2.8686549147138236
0.39627803425543945	2.8635839868245245
0.3971915494694403	2.8585162319838373
0.3981071705534972	2.853451660234208
0.39902490236214205	2.8483902811971933
0.39994474976109745	2.8433321040672834
0.4008667176273028	2.8382771376056475
0.4017908108489399	2.833225390133836
0.4027170343254591	2.828176869527409
0.40364539296760493	2.823131583209507
0.4045758916974427	2.8180895381443607
0.40550853544838383	2.8130507408307377
0.40644332916521275	2.808015197295321
0.40738027780411273	2.8029829130860326
0.4083193863326921	2.7979538932652854
0.40926065973001086	2.79292814240317
0.4102041029866068	2.787905664570581
0.41114972110452225	2.7828864633322765
0.4120975190973302	2.7778705417398646
0.4130475019901614	2.7728579023247306
0.41399967481973043	2.767848547090893
0.4149540426343629	2.7628424775077898
0.41591061049402206	2.7578396945030006
0.4168693834703354	2.752840198454892
0.41783036664662176	2.747843989185204
0.4187935651179184	2.7428510659515535
0.41975898399100753	2.737861427439875
0.4207266283844441	2.7328750717567876
0.4216965034285822	2.727891996421888
0.422668614265603	2.722912198359974
0.4236429660495411	2.7179356738931886
0.4246195639463129	2.7129624187331
0.4255984131337431	2.7079924279726932
0.42657951880159267	2.7030256960783
0.4275628861515862	2.6980546594698627
0.4285485203974395	2.693081506707689
0.4295364267648873	2.6881115523431975
0.43052661049171065	2.6831448194570187
0.43151907682776525	2.6781813308952374
0.43251383103500873	2.6732211092650267
0.4335108783875289	2.6682641769302355
0.43451022417157154	2.6633105560069326
0.4355118736855686	2.6583602683589045
0.436515832240166	2.6534133355931098
0.4375221051582521	2.6484697790550777
0.4385306977749857	2.643529619824271
0.4395416154378245	2.6385928787093964
0.4405548635065533	2.6336595762436645
0.4415704473533125	2.6287297326800068
0.44258837236262655	2.623803367986239
0.44360864393143257	2.6188805018401804
0.4446312674691087	2.6139611536247234
0.4456562483975033	2.6090453424228435
0.44668359215096315	2.604133087012574
0.44771330417636257	2.59922440586192
0.4487453899331322	2.5943193171237238
0.449779854893288	2.589417838630478
0.45081670454146017	2.584519987889088
0.4518559443749224	2.579625782075585
0.4528975799036208	2.5747352380297737
0.4539416166502032	2.5698483722498464
0.4549880601500486	2.5649652008869257
0.4560369159512962	2.5600857397395584
0.4570881896148751	2.555210004248163
0.4581418867145335	2.5503380094894075
0.4591980128368686	2.5454697701705453
0.4602565735813561	2.540605300623683
0.4613175745603794	2.535744614800004
0.46238102139926035	2.5308877262639227
0.46344691973628804	2.52603464818719
0.46451527522274944	2.521185393342936
0.465586093522959	2.5163399740996617
0.46665938031428866	2.5114984024151563
0.46773514128719823	2.506660689830374
0.46881338214526524	2.501826847463236
0.46989410860521547	2.49699688600238
0.47097732639695294	2.492170815700847
0.47206304126359055	2.487348646369704
0.4731512589614805	2.482530387371607
0.4742419852602447	2.477716047614305
0.47533522594280536	2.4729056355440715
0.47643098680541573	2.4680991591390815
0.47752927365769093	2.46329662590272
0.4786300923226384	2.4584980428568297
0.47973344863668915	2.4536992798148205
0.4808393484497286	2.44890154450131
0.4819477976251274	2.444107755577138
0.4830588020397727	2.43931793514889
0.48417236758409943	2.4345321050442035
0.4852885001621211	2.4297502868069047
0.4864072056914617	2.4249725016920882
0.4875284901033864	2.4201987706611483
0.48865235934283363	2.415429114376761
0.48977881936844625	2.4106635531978142
0.4909078761526032	2.405902107174288
0.492039535681451	2.4011447960420838
0.49317380395493593	2.396391639217798
0.4943106869868355	2.3916426557934454
0.4954501908047903	2.386897864531132
0.49659232145033616	2.382157283857671
0.49773708497893604	2.3774209318591453
0.4988844874600123	2.372688826275419
0.5000345349769786	2.3679609844945886
0.5011872336272724	2.363237423547385
0.5023425895223872	2.3585181601015144
0.5035006087879049	2.3538032104559488
0.5046612975635284	2.3490925905351543
0.505824662003114	2.344386315883264
0.5069907082747043	2.3396844016581997
0.5081594425605604	2.3349868626257195
0.5093308710571953	2.3302937131534303
0.5105049999754062	2.3256049672047188
0.5116818355403077	2.3209206383326357
0.5128613839913648	2.3162407396737192
0.514043651582426	2.311565283941748
0.5152286445817564	2.3068942834214523
0.5164163692720709	2.3022277499621397
0.5176068319505677	2.2975656949712793
0.5188000389289611	2.2929081294080125
0.5199959965335159	2.2882550637766035
0.5211947111050804	2.283606508119824
0.5223961889991198	2.2789624720122794
0.5236004365857502	2.274322964553664
0.5248074602497725	2.2696879943619552
0.5260172663907061	2.2650575695665376
0.5272298614228227	2.2604316978012666
0.5284452517751804	2.255810386197462
0.5296634438916578	2.2511936413768323
0.5308844442309884	2.2465814694443336
0.5321082592667942	2.2419738759809626
0.5333348954876209	2.2373708660364695
0.5345643593969717	2.2327724441220194
0.5357966575133416	2.2281786142027653
0.5370317963702527	2.223589379690361
0.5382697825162883	2.2190019626821846
0.5395106225151276	2.2144171732482496
0.5407543229455808	2.209836971331754
0.5420008904016238	2.205261369535252
0.5432503314924332	2.2006903800288207
0.5445026528424212	2.1961240145436762
0.5457578610912709	2.1915622843657108
0.5470159628939716	2.187005200328985
0.5482769649208538	2.1824527728091403
0.5495408738576245	2.1779050117167635
0.5508076964054034	2.1733619264906716
0.5520774392807574	2.168823526091144
0.5533501092157367	2.164289818993084
0.5546257129579107	2.1597608131791106
0.5559042572704036	2.1552365161325935
0.5571857489319298	2.1507169348306117
0.5584701947368308	2.1462020757368485
0.5597576014951101	2.1416919447944207
0.5610479760324705	2.13718654741863
0.5623413251903491	2.13268588848966
0.5636376558259545	2.1281899723451865
0.5649369748123025	2.123698802772932
0.5662392890382533	2.1192123830031377
0.5675446054085471	2.1147307157009707
0.5688529308438415	2.1102538029588565
0.5701642722807475	2.1057816462887415
0.571478636671867	2.1013142466142747
0.5727960309858292	2.0968516042629246
0.5741164622073276	2.0923937189580157
0.5754399373371569	2.087940589810691
0.5767664633922508	2.083492215311799
0.5780960474057181	2.0790485933237037
0.5794286964268811	2.0746097210720165
0.580764417521312	2.070175595137255
0.5821032177708715	2.0657462114464145
0.5834451042737447	2.061321565264472
0.5847900841444807	2.0569016511857985
0.5861381645140288	2.052486463125501
0.5874893525297767	2.0480759943106746
0.588843655355589	2.0436702372715834
0.5902010801718444	2.039269183832747
0.591561634175474	2.034872825103953
0.5929253245799998	2.0304811514711836
0.5942921586155727	2.0260941525874547
0.5956621435290105	2.021711817363574
0.5970352865838369	2.0173341339588102
0.5984115950603197	2.012961089771476
0.5997910762555094	2.0085926714294295
0.6011737374832781	2.0042288647804765
0.6025595860743578	1.999869654882694
0.6039486293763798	1.99550662607825
0.6053408747539136	1.9911422019295708
0.6067363295885054	1.9867822803822293
0.6081350012787179	1.9824268779185552
0.6095368972401692	1.978076010663382
0.610942024905572	1.9737296943784577
0.6123503917247736	1.9693879444568043
0.6137620051647943	1.9650507759170193
0.6151768727098682	1.9607182033975248
0.6165950018614822	1.9563902411507548
0.618016400138416	1.9520669030372904
0.6194410750767815	1.9477482025199335
0.6208690342300636	1.943434152657725
0.6223002851691596	1.939124766099902
0.6237348354824193	1.9348200550798027
0.6251726927756859	1.9305200314086972
0.6266138646723355	1.926224706469577
0.628058358813318	1.9219340912108707
0.6295061828571976	1.9176481961401002
0.6309573444801934	1.9133670313174842
0.6324118513762195	1.9090906063494664
0.633869711256927	1.9048189303821919
0.6353309318517437	1.9005520120949173
0.6367955209079159	1.8962898596933533
0.6382634861905487	1.8920324809029483
0.6397348354826482	1.8877798829621066
0.6412095765851616	1.8835320726153364
0.6426877173170197	1.8792890561063404
0.6441692655151774	1.8750508391710332
0.6456542290346556	1.8708174270304923
0.6471426157485832	1.866588824383849
0.6486344335482385	1.8623650354010994
0.6501296903430908	1.8581460637158596
0.6516283940608427	1.8539319124180402
0.6531305526474724	1.8497225840464615
0.654636174067275	1.8455180805813889
0.6561452663029055	1.8413184034370078
0.6576578373554206	1.8371235534538137
0.6591738952443215	1.832933530890947
0.6606934480075961	1.8287483354184393
0.662216503701762	1.8245679661093965
0.6637430704019089	1.820392421432105
0.6652731562017414	1.8162216992420641
0.6668067692136223	1.8120557967739415
0.6683439175686147	1.8078947106334553
0.6698846094165265	1.8037384367891807
0.6714288529259524	1.7995869705642742
0.6729766562843179	1.7954403066281297
0.6745280276979221	1.7912984389879487
0.6760829753919819	1.7871613609802321
0.6776415076106752	1.78302237001853
0.6792036326171846	1.7788834029905685
0.6807693586937414	1.7747491660348462
0.6823386941416696	1.770619677361884
0.6839116472814293	1.766494954851941
0.6854882264526615	1.7623750160497196
0.6870684400142321	1.7582598781590195
0.688652296344276	1.75414955803734
0.6902398038402419	1.750044072190426
0.6918309709189364	1.7459434367667597
0.6934258060165691	1.7418476675520036
0.6950243175887968	1.7377567799633784
0.6966265141107687	1.7336707890439995
0.6982324040771714	1.7295897094571424
0.6998419960022735	1.7255135554804621
0.7014552984199712	1.7214423410001554
0.7030723198838335	1.7173760795050588
0.7046930689671469	1.7133147840806968
0.7063175542629619	1.7092584674032674
0.7079457843841379	1.7052071417335706
0.7095777679633888	1.7011608189108758
0.711213513653329	1.6971195103467338
0.7128530301265195	1.693083227018723
0.7144963260755133	1.6890519794641397
0.716143410212902	1.685025777773623
0.7177942912713617	1.6810046315847254
0.7194489780036994	1.6769885500754111
0.7211074791828996	1.6729775419574986
0.7227698036021702	1.6689716154700382
0.72443596007499	1.6649707783726273
0.7261059574351547	1.6609750379386568
0.727779804536824	1.6569844009484989
0.7294575102545687	1.6529988736826238
0.7311390834834174	1.6490184619146562
0.732824533138904	1.6450431709043596
0.734513868157115	1.6410730053905576
0.7362070974947361	1.6371079695839872
0.737904230129101	1.6331480671600824
0.7396052750582378	1.6291933012516893
0.7413102413009175	1.6252436744417138
0.7430191378967014	1.6212991887556993
0.744731973905989	1.6173598456543308
0.7464487584100665	1.6134256460258725
0.7481695005111544	1.6094965901785308
0.7498942093324559	1.605572677832746
0.7516228940182055	1.601653908113412
0.7533555637337174	1.5977402795420228
0.7550922276654339	1.5938317900287426
0.7568328950209744	1.589928436864404
0.7585775750291838	1.5860302167124316
0.7603262769401818	1.5821327044453402
0.762079010025412	1.5782371797599235
0.7638357835776907	1.5743467508154942
0.7655966069112563	1.570461429937704
0.7673614893618189	1.5665812290369434
0.7691304402866096	1.5627061596022405
0.7709034690644301	1.558836232695105
0.7726805850957024	1.5549714589433088
0.7744617978025188	1.5511118485346076
0.7762471166286917	1.5472574112104023
0.7780365510398041	1.5434081562593382
0.7798301105232588	1.5395640925108436
0.7816278045883297	1.5357252283286058
0.7834296427662119	1.5318915716039818
0.7852356346100718	1.528063129749351
0.7870457896950986	1.5242399096913994
0.7888601176185545	1.5204219178643401
0.7906786279998251	1.5166091602030716
0.7925013304804718	1.512801642136269
0.7943282347242815	1.5089993685794076
0.7961593504173188	1.5052023439277222
0.7979946872679766	1.5014105720490993
0.7998342550070284	1.4976240562769005
0.8016780633876791	1.49384279940272
0.8035261221856173	1.4900668036690674
0.8053784411990667	1.4862960707619906
0.8072350302488382	1.48253060180362
0.8090958991783823	1.4787703973446487
0.8109610578538409	1.4750154573567358
0.8128305161640993	1.471265781224845
0.8147042840208396	1.4675213677395034
0.8165823713585925	1.4637822150889943
0.81846478813479	1.4600483208514714
0.8203515443298183	1.4563196819870037
0.8222426499470712	1.4525962948295401
0.8241381150130024	1.4488781550788052
0.8260379495771788	1.4451652577921141
0.8279421637123342	1.441457597376113
0.8298507675144225	1.4377551675784428
0.8317637711026711	1.4340579614793243
0.8336811846196344	1.4303659714830665
0.835603018231248	1.4266791893094926
0.8375292821268826	1.42299760598529
0.8394599865193975	1.4193212118352794
0.8413951416451951	1.4156499964735991
0.8433347577642755	1.411983948794815
0.84527884516029	1.4083230569649394
0.8472274141405965	1.4046673084123757
0.8491804750363139	1.4010166898187724
0.8511380382023765	1.3973711871097967
0.8531001140175896	1.393722048209826
0.8550667128846834	1.3900717956065762
0.8570378452303697	1.3864265657614536
0.8590135215053958	1.3827863775567144
0.8609937521846007	1.3791512495725462
0.8629785477669704	1.37552120008215
0.8649679187756933	1.3718962470467684
0.8669618757582167	1.3682764081106675
0.8689604292863019	1.364661700596066
0.8709635899560808	1.3610521414980186
0.8729713683881117	1.3574477474792432
0.8749837752274362	1.3538485348648996
0.8770008211436349	1.350254519637318
0.8790225168308845	1.3466657174306718
0.8810488730080143	1.3430821435256028
0.8830799004185629	1.3395038128437888
0.8851156098308356	1.33593073994246
0.887156012037961	1.3323629390088616
0.8892011178579485	1.3288004238546625
0.8912509381337457	1.3252432079103076
0.8933054837332954	1.3216913042193177
0.895364765549594	1.3181447254325311
0.8974287945007486	1.3146034838022898
0.8994975815300353	1.3110675911765703
0.9015711376059571	1.3075370589930568
0.9036494737223016	1.3040118982731568
0.9057326008982003	1.3004921196159573
0.9078205301781859	1.296977733192125
0.9099132726322517	1.2934687487377472
0.9120108393559097	1.2899651755481103
0.9141132414702502	1.286467022471422
0.9162204901219997	1.2829742979024727
0.9183325964835808	1.2794870097762325
0.9204495717531712	1.2760051655613902
0.9225714271547631	1.2725287722538303
0.9246981739382225	1.2690578363700455
0.9268298233793492	1.2655923639404878
0.9289663867799363	1.262132360502854
0.9311078754678302	1.258677831095312
0.933254300796991	1.2552287802496558
0.9354056741475518	1.251785211984402
0.9375620069258802	1.2483471297978153
0.9397233105646378	1.244914536660871
0.9418895965228413	1.2414874350101506
0.9440608762859233	1.2380658267406688
0.946237161365793	1.234649713198633
0.9484184633008971	1.231239095174135
0.9506047936562815	1.2278339728937755
0.9527961640236519	1.224434346013214
0.9549925860214359	1.221040213609653
0.9571940712948444	1.2176473923459703
0.9594006315159331	1.2142570949096148
0.9616122783836646	1.2108722634871394
0.9638290236239705	1.207492912031355
0.9660508789898133	1.2041190541179125
0.9682778562612491	1.200750702939662
0.9705099672454897	1.1973878713009567
0.9727472237769651	1.1940305716119088
0.9749896377173869	1.1906788158825767
0.9772372209558107	1.1873326157171076
0.9794899854086988	1.1839919823078169
0.9817479430199844	1.1806569264292126
0.9840111057611337	1.177327458431961
0.9862794856312105	1.1740035882367934
0.9885530946569389	1.1706853253283567
0.9908319448927676	1.1673726787490017
0.9931160484209338	1.1640656570925145
0.995405417351527	1.1607642684977848
0.9977000638225533	1.1574685206424153
1.	1.1541784207362698
1.0023052380778998	1.1508939755149592
1.0046157902783952	1.1476151912332646
1.0069316688518044	1.1443420736584993
1.0092528860766845	1.1410746280638058
1.0115794542598988	1.137812859221389
1.0139113857366795	1.134556771395688
1.016248692870696	1.1313063683364772
1.0185913880541169	1.1280616532719108
1.0209394837076802	1.1248226289014898
1.023292992280754	1.1215892973889747
1.0256519262514079	1.11836166035522
1.0280162981264735	1.1151397188709524
1.0303861204416165	1.1119234734494685
1.0327614057613974	1.1087129240392757
1.0351421666793441	1.1055080700166537
1.0375284158180127	1.1023089101781551
1.0399201658290596	1.0991154427330267
1.0423174293933042	1.0959276652955703
1.0447202192208003	1.0927455748774177
1.0471285480508996	1.089569167879751
1.0495424286523225	1.086398440085434
1.051961873823223	1.0832333866510815
1.0543868963912593	1.0800740020990474
1.0568175092136585	1.0769202803093445
1.0592537251772887	1.0737722145114819
1.0616955571987248	1.0706297972762335
1.064143018224316	1.0674930205073283
1.066596121230258	1.0643618754330586
1.0690548792226577	1.0612363525978186
1.0715193052376064	1.0581164418535576
1.0739894123412446	1.0549980096880835
1.076465213629835	1.0518822421454534
1.0789467222298286	1.0487720301739607
1.081433951297938	1.0456673777905
1.0839269140212033	1.0425682885121668
1.0864256236170655	1.0394747653495031
1.0889300933334332	1.0363868107996899
1.0914403364487566	1.0333044268396634
1.0939563662720937	1.0302276149191787
1.096478196143185	1.0271563759537963
1.0990058394325208	1.024090710317812
1.101539309541415	1.0210306178371134
1.104078619902073	1.0179760977819747
1.1066237839776665	1.0149271488597773
1.1091748152624008	1.0118837692076719
1.1117317272815914	1.0088459563851588
1.1142945335917298	1.0058137073666134
1.1168632477805611	1.002787018533728
1.1194378834671515	0.9997658856678949
1.1220184543019636	0.9967503039425082
1.1246049739669264	0.9937402679152032
1.1271974561755105	0.9907357715200151
1.1297959146727976	0.9877368080594731
1.1324003632355573	0.9847433701966117
1.1350108156723149	0.9817554499469197
1.137627285823431	0.978773038670201
1.1402497875611686	0.9757961270623743
1.1428783347897717	0.9728247051471823
1.1455129414455354	0.9698587622678396
1.1481536214968828	0.9668982870785886
1.1508003889444356	0.9639432675361932
1.1534532578210923	0.9609936908913358
1.1561122421920986	0.9580495436799562
1.1587773561551262	0.9551108117144902
1.1614486138403426	0.9521774800750465
1.1641260294104914	0.9492495331004873
1.1668096170609623	0.946326954379438
1.1694993910198712	0.9434097267412074
1.1721953655481303	0.940497832246634
1.1748975549395297	0.9375912521788343
1.1776059735208073	0.9346899670338847
1.1803206356517297	0.9317939565114017
1.1830415557251646	0.9289031995050496
1.1857687481671602	0.926017674092951
1.1885022274370183	0.9231373575280224
1.1912420080273751	0.9202622262282066
1.193988104464273	0.9173922557666352
1.1967405313072437	0.9145274208616815
1.1994993031493788	0.9116676953669445
1.2022644346174132	0.9088130522611227
1.2050359403717974	0.9059546458711482
1.2078138351067804	0.903095008890803
1.2105981335504823	0.9002403211829851
1.2133888504649775	0.8973905885307942
1.2161860006463678	0.8945458162964278
1.2189895989248667	0.8917060094153705
1.2217996601648717	0.8888711723905391
1.2246161992650488	0.8860413092863633
1.2274392311584073	0.8832164237228154
1.2302687708123818	0.8803965188693821
1.233104833228909	0.8775815974389789
1.2359474334445106	0.8747716616818032
1.238796586530369	0.8719667133791384
1.2416523075924113	0.8691667538370892
1.244514611771385	0.8663717838802654
1.2473835142429432	0.8635818038454001
1.2502590302177201	0.8607968135749147
1.2531411749414163	0.858016812410416
1.2560299636948749	0.8552417991861404
1.2589254117941675	0.8524717722223245
1.2618275345906707	0.8497067293185303
1.2647363474711515	0.8469466677468916
1.2676518658578455	0.8441915842453087
1.270574105208542	0.8414414750105723
1.2735030810166617	0.8386963356914298
1.276438808811344	0.8359561613815788
1.2793813041575246	0.8332209466126055
1.2823305826560218	0.8304906853468471
1.2852866599436155	0.8277653709701972
1.2882495516931343	0.825044996284836
1.2912192736135342	0.8223295535019016
1.2941958414499863	0.8196190342340853
1.297179270983956	0.8169134294881661
1.3001695780332907	0.8142127296574682
1.3031667784522993	0.8115169245142588
1.3061708881318417	0.8088260032020638
1.309181922999407	0.806139954227926
1.3121998990192034	0.8034587654545798
1.3152248321922384	0.8007824240925637
1.3182567385564075	0.7981109166922539
1.3212956341865751	0.7954442291358296
1.324341535194665	0.7927823466291588
1.3273944577297394	0.790125253693619
1.3304544179780915	0.7874729341578323
1.333521432163324	0.7848253711493355
1.3365955165464425	0.7821825470861644
1.3396766874259352	0.7795444436683718
1.3427649611378643	0.776911041869457
1.3458603540559484	0.7742823219277286
1.348962882591654	0.7716582633375794
1.3520725631942772	0.7690296233168853
1.3551894123510364	0.7663990586297675
1.3583134465871542	0.7637730403865833
1.3614446824659503	0.7611515830913037
1.3645831365889245	0.7585347009883098
1.3677288255958495	0.7559224080582789
1.3708817661648536	0.7533147180140394
1.3740419750125157	0.7507116442963698
1.3772094688939465	0.7481132000697732
1.3803842646028852	0.7455193982181944
1.383566378971781	0.7429302513407084
1.3867558288718889	0.7403457717471559
1.3899526312133532	0.7377659714537439
1.3931568029453036	0.7351908621785967
1.3963683610559376	0.73262045533727
1.3995873225726185	0.7300547620382141
1.4028137045619582	0.7274937930782006
1.4060475241299144	0.7249375589376962
1.4092887984218747	0.7223860697762003
1.4125375446227548	0.7198393354275274
1.4157937799570817	0.7172973653950566
1.4190575216890926	0.7147601688469188
1.4223287871228198	0.7122277546111558
1.425607593602188	0.7097001311708144
1.428893958511103	0.7071773066590076
1.432187899273543	0.7046592888539214
1.435489433353656	0.7021460851737721
1.4387985782558452	0.6996377026717231
1.4421153515248688	0.6971341480307408
1.4454397707459272	0.6946354275584145
1.4487718535447618	0.6921415471817148
1.452111617587742	0.6896525124417134
1.455459080581966	0.6871683284882392
1.4588142602753482	0.6846890000744978
1.4621771744567182	0.6822145315516273
1.4655478409559113	0.6797449268632116
1.468926277643867	0.6772801895397348
1.4723125024327186	0.6748203226929891
1.4757065332758947	0.6723653290104225
1.4791083881682072	0.6699152107494417
1.4825180851459536	0.6674699697316522
1.4859356422870067	0.6650296073370523
1.4893610777109154	0.6625941244981647
1.492794409578996	0.6601635216941207
1.4962356560944337	0.6577377989446802
1.4996848355023733	0.6553169558042046
1.5031419660900225	0.6529009913555637
1.5066070661867417	0.6504899042039956
1.5100801541641484	0.6480836924708983
1.513561248436208	0.6456823537875739
1.5170503674593367	0.6432810975746313
1.5205475297324955	0.6408813112595242
1.5240527537972914	0.6384863625273713
1.5275660582380723	0.6360962667529194
1.5310874616820302	0.6337110390633417
1.5346169827992941	0.6313306943342677
1.5381546403030348	0.628955247185767
1.5417004529495593	0.6265847119782975
1.545254439538414	0.6242191028086115
1.5488166189124812	0.621858433505624
1.5523870099580825	0.6195027176262347
1.5559656316050743	0.6171519684511175
1.559552502826954	0.6148061989804591
1.5631476426409538	0.6124654219296645
1.5667510701081493	0.6101296497250122
1.5703628043335522	0.6077988944992753
1.5739828644662197	0.605473168087291
1.5776112696993485	0.6031524820214962
1.5812480392703834	0.6008368475274102
1.5848931924611134	0.5985262755190818
1.5885467485977791	0.5962207765944847
1.59220872705117	0.5939203610308763
1.5958791472367329	0.5916250387801021
1.5995580286146687	0.5893348194638642
1.6032453906900417	0.5870497123689358
1.6069412530128773	0.5847697264423367
1.6106456351782708	0.5824948702864553
1.6143585568264862	0.5802251521541307
1.6180800376430662	0.5779605799436801
1.6218100973589298	0.5757011611938869
1.6255487557504842	0.5734469030789314
1.6292960326397223	0.5711978124032816
1.6330519478943346	0.5689538955965285
1.6368165214278085	0.5667151587081781
1.6405897731995396	0.5644816074023856
1.6443717232149315	0.5622532469526496
1.6481623915255086	0.5600300822364461
1.651961798229015	0.5578121177298198
1.6557699634695284	0.5555993575019155
1.6595869074375604	0.5533918052094677
1.6634126503701698	0.5511894640912274
1.6672472125510627	0.5489923369623456
1.6710906143107078	0.5468004262086973
1.6749428760264373	0.5446137337811545
1.6788040181225607	0.5424322611898056
1.6826740610704674	0.5402560094981195
1.6865530253887415	0.5380849793170538
1.690440931643264	0.5359191707991124
1.6943378004473288	0.5337585836323385
1.6982436524617444	0.5316032170342636
1.7021585083949509	0.5294487537019665
1.7060823890031234	0.5272964456721554
1.710015315090288	0.5251493301205193
1.7139573075084253	0.5230074221409877
1.7179083871575884	0.5208707365734776
1.721868574986007	0.5187392879998762
1.725837891990204	0.5166130907399781
1.7298163592151015	0.5144921588473874
1.7338039977541384	0.5123765061053746
1.7378008287493754	0.5102661460226985
1.7418068733916146	0.5081610918293801
1.7458221529205038	0.506061356472443
1.7498466886246573	0.5039669526116041
1.7538805018417611	0.5018778926149294
1.7579236139586931	0.49979418855444185
1.7619760464116292	0.49771585220169007
1.7660378206861649	0.49564289502327064
1.770108958317421	0.4935753281763117
1.7741894808901661	0.49151316250390586
1.7782794100389228	0.4894564085305076
1.78237876744809	0.487405076457276
1.7864875748520508	0.4853591761573825
1.7906058540352947	0.48331871717126407
1.7947336268325265	0.48128370870184034
1.7988709151287883	0.4792541596096734
1.803017740859569	0.47723007840809345
1.8071741260109275	0.4752114732582655
1.8113400926196026	0.47319835196421967
1.8155156627731361	0.47119072196782447
1.8197008586099834	0.46918859034372007
1.8238957023196385	0.4671919637941962
1.8281002161427427	0.46520084864402794
1.832314422371212	0.46321525083525456
1.8365383433483464	0.4612351759219173
1.8407720014689564	0.45926062906473897
1.8450154191794736	0.45729161502576005
1.8492686189780787	0.4553281381629176
1.8535316234148114	0.45337020242457954
1.857804455091699	0.45141781134401926
1.8620871366628675	0.4494709680338471
1.8663796908346704	0.44752967518038056
1.8706821403658007	0.44559393503796835
1.8749945080674193	0.44366374942325626
1.8793168168032686	0.4417391197094032
1.883649089489801	0.4398200468202375
1.8879913490962936	0.4379065312243656
1.892343618644976	0.4359985729292179
1.8967059212111463	0.43409617147504614
1.9010782799233006	0.4321993259288575
1.9054607179632472	0.4303080348782994
1.9098532585662378	0.4284189716894188
1.914255925021086	0.4265330997836363
1.9186687406702891	0.42465275758977394
1.9230917289101586	0.42277795544293945
1.9275249131909356	0.4209087033581944
1.9319683170169242	0.41904501102591774
1.936421963946607	0.41718688780713387
1.9408858775927782	0.4153343427287883
1.9453600816226624	0.4134873844789837
1.9498445997580456	0.41164602140216544
1.9543394557753944	0.40981026149426564
1.95884467350599	0.40798011239779497
1.9633602768360463	0.40615558139689484
1.967886289706845	0.404336675412334
1.9724227361148534	0.40252340099646633
1.976969640111861	0.4007157643281312
1.9815270258050979	0.3989137712075144
1.9860949173573716	0.3971174270509529
1.9906733389871865	0.3953267368856954
1.9952623149688797	0.39354170534460964
1.9998618696327437	0.39176233666084215
2.0044720273651615	0.38998863466242556
2.0090928126087277	0.38822060276683773
2.0137242498623884	0.3864582439755048
2.0183663636815607	0.38470156086825924
2.023019178678272	0.3829505555977374
2.0276827195212817	0.3812052298837337
2.032357010936222	0.37946558500749217
2.037042077705718	0.3777316218059543
2.0417379446695296	0.3760033406659433
2.046444636724674	0.3742807415183028
2.0511621788255656	0.37256382383197323
2.0558905959841414	0.37085258660801945
2.0606299132700006	0.36914702837359636
2.065380155810529	0.36744714717586524
2.0701413487910423	0.3657529405758462
2.0749135174549096	0.3640644056422203
2.079696687103696	0.3623815389450683
2.084490883097289	0.36070433654955664
2.0892961308540396	0.3590327940095598
2.0941124558508926	0.3573669063612283
2.0989398836235242	0.3557066681164943
2.1037784397664754	0.3540520732565182
2.1086281499332897	0.35240311522507434
2.1134890398366464	0.3507597869218784
2.1183611352485023	0.349122080695847
2.123244462000219	0.3474899883383051
2.1281390459827123	0.34586350107612
2.133044913146576	0.34424260956478275
2.1379620895022327	0.342627303881417
2.1428906011200586	0.3410136250168911
2.1478304741305343	0.33940270888049057
2.1527817347243725	0.3377973243504035
2.157744409152667	0.336197475421797
2.16271852372702	0.3346031657021348
2.167704104819695	0.3330143984059761
2.1727011788637443	0.3314311763497339
2.1777097723531593	0.32985350194637564
2.1827299118430012	0.32828137720008255
2.187761623949553	0.3267148037008495
2.1928049353504484	0.32515378261904376
2.197859872784825	0.3235983146999042
2.202926463053456	0.32204840025799636
2.2080047330189	0.32050403917160974
2.2130947096056377	0.3189652308771068
2.2181964198002193	0.31743197436321674
2.223309890651403	0.31590426816527856
2.2284351492703043	0.31438211035942754
2.2335722228305315	0.31286549855673174
2.23872113856834	0.31135442989726814
2.2438819237827663	0.3098489010441517
2.2490546058357817	0.3083489081775008
2.254239212152429	0.3068544469883542
2.259435770220978	0.30536551267252543
2.2646443075930596	0.3038820999244067
2.2698648518838223	0.302404202930709
2.2750974307720706	0.30093181536415137
2.2803420720004186	0.29946493037708566
2.28559880337543	0.2980035405950685
2.2908676527677736	0.2965476381103688
2.296148648112362	0.29509721447542114
2.301441817408509	0.29365226069621364
2.306747188720069	0.2922127672256205
2.312064790175595	0.29077872395666915
2.3173946499684783	0.2893501202157502
2.3227367963571073	0.28792694475576025
2.328091257665008	0.28650918574918816
2.3334580622810033	0.28509683078113224
2.338837238659355	0.2836898668422602
2.344228815319923	0.282288280321698
2.3496328208483073	0.28089205699986236
2.35504928389601	0.2795011820412198
2.360478233180577	0.27811563998698746
2.365919697485759	0.27673541474776203
2.371373705661655	0.27536048959608683
2.3768402866248772	0.2739908471589469
2.38231946935869	0.2726264694102021
2.3878112829131783	0.27126733766294464
2.3933157564053875	0.26991343256179706
2.3988329190194912	0.2685647340751302
2.4043628000069335	0.26721540309458447
2.4099054286865957	0.2658671084121828
2.41546083444494	0.26452392529775526
2.421029046736179	0.2631858549586162
2.4266100950824154	0.2618528982197472
2.432204009073816	0.26052505551880445
2.4378108183687526	0.259202326901084
2.4434305526939726	0.2578847120144363
2.4490632418447453	0.256572210104137
2.454708915685031	0.2552648200077051
2.4603676041476272	0.25396254014967995
2.46603933723434	0.252665368536341
2.4717241450161302	0.25137330275038733
2.4774220576332864	0.25008633994556045
2.4831331052955705	0.2488044768412232
2.4888573182823914	0.24752770971688334
2.494594726942955	0.24625603440667093
2.500345361696432	0.2449894462937619
2.506109253032114	0.24372794030475206
2.511886431509581	0.24247151090397653
2.5176769277588558	0.24122015208778175
2.5234807724805757	0.2399738573787386
2.529297996446145	0.2387326198198084
2.5351286304979084	0.23749643196845044
2.540972705549305	0.23626528589068013
2.5468302525850417	0.23503917315506778
2.552701302661247	0.23381808482668764
2.5585858869056453	0.2326020114610073
2.5644840365177175	0.23139094309772404
2.5703957827688635	0.23018486925454476
2.5763211570025755	0.22898377892090718
2.582260190634596	0.22778766055164712
2.588212915153092	0.22659650206060492
2.5941793621188136	0.22541029081417768
2.6001595631652723	0.22422901362480782
2.6061535499988953	0.22305265674441913
2.6121613543992064	0.22188120585778673
2.6181830082189848	0.22071464607585256
2.624218543384442	0.21955296192897683
2.6302679918953813	0.2183961373601314
2.6363313858253803	0.2172441557180282
2.642408757321946	0.21609699975019092
2.648500138606701	0.21495465159595778
2.654605561975539	0.21381709277942862
2.6607250597988097	0.21268430420234172
2.666858664521479	0.21155626613689282
2.6730064086633116	0.2104329582184844
2.6791683248190314	0.209314359438415
2.6853444456585076	0.20820044813649832
2.691534803926915	0.207091201993621
2.6977394324449206	0.2059801466366901
2.703958364108843	0.2048691324862036
2.7101916318908432	0.20376267834062478
2.7164392688390824	0.20266078580597932
2.7227013080779128	0.20156345616131133
2.7289777828080406	0.20047069035439796
2.7352687263067126	0.19938248899742086
2.741574171927882	0.19829885236259925
2.7478941531023975	0.19721978037777962
2.7542287033381663	0.19614527262198847
2.7605778562203462	0.19507532832093807
2.7669416454115114	0.19400994634249624
2.773320104651841	0.19294912519210936
2.7797132677592886	0.19189286300818575
2.7861211686297707	0.19084115755743486
2.792543841237338	0.18979400623016418
2.798981319634363	0.18875140603553148
2.805433637951713	0.18771335359675526
2.811900830398941	0.18667984514627767
2.8183829312644537	0.1856508765208869
2.8248799749157074	0.1846264431567908
2.831391995799379	0.18360654008464855
2.8379190284415565	0.18259116192455327
2.8444611074479154	0.1815803028809723
2.85101826750391	0.18057395673763726
2.8575905433749464	0.17957211685239097
2.8641779699065815	0.17857477615198347
2.8707805820246906	0.1775819271268247
2.8773984147356697	0.17659356182568445
2.8840315031266055	0.17560967185034895
2.8906798823654762	0.174630248350224
2.897343587701323	0.17365528201689343
2.904022654464451	0.1726847630786237
2.910717118066605	0.17171868129482282
2.9174270140011673	0.17075702595044506
2.924152377843335	0.16979978585034844
2.9308932452503216	0.16884694931359784
2.9376496519615305	0.16789850416771993
2.9444216337987617	0.16695443774290206
2.9512092266663856	0.1660147368661436
2.9580124665515464	0.16507938785534979
2.9648313895243423	0.16414837651337594
2.971666031738027	0.16322168812201568
2.9785164294291895	0.16229930743593673
2.9853826189179604	0.1613812186765606
2.992264636608189	0.1604674055258891
2.9991625189876516	0.15955785112027326
3.0060763026282307	0.1586525380441292
3.013006024186122	0.15775144832359458
3.019951720402016	0.15685456342013102
3.0269134281013064	0.1559571296443594
3.0338911841942706	0.15506050266913265
3.04088502567628	0.15416799636722037
3.047894989627983	0.15327960942447985
3.054921113215514	0.15239534020089876
3.061963433690677	0.15151518672646377
3.069021988391158	0.15063914669698736
3.076096814740708	0.14976721746989927
3.083187950249355	0.14889939605999625
3.0902954325135905	0.14803567913515533
3.097419299216581	0.14717606301200487
3.1045595881283554	0.1463205436515585
3.1117163371060186	0.14546911665480586
3.118889584093937	0.14462177725826647
3.126079367123956	0.14377852032949878
3.1332857243155856	0.14293934036257228
3.1405086938762183	0.14210423147349363
3.1477483141013156	0.14127318739559566
3.1550046233746274	0.1404462014748797
3.1622776601683795	0.13962326666531977
3.169567463043492	0.1388043755241197
3.1768740706497707	0.13798952020693064
3.1841975217261256	0.13717869246302258
3.1915378551007616	0.13637188363041378
3.198895109691399	0.13556908463095396
3.206269324505466	0.13477028596536528
3.213660538640318	0.133975477708236
3.2210687912834346	0.13318464950297101
3.2284941217126364	0.1323977905566943
3.2359365692962827	0.13161488963510826
3.2433961734934935	0.13083593505730323
3.250872973854344	0.13006091469052367
3.2583670100200885	0.12928981594488395
3.265878321723358	0.12852262576803938
3.273406948788383	0.12775933063980696
3.2809529311311905	0.12699991656673992
3.2885163087598315	0.12624436907665135
3.2960971217745776	0.12549267321309093
3.303695410368149	0.12474481352977018
3.311311214825911	0.12400077408493987
3.3189445755261047	0.12326053843571451
3.326595532940045	0.12252408963234923
3.3342641276323506	0.12179141021246252
3.3419504002611427	0.12106248219521021
3.3496543915782775	0.12033728707540498
3.3573761424295467	0.11961580581758594
3.365115693754908	0.11889801885003307
3.372873086588689	0.11818390605873089
3.380648362059817	0.11747344678127614
3.3884415613920256	0.11676661980073379
3.3962527259040853	0.11605853691564842
3.404081897010009	0.11535058944125982
3.4119291162192864	0.11464618145000637
3.4197944251370886	0.11394530953687615
3.4276778654645046	0.11324796999000623
3.4355794789987466	0.11255415878689413
3.443499307633384	0.1118638715905717
3.451437393358563	0.11117710374574581
3.459393778261219	0.11049385027490348
3.4673685045253166	0.10981410587438013
3.4753616144320576	0.10913786491039396
3.483373150360118	0.10846512141504185
3.4914031547858606	0.10779586908226102
3.499451670283573	0.10713010126375169
3.5075187395256795	0.10646781096486521
3.5156044052829816	0.1058089908404516
3.523708710424871	0.10515363319067283
3.53183169791957	0.10450172995677515
3.5399734108343464	0.1038532727168256
3.548133892335755	0.10320825268140726
3.5563131856898527	0.10256666068927896
3.5645113342624426	0.10192848720299176
3.5727283815192883	0.10129372230446991
3.5809643710263606	0.10066235569054828
3.5892193464500517	0.10003437666847292
3.5974933515574232	0.09940977415135804
3.6057864302164235	0.09878853665360496
3.6140986263961334	0.09817065228627735
3.6224299841669856	0.0975561087524375
3.630780547701014	0.09694489334243782
3.639150361272071	0.09633699292917362
3.6475394692560785	0.09573239396328993
3.6559479161312485	0.09513108246834849
3.664375746478333	0.09453304403594884
3.672823004980846	0.0939382638208086
3.681289736425315	0.09334672653579724
3.6897759857015027	0.092758416446928
3.6982817978026628	0.09217331736830282
3.7068072178257596	0.09159141265701504
3.715352290971726	0.0910126852080038
3.7239170625456848	0.09043711744886584
3.732501577957206	0.0898646913346184
3.741105882720533	0.08929538834241821
3.7497300224548358	0.08872918946623154
3.758374042884441	0.08816607521145926
3.767037989839089	0.08760602558951204
3.77572190925416	0.08704902011234009
3.7844258471709336	0.08649503778691228
3.793149849736819	0.08594405710964885
3.801893963205613	0.08539605606080285
3.81065823393773	0.08484573291915376
3.8194427084004663	0.08429459817796776
3.8282474331682264	0.08374634589250256
3.8370724549227884	0.0832009737179714
3.8459178204535354	0.0826584790675023
3.8547835766577188	0.08211885910913336
3.8636697705406915	0.08158211076278278
3.8725764492161727	0.08104823069718908
3.8815036599064823	0.08051721532682492
3.8904514499428067	0.07998906080878096
3.899419866765434	0.07946376303962313
3.908408957924021	0.07894131765221955
3.9174187710778305	0.0784217200125394
3.926449353995999	0.07790496521642204
3.9355007545577743	0.07739104808631765
3.944573020752785	0.07687996316799658
3.953666200681279	0.07637170472723082
3.9627803425543955	0.07586626674644309
3.971915494694403	0.07536364292132797
3.981071705534973	0.07486382665743989
3.9902490236214203	0.07436681106675254
3.9994474976109755	0.07387258896418515
4.008667176273028	0.07338115286409919
4.0179081084894	0.07289249497676165
4.027170343254591	0.07240660720477815
4.036453929676051	0.07192348113949237
4.045758916974426	0.07144310805735439
4.055085354483839	0.07096547891625517
4.0644332916521275	0.07049058435182927
4.073802778041128	0.07001841467372316
4.083193863326921	0.06954895986183125
4.09260659730011	0.06908220956249708
4.1020410298660686	0.06861815308468168
4.111497211045223	0.06815677939609632
4.120975190973302	0.06769807711930206
4.130475019901614	0.06724203452777322
4.139996748197304	0.06678863954192706
4.149540426343631	0.06633787972511644
4.1591061049402205	0.06588974227958891
4.168693834703355	0.06544421404240734
4.178303666466218	0.06500128148133687
4.187935651179185	0.06456093069069309
4.1975898399100755	0.0641231473871552
4.207266283844442	0.06368791690554065
4.216965034285822	0.06325522419454334
4.226686142656031	0.0628250538124334
4.2364296604954115	0.06239738992271974
4.24619563946313	0.06197221628977332
4.2559841313374305	0.061549516274412824
4.265795188015928	0.06112927282945021
4.275628861515862	0.0607075497704764
4.285485203974396	0.06028546758114009
4.295364267648873	0.0598657675731616
4.3052661049171075	0.05944844720171964
4.3151907682776525	0.05903350371597816
4.325138310350088	0.05862093415655704
4.335108783875289	0.05821073535298022
4.345102241715717	0.05780290392110003
4.355118736855686	0.057397436260498404
4.365158322401661	0.056994328551863795
4.375221051582521	0.05659357675434509
4.385306977749858	0.05619517660288036
4.395416154378245	0.05579912360550232
4.405548635065534	0.05540541304061839
4.4157044735331255	0.05501403995426697
4.425883723626267	0.05462499915734792
4.436086439314326	0.054238285222828864
4.446312674691089	0.05385389248292525
4.456562483975033	0.05347181502625595
4.466835921509633	0.053092046694972
4.477133041763626	0.052714581081860765
4.487453899331323	0.052339411527422657
4.49779854893288	0.051966531116922565
4.508167045414603	0.05159593267741404
4.518559443749224	0.05122760877473738
4.528975799036209	0.05086155171048994
4.539416166502032	0.05049775351897031
4.549880601500488	0.050136205964093704
4.560369159512962	0.04977690053628156
4.570881896148752	0.04941982844932111
4.581418867145335	0.049064980637199156
4.591980128368688	0.04871234775090555
4.6025657358135605	0.04836192015520968
4.613175745603796	0.048013687925407104
4.623810213992603	0.04766764084403821
4.634469197362879	0.04732376839757654
4.645152752227495	0.046982059773088745
4.6558609352295885	0.04664250385486445
4.666593803142887	0.04630508922101567
4.677351412871981	0.045969804140047185
4.688133821452653	0.04563663656739525
4.698941086052153	0.04530557414193715
4.709773263969529	0.04497660418246814
4.720630412635905	0.044649713684148946
4.731512589614805	0.04432488931492058
4.7424198526024455	0.044002117411888524
4.753352259428054	0.04368138397767409
4.7643098680541565	0.04336267467673478
4.775292736576909	0.04304597483165092
4.786300923226383	0.04273126941938106
4.797334486366892	0.042415208302296614
4.808393484497285	0.04209874447921292
4.819477976251274	0.041784210246587655
4.830588020397726	0.04147160292942987
4.841723675840994	0.041160919679248856
4.8528850016212095	0.04085215747195016
4.864072056914616	0.04054531310571169
4.875284901033862	0.040240383198841406
4.886523593428336	0.039937364187614434
4.897788193684462	0.03963625232409163
4.909078761526032	0.039337043673917285
4.920395356814509	0.039039734114097877
4.9317380395493595	0.03874431933075972
4.943106869868354	0.03845079481688731
4.954501908047903	0.038159155870040144
4.96592321450336	0.03786939759005011
4.97737084978936	0.03758151487669684
4.9888448746001215	0.0372955024273634
5.000345349769786	0.03701135473466952
5.011872336272722	0.036729066084084966
5.0234258952238715	0.03644863055151987
5.035006087879047	0.03617004200089514
5.046612975635284	0.035893294081689335
5.05824662003114	0.03561838022646524
5.0699070827470445	0.035345293648372654
5.081594425605605	0.03507402733863038
5.093308710571955	0.034804574063984316
5.105049999754062	0.03453692636414398
5.116818355403078	0.03427107654919535
5.1286138399136485	0.03400701669699123
5.140436515824262	0.03374473865051784
5.152286445817564	0.033484234015238534
5.16416369272071	0.033225494156413224
5.176068319505676	0.032968510196394886
5.188000389289612	0.03271327301190103
5.199959965335159	0.03245977323126197
5.211947111050805	0.032208001231643864
5.223961889991197	0.031957947136248034
5.236004365857504	0.03170960081148443
5.248074602497725	0.03146295186412147
5.2601726639070625	0.031217989638409233
5.2722986142282275	0.030974703213178693
5.284452517751805	0.03073308139891429
5.296634438916578	0.03049311273480136
5.308844442309884	0.030254785485747237
5.321082592667942	0.030018087639376533
5.333348954876211	0.029783006902999513
5.345643593969716	0.029549530700554494
5.357966575133418	0.02931764616952266
5.370317963702527	0.029087340157816808
5.382697825162884	0.02885567786742134
5.3951062251512765	0.02862349418903638
5.4075432294558095	0.02839283233273366
5.420008904016238	0.028163690018234374
5.432503314924333	0.027936064827345206
5.445026528424211	0.027709954202294208
5.4575786109127105	0.027485355444050567
5.470159628939716	0.02726226571063011
5.482769649208539	0.027040682015384492
5.495408738576246	0.02682060122527563
5.508076964054036	0.026602020059133927
5.520774392807573	0.0263849350859012
5.533501092157368	0.026169342722857213
5.546257129579107	0.025955239233830824
5.559042572704037	0.025742620727394232
5.5718574893192985	0.025531483155041713
5.584701947368309	0.02532182230935126
5.597576014951102	0.02511363382213028
5.610479760324706	0.02490691316254401
5.623413251903491	0.02470165563522781
5.6363765582595455	0.02449785637838182
5.649369748123025	0.024295510361849106
5.6623928903825345	0.02409461238517609
5.675446054085471	0.023895157075656284
5.688529308438416	0.023697138886355624
5.701642722807475	0.02350055209412116
5.714786366718672	0.023305390797571057
5.727960309858292	0.023111648915067465
5.741164622073277	0.0229193201826707
5.7543993733715695	0.02272839815207569
5.767664633922509	0.022538876188529657
5.780960474057181	0.02235074746873175
5.794286964268812	0.022164004978713545
5.807644175213121	0.021978641511701216
5.821032177708716	0.021794649665958354
5.834451042737448	0.02161202184261009
5.847900841444809	0.021430750243447465
5.861381645140288	0.021250826868713015
5.874893525297769	0.02107224351486618
5.88843655355589	0.020894991772329594
5.902010801718445	0.020719063023214836
5.91561634175474	0.02054444843902895
5.9292532458	0.020371138978359918
5.942921586155727	0.020199125384542656
5.956621435290106	0.020028398183303618
5.970352865838369	0.019858947680385566
5.984115950603199	0.019690763959150828
5.997910762555095	0.019523836878164072
6.011737374832782	0.019358156068753404
6.025595860743578	0.019193710932550675
6.0394862937638	0.019028249316660053
6.0534087475391365	0.018862411243316793
6.067363295885055	0.01869776377450632
6.08135001278718	0.01853430462206491
6.095368972401694	0.01837203138411295
6.109420249055721	0.01821094154370168
6.123503917247737	0.018051032467447426
6.137620051647943	0.01789230140415393
6.151768727098683	0.017734745483421695
6.165950018614822	0.01757836171424525
6.180164001384161	0.01742314698359742
6.1944107507678146	0.01726909805500115
6.208690342300634	0.01711621156708812
6.223002851691596	0.016964484032144695
6.237348354824191	0.01681391183464484
6.251726927756859	0.016664491229769436
6.266138646723353	0.01651621834191294
6.2805835881331795	0.01636908916317614
6.295061828571975	0.016223099551845754
6.309573444801933	0.016078245230860225
6.324118513762193	0.01593452178626206
6.33869711256927	0.015791924665635945
6.353309318517436	0.015650449176533517
6.367955209079159	0.015510090484883424
6.382634861905486	0.015370843613387919
6.397348354826482	0.015232703439904575
6.412095765851615	0.015095664695814167
6.4268771731701975	0.014959721964373547
6.441692655151772	0.014824869679054463
6.456542290346556	0.014691102121867054
6.471426157485831	0.014558413421669152
6.486344335482385	0.01442679755245995
6.501296903430906	0.014296248331659264
6.516283940608428	0.014166759418370995
6.531305526474723	0.014038324311631763
6.546361740672751	0.013910936348643687
6.561452663029053	0.013784588702992007
6.576578373554206	0.013659274382846597
6.591738952443213	0.013534986229148085
6.606934480075961	0.01341171691377763
6.622165037017619	0.013289458937711053
6.637430704019089	0.01316820462915632
6.652731562017413	0.01304794614167516
6.668067692136222	0.012928675452287847
6.6834391756861455	0.012810384359561703
6.698846094165265	0.012693064481682627
6.714288529259523	0.012576707254510053
6.729766562843179	0.012461303929614623
6.745280276979219	0.012346845572299075
6.760829753919819	0.012233323059601554
6.77641507610675	0.012118825307166748
6.792036326171846	0.012003895259800133
6.807693586937414	0.011889862466211085
6.823386941416698	0.011776724882140203
6.839116472814292	0.01166448037394054
6.8548822645266165	0.011553126717525113
6.870684400142321	0.011442661597305394
6.886522963442762	0.011333082605119778
6.902398038402419	0.011224387239152844
6.918309709189366	0.01111657290284446
6.934258060165691	0.011009636903789543
6.9502431758879695	0.010903576452627513
6.966265141107686	0.01079838866192218
6.982324040771715	0.010694070545031215
6.998419960022734	0.010590619014965925
7.014552984199714	0.010488030883240377
7.030723198838334	0.010386302858710695
7.046930689671471	0.010285431546403581
7.06317554262962	0.010185413446334774
7.07945784384138	0.010086244952316617
7.095777679633888	0.009987922350755359
7.112135136533292	0.009890441819437464
7.128530301265195	0.009793799426305372
7.1449632607551345	0.009697991128222191
7.16143410212902	0.009603012769725644
7.177942912713619	0.00950886008177075
7.194489780036995	0.00941552868046162
7.211074791828998	0.009323014065771741
7.227698036021702	0.009231311620253292
7.2443596007499025	0.009140416607734712
7.261059574351547	0.009050324172007117
7.277798045368242	0.008961029335498812
7.294575102545687	0.00887252699793844
7.311390834834176	0.008784811935006059
7.3282453313890406	0.008697878796972678
7.345138681571151	0.008611722107327512
7.362070974947361	0.008526336261393512
7.379042301291012	0.008441715524930447
7.396052750582378	0.008357854032726025
7.413102413009177	0.008274745787174383
7.430191378967014	0.008192384656842506
7.447319739059893	0.008110764375023677
7.464487584100665	0.008029878538278735
7.481695005111545	0.007949720604964206
7.498942093324558	0.007870283893747934
7.516228940182057	0.007791561582111488
7.533555637337174	0.007713546704839775
7.550922276654341	0.007636232152497307
7.568328950209744	0.0075596106698914145
7.58577575029184	0.007483674854521899
7.603262769401819	0.007406864517083408
7.620790100254123	0.007329622985520975
7.638357835776907	0.00725303579107931
7.655966069112566	0.007177101336821809
7.67361489361819	0.007101817959639188
7.691304402866098	0.0070271839294745436
7.709034690644301	0.006953197448541685
7.726805850957025	0.006879856650536227
7.744617978025188	0.006807159599839789
7.76247116628692	0.00673510429071687
7.78036551039804	0.006663688646504752
7.798301105232589	0.0065929105187958175
7.816278045883297	0.006522767686612967
7.83429642766212	0.006453257855577238
7.852356346100718	0.006384378657068371
7.870457896950989	0.006316127647377559
7.888601176185544	0.006248502306852919
7.906786279998253	0.006181500039037111
7.925013304804718	0.006115118169797503
7.943282347242818	0.006049353946448408
7.961593504173188	0.005984204536865692
7.979946872679768	0.005919667028593358
7.9983425500702845	0.005855738427942374
8.016780633876794	0.005792415659081375
8.035261221856173	0.005729695563119423
8.05378441199067	0.005667574897180545
8.072350302488383	0.0056060503334702605
8.090958991783825	0.005545118458333628
8.109610578538408	0.005484775771305235
8.128305161640995	0.005425018684150611
8.147042840208396	0.005365843519899352
8.165823713585926	0.0053072465118696
8.1846478813479	0.005249223802684077
8.203515443298185	0.005191771443277365
8.222426499470712	0.005134885391894551
8.241381150130026	0.0050785615130810305
8.260379495771788	0.005022795576663537
8.279421637123345	0.004967583256722118
8.298507675144226	0.004912920130553303
8.317637711026709	0.004858801677624011
8.336811846196344	0.0048052232785164625
8.356030182312479	0.004752180213863858
8.375292821268827	0.004699667663276678
8.394599865193973	0.00464768070425981
8.413951416451951	0.0045962143111200155
8.433347577642753	0.004545263353864136
8.452788451602899	0.004494822597087511
8.472274141405963	0.004444886698852916
8.491804750363139	0.004395450209559588
8.511380382023763	0.0043465075708026555
8.531001140175896	0.004296906326914645
8.550667128846833	0.004246973831599006
8.570378452303697	0.00419751177362101
8.590135215053957	0.00414851888263474
8.609937521846007	0.004099993839439117
8.629785477669701	0.004051935275410334
8.649679187756934	0.004004341771929092
8.669618757582166	0.003957211859802821
8.689604292863018	0.003910544018682598
8.709635899560805	0.0038643366764749575
8.729713683881117	0.003818588208748362
8.74983775227436	0.003773296938134456
8.770008211436348	0.0037284611337238625
8.790225168308842	0.0036840790104567256
8.810488730080142	0.003640148728507695
8.830799004185627	0.0035966683926655666
8.851156098308357	0.0035536360517072823
8.871560120379607	0.0035110496977664826
8.892011178579486	0.003468907265696325
8.912509381337454	0.0034272066324268335
8.933054837332953	0.0033859456163163413
8.953647655495937	0.0033451219764973885
8.974287945007486	0.003304733412216673
8.994975815300352	0.003264777562169319
9.01571137605957	0.003225252003827114
9.036494737223014	0.003186154252760964
9.057326008982002	0.003147481761957257
9.078205301781857	0.0031092319211283043
9.099132726322518	0.0030714020560166323
9.120108393559097	0.0030339894276932328
9.141132414702504	0.0029969912318495652
9.162204901219997	0.0029604045980834515
9.183325964835811	0.0029242265891785825
9.204495717531712	0.002888454200377845
9.225714271547634	0.0028530843586501383
9.246981739382225	0.0028181139219509567
9.268298233793494	0.0027835396784763045
9.289663867799362	0.0027493583459102973
9.311078754678306	0.00271556657066601
9.33254300796991	0.0026821609271198794
9.354056741475521	0.0026491379168392787
9.375620069258803	0.002616493967803495
9.39723310564638	0.002584225433617833
9.418895965228414	0.0025523285927209747
9.440608762859236	0.0025207996475853467
9.462371613657929	0.002489634723910695
9.484184633008974	0.002458829869810486
9.506047936562814	0.002428381054991447
9.527961640236521	0.002398284169925828
9.549925860214358	0.002368535025016649
9.571940712948447	0.0023383298169914546
9.594006315159332	0.002307896451899075
9.616122783836648	0.002277793534822369
9.638290236239705	0.0022480198485228405
9.660508789898136	0.0022185741372861617
9.68277856261249	0.00218945510648492
9.7050996724549	0.0021606614221374135
9.727472237769652	0.0021321917104626183
9.749896377173872	0.0021040445574310794
9.772372209558107	0.002076218508311955
9.79489985408699	0.0020487120672158946
9.817479430199844	0.0020215236966340143
9.84011105761134	0.0019946518169726593
9.862794856312105	0.001968094806084157
9.885530946569391	0.0019418509987933314
9.908319448927676	0.0019159186864199295
9.93116048420934	0.0018902961162967386
9.954054173515269	0.0018649814912835455
9.977000638225535	0.0018399729692767349
10.	0.0018152686627146437
10.023052380778994	0.0017908666380785049
10.046157902783957	0.0017667649153890344
10.069316688518045	0.00174296146769864
10.092528860766844	0.0017194542205790726
10.115794542598982	0.0016962410516046912
10.1391138573668	0.001673319789831134
10.16248692870696	0.0016506882152695099
10.18591388054117	0.0016283440583558621
10.209394837076797	0.001606284999416128
10.232929922807546	0.0015845086681263443
10.256519262514079	0.0015630126429682222
10.280162981264736	0.0015417944506798734
10.303861204416158	0.0015208515657018438
10.32761405761398	0.0015001814096182783
10.351421666793442	0.0014797813505932882
10.375284158180126	0.001459648702802319
10.39920165829059	0.0014397807258586669
10.423174293933046	0.001420174624234999
10.447202192208003	0.001400827546679878
10.471285480508996	0.0013817365856291673
10.495424286523221	0.0013628987766124182
10.519618738232236	0.0013443110976540844
10.543868963912592	0.0013259704686696
10.568175092136585	0.0013078737508561726
10.592537251772887	0.0012900177460783916
10.616955571987253	0.0012723991962485057
10.641430182243164	0.0012550147827013944
10.665961212302578	0.001237861125564086
10.690548792226577	0.001220934783119934
10.71519305237607	0.0012042322511672844
10.739894123412451	0.0011870679437742469
10.76465213629835	0.0011696363511502423
10.789467222298287	0.0011524140629065802
10.814339512979387	0.0011354001343113307
10.83926914021204	0.0011185935939914795
10.864256236170656	0.001101993443634647
10.889300933334333	0.001085598657688238
10.91440336448757	0.0010694081830558962
10.939563662720943	0.0010534209387912973
10.964781961431852	0.0010376358157891995
10.990058394325208	0.0010220516764738144
11.015393095414156	0.0010066673544843975
11.040786199020735	0.0009914816543581196
11.066237839776663	0.0009764933512100686
11.091748152624008	0.0009617011904105104
11.117317272815919	0.0009471038872592793
11.142945335917304	0.0009327001266573429
11.168632477805613	0.0009184885627754287
11.194378834671515	0.0009044678187198089
11.220184543019629	0.0008906364861951271
11.24604973966927	0.0008769931251642735
11.271974561755105	0.0008635362635053323
11.297959146727976	0.00085026439666545
11.324003632355566	0.0008371759873117603
11.350108156723154	0.0008242694649792293
11.37627285823431	0.0008115432257154571
11.402497875611685	0.000798995631722342
11.428783347897712	0.0007866250109946735
11.45512941445536	0.0007744296569555643
11.481536214968829	0.000762407828088735
11.508003889444357	0.0007505577475675637
11.534532578210918	0.0007388776028809709
11.561122421920993	0.0007273655454560251
11.587773561551263	0.0007160196902773205
11.614486138403427	0.0007048381155030075
11.641260294104908	0.0006938188620775528
11.66809617060963	0.0006829599333411271
11.694993910198711	0.00067225929463565
11.721953655481304	0.0006617148729073901
11.748975549395292	0.0006513245563061847
11.776059735208078	0.0006410861937811836
11.803206356517299	0.0006309975946731358
11.830415557251646	0.0006210565283031365
11.857687481671597	0.0006112607235578677
11.88502227437019	0.0006016078684712694
11.91242008027375	0.0005920956098026328
11.93988104464273	0.0005827215526110391
11.967405313072431	0.000573483259826197
11.994993031493793	0.0005643782518155782
12.02264434617413	0.0005554040059478679
12.050359403717973	0.0005460602833800694
12.078138351067798	0.0005364890443952926
12.10598133550483	0.0005270381014753558
12.133888504649775	0.0005177068103556523
12.161860006463678	0.0005084945100896943
12.189895989248662	0.0004994005228646748
12.217996601648723	0.0004904241538153853
12.246161992650489	0.00048156469083651297
12.274392311584071	0.00047282140439324996
12.30268770812381	0.0004641935473302829
12.331048332289097	0.00045568035467907347
12.359474334445107	0.0004472810434634784
12.387965865303691	0.00043899481250362146
12.416523075924106	0.0004308208422180939
12.445146117713856	0.0004227582944243918
12.473835142429433	0.00041480631213763826
12.5025903021772	0.00040696401936750733
12.531411749414156	0.00039923052091340956
12.560299636948754	0.00039160490215787763
12.589254117941675	0.0003840862288581581
12.618275345906707	0.00037667354693596874
12.64736347471151	0.00036936588226545196
12.67651865857846	0.00036216224045926455
12.705741052085418	0.00035506160665283105
12.735030810166617	0.00034806294528669175
12.764388088113435	0.00034116519988699426
12.793813041575252	0.0003343672928440616
12.823305826560219	0.0003276681251890614
12.852866599436155	0.00032106657636871735
12.882495516931336	0.0003145615040180927
12.912192736135347	0.00030815174373140155
12.941958414499863	0.00030183610883085155
12.971792709839558	0.0002956133901334696
13.001695780332899	0.0002894823557159406
13.031667784523	0.00028344175067740473
13.061708881318419	0.0002774902969002312
13.09181922999407	0.00027162669280870414
13.121998990192028	0.0002658496131256609
13.15224832192239	0.0002601577086270272
13.182567385564074	0.000254549605894256
13.212956341865752	0.00024902390706462157
13.243415351946643	0.00024357918957939608
13.273944577297401	0.00023821400592985363
13.304544179780914	0.00023292688340111753
13.33521432163324	0.00022771632381378968
13.365955165464419	0.00022258080326339807
13.396766874259358	0.00021751877185760226
13.427649611378643	0.00021252865345117107
13.458603540559483	0.00020760884537867778
13.489628825916533	0.00020275771818493705
13.52072563194278	0.00019797361535313463
13.551894123510364	0.00019325485303065606
13.583134465871542	0.00018859971975256052
13.614446824659497	0.00018400647616272618
13.645831365889252	0.0001794733547326155
13.677288255958494	0.00017499855947766227
13.708817661648537	0.0001705802656712372
13.740419750125149	0.00016621661955620507
13.772094688939474	0.0001619057380540276
13.803842646028853	0.00015764570847141712
13.83566378971781	0.0001534345882044861
13.867558288718882	0.0001492704044404161
13.89952631213354	0.0001451511538565967
13.931568029453036	0.0001410748023172308
13.963683610559377	0.00013703928456736646
13.995873225726179	0.00013304250392436192
14.028137045619589	0.0001290823319667449
14.060475241299143	0.00012515660822045744
14.092887984218748	0.00012126313984244566
14.12537544622754	0.00011739970130160492
14.157937799570824	0.0001135640340570317
14.190575216890926	0.00010975384623358401
14.223287871228198	0.00010596681229470135
14.25607593602188	0.00010220057271249488
14.288939585111036	0.00009845273363506447
14.321878992735439	0.00009472086655103378
14.35489433353656	0.00009100250795126384
14.387985782558452	0.00008729515898774897
14.421153515248696	0.00008359628512965176
14.45439770745928	0.00007990331581647094
14.487718535447618	0.00007621364410829747
14.52111617587742	0.0000725246263331649
14.554590805819668	0.00006883358173144998
14.58814260275349	0.00006513779209731588
14.621771744567184	0.00006143450141715164
14.655478409559112	0.000057720915505017265
14.689262776438676	0.00005399420163504238
14.723125024327194	0.000050251488170780144
14.757065332758946	0.00004648986419145956
14.791083881682072	0.00004270637911515103
14.825180851459544	0.00003889804231879166
14.859356422870075	0.00003506182275506698
14.893610777109155	0.000031194648566099074
14.92794409578996	0.00002729340669394739
14.962356560944343	0.000023354942487872628
14.99684835502374	0.000019376059308360566
15.031419660900225	0.00001535351812784935
15.066070661867418	0.000011284037128172836
15.100801541641477	7.164291294667251e-6
15.135612484362087	2.990912006924138e-6