0.1	6.4025832147389625
0.10023052380778996	6.395430338428061
0.10046157902783952	6.38827659088179
0.10069316688518042	6.381121970409543
0.10092528860766845	6.373966474820793
0.10115794542598985	6.3668101014181975
0.10139113857366794	6.359652846990644
0.10162486928706957	6.352494707806229
0.1018591388054117	6.345335679605164
0.102093948370768	6.338175757592617
0.10232929922807542	6.331014936431482
0.10256519262514076	6.323853210235095
0.10280162981264736	6.316684153751375
0.10303861204416162	6.3095103989030905
0.10327614057613975	6.302335687489654
0.10351421666793438	6.295160035994292
0.10375284158180126	6.287983460655529
0.10399201658290592	6.2808059774627605
0.10423174293933042	6.273627602151774
0.10447202192208001	6.266448350200241
0.10471285480508996	6.259268236823144
0.10495424286523224	6.252087276968166
0.1051961873823223	6.244905485311034
0.1054386896391259	6.2377228762508095
0.10568175092136585	6.230539463905137
0.10592537251772889	6.22335526210543
0.10616955571987247	6.216170284392035
0.10641430182243161	6.2089845440093105
0.10665961212302578	6.201798053900691
0.1069054879222658	6.194610826703676
0.10715193052376065	6.187422874744779
0.10739894123412448	6.180234210034423
0.1076465213629835	6.173044844261788
0.10789467222298288	6.165854788789596
0.1081433951297938	6.158664054648864
0.10839269140212036	6.151472652533574
0.10864256236170655	6.144280592795323
0.10889300933334335	6.137087885437895
0.10914403364487565	6.129894540111783
0.10939563662720939	6.122700566108672
0.1096478196143185	6.115505972355842
0.10990058394325211	6.10831076741054
0.11015393095414151	6.101114959454274
0.11040786199020733	6.093918556287068
0.11066237839776664	6.08672156532165
0.11091748152624012	6.079523993577586
0.11117317272815914	6.072325847675358
0.11142945335917301	6.0651271338303685
0.11168632477805612	6.0579278578469165
0.11194378834671516	6.050728025112082
0.11220184543019636	6.04352764058957
0.11246049739669266	6.036326708813489
0.11271974561755105	6.029125233882065
0.11297959146727979	6.021923219451297
0.11324003632355571	6.014720668728556
0.11350108156723152	6.007517584466105
0.1137627285823431	6.000313968954578
0.11402497875611688	5.993109824016381
0.11428783347897718	5.985905150999025
0.11455129414455358	5.978699950768411
0.1148153621496883	5.97149422370204
0.11508003889444356	5.964287969682145
0.11534532578210924	5.957075538785673
0.11561122421920987	5.949859252451591
0.11587773561551262	5.942642408927364
0.11614486138403426	5.935425027732618
0.11641260294104915	5.928207128157796
0.11668096170609624	5.920988729259786
0.11694993910198712	5.913769849857526
0.11721953655481303	5.906550508527549
0.11748975549395298	5.899330723599483
0.11776059735208072	5.892110513151509
0.11803206356517298	5.884889895005767
0.11830415557251646	5.877668886723719
0.118576874816716	5.870447505601463
0.11885022274370183	5.863225768664994
0.11912420080273747	5.856003692665418
0.1193988104464273	5.8487812940741275
0.11967405313072434	5.841558589077912
0.11994993031493788	5.834335593574023
0.12022644346174129	5.827112323165195
0.12050359403717974	5.819888793154612
0.120781383510678	5.812665018540818
0.12105981335504823	5.805441014012579
0.12133888504649772	5.798216793943702
0.12161860006463679	5.79099237238778
0.12189895989248664	5.783767763072909
0.12217996601648717	5.776542979396329
0.12246161992650487	5.769318034419033
0.12274392311584072	5.762092940860295
0.12302687708123815	5.754867711092172
0.1233104833228909	5.747642357133926
0.12359474334445104	5.74041689064641
0.1238796586530369	5.733191322926378
0.1241652307592411	5.7259656649007615
0.1244514611771385	5.71873992712086
0.12473835142429429	5.71151411975651
0.125025903021772	5.704288252590151
0.1253141174941416	5.697062335010879
0.1256029963694875	5.689836376008408
0.12589254117941673	5.682610384166982
0.12618275345906707	5.675384367659236
0.12647363474711512	5.668158334239977
0.12676518658578456	5.660932291239921
0.12705741052085415	5.653706245559362
0.12735030810166617	5.646480203661775
0.12764388088113438	5.639254171567365
0.12793813041575247	5.632028154846542
0.12823305826560213	5.624802158613338
0.12852866599436155	5.6175761875187655
0.1288249551693134	5.610350245744096
0.12912192736135342	5.6031243369940915
0.1294195841449986	5.595893145031781
0.12971792709839558	5.588658859549047
0.13001695780332903	5.581424590002384
0.13031667784522993	5.574190358543379
0.13061708881318415	5.566956187095973
0.1309181922999407	5.559722097352007
0.13121998990192033	5.552488110766717
0.13152248321922383	5.545254248554207
0.1318256738556407	5.538020531682836
0.1321295634186575	5.530786980870597
0.13243415351946647	5.523553616580416
0.13273944577297395	5.51632045901542
0.1330454417978091	5.509087528114151
0.1333521432163324	5.501854843545728
0.13365955165464422	5.494622424704968
0.1339676687425935	5.4873902907074354
0.1342764961137864	5.480158460384473
0.13458603540559483	5.4729269522781525
0.13489628825916536	5.465695784636188
0.13520725631942773	5.458464975406788
0.1355189412351036	5.451234542233477
0.1358313446587154	5.444004502449827
0.136144468246595	5.436774873074168
0.13645831365889247	5.4295456708042344
0.13677288255958492	5.422316912011747
0.13708817661648537	5.415088612736957
0.13740419750125152	5.407860788683118
0.13772094688939465	5.400633455210919
0.1380384264602885	5.393406627332841
0.1383566378971781	5.386180319707486
0.13867558288718884	5.378954546633807
0.13899526312133534	5.371729322045326
0.13931568029453031	5.364504659504258
0.13963683610559377	5.357280572195595
0.13995873225726183	5.350057072921132
0.14028137045619582	5.342834174093415
0.1406047524129914	5.335611887729646
0.14092887984218747	5.328390225445531
0.14125375446227545	5.3211691984490415
0.14157937799570816	5.313948817534147
0.14190575216890922	5.306729093074457
0.142232878712282	5.299510035016819
0.14256075936021884	5.292291652874842
0.1428893958511103	5.285073955722363
0.14321878992735435	5.277856952186848
0.1435489433353656	5.270640650442721
0.14387985782558455	5.263425058204639
0.14421153515248689	5.256210182720688
0.14454397707459277	5.248996030765532
0.14487718535447616	5.241782608633466
0.14521116175877424	5.234564585163804
0.14554590805819662	5.2273441598282995
0.14588142602753484	5.220124454888089
0.14621771744567183	5.212905495134576
0.14655478409559117	5.205687305127813
0.1468926277643867	5.198469909191899
0.1472312502432719	5.191253331410323
0.14757065332758945	5.184037595621263
0.14791083881682077	5.176822725412836
0.14825180851459538	5.169608744118295
0.1485935642287007	5.16239567481118
0.14893610777109154	5.155183540300417
0.14927944095789963	5.147972363125359
0.14962356560944334	5.140762165550795
0.1499684835502373	5.133552969561876
0.15031419660900225	5.126344796859025
0.15066070661867417	5.119137668852769
0.15100801541641484	5.1119316066585165
0.1513561248436208	5.1047266310913075
0.1517050367459337	5.0975227626604775
0.15205475297324955	5.090320021564286
0.15240527537972914	5.083118427684485
0.15275660582380723	5.075918000580837
0.15310874616820302	5.0687187594855585
0.15346169827992942	5.061520723297743
0.1538154640303035	5.054323910577682
0.15417004529495593	5.047128339541167
0.1545254439538414	5.039934028053707
0.1548816618912481	5.0327409936247145
0.15523870099580825	5.0255492534015955
0.15559656316050743	5.020166026835383
0.15595525028269538	5.0148520958863525
0.15631476426409538	5.009538367026037
0.15667510701081494	5.004224795196914
0.15703628043335524	4.998911334313514
0.15739828644662196	4.9935979372508275
0.15776112696993486	4.988284555832627
0.15812480392703834	4.982971140819673
0.15848931924611134	4.977657641897814
0.15885467485977792	4.972344007665986
0.159220872705117	4.967030185624099
0.15958791472367329	4.961716122160825
0.15995580286146688	4.956401762541268
0.16032453906900418	4.951087050894526
0.1606941253012877	4.945771930201154
0.16106456351782708	4.940456342280488
0.16143585568264862	4.935140227777898
0.16180800376430657	4.929823526151892
0.16218100973589297	4.924506175661119
0.16255487557504839	4.919188113351261
0.16292960326397224	4.913854794903258
0.16330519478943342	4.908512108039748
0.16368165214278085	4.903168444282267
0.16405897731995392	4.897823791282072
0.16443717232149316	4.8924781361825564
0.1648162391525508	4.8871314656128755
0.1651961798229015	4.881783765681495
0.1655769963469528	4.87643502196969
0.16595869074375605	4.871085219524983
0.16634126503701693	4.865734342854518
0.16672472125510626	4.860382375918375
0.16710906143107074	4.855029302122822
0.16749428760264373	4.849675104313499
0.16788040181225602	4.844319764768555
0.16826740610704674	4.8389632651916985
0.16865530253887412	4.833605586705203
0.16904409316432642	4.828246709842843
0.16943378004473283	4.8228866145427505
0.16982436524617442	4.817525280140234
0.17021585083949506	4.812162685360503
0.17060823890031235	4.806798808311343
0.17100153150902875	4.801433626475717
0.17139573075084252	4.796067116704302
0.17179083871575881	4.790699255207953
0.1721868574986007	4.785330017550101
0.17258378919902034	4.77995937863908
0.17298163592151014	4.774587312720391
0.17338039977541378	4.7692137933688805
0.17378008287493754	4.763838793480859
0.17418068733916142	4.758462285266148
0.17458221529205037	4.753084240240051
0.1749846688624657	4.747704629215251
0.1753880501841761	4.742323422293634
0.17579236139586926	4.736940588858042
0.1761976046411629	4.731556097563951
0.17660378206861643	4.726169916331069
0.17701089583174212	4.7207820123348645
0.17741894808901656	4.715392351998008
0.1778279410038923	4.71000090098175
0.17823787674480895	4.704607624177213
0.17864875748520506	4.699212485696604
0.17906058540352943	4.693815448864352
0.17947336268325265	4.68841647620816
0.1798870915128788	4.683015529449988
0.1803017740859569	4.677612569496946
0.1807174126010927	4.672207556432098
0.18113400926196024	4.666800449505204
0.18155156627731356	4.661391207123365
0.18197008586099836	4.655979786841579
0.18238957023196378	4.65056614535323
0.1828100216142743	4.645126732173508
0.18323144223712115	4.639671166267183
0.18365383433483465	4.634213132279836
0.18407720014689558	4.628752673604835
0.18450154191794738	4.623289833978948
0.18492686189780783	4.617824657484374
0.18535316234148114	4.612357188550781
0.18578044550916986	4.606887471957364
0.18620871366628675	4.601415552834914
0.186637969083467	4.595941476667886
0.18706821403658005	4.590465289296495
0.18749945080674188	4.584987036918807
0.18793168168032684	4.5795067660928614
0.18836490894898006	4.574024523738784
0.18879913490962935	4.568540357140931
0.18923436186449755	4.563054313950021
0.18967059212111465	4.557566442185309
0.19010782799233	4.552076790236753
0.19054607179632474	4.546585406867182
0.1909853258566238	4.541092341214513
0.19142559250210858	4.535597642793937
0.19186687406702896	4.530101361500153
0.19230917289101584	4.524603547609585
0.1927524913190936	4.519104251782636
0.1931968317016924	4.513603525065938
0.19364219639466074	4.508101418894622
0.19408858775927784	4.502597985094595
0.19453600816226624	4.497093275884838
0.19498445997580455	4.491587343879705
0.19543394557753943	4.486080242091251
0.195884467350599	4.480572023931552
0.19633602768360464	4.475062743215058
0.1967886289706845	4.469552454160942
0.19724227361148533	4.464041211395479
0.19769696401118608	4.458529069954419
0.1981527025805098	4.453016085285392
0.19860949173573716	4.447502313250312
0.19906733389871864	4.441987810127801
0.19952623149688797	4.436472632615628
0.1999861869632744	4.430956837833149
0.20044720273651614	4.425440483323781
0.2009092812608728	4.419923627057478
0.20137242498623883	4.414406327433207
0.20183663636815607	4.4088886432814745
0.2023019178678272	4.403370633866819
0.20276827195212818	4.397852358890368
0.20323570109362218	4.392333878492363
0.2037042077705718	4.38681525325473
0.20417379446695297	4.3812965442036536
0.20464446367246739	4.3757778128121565
0.20511621788255657	4.370266939431136
0.20558905959841414	4.36476077208605
0.20606299132700007	4.359254806675441
0.20653801558105292	4.353749076470056
0.20701413487910425	4.348243614783565
0.20749135174549097	4.342738454971244
0.2079696687103696	4.337233630428602
0.20844908830972886	4.331729174590016
0.20892961308540398	4.326225120927317
0.20941124558508925	4.320721502948395
0.20989398836235246	4.315218354195741
0.21037784397664752	4.309715708245013
0.21086281499332898	4.304213598703544
0.21134890398366465	4.298712059208862
0.2118361135248502	4.293211123427163
0.21232444620002192	4.287710825051786
0.21281390459827124	4.282211197801649
0.21330449131465762	4.276712275419684
0.21379620895022325	4.271214091671226
0.21428906011200585	4.265716680342408
0.21478304741305343	4.260220075238513
0.21527817347243727	4.254724310182322
0.21577444091526668	4.249229419012418
0.21627185237270202	4.243735435581503
0.21677041048196952	4.238242393754647
0.21727011788637443	4.232750327407564
0.2177709772353159	4.2272592704248195
0.21827299118430013	4.221769256698052
0.2187761623949553	4.216280320124154
0.21928049353504486	4.210792494603428
0.21978598727848253	4.205305814037724
0.2202926463053456	4.199820312328562
0.22080047330189004	4.194336023375209
0.22130947096056375	4.188852981072758
0.22181964198002194	4.183371219310162
0.2223309890651403	4.1778907719682525
0.22284351492703042	4.172411672917734
0.22335722228305316	4.166933956017157
0.223872113856834	4.16145765511085
0.22438819237827662	4.155982804026849
0.2249054605835781	4.150509436574779
0.22542392121524293	4.145037586543733
0.22594357702209775	4.139567287700099
0.22646443075930595	4.134098573785388
0.2269864851883822	4.12863147851401
0.22750974307720706	4.123166035571047
0.2280342072000418	4.117702278609975
0.22855988033754301	4.112240241250379
0.2290867652767773	4.106779957075635
0.2296148648112362	4.101321459630554
0.23014418174085083	4.095873794860176
0.2306747188720069	4.09043329098782
0.23120647901755947	4.084994717046228
0.23173946499684786	4.07955807180215
0.2322736796357107	4.074123353490854
0.23280912576650079	4.068690559808986
0.23334580622810028	4.0632596879073475
0.23388372386593548	4.057830734383614
0.2344228815319922	4.052403695274986
0.23496328208483072	4.046978566050756
0.23550492838960096	4.041555341604825
0.2360478233180577	4.0361340162481305
0.23659196974857583	4.0307145837010205
0.23713737056616552	4.025297037085536
0.23768402866248767	4.019881368917638
0.23823194693586902	4.014467571099351
0.23878112829131776	4.009055634910837
0.23933157564053875	4.003645551002397
0.23988329190194904	3.9982373093863903
0.24043628000069334	3.992830899429084
0.24099054286865948	3.9874263098424265
0.24154608344449405	3.9820235286757413
0.2421029046736178	3.9766225433073457
0.24266100950824154	3.9712233404360875
0.24322040090738153	3.9658259060728103
0.24378108183687525	3.960430225531731
0.2443430552693972	3.955036283421741
0.24490632418447456	3.949644063637631
0.24547089156850305	3.944253549351225
0.24603676041476275	3.9388647230024416
0.24660393372343392	3.933477566290266
0.24717241450161304	3.928092060163642
0.24774220576332856	3.92270818481228
0.24831331052955705	3.9173259196573773
0.2488857318282391	3.9119452433422564
0.24945947269429547	3.906566133722918
0.25003453616964316	3.9011885678584983
0.2506109253032114	3.8958125220016546
0.251188643150958	3.890437971588846
0.25176769277588557	3.885064891230536
0.25234807724805747	3.879693254701301
0.2529297996446145	3.8743230349298536
0.25351286304979076	3.868954203988964
0.25409727055493053	3.8635867330853007
0.2546830252585041	3.858220592549171
0.2552701302661247	3.8528557518241757
0.2558585886905646	3.847492179456762
0.25644840365177174	3.8421298430856834
0.2570395782768864	3.8367687094313703
0.25763211570025757	3.8314087442851927
0.25822601906345966	3.826036172309661
0.2588212915153092	3.8206566063365903
0.2594179362118814	3.815278035277193
0.2600159563165272	3.8099004738474833
0.2606153549998896	3.804523936512239
0.26121613543992067	3.799148437480731
0.2618183008218985	3.7937739907024093
0.26242185433844417	3.788400609862546
0.26302679918953814	3.7830283083778413
0.263633138582538	3.777657099391968
0.2642408757321946	3.77228699577109
0.2648500138606701	3.7669180100993223
0.2654605561975539	3.761550154674154
0.26607250597988097	3.756183441501817
0.2666858664521479	3.7508178822926195
0.26730064086633115	3.74545348845622
0.2679168324819031	3.740090271096863
0.26853444456585074	3.7347282410085634
0.26915348039269155	3.7293674086702495
0.26977394324449205	3.7240077842408414
0.2703958364108843	3.718649377554305
0.2710191631890843	3.713292198114628
0.2716439268839082	3.707936255090778
0.2722701308077913	3.702581557311579
0.272897778280804	3.6972281132605658
0.27352687263067127	3.691875931070761
0.27415741719278824	3.68652501851943
0.2747894153102397	3.681175383022751
0.2754228703338166	3.6758270316304666
0.27605778562203465	3.670479971020454
0.27669416454115114	3.665134207493263
0.2773320104651841	3.6597897469665863
0.27797132677592884	3.654446594969687
0.2786121168629771	3.649104756637759
0.27925438412373377	3.6437642367062564
0.2798981319634363	3.638425039505126
0.2805433637951713	3.6330871689530353
0.28119008303989407	3.6277506285514973
0.28183829312644537	3.6224154213789785
0.2824879974915708	3.617081550084916
0.2831391995799379	3.6117490168837008
0.2837919028441557	3.606417823548586
0.28444611074479154	3.6010879714055584
0.285101826750391	3.5957594613271224
0.28575905433749466	3.590432293726047
0.2864177969906581	3.585106468549045
0.28707805820246907	3.579781985270391
0.28773984147356696	3.574458842885475
0.28840315031266056	3.569137039904306
0.2890679882365476	3.5638165743449375
0.28973435877013226	3.558488827664966
0.2904022654464451	3.5531573391544913
0.2910717118066605	3.547827138163115
0.29174270140011677	3.5424982537522
0.29241523778433354	3.537170714916993
0.2930893245250321	3.53184455058409
0.2937649651961531	3.526519789608896
0.29444216337987617	3.5211964607730284
0.29512092266663853	3.5158745927817168
0.29580124665515467	3.5105542142611497
0.2964831389524342	3.5052353537558174
0.29716660317380267	3.499918039725792
0.29785164294291894	3.4946023005440137
0.298538261891796	3.4892881644935096
0.2992264636608189	3.4839756597646145
0.29991625189876514	3.4786648144521344
0.30060763026282306	3.4733556565524943
0.3013006024186122	3.46804821396085
0.3019951720402016	3.4627425144681596
0.30269134281013055	3.4574385857582377
0.30338911841942706	3.4521364554047644
0.3040885025676279	3.446836150868268
0.3047894989627983	3.4415376994930647
0.3054921113215513	3.4362411285041845
0.3061963433690677	3.430946465004239
0.30690219883911574	3.4256537359702737
0.3076096814740708	3.4203629682505734
0.3083187950249354	3.4150741885614413
0.30902954325135906	3.40978742348394
0.309741929921658	3.404502699460595
0.31045595881283555	3.3992200427920647
0.31117163371060175	3.393939479633773
0.3118889584093937	3.388661035992509
0.3126079367123955	3.383384737722984
0.31332857243155854	3.378110610524359
0.3140508693876217	3.3728386799367254
0.3147748314101316	3.3675689713375565
0.31550046233746265	3.3623015099381193
0.31622776601683794	3.3570363207798453
0.3169567463043491	3.351773428730661
0.31768740706497706	3.346512858481286
0.3184197521726125	3.341254634541489
0.31915378551007617	3.3359987812362975
0.3198895109691398	3.3307453227021813
0.3206269324505466	3.3254942828831817
0.3213660538640317	3.3202456855270084
0.32210687912834346	3.3149995541810893
0.32284941217126356	3.3097559121885896
0.32359365692962827	3.304514782684378
0.32433961734934924	3.299276188590951
0.3250872973854344	3.2940436554351784
0.3258367010020088	3.2888157656062473
0.32658783217233583	3.283590495283418
0.3273406948788382	3.2783678530504177
0.328095293113119	3.27314784707075
0.32885163087598307	3.2679304850815627
0.32960971217745777	3.2627157743874555
0.3303695410368148	3.2575037218542358
0.3311311214825911	3.2522943339025967
0.3318944575526104	3.247087616501753
0.33265955329400454	3.241883575163001
0.333426412763235	3.236682214933224
0.3341950400261143	3.2314835403883375
0.33496543915782767	3.2262875556266546
0.3357376142429547	3.2210942642622107
0.33651156937549076	3.215903669418008
0.3372873086588689	3.210715773719203
0.3380648362059816	3.2055305792862203
0.33884415613920255	3.200348087727809
0.3396252725904084	3.1951683001340303
0.3404081897010009	3.1899912170691773
0.34119291162192855	3.1848168385646236
0.3419794425137089	3.1796451641116086
0.3427677865464504	3.1744761926539584
0.34355794789987465	3.1693099225807244
0.34434993076333853	3.1641463517187614
0.3451437393358563	3.1589854773252366
0.345939377826122	3.153827296080063
0.34673685045253166	3.1486718040782593
0.34753616144320587	3.1435189968222463
0.34833731503601184	3.1383688692140628
0.34914031547858615	3.13322141554751
0.3499451670283573	3.1280766295002236
0.350751873952568	3.122934504125672
0.35156044052829816	3.117795031845073
0.35237087104248715	3.1126582044392426
0.353183169791957	3.107524013040367
0.3539973410834347	3.1023924481236875
0.35481338923357547	3.0972634994991233
0.3556313185689854	3.092137156302798
0.3564511334262443	3.0870134069885076
0.35727283815192895	3.0818922393190893
0.35809643710263606	3.076773640357723
0.35892193464500527	3.0716575964591475
0.35974933515574237	3.066544093260795
0.36057864302164244	3.0614331156738412
0.36140986263961333	3.056324647874182
0.36224299841669866	3.05121867329331
0.3630780547701014	3.0461151746091244
0.36391503612720716	3.0410141337366454
0.36475394692560786	3.035905818185927
0.36559479161312497	3.0307942018324234
0.36643757464783333	3.0256849382107003
0.3672823004980847	3.02057804338144
0.3681289736425315	3.015473533112885
0.3689775985701504	3.0103714228760277
0.3698281797802663	3.005271727839735
0.37068072178257605	3.0001744628658407
0.37153522909717257	2.9950796425041712
0.3723917062545686	2.989987280987536
0.3732501577957206	2.9848973922266615
0.3741105882720534	2.9798099898050743
0.3749730022454836	2.9747250869739377
0.3758374042884442	2.9696426966468263
0.37670379898390893	2.964562831394466
0.377572190925416	2.9594855034394048
0.37844258471709324	2.954410724650643
0.3793149849736819	2.949338506538197
0.38018939632056115	2.944268860247632
0.381065823393773	2.9392017965545114
0.3819442708400465	2.9341373258588184
0.38282474331682265	2.9290754581793044
0.38370724549227875	2.924016203147793
0.38459178204535355	2.918959570003422
0.38547835766577176	2.9139055675868284
0.38636697705406914	2.9088542043342867
0.3872576449216172	2.903805488271775
0.3881503659906482	2.898759427008996
0.38904514499428056	2.8937160277333294
0.3899419866765434	2.8886752972037355
0.390840895792402	2.883637241744596
0.3917418771077831	2.878601867239487
0.3926449353995998	2.8735691791249063
0.3935500754557774	2.868539182383929
0.3944573020752784	2.8635118815398046
0.3953666200681279	2.8584872806494968
0.39627803425543945	2.853465383297153
0.3971915494694403	2.8484461925875215
0.3981071705534972	2.8434297111392914
0.39902490236214205	2.8384159410783854
0.39994474976109745	2.8334048840311734
0.4008667176273028	2.8283965411176317
0.4017908108489399	2.8233909129444297
0.4027170343254591	2.818387999597956
0.40364539296760493	2.813387800637274
0.4045758916974427	2.8083903150870118
0.40550853544838383	2.8033955414301888
0.40644332916521275	2.7984034776009667
0.40738027780411273	2.793414120977334
0.4083193863326921	2.788427468373729
0.40926065973001086	2.783435936886746
0.4102041029866068	2.7784426381557887
0.41114972110452225	2.7734519944202156
0.4120975190973302	2.768464029262208
0.4130475019901614	2.763478766066713
0.41399967481973043	2.758496228017526
0.4149540426343629	2.753516438093332
0.41591061049402206	2.7485394190637047
0.4168693834703354	2.7435651934850616
0.41783036664662176	2.738593783696582
0.4187935651179184	2.7336252118160784
0.41975898399100753	2.7286594997358247
0.4207266283844441	2.7236966691183486
0.4216965034285822	2.7187367413921697
0.422668614265603	2.713779737747501
0.4236429660495411	2.708825679131906
0.4246195639463129	2.7038745862459064
0.4255984131337431	2.698926479538548
0.42657951880159267	2.6939813792029246
0.4275628861515862	2.6890393051716486
0.4285485203974395	2.6841002771122793
0.4295364267648873	2.6791643144227084
0.43052661049171065	2.67423143622649
0.43151907682776525	2.6693016613681313
0.43251383103500873	2.6643750084083315
0.4335108783875289	2.659451495619171
0.43451022417157154	2.654531140979258
0.4355118736855686	2.649613962168819
0.436515832240166	2.644699976564745
0.4375221051582521	2.639789201235587
0.4385306977749857	2.6348816529364956
0.4395416154378245	2.629977348104123
0.4405548635065533	2.6250763028514568
0.4415704473533125	2.6201785329626146
0.44258837236262655	2.6152840538875872
0.44360864393143257	2.6103928807369168
0.4446312674691087	2.6055050282763386
0.4456562483975033	2.6006205109213556
0.44668359215096315	2.5957393427317688
0.44771330417636257	2.590861537406148
0.4487453899331322	2.585987108276251
0.449779854893288	2.5811160683013856
0.45081670454146017	2.5762484300627153
0.4518559443749224	2.5713842057575134
0.4528975799036208	2.5665234071933547
0.4539416166502032	2.561666045782255
0.4549880601500486	2.55681213253475
0.4560369159512962	2.5519616780539214
0.4570881896148751	2.5471146925293517
0.4581418867145335	2.542271185731039
0.4591980128368686	2.537427364351469
0.4602565735813561	2.532584800667024
0.4613175745603794	2.5277457243714383
0.46238102139926035	2.5229101580930156
0.46344691973628804	2.5180781242119403
0.46451527522274944	2.5132496448557715
0.465586093522959	2.5084247418948897
0.46665938031428866	2.503603436937899
0.46773514128719823	2.4987857513269787
0.46881338214526524	2.4939717061331925
0.46989410860521547	2.489161322151744
0.47097732639695294	2.4843546198971933
0.47206304126359055	2.479551619598609
0.4731512589614805	2.4747523411946926
0.4742419852602447	2.4699568043288314
0.47533522594280536	2.4651650283441184
0.47643098680541573	2.4603770322783154
0.47752927365769093	2.45559283485876
0.4786300923226384	2.450812454497235
0.47973344863668915	2.446035909284771
0.4808393484497286	2.441263216986409
0.4819477976251274	2.4364943950359
0.4830588020397727	2.4317294605303674
0.48417236758409943	2.426968430224894
0.4852885001621211	2.422211320527076
0.4864072056914617	2.4174581474915087
0.4875284901033864	2.4127089268142274
0.48865235934283363	2.4079636738270844
0.48977881936844625	2.4032224034920766
0.4909078761526032	2.3984851303956134
0.492039535681451	2.393751868742732
0.49317380395493593	2.38902263235125
0.4943106869868355	2.384297434645865
0.4954501908047903	2.3795762886521965
0.49659232145033616	2.3748592069907635
0.49773708497893604	2.370146201870911
0.4988844874600123	2.3654372850846723
0.5000345349769786	2.3607324680005703
0.5011872336272724	2.3560317615573614
0.5023425895223872	2.3513351762577197
0.5035006087879049	2.346642722161852
0.5046612975635284	2.3419544088810627
0.505824662003114	2.3372702455712426
0.5069907082747043	2.3325902409263066
0.5081594425605604	2.32791440317156
0.5093308710571953	2.323242740057006
0.5105049999754062	2.3185752588505837
0.5116818355403077	2.313911966331344
0.5128613839913648	2.3092528687825604
0.514043651582426	2.3045979719847707
0.5152286445817564	2.2999448775931026
0.5164163692720709	2.295294578547262
0.5176068319505677	2.2906484830864455
0.5188000389289611	2.2860066041370914
0.5199959965335159	2.2813689542153206
0.5211947111050804	2.2767355454208054
0.5223961889991198	2.2721063894305824
0.5236004365857502	2.267481497492796
0.5248074602497725	2.2628608804203867
0.5260172663907061	2.258244548584719
0.5272298614228227	2.253632511909141
0.5284452517751804	2.2490247798624883
0.5296634438916578	2.2444213614525226
0.5308844442309884	2.2398222652193045
0.5321082592667942	2.2352274992285053
0.5333348954876209	2.2306370710646526
0.5345643593969717	2.2260509878243107
0.5357966575133416	2.221469256109197
0.5370317963702527	2.2168918820192305
0.5382697825162883	2.212318871145513
0.5395106225151276	2.207750228563247
0.5407543229455808	2.203185958824578
0.5420008904016238	2.1986260659513763
0.5432503314924332	2.194070553427949
0.5445026528424212	2.1895194241936737
0.5457578610912709	2.184972680635574
0.5470159628939716	2.1804303245808154
0.5482769649208538	2.175892357289135
0.5495408738576245	2.1713587794451965
0.5508076964054034	2.166829591150874
0.5520774392807574	2.162304791917461
0.5533501092157367	2.1577843806578114
0.5546257129579107	2.1532683556783954
0.5559042572704036	2.1487567146712925
0.5571857489319298	2.1442494547061006
0.5584701947368308	2.139746572221772
0.5597576014951101	2.1352480630183726
0.5610479760324705	2.130753922248764
0.5623413251903491	2.126264144410208
0.5636376558259545	2.121778723335887
0.5649369748123025	2.117297652186356
0.5662392890382533	2.1128209234409017
0.5675446054085471	2.108348528888832
0.5688529308438415	2.1038804596206777
0.5701642722807475	2.0994167060193143
0.571478636671867	2.094957257751
0.5727960309858292	2.0905021037563336
0.5741164622073276	2.086051232241124
0.5754399373371569	2.0816046306671785
0.5767664633922508	2.0771622857430043
0.5780960474057181	2.0727154439334434
0.5794286964268811	2.0682676834287013
0.580764417521312	2.063824093560191
0.5821032177708715	2.059384691480355
0.5834451042737447	2.0549494940067357
0.5847900841444807	2.050518517616629
0.5861381645140288	2.046091778441703
0.5874893525297767	2.0416692922625517
0.588843655355589	2.037251074503193
0.5902010801718444	2.0328371402255234
0.591561634175474	2.028427504123708
0.5929253245799998	2.024022180518517
0.5942921586155727	2.0196211833516102
0.5956621435290105	2.015224526179763
0.5970352865838369	2.0108322221690336
0.5984115950603197	2.0064442840888765
0.5997910762555094	2.002060724306197
0.6011737374832781	1.9976815547793458
0.6025595860743578	1.9933067870520582
0.6039486293763798	1.988936432247333
0.6053408747539136	1.984570501061248
0.6067363295885054	1.9802090037567233
0.6081350012787179	1.9758519501572154
0.6095368972401692	1.9714993496403568
0.610942024905572	1.9671512111315308
0.6123503917247736	1.9628075430973833
0.6137620051647943	1.958468353539275
0.6151768727098682	1.9541336499866684
0.6165950018614822	1.9498034394904504
0.618016400138416	1.9454777286161937
0.6194410750767815	1.9411565234373487
0.6208690342300636	1.9368398295283766
0.6223002851691596	1.932527651957808
0.6237348354824193	1.9282199952812469
0.6251726927756859	1.9239168635342914
0.6266138646723355	1.9196182602254064
0.628058358813318	1.915324188328712
0.6295061828571976	1.9110346502767093
0.6309573444801934	1.9067496479529407
0.6324118513762195	1.9024691826845768
0.633869711256927	1.8981932552349274
0.6353309318517437	1.8939218657958952
0.6367955209079159	1.889655013980344
0.6382634861905487	1.8853926988144052
0.6397348354826482	1.8811349187297033
0.6412095765851616	1.8768816715555177
0.6426877173170197	1.8726329545108564
0.6441692655151774	1.868388764196474
0.6456542290346556	1.8641490965867977
0.6471426157485832	1.8599139470217867
0.6486344335482385	1.855676449790769
0.6501296903430908	1.8514394194232242
0.6516283940608427	1.8472068566341289
0.6531305526474724	1.8429787804804822
0.654636174067275	1.8387552097089035
0.6561452663029055	1.8345361627505399
0.6576578373554206	1.8303216577159303
0.6591738952443215	1.8261117123898163
0.6606934480075961	1.8219063442258998
0.662216503701762	1.817705570341551
0.6637430704019089	1.8135094075124625
0.6652731562017414	1.80931787216725
0.6668067692136223	1.8051309803819986
0.6683439175686147	1.8009487478747606
0.6698846094165265	1.7967711899999885
0.6714288529259524	1.7925983217429253
0.6729766562843179	1.788430157713931
0.6745280276979221	1.7842667121427547
0.6760829753919819	1.7801079988727546
0.6776415076106752	1.7759540313550555
0.6792036326171846	1.7718048226426528
0.6807693586937414	1.76766038538446
0.6823386941416696	1.7635207318192916
0.6839116472814293	1.759385873769797
0.6854882264526615	1.7552558226363253
0.6870684400142321	1.7511305893907387
0.688652296344276	1.7470101845701596
0.6902398038402419	1.7428946182706617
0.6918309709189364	1.7387839001408971
0.6934258060165691	1.7346780393756625
0.6950243175887968	1.7305770447094038
0.6966265141107687	1.7264809244096575
0.6982324040771714	1.7223896862704287
0.6998419960022735	1.7183033376055064
0.7014552984199712	1.7142218852417137
0.7030723198838335	1.7101453355120928
0.7046930689671469	1.7060736942490258
0.7063175542629619	1.7020069667772888
0.7079457843841379	1.6979451579070417
0.7095777679633888	1.6938882719267454
0.711213513653329	1.6898363125960196
0.7128530301265195	1.6857892831384242
0.7144963260755133	1.6817471862341815
0.716143410212902	1.6777100240128187
0.7177942912713617	1.673677798045748
0.7194489780036994	1.669650509338775
0.7211074791828996	1.6656281583245338
0.7227698036021702	1.6616107448548532
0.72443596007499	1.657598268193049
0.7261059574351547	1.653590727006145
0.727779804536824	1.6495837143576622
0.7294575102545687	1.6455790387024687
0.7311390834834174	1.6415792699365765
0.732824533138904	1.6375844211738582
0.734513868157115	1.6335945051268652
0.7362070974947361	1.6296095341008567
0.737904230129101	1.6256295199877784
0.7396052750582378	1.6216544742601775
0.7413102413009175	1.6176844079650625
0.7430191378967014	1.613719331717699
0.744731973905989	1.6097592556953508
0.7464487584100665	1.6058041896309556
0.7481695005111544	1.6018541428067417
0.7498942093324559	1.597909124047783
0.7516228940182055	1.5939691417154909
0.7533555637337174	1.5900342037010453
0.7550922276654339	1.5861043174187608
0.7568328950209744	1.5821794897993893
0.7585775750291838	1.5782597272833605
0.7603262769401818	1.5743450358139535
0.762079010025412	1.5704354208304079
0.7638357835776907	1.566530887260965
0.7655966069112563	1.5626314395158456
0.7673614893618189	1.5587370814801582
0.7691304402866096	1.5548478165067419
0.7709034690644301	1.5509636474089408
0.7726805850957024	1.547084576453309
0.7744617978025188	1.5432106053522456
0.7762471166286917	1.5393417352565644
0.7780365510398041	1.535477966747985
0.7798301105232588	1.5316192998315634
0.7816278045883297	1.5277657339280437
0.7834296427662119	1.523917267866137
0.7852356346100718	1.5200738998747347
0.7870457896950986	1.5162356275750426
0.7888601176185545	1.5124024479726415
0.7906786279998251	1.508574357449475
0.7925013304804718	1.5047513517557654
0.7943282347242815	1.5009334260018443
0.7961593504173188	1.4971205746499179
0.7979946872679766	1.493312791505747
0.7998342550070284	1.4895100697102552
0.8016780633876791	1.4857124017310552
0.8035261221856173	1.481919779353897
0.8053784411990667	1.478132193674039
0.8072350302488382	1.474349635087534
0.8090958991783823	1.470572093282441
0.8109610578538409	1.46679955722995
0.8128305161640993	1.463032015175425
0.8147042840208396	1.4592694546293705
0.8165823713585925	1.455502606713872
0.81846478813479	1.451735262666348
0.8203515443298183	1.447972814180502
0.8222426499470712	1.4442152812687903
0.8241381150130024	1.4404626836560794
0.8260379495771788	1.436715040774847
0.8279421637123342	1.4329723717603413
0.8298507675144225	1.4292346954456845
0.8317637711026711	1.4255020303569357
0.8336811846196344	1.4217743947080963
0.835603018231248	1.4180518063960732
0.8375292821268826	1.4143342829955854
0.8394599865193975	1.4106218417540237
0.8413951416451951	1.4069144995862586
0.8433347577642755	1.403212273069396
0.84527884516029	1.3995151784374837
0.8472274141405965	1.3958232315761596
0.8491804750363139	1.3921364480172556
0.8511380382023765	1.38845484293334
0.8531001140175896	1.3847784311322124
0.8550667128846834	1.381107227051342
0.8570378452303697	1.3774412447522488
0.8590135215053958	1.3737804979148374
0.8609937521846007	1.3701249998316647
0.8629785477669704	1.3664747634021628
0.8649679187756933	1.3628298011267967
0.8669618757582167	1.3591901251011687
0.8689604292863019	1.3555557470100685
0.8709635899560808	1.3519266781214576
0.8729713683881117	1.3483029292804045
0.8749837752274362	1.344684510902953
0.8770008211436349	1.3410714329699387
0.8790225168308845	1.3374637050207392
0.8810488730080143	1.3338613361469671
0.8830799004185629	1.3302643349861043
0.8851156098308356	1.32667270971507
0.887156012037961	1.3230864680437302
0.8892011178579485	1.3195056172083472
0.8912509381337457	1.3159301639649588
0.8933054837332954	1.3123601145827026
0.895364765549594	1.308795474837072
0.8974287945007486	1.3052362500031058
0.8994975815300353	1.30168244484852
0.9015711376059571	1.2981340636267662
0.9036494737223016	1.2945911100700294
0.9057326008982003	1.291053587382157
0.9078205301781859	1.287521498231521
0.9099132726322517	1.2839948447438125
0.9120108393559097	1.2804736284947704
0.9141132414702502	1.2769578505028356
0.9162204901219997	1.2734432791090307
0.9183325964835808	1.269931654120991
0.9204495717531712	1.266425446918581
0.9225714271547631	1.2629246724638
0.9246981739382225	1.2594293453493444
0.9268298233793492	1.2559394797930141
0.9289663867799363	1.2524550896320652
0.9311078754678302	1.2489761883175057
0.933254300796991	1.245502788908338
0.9354056741475518	1.2420349040657435
0.9375620069258802	1.2385725460472101
0.9397233105646378	1.235115726700606
0.9418895965228413	1.2316644574581903
0.9440608762859233	1.2282187493305725
0.946237161365793	1.2247786129006069
0.9484184633008971	1.2213440583172317
0.9506047936562815	1.2179150952892508
0.9527961640236519	1.2144917330790486
0.9549925860214359	1.2110739804962503
0.9571940712948444	1.2076618458913204
0.9594006315159331	1.204255337149098
0.9616122783836646	1.200854461682271
0.9638290236239705	1.1974592264247865
0.9660508789898133	1.1940696378252014
0.9682778562612491	1.1906857018399672
0.9705099672454897	1.1873074239266486
0.9727472237769651	1.183934809037084
0.9749896377173869	1.1805678616104733
0.9772372209558107	1.177206585566404
0.9794899854086988	1.1738509842978142
0.9817479430199844	1.1705010606638806
0.9840111057611337	1.1671568169828455
0.9862794856312105	1.1638182550247766
0.9885530946569389	1.1604853760042535
0.9908319448927676	1.1571581805729882
0.9931160484209338	1.1538366688123773
0.995405417351527	1.1505208402259808
0.9977000638225533	1.1472106937319335
1.	1.1439062276552814
1.0023052380778998	1.1406074397202512
1.0046157902783952	1.137314327042443
1.0069316688518044	1.1340268861209502
1.0092528860766845	1.1307451128304107
1.0115794542598988	1.127469002412976
1.0139113857366795	1.124198549470215
1.016248692870696	1.12093374795493
1.0185913880541169	1.1176745911629116
1.0209394837076802	1.1144210717246006
1.023292992280754	1.1111731815966908
1.0256519262514079	1.1079309120536338
1.0280162981264735	1.1046900314485675
1.0303861204416165	1.101452265528975
1.0327614057613974	1.0982200697765339
1.0351421666793441	1.0949934488599353
1.0375284158180127	1.0917724069472476
1.0399201658290596	1.0885569476991122
1.0423174293933042	1.0853470742618863
1.0447202192208003	1.0821427892607123
1.0471285480508996	1.0789440947925273
1.0495424286523225	1.0757509924190023
1.051961873823223	1.072563483159418
1.0543868963912593	1.0693815674834704
1.0568175092136585	1.066205245304013
1.0592537251772887	1.0630345159697234
1.0616955571987248	1.0598693782577109
1.064143018224316	1.0567098303660472
1.066596121230258	1.0535558699062268
1.0690548792226577	1.0504074938955652
1.0715193052376064	1.0472646987495133
1.0739894123412446	1.0441274802739127
1.076465213629835	1.0409958336571694
1.0789467222298286	1.0378697534623613
1.081433951297938	1.0347492336192636
1.0839269140212033	1.031634267416313
1.0864256236170655	1.0285248474924822
1.0889300933334332	1.025420965829094
1.0914403364487566	1.0223226137415435
1.0939563662720937	1.0192297818709621
1.096478196143185	1.0161424601757862
1.0990058394325208	1.0130606379232627
1.101539309541415	1.0099843036808631
1.104078619902073	1.0069134453076343
1.1066237839776665	1.003848049945451
1.1091748152624008	1.000788104010206
1.1117317272815914	0.9977335931829033
1.1142945335917298	0.9946845024006851
1.1168632477805611	0.9916408158477594
1.1194378834671515	0.9886025169462627
1.1220184543019636	0.985569588347022
1.1246049739669264	0.9825420119202481
1.1271974561755105	0.9795197687461283
1.1297959146727976	0.9765028391053487
1.1324003632355573	0.9734912024695158
1.1350108156723149	0.9704848374915058
1.137627285823431	0.9674837219957083
1.1402497875611686	0.9644878329682007
1.1428783347897717	0.961497146546816
1.1455129414455354	0.9585116380111359
1.1481536214968828	0.9555312817723787
1.1508003889444356	0.952556051363209
1.1534532578210923	0.9495763884749627
1.1561122421920986	0.9465961832622609
1.1587773561551262	0.9436209738168503
1.1614486138403426	0.9406507666437538
1.1641260294104914	0.9376855678254699
1.1668096170609623	0.9347253830161087
1.1694993910198712	0.9317702174354694
1.1721953655481303	0.9288200758630636
1.1748975549395297	0.9258749626320756
1.1776059735208073	0.9229348816232757
1.1803206356517297	0.919999836258864
1.1830415557251646	0.9170698294962663
1.1857687481671602	0.9141448638218608
1.1885022274370183	0.9112249412446566
1.1912420080273751	0.9083100632899015
1.193988104464273	0.905400230992641
1.1967405313072437	0.9024954448912016
1.1994993031493788	0.8995957050206301
1.2022644346174132	0.896701010906056
1.2050359403717974	0.8938113615560019
1.2078138351067804	0.8909267554556244
1.2105981335504823	0.8880471905598966
1.2133888504649775	0.885172664286722
1.2161860006463678	0.8823031735099899
1.2189895989248667	0.8794387145525582
1.2217996601648717	0.8765792831791795
1.2246161992650488	0.8737248745893528
1.2274392311584073	0.8708754834101156
1.2302687708123818	0.8680311036887638
1.233104833228909	0.8651917288855082
1.2359474334445106	0.8623573518660578
1.238796586530369	0.8595279648941414
1.2416523075924113	0.8567035596239512
1.244514611771385	0.8538841270925257
1.2473835142429432	0.8510696577120533
1.2502590302177201	0.8482601412621144
1.2531411749414163	0.8454555668818403
1.2560299636948749	0.842655923062014
1.2589254117941675	0.8398611976370824
1.2618275345906707	0.8370713777771115
1.2647363474711515	0.8342864499796531
1.2676518658578455	0.8315064000615482
1.270574105208542	0.828731213150647
1.2735030810166617	0.8259608736774604
1.276438808811344	0.8231953653667269
1.2793813041575246	0.8204346712289118
1.2823305826560218	0.8176787735516193
1.2852866599436155	0.8149276538909361
1.2882495516931343	0.8121812930626872
1.2912192736135342	0.8094396711336179
1.2941958414499863	0.8066927075724295
1.297179270983956	0.803944516769707
1.3001695780332907	0.8012009526839523
1.3031667784522993	0.7984620309166441
1.3061708881318417	0.7957277668114906
1.309181922999407	0.7929981754502896
1.3121998990192034	0.7902732716487416
1.3152248321922384	0.7875530699522226
1.3182567385564075	0.7848375846315162
1.3212956341865751	0.7821268296785044
1.324341535194665	0.7794208188018102
1.3273944577297394	0.7767195654224077
1.3304544179780915	0.7740230826691755
1.333521432163324	0.771331383374421
1.3365955165464425	0.7686444800693467
1.3396766874259352	0.765962384979484
1.3427649611378643	0.7632851100200735
1.3458603540559484	0.7606126667914072
1.348962882591654	0.7579450665741173
1.3520725631942772	0.755282320324429
1.3551894123510364	0.7526244386693565
1.3583134465871542	0.7499714319018622
1.3614446824659503	0.7473233099759606
1.3645831365889245	0.7446800825017814
1.3677288255958495	0.7420417587405781
1.3708817661648536	0.7394083475996972
1.3740419750125157	0.7367798576274887
1.3772094688939465	0.7341562970081774
1.3803842646028852	0.7315376735566747
1.383566378971781	0.7289239947133511
1.3867558288718889	0.7263152675387498
1.3899526312133532	0.7237114987082552
1.3931568029453036	0.7211126945067055
1.3963683610559376	0.7185188608229612
1.3995873225726185	0.7159300031444111
1.4028137045619582	0.7133461265514378
1.4060475241299144	0.7107672357118188
1.4092887984218747	0.7081933348750863
1.4125375446227548	0.7056244278668197
1.4157937799570817	0.7030605180828995
1.4190575216890926	0.7005016084836916
1.4223287871228198	0.6979477015881883
1.425607593602188	0.6953987994680865
1.428893958511103	0.6928549037418124
1.432187899273543	0.6903160155684934
1.435489433353656	0.6877821356418651
1.4387985782558452	0.6852532641841307
1.4421153515248688	0.6827294009397519
1.4454397707459272	0.6802105451691932
1.4487718535447618	0.6776966956425966
1.452111617587742	0.6751826987576619
1.455459080581966	0.6726706703480883
1.4588142602753482	0.6701636170081456
1.4621771744567182	0.6676615552609333
1.4655478409559113	0.6651645013815513
1.468926277643867	0.6626724713930592
1.4723125024327186	0.6601854810624032
1.4757065332758947	0.6577035458962943
1.4791083881682072	0.6552266811370541
1.4825180851459536	0.65275490175841
1.4859356422870067	0.6502882224612592
1.4893610777109154	0.6478266576693805
1.492794409578996	0.6453702215251138
1.4962356560944337	0.6429189278849873
1.4996848355023733	0.640472790315311
1.5031419660900225	0.6380318220877178
1.5066070661867417	0.6355960361746711
1.5100801541641484	0.6331654452449167
1.513561248436208	0.6307400616589018
1.5170503674593367	0.6283198974641403
1.5205475297324955	0.6259049643905389
1.5240527537972914	0.6234952738456727
1.5275660582380723	0.6210908369100209
1.5310874616820302	0.6186916643321482
1.5346169827992941	0.6162977665238495
1.5381546403030348	0.6139091535552372
1.5417004529495593	0.6115258351497901
1.545254439538414	0.6091478206793468
1.5488166189124812	0.606775119159057
1.5523870099580825	0.6044077392422802
1.5559656316050743	0.6020456892154379
1.559552502826954	0.599688976992813
1.5631476426409538	0.5973376101113048
1.5667510701081493	0.5949915957251262
1.5703628043335522	0.592650940600459
1.5739828644662197	0.5903156511100492
1.5776112696993485	0.5879857332277593
1.5812480392703834	0.5856611925230599
1.5848931924611134	0.5833420341554775
1.5885467485977791	0.5810282628689818
1.59220872705117	0.5787198829863276
1.5958791472367329	0.5764168984033331
1.5995580286146687	0.5741193125831158
1.6032453906900417	0.5718271285502621
1.6069412530128773	0.5695403488849523
1.6106456351782708	0.5672589757170209
1.6143585568264862	0.564983010719969
1.6180800376430662	0.562712455104914
1.6218100973589298	0.5604473096144866
1.6255487557504842	0.5581875745166671
1.6292960326397223	0.5559286030777684
1.6330519478943346	0.5536723048972483
1.6368165214278085	0.5514213929253063
1.6405897731995396	0.5491758833070616
1.6443717232149315	0.5469357919291604
1.6481623915255086	0.5447011344156439
1.651961798229015	0.5424719261237799
1.6557699634695284	0.5402481821398485
1.6595869074375604	0.5380299172748917
1.6634126503701698	0.5358171460604156
1.6672472125510627	0.533609882744056
1.6710906143107078	0.5314081412851943
1.6749428760264373	0.5292119353505391
1.6788040181225607	0.5270212783096555
1.6826740610704674	0.524836183230459
1.6865530253887415	0.522656662874658
1.690440931643264	0.5204827296931582
1.6943378004473288	0.5183143958214167
1.6982436524617444	0.5161516730747565
1.7021585083949509	0.5139945729436296
1.7060823890031234	0.5118431065888396
1.710015315090288	0.5096972848367125
1.7139573075084253	0.5075571181742287
1.7179083871575884	0.5054226167440967
1.721868574986007	0.5032937903397922
1.725837891990204	0.5011706484005365
1.7298163592151015	0.49905320000623893
1.7338039977541384	0.4969414538723799
1.7378008287493754	0.4948354183448534
1.7418068733916146	0.4927351013947519
1.7458221529205038	0.49064051061311154
1.7498466886246573	0.48855165320559524
1.7538805018417611	0.48646853598713613
1.7579236139586931	0.4843911653765207
1.7619760464116292	0.4823195473909286
1.7660378206861649	0.4802536876404121
1.770108958317421	0.47819359132233197
1.7741894808901661	0.4761392632157312
1.7782794100389228	0.4740907076756654
1.78237876744809	0.47204792862746936
1.7864875748520508	0.4700109295609791
1.7906058540352947	0.4679797135246903
1.7947336268325265	0.46595428311987025
1.7988709151287883	0.46393464049460603
1.803017740859569	0.46192078733780517
1.8071741260109275	0.45991272487313084
1.8113400926196026	0.4579104538528897
1.8155156627731361	0.4559139745518533
1.8197008586099834	0.4539232867610294
1.8238957023196385	0.45193838978136863
1.8281002161427427	0.44995569511882144
1.832314422371212	0.4479766759021979
1.8365383433483464	0.4460034253506937
1.8407720014689564	0.44403595451299427
1.8450154191794736	0.4420742741067473
1.8492686189780787	0.4401183945137498
1.8535316234148114	0.43816832577509823
1.857804455091699	0.4362240775862842
1.8620871366628675	0.4342856592922486
1.8663796908346704	0.43235307988238353
1.8706821403658007	0.43042634798549106
1.8749945080674193	0.4285054718646886
1.8793168168032686	0.4265904594122704
1.883649089489801	0.42468131814451526
1.8879913490962936	0.42277805519644973
1.892343618644976	0.42088067731655554
1.8967059212111463	0.4189891908614331
1.9010782799233006	0.41710360179040695
1.9054607179632472	0.4152239156600891
1.9098532585662378	0.4133501376188793
1.914255925021086	0.41148227240142465
1.9186687406702891	0.4096203243230201
1.9230917289101586	0.4077642972739554
1.9275249131909356	0.40591419471381457
1.9319683170169242	0.4040700196657139
1.936421963946607	0.40223177471049315
1.9408858775927782	0.40039946198084575
1.9453600816226624	0.39857308315539935
1.9498445997580456	0.3967526394527352
1.9543394557753944	0.3949381316253577
1.95884467350599	0.3931295599536003
1.9633602768360463	0.39132692423948295
1.967886289706845	0.38953022380050273
1.9724227361148534	0.38773945746337574
1.976969640111861	0.38595462355771265
1.9815270258050979	0.3841757199096418
1.9860949173573716	0.38240274383536743
1.9906733389871865	0.38063569213467435
1.9952623149688797	0.3788745610843652
1.9998618696327437	0.3771193464316434
2.0044720273651615	0.3753700433874289
2.0090928126087277	0.37362664661961964
2.0137242498623884	0.37188915024628105
2.0183663636815607	0.3701575478287829
2.023019178678272	0.3684318323648636
2.0276827195212817	0.3667119962816388
2.032357010936222	0.3649980314285382
2.037042077705718	0.363289929070185
2.0417379446695296	0.3615876798792024
2.046444636724674	0.35989127392896114
2.0511621788255656	0.3581963422377041
2.0558905959841414	0.3565046655241352
2.0606299132700006	0.35481877789349936
2.065380155810529	0.3531386836808338
2.0701413487910423	0.3514643868171278
2.0749135174549096	0.34979589082390217
2.079696687103696	0.34813319880773114
2.084490883097289	0.3464763134547177
2.0892961308540396	0.3448252370249125
2.0941124558508926	0.3431799713466845
2.0989398836235242	0.34154051781103517
2.1037784397664754	0.3399068773658625
2.1086281499332897	0.33827905051016843
2.1134890398366464	0.33665703728821494
2.1183611352485023	0.3350408372836226
2.123244462000219	0.333430449613418
2.1281390459827123	0.33182587292202004
2.133044913146576	0.3302271053751776
2.1379620895022327	0.32863414465384216
2.1428906011200586	0.32704698794799303
2.1478304741305343	0.3254656319503965
2.1527817347243725	0.3238900728503137
2.157744409152667	0.3223203063271452
2.16271852372702	0.3207563275440228
2.167704104819695	0.3191981311413341
2.1727011788637443	0.31764571123019636
2.1777097723531593	0.3160990613858617
2.1827299118430012	0.3145581746410694
2.187761623949553	0.31302304347932947
2.1928049353504484	0.3114936598281519
2.197859872784825	0.30997001505220684
2.202926463053456	0.3084520999464285
2.2080047330189	0.3069399047290506
2.2130947096056377	0.3054334190345814
2.2181964198002193	0.3039326319067129
2.223309890651403	0.30243753179116717
2.2284351492703043	0.3009481065284738
2.2335722228305315	0.2994643433466871
2.23872113856834	0.2979862288540303
2.2438819237827663	0.29651374903147965
2.2490546058357817	0.2950468892252754
2.254239212152429	0.29358563413936933
2.259435770220978	0.2921299678277998
2.2646443075930596	0.29067987368700215
2.2698648518838223	0.28923533444804495
2.2750974307720706	0.2877963321688
2.2803420720004186	0.28636284822603836
2.28559880337543	0.2849348633074586
2.2908676527677736	0.2835123574036389
2.296148648112362	0.28209530979992176
2.301441817408509	0.28067719492504273
2.306747188720069	0.2792606646431693
2.312064790175595	0.27784949529978054
2.3173946499684783	0.276443688246762
2.3227367963571073	0.2750432444360163
2.328091257665008	0.273648164414242
2.3334580622810033	0.27225844831765705
2.338837238659355	0.2708740958666783
2.344228815319923	0.26949510636054763
2.3496328208483073	0.2681214786719111
2.35504928389601	0.26675321124134405
2.360478233180577	0.26539030207182995
2.365919697485759	0.2640327487231828
2.371373705661655	0.26268054830642285
2.3768402866248772	0.2613336974780955
2.38231946935869	0.2599921924345427
2.3878112829131783	0.2586560289061153
2.3933157564053875	0.257325202151339
2.3988329190194912	0.25599970695101953
2.4043628000069335	0.2546795376022995
2.4099054286865957	0.25336468791265576
2.41546083444494	0.2520551511938458
2.421029046736179	0.2507509202557939
2.4266100950824154	0.2494519874004268
2.432204009073816	0.248158344415447
2.4378108183687526	0.24686998256805448
2.4434305526939726	0.24558689259860608
2.4490632418447453	0.24430906471422162
2.454708915685031	0.24303648858232696
2.4603676041476272	0.2417691533241433
2.46603933723434	0.24050704750811208
2.4717241450161302	0.23925015914326442
2.4774220576332864	0.2379984756725267
2.4831331052955705	0.23675198396596892
2.4888573182823914	0.2355106703139876
2.494594726942955	0.2342745204204319
2.500345361696432	0.23304351939566234
2.506109253032114	0.2318176517495515
2.511886431509581	0.23059690138441694
2.5176769277588558	0.22938125158789535
2.5234807724805757	0.22817068502574692
2.529297996446145	0.22696518373460012
2.5351286304979084	0.2257647291146268
2.540972705549305	0.22456930192215516
2.5468302525850417	0.22337888226221297
2.552701302661247	0.22219344958100692
2.5585858869056453	0.22101298265833194
2.5644840365177175	0.2198374595999142
2.5703957827688635	0.21866685782968565
2.5763211570025755	0.21750115408198759
2.582260190634596	0.21633307896551918
2.588212915153092	0.21516558658630458
2.5941793621188136	0.21400288379000748
2.6001595631652723	0.21284497228927404
2.6061535499988953	0.2116918534536264
2.6121613543992064	0.21054352830495976
2.6181830082189848	0.20939999751300176
2.624218543384442	0.20826126139072595
2.6302679918953813	0.2071273198897259
2.6363313858253803	0.20599817259554248
2.642408757321946	0.20487381872295163
2.648500138606701	0.20375425711120365
2.654605561975539	0.20263948621922373
2.6607250597988097	0.20152950412076207
2.666858664521479	0.20042430849950432
2.6730064086633116	0.19932389664413255
2.6791683248190314	0.1982282654433442
2.6853444456585076	0.19713741138082133
2.691534803926915	0.1960513305301568
2.6977394324449206	0.19497001854973064
2.703958364108843	0.19389347067754273
2.7101916318908432	0.19282168172599334
2.7164392688390824	0.19175464607662113
2.7227013080779128	0.19069235767478737
2.7289777828080406	0.1896348100243162
2.7352687263067126	0.1885819961820817
2.741574171927882	0.1875339087525495
2.7478941531023975	0.18649053988226386
2.7542287033381663	0.18545188125428932
2.7605778562203462	0.18441792408259694
2.7669416454115114	0.18338865910640373
2.773320104651841	0.1823640765844563
2.7797132677592886	0.18134416628926672
2.7861211686297707	0.18032891750129215
2.792543841237338	0.17931831900306466
2.798981319634363	0.17831235907326548
2.805433637951713	0.17731102548074798
2.811900830398941	0.17631430547850357
2.8183829312644537	0.17532218579757644
2.8248799749157074	0.17433465264091969
2.831391995799379	0.17335169167719963
2.8379190284415565	0.17237328803454127
2.8444611074479154	0.17139942629421945
2.85101826750391	0.17043009048429142
2.8575905433749464	0.169465264073175
2.8641779699065815	0.16850492996316474
2.8707805820246906	0.16754907048389503
2.8773984147356697	0.16659766738573953
2.8840315031266055	0.16565070183315636
2.8906798823654762	0.1647081543979687
2.897343587701323	0.1637646670833117
2.904022654464451	0.16282241382639642
2.910717118066605	0.16188449141552108
2.9174270140011673	0.16095089847666597
2.924152377843335	0.160021633293429
2.9308932452503216	0.15909669380268196
2.9376496519615305	0.15817607759018876
2.9444216337987617	0.15725978188617984
2.9512092266663856	0.15634780356088976
2.9580124665515464	0.15544013912004953
2.9648313895243423	0.15453678470034093
2.971666031738027	0.1536377360648062
2.9785164294291895	0.1527429885982181
2.9853826189179604	0.1518525373024043
2.992264636608189	0.15096637679153282
2.9991625189876516	0.15008450128734993
3.0060763026282307	0.1492069046143784
3.013006024186122	0.14833358019506876
3.019951720402016	0.14746452104490856
3.0269134281013064	0.1465997197674849
3.0338911841942706	0.14573916854950433
3.04088502567628	0.1448828591557644
3.047894989627983	0.14403078292408283
3.054921113215514	0.1431829307601774
3.061963433690677	0.14233929313250201
3.069021988391158	0.14149986006703352
3.076096814740708	0.14066462114201364
3.083187950249355	0.13983356548264086
3.0902954325135905	0.13900668175571684
3.097419299216581	0.13818395816424198
3.1045595881283554	0.1373653824419645
3.1117163371060186	0.1365509418478776
3.118889584093937	0.1357406231606709
3.126079367123956	0.13493441267312717
3.1332857243155856	0.13413229618647354
3.1405086938762183	0.1333342590046775
3.1477483141013156	0.1325402859286956
3.1550046233746274	0.13175036125066708
3.1622776601683795	0.13096446874805878
3.169567463043492	0.13018259167775437
3.1768740706497707	0.12940471277009402
3.1841975217261256	0.12863081422285733
3.1915378551007616	0.12786087769519633
3.198895109691399	0.12709488430151045
3.206269324505466	0.1263328146052705
3.213660538640318	0.12557464861278472
3.2210687912834346	0.12482036576691179
3.2284941217126364	0.12406994494071572
3.2359365692962827	0.12332336443106687
3.2433961734934935	0.12258060195218325
3.250872973854344	0.12183614168820785
3.2583670100200885	0.12109221845216715
3.265878321723358	0.12035201672891606
3.273406948788383	0.11961553292436496
3.2809529311311905	0.1188827631216324
3.2885163087598315	0.11815370307705728
3.2960971217745776	0.11742834821617736
3.303695410368149	0.11670669362966765
3.311311214825911	0.1159887340692456
3.3189445755261047	0.11527446394353451
3.326595532940045	0.11456387731389299
3.3342641276323506	0.11385696789020332
3.3419504002611427	0.11315372902662417
3.3496543915782775	0.11245415371730169
3.3573761424295467	0.11175823459204462
3.365115693754908	0.11106596391195739
3.372873086588689	0.11037733356503569
3.380648362059817	0.1096923350617204
3.3884415613920256	0.10901095953041304
3.3962527259040853	0.10833319771294819
3.404081897010009	0.10765903996002792
3.4119291162192864	0.10698847622661208
3.4197944251370886	0.10632149606726952
3.4276778654645046	0.1056580886314849
3.4355794789987466	0.10499824265892603
3.443499307633384	0.1043419464746658
3.451437393358563	0.10368918798436284
3.459393778261219	0.1030399546693993
3.4673685045253166	0.10239423358197289
3.4753616144320576	0.10175201134014733
3.483373150360118	0.1011132741228565
3.4914031547858606	0.10047800766486552
3.499451670283573	0.09984619725168525
3.5075187395256795	0.09921782771444299
3.5156044052829816	0.09859288342470536
3.523708710424871	0.09797134828925738
3.53183169791957	0.09735320574483271
3.5399734108343464	0.0967384387527993
3.548133892335755	0.09612702979379534
3.5563131856898527	0.09551896086231988
3.5645113342624426	0.09491421346127345
3.5727283815192883	0.09431276859645207
3.5809643710263606	0.0937146067709906
3.5892193464500517	0.09311970797975878
3.5974933515574232	0.09252805170370594
3.6057864302164235	0.0919396169041573
3.6140986263961334	0.09135438201705845
3.6224299841669856	0.09077232494717054
3.630780547701014	0.09019342306221262
3.639150361272071	0.08961765318695426
3.6475394692560785	0.0890390170741313
3.6559479161312485	0.08845994671873697
3.664375746478333	0.08788390714229238
3.672823004980846	0.0873108958745066
3.681289736425315	0.08674091019050938
3.6897759857015027	0.08617394710769397
3.6982817978026628	0.08561000338252875
3.7068072178257596	0.08504907550734196
3.715352290971726	0.08449115970707438
3.7239170625456848	0.08393625193600465
3.732501577957206	0.08338434787444286
3.741105882720533	0.08283544292539526
3.7497300224548358	0.08228953221119716
3.758374042884441	0.08174661057011683
3.767037989839089	0.08120667255292652
3.77572190925416	0.08066971241944407
3.7844258471709336	0.08013572413504172
3.793149849736819	0.07960470136712419
3.801893963205613	0.0790766374815738
3.81065823393773	0.0785515255391649
3.8194427084004663	0.07802935829194374
3.8282474331682264	0.07751012817957778
3.8370724549227884	0.07699382732567003
3.8459178204535354	0.0764804475340419
3.8547835766577188	0.07596998028498089
3.8636697705406915	0.07546241673145604
3.8725764492161727	0.07495774769529762
3.8815036599064823	0.07445596366334427
3.8904514499428067	0.07395705478355372
3.899419866765434	0.0734610108610804
3.908408957924021	0.07296782135431587
3.9174187710778305	0.07247747537089609
3.926449353995999	0.07198996166367046
3.9355007545577743	0.07150526862663716
3.944573020752785	0.07102338429084011
3.953666200681279	0.0705442963202312
3.9627803425543955	0.0700679920074937
3.971915494694403	0.06959445826983034
3.981071705534973	0.06912368164471211
3.9902490236214203	0.06865564828559106
3.9994474976109755	0.06819034395757308
4.008667176273028	0.06772775403305396
4.0179081084894	0.0672678634873156
4.027170343254591	0.06681065689408384
4.036453929676051	0.0663561184210464
4.045758916974426	0.06590423182533191
4.055085354483839	0.06545498044894782
4.0644332916521275	0.0650083472141797
4.073802778041128	0.06456431461894789
4.083193863326921	0.06412286473212528
4.09260659730011	0.0636795494234745
4.1020410298660686	0.06323617107552552
4.111497211045223	0.06279529797316999
4.120975190973302	0.062356927427795895
4.130475019901614	0.06192105653400015
4.139996748197304	0.06148768216692817
4.149540426343631	0.06105680097958834
4.1591061049402205	0.06062840940014291
4.168693834703355	0.06020250362917285
4.178303666466218	0.059779079636919155
4.187935651179185	0.05935813316049797
4.1975898399100755	0.05893965970109097
4.207266283844442	0.05852365452110953
4.216965034285822	0.0581101126413342
4.226686142656031	0.05769902883802678
4.2364296604954115	0.05729039764001776
4.24619563946313	0.056884213325765924
4.2559841313374305	0.05648046992039254
4.265795188015928	0.056079161192687736
4.275628861515862	0.05568028065209102
4.285485203974396	0.05528382154564282
4.295364267648873	0.05488977685491061
4.3052661049171075	0.054498139292885564
4.3151907682776525	0.054108901300852524
4.325138310350088	0.053722055045230886
4.335108783875289	0.05333759241438805
4.345102241715717	0.05295550501542328
4.355118736855686	0.052575784170923866
4.365158322401661	0.05219842091569088
4.375221051582521	0.05182340599343714
4.385306977749858	0.05145072985345424
4.395416154378245	0.05108038264725095
4.405548635065534	0.05071235422516074
4.4157044735331255	0.05034663413291985
4.425883723626267	0.049983211608214104
4.436086439314326	0.049622075577195855
4.446312674691089	0.049263214650968785
4.456562483975033	0.04890661712204305
4.466835921509633	0.048552270960757246
4.477133041763626	0.0482001638116703
4.487453899331323	0.04785028298991984
4.49779854893288	0.04750261547754974
4.508167045414603	0.04715714791980404
4.518559443749224	0.046813866621389054
4.528975799036209	0.04647275754270145
4.539416166502032	0.046133806296024385
4.549880601500488	0.04579699814168858
4.560369159512962	0.04546231798420125
4.570881896148752	0.0451297503683391
4.581418867145335	0.04479927947520891
4.591980128368688	0.044467116702973986
4.6025657358135605	0.04413479642656756
4.613175745603796	0.04380450526992257
4.623810213992603	0.04347624040209308
4.634469197362879	0.04314999880946951
4.645152752227495	0.0428257772935641
4.6558609352295885	0.042503572468776334
4.666593803142887	0.04218338076013673
4.677351412871981	0.041865198401032026
4.688133821452653	0.04154902143090776
4.698941086052153	0.041234845692951834
4.709773263969529	0.040922666831755175
4.720630412635905	0.04061248029095315
4.731512589614805	0.04030428131084393
4.7424198526024455	0.03999806492598662
4.753352259428054	0.03969382596277665
4.7643098680541565	0.039391559037000416
4.775292736576909	0.03909125855136652
4.786300923226383	0.0387929186930162
4.797334486366892	0.038496533431010116
4.808393484497285	0.038202096513793596
4.819477976251274	0.03790960146663811
4.830588020397726	0.03761904158906082
4.841723675840994	0.03733040995222009
4.8528850016212095	0.0370436993962884
4.864072056914616	0.036758902527801
4.875284901033862	0.03647601171698193
4.886523593428336	0.03619501909504478
4.897788193684462	0.03591591655147081
4.909078761526032	0.035638695731261626
4.920395356814509	0.03536334803216816
4.9317380395493595	0.03508986460189447
4.943106869868354	0.034818236335277274
4.954501908047903	0.034548453871439636
4.96592321450336	0.034280507590920314
4.97737084978936	0.034014387612776725
4.9888448746001215	0.033750083791663145
5.000345349769786	0.0334875857148822
5.011872336272722	0.03322688269941113
5.0234258952238715	0.032967963788900795
5.035006087879047	0.03271081775064938
5.046612975635284	0.03245543307254815
5.05824662003114	0.032201797960001416
5.0699070827470445	0.031949900332818415
5.081594425605605	0.03169972782207878
5.093308710571955	0.03145126776696944
5.105049999754062	0.031204507211594797
5.116818355403078	0.03095943290175788
5.1286138399136485	0.030716031281714316
5.140436515824262	0.030474288490896798
5.152286445817564	0.030230879510957615
5.16416369272071	0.029987151033831896
5.176068319505676	0.029745022210863028
5.188000389289612	0.02950449063959183
5.199959965335159	0.029265553772538862
5.211947111050805	0.029028208915453924
5.223961889991197	0.028792453225550452
5.236004365857504	0.028558283709722937
5.248074602497725	0.028325697222749215
5.2601726639070625	0.028094690465475275
5.2722986142282275	0.027865259982984805
5.284452517751805	0.0276374021627512
5.296634438916578	0.02741111323277348
5.308844442309884	0.02718638925969498
5.321082592667942	0.02696322614690548
5.333348954876211	0.026741619632625613
5.345643593969716	0.026521565287974794
5.357966575133418	0.026303058515020877
5.370317963702527	0.026086094544813254
5.382697825162884	0.025870668435397252
5.3951062251512765	0.025656775069811705
5.4075432294558095	0.025444409154067746
5.420008904016238	0.025233565215110127
5.432503314924333	0.025024237598759724
5.445026528424211	0.024816420467638347
5.4575786109127105	0.024610107799074132
5.470159628939716	0.024405293382989194
5.482769649208539	0.024201970819767573
5.495408738576246	0.02400013351810489
5.508076964054036	0.023799774692838314
5.520774392807573	0.02360088736275773
5.533501092157368	0.023403464348396952
5.546257129579107	0.023207498269805858
5.559042572704037	0.023012981544302227
5.5718574893192985	0.02281990638420422
5.584701947368309	0.022628264794542212
5.597576014951102	0.0224380485707509
5.610479760324706	0.022249249296340617
5.623413251903491	0.022061858340548416
5.6363765582595455	0.021875866855968058
5.649369748123025	0.021691265776159582
5.6623928903825345	0.021508045813237238
5.675446054085471	0.02132619745543687
5.688529308438416	0.021145710964661207
5.701642722807475	0.020966576374004255
5.714786366718672	0.020788783485253332
5.727960309858292	0.020612321866369788
5.741164622073277	0.02043718084894712
5.7543993733715695	0.020263349525647272
5.767664633922509	0.02009081674761412
5.780960474057181	0.019917037357356334
5.794286964268812	0.01974304140831852
5.807644175213121	0.019570297043678696
5.821032177708716	0.019398801849598725
5.834451042737448	0.019228553292607763
5.847900841444809	0.019059548718178644
5.861381645140288	0.018891785349291697
5.874893525297769	0.01872526028498524
5.88843655355589	0.018559970498893484
5.902010801718445	0.018395912837770527
5.91561634175474	0.018233084020001896
5.9292532458	0.018071480634101803
5.942921586155727	0.01791109913719767
5.956621435290106	0.017751935853500368
5.970352865838369	0.017593986972761252
5.984115950603199	0.017437248548714902
5.997910762555095	0.017281716497508356
6.011737374832782	0.017127386596115738
6.025595860743578	0.01697425448073927
6.0394862937638	0.016822315645195464
6.0534087475391365	0.016671565439287404
6.067363295885055	0.01652199906716198
6.08135001278718	0.01637361158565294
6.095368972401694	0.01622639790260887
6.109420249055721	0.0160803527752065
6.123503917247737	0.015935470808248767
6.137620051647943	0.015791746452448113
6.151768727098683	0.015649174002694125
6.165950018614822	0.015507747596306257
6.180164001384161	0.015367461211270587
6.1944107507678146	0.015228308664461501
6.208690342300634	0.015090283609847117
6.223002851691596	0.014953379536679207
6.237348354824191	0.014817589767667151
6.251726927756859	0.014682907457135385
6.266138646723353	0.014549325589165182
6.2805835881331795	0.014416836975719495
6.295061828571975	0.014285434254751823
6.309573444801933	0.01415510988829799
6.324118513762193	0.014025856160551551
6.33869711256927	0.013897665175921912
6.353309318517436	0.0137705288570759
6.367955209079159	0.013644438942961646
6.382634861905486	0.013519386986815601
6.397348354826482	0.013395364354151796
6.412095765851615	0.013272362220733837
6.4268771731701975	0.013150371570528787
6.441692655151772	0.013029383193643673
6.456542290346556	0.012909387684243484
6.471426157485831	0.01279037543845154
6.486344335482385	0.012670185341598085
6.501296903430906	0.012549691844299488
6.516283940608428	0.012430141367665449
6.531305526474723	0.012311531753409901
6.546361740672751	0.012193860749186491
6.561452663029053	0.01207712600748185
6.576578373554206	0.011961325084498469
6.591738952443213	0.011846455439027983
6.606934480075961	0.011732514431313802
6.622165037017619	0.01161949932190402
6.637430704019089	0.011507407270493576
6.652731562017413	0.011396235334756422
6.668067692136222	0.01128598046916684
6.6834391756861455	0.011176639523810587
6.698846094165265	0.011068209243185013
6.714288529259523	0.01096068626498886
6.729766562843179	0.010854067118900815
6.745280276979219	0.010748348225347603
6.760829753919819	0.010643525894260705
6.77641507610675	0.010539596323822332
6.792036326171846	0.010436555599199942
6.807693586937414	0.010334399691269786
6.823386941416698	0.010233124455328865
6.839116472814292	0.010132725629795695
6.8548822645266165	0.010033198834899252
6.870684400142321	0.009934539571356699
6.886522963442762	0.009836743219038943
6.902398038402419	0.009739805035624874
6.918309709189366	0.009643720155243226
6.934258060165691	0.009548483587102908
6.9502431758879695	0.009454090214110871
6.966265141107686	0.009360534791478088
6.982324040771715	0.009267811945312975
6.998419960022734	0.009175916171202763
7.014552984199714	0.009084841832782053
7.030723198838334	0.0089945831602891
7.046930689671471	0.008905134249109171
7.06317554262962	0.008816489058305375
7.07945784384138	0.008728641409136354
7.095777679633888	0.008641584983561256
7.112135136533292	0.008555313322731403
7.128530301265195	0.008469819825468978
7.1449632607551345	0.00838509774673222
7.16143410212902	0.008301140196067426
7.177942912713619	0.008217940136047258
7.194489780036995	0.008135490380695672
7.211074791828998	0.00805378359389884
7.227698036021702	0.00797281228780257
7.2443596007499025	0.007892568821195493
7.261059574351547	0.007813045397878509
7.277798045368242	0.007732476307338815
7.294575102545687	0.007651576096061037
7.311390834834176	0.007571363241177091
7.3282453313890406	0.007491836058174997
7.345138681571151	0.007412992792951528
7.362070974947361	0.00733483162099775
7.379042301291012	0.007257350646576964
7.396052750582378	0.007180547901895545
7.413102413009177	0.007104421346266032
7.430191378967014	0.007028968865263023
7.447319739059893	0.006954188269871172
7.464487584100665	0.0068800772956258945
7.481695005111545	0.0068066336017460725
7.498942093324558	0.006733854770259288
7.516228940182057	0.006661738305118958
7.533555637337174	0.0065902816313139065
7.550922276654341	0.006519482093969667
7.568328950209744	0.006449336957442117
7.58577575029184	0.006379843404402709
7.603262769401819	0.00631099853491591
7.620790100254123	0.006242799365508095
7.638357835776907	0.006175242828228546
7.655966069112566	0.006108325769701748
7.67361489361819	0.006042044950171653
7.691304402866098	0.0059763970425371574
7.709034690644301	0.005911378631379324
7.726805850957025	0.005846986211979781
7.744617978025188	0.005783216189330647
7.76247116628692	0.00572006487713557
7.78036551039804	0.0056575284968021
7.798301105232589	0.005595603176424991
7.816278045883297	0.005534284949760845
7.83429642766212	0.0054735697551934435
7.852356346100718	0.0054134534346902165
7.870457896950989	0.005353931732749381
7.888601176185544	0.005295000295338047
7.906786279998253	0.0052366546688207465
7.925013304804718	0.005178890298878891
7.943282347242818	0.005121702529420506
7.961593504173188	0.005065086601480642
7.979946872679768	0.005009037652112007
7.9983425500702845	0.004953550713266094
8.016780633876794	0.004898620710664368
8.035261221856173	0.004844242462659816
8.05378441199067	0.004790410679088378
8.072350302488383	0.004737119960110602
8.090958991783825	0.004684364795043008
8.109610578538408	0.004632139561179505
8.128305161640995	0.004580438522602436
8.147042840208396	0.0045292558289834126
8.165823713585926	0.004477288890122448
8.1846478813479	0.004425064697493264
8.203515443298185	0.00437333443941248
8.222426499470712	0.004322096773594454
8.241381150130026	0.004271350306355503
8.260379495771788	0.004221093592017095
8.279421637123345	0.004171325132303502
8.298507675144226	0.004122043375734251
8.317637711026709	0.004073246717010957
8.336811846196344	0.004024933496398791
8.356030182312479	0.003977101999102406
8.375292821268827	0.003929750454636186
8.394599865193973	0.003882877036189061
8.413951416451951	0.003836479859983436
8.433347577642753	0.003790556984628637
8.452788451602899	0.003745106410468413
8.472274141405963	0.0037001260789227826
8.491804750363139	0.0036556138718239215
8.511380382023763	0.0036115676107462665
8.531001140175896	0.003567985056330547
8.550667128846833	0.0035248639076019945
8.570378452303697	0.0034822018012823377
8.590135215053957	0.0034399963110958755
8.609937521846007	0.003398244947069302
8.629785477669701	0.003356945154825417
8.649679187756934	0.0033160943148705722
8.669618757582166	0.0032756897418758824
8.689604292863018	0.0032357286839520233
8.709635899560805	0.0031962083219177605
8.729713683881117	0.0031571257685619448
8.74983775227436	0.003118478067899117
8.770008211436348	0.0030802621944184803
8.790225168308842	0.0030424750523264064
8.810488730080142	0.0030051134747821743
8.830799004185627	0.002968174223127152
8.851156098308357	0.0029316539861071124
8.871560120379607	0.0028955493790878595
8.892011178579486	0.0028598569432639
8.912509381337454	0.00282457314486033
8.933054837332953	0.0027896943743276367
8.953647655495937	0.002755216945529607
8.974287945007486	0.00272113709492404
8.994975815300352	0.0026874509807364713
9.01571137605957	0.0026541546821265936
9.036494737223014	0.0026212441983475155
9.057326008982002	0.0025887154478976848
9.078205301781857	0.0025565642676654973
9.099132726322518	0.0025247864120664276
9.120108393559097	0.0024933775521727946
9.141132414702504	0.0024623332748358556
9.162204901219997	0.002430743661404427
9.183325964835811	0.0023989763683171673
9.204495717531712	0.002367555602085849
9.225714271547634	0.0023364800797578975
9.246981739382225	0.002305748477953795
9.268298233793494	0.002275359432407734
9.289663867799362	0.002245311537504342
9.311078754678306	0.0022156033458111376
9.33254300796991	0.0021862333676069745
9.354056741475521	0.002157200070406173
9.375620069258803	0.0021285018784785365
9.39723310564638	0.0021001371723650374
9.418895965228414	0.002072104288389276
9.440608762859236	0.0020444015181645585
9.462371613657929	0.0020170271080966946
9.484184633008974	0.001989979258882309
9.506047936562814	0.001963256125002843
9.527961640236521	0.001936855814213964
9.549925860214358	0.0019107763870306182
9.571940712948447	0.00188501585620742
9.594006315159332	0.00185957218621459
9.616122783836648	0.0018344432927091866
9.638290236239705	0.001809627042001786
9.660508789898136	0.0017851212505184055
9.68277856261249	0.0017609236842577958
9.7050996724549	0.0017370320582438831
9.727472237769652	0.0017134440359735277
9.749896377173872	0.001690157228859355
9.772372209558107	0.0016671691956678062
9.79489985408699	0.0016444774419522108
9.817479430199844	0.0016220794194809842
9.84011105761134	0.0015999725256607778
9.862794856312105	0.0015781541029546682
9.885530946569391	0.001556621438295224
9.908319448927676	0.0015353717624925407
9.93116048420934	0.0015144022496370497
9.954054173515269	0.0014937100164972327
9.977000638225535	0.0014732921219120375
10.	0.0014531455661780884
10.023052380778994	0.0014332672904315425
10.046157902783957	0.0014136541760246197
10.069316688518045	0.0013943030438967748
10.092528860766844	0.0013752106539403539
10.115794542598982	0.0013563737043608556
10.1391138573668	0.0013377888310316258
10.16248692870696	0.0013194526068430487
10.18591388054117	0.0013013615410460268
10.209394837076797	0.0012835120785899214
10.232929922807546	0.0012659005994547236
10.256519262514079	0.0012485234179775517
10.280162981264736	0.0012306060323914719
10.303861204416158	0.0012124614979807456
10.32761405761398	0.0011945361414006164
10.351421666793442	0.001176828966560305
10.375284158180126	0.0011593389493851315
10.39920165829059	0.001142065037503439
10.423174293933046	0.0011250061499307217
10.447202192208003	0.0011081611767509774
10.471285480508996	0.001091528978795187
10.495424286523221	0.0010751083873170332
10.519618738232236	0.0010588982036657073
10.543868963912592	0.0010428971989558773
10.568175092136585	0.0010271041137346825
10.592537251772887	0.0010115176576458692
10.616955571987253	0.000996136509090937
10.641430182243164	0.0009809593148873354
10.665961212302578	0.0009659846899236158
10.690548792226577	0.0009512112168116063
10.71519305237607	0.0009366374455355168
10.739894123412451	0.0009222618930980039
10.76465213629835	0.0009080830431630731
10.789467222298287	0.0008940993456959344
10.814339512979387	0.0008803092165996668
10.83926914021204	0.0008667110373487556
10.864256236170656	0.000853303154619368
10.889300933334333	0.0008400838799164784
10.91440336448757	0.0008270514891977058
10.939563662720943	0.0008142042224939138
10.964781961431852	0.0008015402835264639
10.990058394325208	0.0007890578393211918
11.015393095414156	0.0007767550198190131
11.040786199020735	0.0007646299174831752
11.066237839776663	0.000752680586903059
11.091748152624008	0.0007409050443946048
11.117317272815919	0.0007293012675972469
11.142945335917304	0.0007178671950673999
11.168632477805613	0.0007066007258683779
11.194378834671515	0.0006954997191568325
11.220184543019629	0.0006845619937655943
11.24604973966927	0.0006737853277829154
11.271974561755105	0.0006631674581281321
11.297959146727976	0.0006527060801236003
11.324003632355566	0.000642398847063024
11.350108156723154	0.0006322433697760337
11.37627285823431	0.0006222372161890513
11.402497875611685	0.0006123779108823568
11.428783347897712	0.0006026629346433859
11.45512941445536	0.0005930897240161846
11.481536214968829	0.0005836556708470327
11.508003889444357	0.0005743581218261301
11.534532578210918	0.0005646318148307022
11.561122421920993	0.0005547052884757996
11.587773561551263	0.0005449043577854176
11.614486138403427	0.0005352283439074986
11.641260294104908	0.0005256765504921496
11.66809617060963	0.0005162482634982974
11.694993910198711	0.0005069427509986655
11.721953655481304	0.0004977592629829911
11.748975549395292	0.0004886970311595546
11.776059735208078	0.00047975526875494343
11.803206356517299	0.00047093317031207487
11.830415557251646	0.00046222991148641817
11.857687481671597	0.00045364464884046325
11.88502227437019	0.00044517651963636896
11.91242008027375	0.0004368246416268184
11.93988104464273	0.0004285881128440096
11.967405313072431	0.0004204660113868432
11.994993031493793	0.00041245739520622676
12.02264434617413	0.0004045613018885279
12.050359403717973	0.0003967767484371086
12.078138351067798	0.0003891027310519919
12.10598133550483	0.0003815382249075885
12.133888504649775	0.0003740821839285147
12.161860006463678	0.00036673354056342546
12.189895989248662	0.00035949120555692226
12.217996601648723	0.00035235406771946137
12.246161992650489	0.0003453209936952872
12.274392311584071	0.000338390827728322
12.30268770812381	0.0003315623914260679
12.331048332289097	0.0003248344835214417
12.359474334445107	0.0003182058796325765
12.387965865303691	0.000311675332020513
12.416523075924106	0.000305241569344839
12.445146117713856	0.00029890329641719455
12.473835142429433	0.0002926591939526815
12.5025903021772	0.00028650791831909804
12.531411749414156	0.0002804481012840451
12.560299636948754	0.0002744783497598481
12.589254117941675	0.0002685972455462956
12.618275345906707	0.00026280334507115154
12.64736347471151	0.0002570951791284651
12.67651865857846	0.0002514712526146198
12.705741052085418	0.0002459300442621424
12.735030810166617	0.00024047000637120603
12.764388088113435	0.00023508956453886226
12.793813041575252	0.00022978711738594584
12.823305826560219	0.000224561036281659
12.852866599436155	0.00021940966506578735
12.882495516931336	0.00021433131976856366
12.912192736135347	0.0002093242883281346
12.941958414499863	0.00020438683030563653
12.971792709839558	0.00019951717659781926
13.001695780332899	0.00019471352914725366
13.031667784523	0.00018997406065005855
13.061708881318419	0.00018529691426116316
13.09181922999407	0.00018068020329704333
13.121998990192028	0.00017612201093595786
13.15224832192239	0.00017162038991563552
13.182567385564074	0.00016717336222840974
13.212956341865752	0.00016277891881375366
13.243415351946643	0.00015843501924823794
13.273944577297401	0.00015413959143284974
13.304544179780914	0.0001498905312776883
13.33521432163324	0.00014568570238397544
13.365955165464419	0.00014152293572340443
13.396766874259358	0.00013740002931477395
13.427649611378643	0.00013331474789790806
13.458603540559483	0.0001292648226048125
13.489628825916533	0.00012524795062808253
13.52072563194278	0.00012126179488651147
13.551894123510364	0.00011730398368789859
13.583134465871542	0.00011337211038900932
13.614446824659497	0.00010946373305269697
13.645831365889252	0.00010557637410214024
13.677288255958494	0.00010170751997218908
13.708817661648537	0.00009785462075777604
13.740419750125149	0.00009401508985939953
13.772094688939474	0.00009018630362562964
13.803842646028853	0.00008636560099263625
13.83566378971781	0.00008255028312068669
13.867558288718882	0.00007873761302762388
13.89952631213354	0.00007492481521927699
13.931568029453036	0.0000711090753167965
13.963683610559377	0.00006728753968086691
13.995873225726179	0.00006345731503280529
14.028137045619589	0.00005961546807249371
14.060475241299143	0.000055759025093142725
14.092887984218748	0.00005188497159283338
14.12537544622754	0.00004799025188284866
14.157937799570824	0.000044071768692737425
14.190575216890926	0.00004012638277211382
14.223287871228198	0.0000361509124891319
14.25607593602188	0.00003214213342564874
14.288939585111036	0.000028096777969023126
14.321878992735439	0.000024011534900539868
14.35489433353656	0.000019883048980412454
14.387985782558452	0.00001570792052936749
14.421153515248696	0.000011482705006759856
14.45439770745928	7.203912585210274e-6
14.487718535447618	2.868007721711341e-6