0.1	3.253319563545052
0.10023052380778996	3.2509560354796827
0.10046157902783952	3.2485937345353024
0.10069316688518042	3.246232653573415
0.10092528860766845	3.243872785110382
0.10115794542598985	3.2415141213131538
0.10139113857366794	3.239156653994957
0.10162486928706957	3.2368003746109424
0.1018591388054117	3.2344452742537944
0.102093948370768	3.2320913436492957
0.10232929922807542	3.229738573151861
0.10256519262514076	3.2273869527400154
0.10280162981264736	3.225036472011846
0.10303861204416162	3.2226871201803973
0.10327614057613975	3.2203388860690425
0.10351421666793438	3.2179917581067876
0.10375284158180126	3.215645724323561
0.10399201658290592	3.2133007723454354
0.10423174293933042	3.2109568893898213
0.10447202192208001	3.208614062260614
0.10471285480508996	3.2062722773432863
0.10495424286523224	3.203931520599954
0.1051961873823223	3.2015917775643814
0.1054386896391259	3.199253033336948
0.10568175092136585	3.1969096100087446
0.10592537251772889	3.194565275825006
0.10616955571987247	3.192221872769887
0.10641430182243161	3.1898794024019432
0.10665961212302578	3.1875378660738303
0.1069054879222658	3.185197264929434
0.10715193052376065	3.182857599900961
0.10739894123412448	3.1805188717060178
0.1076465213629835	3.1781810808446447
0.10789467222298288	3.1758442275963312
0.1081433951297938	3.1735083120170007
0.10839269140212036	3.171173333935967
0.10864256236170655	3.1688392929528604
0.10889300933334335	3.166506188434524
0.10914403364487565	3.164174019511884
0.10939563662720939	3.161842785076785
0.1096478196143185	3.1595124837788013
0.10990058394325211	3.1571831140220112
0.11015393095414151	3.1548546739617476
0.11040786199020733	3.152527161501312
0.11066237839776664	3.150200574288662
0.11091748152624012	3.147874909713064
0.11117317272815914	3.1455501649017164
0.11142945335917301	3.1432263367163427
0.11168632477805612	3.1409034217497447
0.11194378834671516	3.138581416322337
0.11220184543019636	3.136260316478633
0.11246049739669266	3.1339401179837125
0.11271974561755105	3.1316208163196446
0.11297959146727979	3.1293024066818864
0.11324003632355571	3.126984883975642
0.11350108156723152	3.1246682428121875
0.1137627285823431	3.122352477505168
0.11402497875611688	3.120037582066854
0.11428783347897718	3.1177235502043614
0.11455129414455358	3.115410375315847
0.1148153621496883	3.113098050486655
0.11508003889444356	3.110786568485439
0.11534532578210924	3.108475921760239
0.11561122421920987	3.1061661024345315
0.11587773561551262	3.103857102303233
0.11614486138403426	3.1015489128286786
0.11641260294104915	3.099241525136549
0.11668096170609624	3.096934930011775
0.11694993910198712	3.094629117894389
0.11721953655481303	3.092324078875359
0.11748975549395298	3.0900198026923564
0.11776059735208072	3.087716278725513
0.11803206356517298	3.0854134959931194
0.11830415557251646	3.0831114431472972
0.118576874816716	3.0808065543273155
0.11885022274370183	3.078501192504144
0.11912420080273747	3.0761965115231256
0.1193988104464273	3.0738925099778522
0.11967405313072434	3.0715891862324916
0.11994993031493788	3.0692865384187398
0.12022644346174129	3.0669845644327487
0.12050359403717974	3.064683261932021
0.120781383510678	3.0623826283322795
0.12105981335504823	3.060082660804302
0.12133888504649772	3.0577833562707313
0.12161860006463679	3.0554847114028525
0.12189895989248664	3.0531867226173404
0.12217996601648717	3.0508893860729773
0.12246161992650487	3.0485926976673365
0.12274392311584072	3.0462966530334423
0.12302687708123815	3.0440012475363876
0.1233104833228909	3.04170647626993
0.12359474334445104	3.0394123340530546
0.1238796586530369	3.0371188154264956
0.1241652307592411	3.0348259146492373
0.1244514611771385	3.0325336256949775
0.12473835142429429	3.0302419422485554
0.125025903021772	3.0279508577023497
0.1253141174941416	3.025660365152645
0.1256029963694875	3.023370457395958
0.12589254117941673	3.021081126925337
0.12618275345906707	3.0187923659266223
0.12647363474711512	3.0165041662746757
0.12676518658578456	3.014216519529569
0.12705741052085415	3.0119294169327464
0.12735030810166617	3.009642849403144
0.12764388088113438	3.007356807533277
0.12793813041575247	3.0050712815852902
0.12823305826560213	3.002786261486973
0.12852866599436155	3.000501736827735
0.1288249551693134	2.9982176968545504
0.12912192736135342	2.99593413046786
0.1294195841449986	2.993651026217436
0.12971792709839558	2.9913683722982136
0.13001695780332903	2.989086156546083
0.13031667784522993	2.986804366433633
0.13061708881318415	2.984522989065875
0.1309181922999407	2.982242011175913
0.13121998990192033	2.9799614191205785
0.13152248321922383	2.9776811988760263
0.1318256738556407	2.975401336033291
0.1321295634186575	2.973121815793803
0.13243415351946647	2.9708426229648626
0.13273944577297395	2.9685637419550734
0.1330454417978091	2.96628116005487
0.1333521432163324	2.963997531676161
0.13365955165464422	2.96171415155526
0.1339676687425935	2.9594310153356225
0.1342764961137864	2.957148118417366
0.13458603540559483	2.9548654559541774
0.13489628825916536	2.9525830228501886
0.13520725631942773	2.9503008137568174
0.1355189412351036	2.9480188230695856
0.1358313446587154	2.9457370449249036
0.136144468246595	2.9434554731968254
0.13645831365889247	2.9411741014937736
0.13677288255958492	2.938892923155238
0.13708817661648537	2.936611931248435
0.13740419750125152	2.9343311185649443
0.13772094688939465	2.932050477617312
0.1380384264602885	2.929770000635617
0.1383566378971781	2.927489679564015
0.13867558288718884	2.9252095060572425
0.13899526312133534	2.922929471477096
0.13931568029453031	2.920649566888868
0.13963683610559377	2.918369783057764
0.13995873225726183	2.9160901104452748
0.14028137045619582	2.9138105392055205
0.1406047524129914	2.9115310591815624
0.14092887984218747	2.909251659901678
0.14125375446227545	2.9069723305756057
0.14157937799570816	2.9046930600907492
0.14190575216890922	2.902413837008349
0.142232878712282	2.90013464955963
0.14256075936021884	2.897855485641894
0.1428893958511103	2.8955763328145943
0.14321878992735435	2.893297178295362
0.1435489433353656	2.8910180089560096
0.14387985782558455	2.8887388113184826
0.14421153515248689	2.8864595715507857
0.14454397707459277	2.88418027546287
0.14487718535447616	2.8819009085024794
0.14521116175877424	2.8796214557509616
0.14554590805819662	2.8773419019190447
0.14588142602753484	2.8750622313425667
0.14621771744567183	2.8727824279781777
0.14655478409559117	2.870502475398995
0.1468926277643867	2.868222356790221
0.1472312502432719	2.865942054944726
0.14757065332758945	2.8636615522585847
0.14791083881682077	2.861380830726576
0.14825180851459538	2.8590998719376457
0.1485935642287007	2.856818657070321
0.14893610777109154	2.8545371668880897
0.14927944095789963	2.8522493386253958
0.14962356560944334	2.8499591905243276
0.1499684835502373	2.847668685166232
0.15031419660900225	2.8453778210763274
0.15066070661867417	2.8430865966114323
0.15100801541641484	2.840795009957687
0.1513561248436208	2.838503059128264
0.1517050367459337	2.836210741961049
0.15205475297324955	2.833918056116307
0.15240527537972914	2.8316249990743123
0.15275660582380723	2.8293315681329765
0.15310874616820302	2.8270377604054335
0.15346169827992942	2.8247435728176176
0.1538154640303035	2.822449002105807
0.15417004529495593	2.8201540448141524
0.1545254439538414	2.817858697292176
0.1548816618912481	2.8155629556922537
0.15523870099580825	2.8132668159670624
0.15559656316050743	2.81097027386702
0.15595525028269538	2.8086733249376823
0.15631476426409538	2.8063759645171333
0.15667510701081494	2.8040781877333343
0.15703628043335524	2.8017799895014632
0.15739828644662196	2.7994813645212187
0.15776112696993486	2.7971823072741038
0.15812480392703834	2.794882812020681
0.15848931924611134	2.792582872797807
0.15885467485977792	2.7902824834158335
0.159220872705117	2.7879816374557946
0.15958791472367329	2.785680328266549
0.15995580286146688	2.7833785489619176
0.16032453906900418	2.7810762924177763
0.1606941253012877	2.7787735512691345
0.16106456351782708	2.776470317907177
0.16143585568264862	2.7741665844762866
0.16180800376430657	2.7718623428710303
0.16218100973589297	2.7695575847331315
0.16255487557504839	2.767252301448396
0.16292960326397224	2.7649464841436253
0.16330519478943342	2.7626401236834943
0.16368165214278085	2.7603332106673997
0.16405897731995392	2.7580257354262843
0.16443717232149316	2.7557176880194265
0.1648162391525508	2.7534090582312043
0.1651961798229015	2.751099835567828
0.1655769963469528	2.7487900092540425
0.16595869074375605	2.746479568229804
0.16634126503701693	2.744168501146918
0.16672472125510626	2.7418567963656537
0.16710906143107074	2.739544441951326
0.16749428760264373	2.7372272836881475
0.16788040181225602	2.7349080769312857
0.16826740610704674	2.7325881680626902
0.16865530253887412	2.730267557277169
0.16904409316432642	2.727946244642327
0.16943378004473283	2.7256242300967397
0.16982436524617442	2.7233015134481104
0.17021585083949506	2.720978094371411
0.17060823890031235	2.7186539724069974
0.17100153150902875	2.71632914695872
0.17139573075084252	2.7140036172920006
0.17179083871575881	2.711677382531902
0.1721868574986007	2.709350441661174
0.17258378919902034	2.707022793518278
0.17298163592151014	2.704694436795404
0.17338039977541378	2.7023653700364494
0.17378008287493754	2.700035591634999
0.17418068733916142	2.697705099832271
0.17458221529205037	2.695373892715048
0.1749846688624657	2.6930419682135907
0.1753880501841761	2.6907093240995246
0.17579236139586926	2.6883759579837183
0.1761976046411629	2.686041867314127
0.17660378206861643	2.6837070493736266
0.17701089583174212	2.6813715012778223
0.17741894808901656	2.679035219972839
0.1778279410038923	2.6766982022330836
0.17823787674480895	2.674360444659
0.17864875748520506	2.6720219436747845
0.17906058540352943	2.6696826955260975
0.17947336268325265	2.6673426962777405
0.1798870915128788	2.665001941811318
0.1803017740859569	2.6626604278228734
0.1807174126010927	2.660318149820509
0.18113400926196024	2.6579751031219705
0.18155156627731356	2.655631282852226
0.18197008586099836	2.6532866839410123
0.18238957023196378	2.6509413011203526
0.1828100216142743	2.6485951289220657
0.18323144223712115	2.6462481616752407
0.18365383433483465	2.643900393503689
0.18407720014689558	2.6415518183233813
0.18450154191794738	2.6392024298398464
0.18492686189780783	2.636852221545561
0.18535316234148114	2.6345011867173014
0.18578044550916986	2.63214931841348
0.18620871366628675	2.6297966094714553
0.186637969083467	2.6274430525048134
0.18706821403658005	2.6250886399006266
0.18749945080674188	2.622733363816687
0.18793168168032684	2.6203735507286923
0.18836490894898006	2.618011641773482
0.18879913490962935	2.6156488312487447
0.18923436186449755	2.6132851221758635
0.18967059212111465	2.6109205174967136
0.19010782799233	2.6085550200723193
0.19054607179632474	2.6061886326814934
0.1909853258566238	2.6038213580194705
0.19142559250210858	2.6014531986965097
0.19186687406702896	2.599084157236506
0.19230917289101584	2.596714236075567
0.1927524913190936	2.594343437560586
0.1931968317016924	2.591971763947799
0.19364219639466074	2.5895992174013274
0.19408858775927784	2.5872257999917028
0.19453600816226624	2.5848515136943786
0.19498445997580455	2.58247636038823
0.19543394557753943	2.580100341854035
0.195884467350599	2.5777234597729395
0.19633602768360464	2.5753457157249118
0.1967886289706845	2.572967111187175
0.19724227361148533	2.5705876475326317
0.19769696401118608	2.568207326028265
0.1981527025805098	2.56582614783353
0.19860949173573716	2.5634441139987225
0.19906733389871864	2.561061225463344
0.19952623149688797	2.558677483054431
0.1999861869632744	2.556292887484888
0.20044720273651614	2.5539074393517893
0.2009092812608728	2.5515211391346746
0.20137242498623883	2.549133987193817
0.20183663636815607	2.5467459837684854
0.2023019178678272	2.5443571289751805
0.20276827195212818	2.54196742280586
0.20323570109362218	2.539576865126141
0.2037042077705718	2.5371854556734905
0.20417379446695297	2.5347931940553914
0.20464446367246739	2.5324000797475
0.20511621788255657	2.5300061120917734
0.20558905959841414	2.5276112902945913
0.20606299132700007	2.525215613424849
0.20653801558105292	2.5228190804120407
0.20701413487910425	2.5204216900443135
0.20749135174549097	2.5180234409665188
0.2079696687103696	2.5156243316782247
0.20844908830972886	2.5132243605317286
0.20892961308540398	2.510823525730033
0.20941124558508925	2.5084218253248194
0.20989398836235246	2.506019257214387
0.21037784397664752	2.503615819141583
0.21086281499332898	2.50120913258971
0.21134890398366465	2.498800782820418
0.2118361135248502	2.496391546833027
0.21232444620002192	2.4939814293824583
0.21281390459827124	2.4915704351638124
0.21330449131465762	2.489158568811202
0.21379620895022325	2.4867458348965634
0.21428906011200585	2.4843322379284616
0.21478304741305343	2.481917782350877
0.21527817347243727	2.479502472541988
0.21577444091526668	2.4770863128129257
0.21627185237270202	2.4746693074065367
0.21677041048196952	2.4722514604961123
0.21727011788637443	2.4698327761841177
0.2177709772353159	2.4674132585009048
0.21827299118430013	2.4649929114034084
0.2187761623949553	2.4625717387738306
0.21928049353504486	2.460149744418315
0.21978598727848253	2.4577269320656026
0.2202926463053456	2.4553033053656756
0.22080047330189004	2.452878867888388
0.22130947096056375	2.4504536231220797
0.22181964198002194	2.4480275744721807
0.2223309890651403	2.445600725259795
0.22284351492703042	2.443173078720276
0.22335722228305316	2.440744638001782
0.223872113856834	2.4383154061638255
0.22438819237827662	2.4358853861757934
0.2249054605835781	2.4334545809154653
0.22542392121524293	2.431022993167515
0.22594357702209775	2.4285906256219865
0.22646443075930595	2.426157480872768
0.2269864851883822	2.4237235614160433
0.22750974307720706	2.4212888696487274
0.2280342072000418	2.4188534078668873
0.22855988033754301	2.4164171782641493
0.2290867652767773	2.413980182930089
0.2296148648112362	2.411542423848599
0.23014418174085083	2.4091039028962546
0.2306747188720069	2.4066646218406462
0.23120647901755947	2.404224582338707
0.23173946499684786	2.401783785935023
0.2322736796357107	2.399342234060117
0.23280912576650079	2.396899928028727
0.23334580622810028	2.3944568690380597
0.23388372386593548	2.392013058166035
0.2344228815319922	2.3895684963694985
0.23496328208483072	2.387123184482433
0.23550492838960096	2.3846771232141455
0.2360478233180577	2.382230313147429
0.23659196974857583	2.379781617143884
0.23713737056616552	2.3773317957269344
0.23768402866248767	2.3748812223981965
0.23823194693586902	2.372429900880708
0.23878112829131776	2.369977834812459
0.23933157564053875	2.3675250277449464
0.23988329190194904	2.3650714831417083
0.24043628000069334	2.3626172043768365
0.24099054286865948	2.3601621947334874
0.24154608344449405	2.3577064574023616
0.2421029046736178	2.355249995480184
0.24266100950824154	2.3527928119681585
0.24322040090738153	2.3503349097704067
0.24378108183687525	2.347876291692398
0.2443430552693972	2.3454169604393575
0.24490632418447456	2.3429569186146604
0.24547089156850305	2.3404961687182078
0.24603676041476275	2.338034713144792
0.24660393372343392	2.3355725541824373
0.24717241450161304	2.333109694010732
0.24774220576332856	2.3306461346991374
0.24831331052955705	2.3281818782052848
0.2488857318282391	2.3257169263732504
0.24945947269429547	2.3232512809318195
0.25003453616964316	2.3207849434927286
0.2506109253032114	2.318317915548888
0.251188643150958	2.315850198472595
0.25176769277588557	2.3133817935137233
0.25234807724805747	2.3109127017978937
0.2529297996446145	2.30844292432463
0.25351286304979076	2.3059724619654975
0.25409727055493053	2.303501315462216
0.2546830252585041	2.3010294854247646
0.2552701302661247	2.298556972329462
0.2558585886905646	2.2960837765170243
0.25644840365177174	2.2936098981906152
0.2570395782768864	2.291135337413864
0.25763211570025757	2.288660094108872
0.25822601906345966	2.2861841680542025
0.2588212915153092	2.2837075588828384
0.2594179362118814	2.281230266080136
0.2600159563165272	2.278752288981746
0.2606153549998896	2.276273626771522
0.26121613543992067	2.2737942784794045
0.2618183008218985	2.2713142429792885
0.26242185433844417	2.2688335189868654
0.26302679918953814	2.2663521050574493
0.263633138582538	2.2638699995837777
0.2642408757321946	2.2613872007937963
0.2648500138606701	2.2589037067484146
0.2654605561975539	2.2564170454775825
0.26607250597988097	2.2539288651924854
0.2666858664521479	2.2514399739426993
0.26730064086633115	2.2489503770552686
0.2679168324819031	2.2464600797891876
0.26853444456585074	2.2439690873340905
0.26915348039269155	2.241477404808931
0.26977394324449205	2.2389850372606466
0.2703958364108843	2.2364919896628113
0.2710191631890843	2.233998266914269
0.2716439268839082	2.2315038738377617
0.2722701308077913	2.2290088151785334
0.272897778280804	2.226513095602926
0.27352687263067127	2.224016719696958
0.27415741719278824	2.22151969196489
0.2747894153102397	2.219022016827774
0.2754228703338166	2.216523698621989
0.27605778562203465	2.2140247415977585
0.27669416454115114	2.2115251499176596
0.2773320104651841	2.2090249276551073
0.27797132677592884	2.2065240787928313
0.2786121168629771	2.2040226072213334
0.27925438412373377	2.201520516737331
0.2798981319634363	2.19901781104218
0.2805433637951713	2.1965144937402923
0.28119008303989407	2.1940105683375206
0.28183829312644537	2.1915060382395453
0.2824879974915708	2.1890009067502327
0.2831391995799379	2.186495177069979
0.2837919028441557	2.183988852294039
0.28444611074479154	2.1814819354108415
0.285101826750391	2.1789744293002773
0.28575905433749466	2.1764663367319836
0.2864177969906581	2.1739576603635973
0.28707805820246907	2.1717832493934237
0.28773984147356696	2.17030416109881
0.28840315031266056	2.1688237406720003
0.2890679882365476	2.1673419554728524
0.28973435877013226	2.1658587723780665
0.2904022654464451	2.1643741577762956
0.2910717118066605	2.1628880775632338
0.29174270140011677	2.1614004971366527
0.29241523778433354	2.1599113813913937
0.2930893245250321	2.1584206947143256
0.2937649651961531	2.1569284009792535
0.29444216337987617	2.1554344635417837
0.29512092266663853	2.1539388452341486
0.29580124665515467	2.1524415083599875
0.2964831389524342	2.1509424146890783
0.29716660317380267	2.1494415254520294
0.29785164294291894	2.1479302852035436
0.298538261891796	2.146414345005562
0.2992264636608189	2.1448964590705133
0.29991625189876514	2.1433766138545427
0.30060763026282306	2.1418547956284137
0.3013006024186122	2.1403309904755927
0.3019951720402016	2.138805184290315
0.30269134281013055	2.1372773627756287
0.30338911841942706	2.135747511441435
0.3040885025676279	2.134215615602494
0.3047894989627983	2.13268166037643
0.3054921113215513	2.131145630681705
0.3061963433690677	2.1296075112355863
0.30690219883911574	2.12806728655209
0.3076096814740708	2.1265249409399067
0.3083187950249354	2.124980458500312
0.30902954325135906	2.1234338231250574
0.309741929921658	2.121885018494245
0.31045595881283555	2.120334028074179
0.31117163371060175	2.1187808351152047
0.3118889584093937	2.117225422649524
0.3126079367123955	2.1156677734889957
0.31332857243155854	2.114107870222913
0.3140508693876217	2.1125456952157675
0.3147748314101316	2.110981230604987
0.31550046233746265	2.1094144582986605
0.31622776601683794	2.1078453599732385
0.3169567463043491	2.106273917071218
0.31768740706497706	2.1047001107988024
0.3184197521726125	2.1031239221235474
0.31915378551007617	2.1015453317719825
0.3198895109691398	2.0999643202272122
0.3206269324505466	2.0983808677265006
0.3213660538640317	2.0967949542588302
0.32210687912834346	2.0952065595624436
0.32284941217126356	2.0936156631223617
0.32359365692962827	2.092022244167885
0.32433961734934924	2.090426281670067
0.3250872973854344	2.0888277543391722
0.3258367010020088	2.08722664062211
0.32658783217233583	2.0856229186998427
0.3273406948788382	2.084016566484783
0.328095293113119	2.0824075616181563
0.32885163087598307	2.0807958814673464
0.32960971217745777	2.079181503123223
0.3303695410368148	2.077564403397437
0.3311311214825911	2.075944558819702
0.3318944575526104	2.0743219456350452
0.33265955329400454	2.0726965398010435
0.333426412763235	2.0710683169850275
0.3341950400261143	2.0694246517162695
0.33496543915782767	2.0677739396188612
0.3357376142429547	2.0661202905331004
0.33651156937549076	2.0644637195327866
0.3372873086588689	2.0628042419509325
0.3380648362059816	2.0611418733822546
0.33884415613920255	2.0594766296856832
0.3396252725904084	2.057808526986897
0.3404081897010009	2.056137581680871
0.34119291162192855	2.054463810434454
0.3419794425137089	2.0527872301889616
0.3427677865464504	2.0511078581627897
0.34355794789987465	2.0494257118540533
0.34434993076333853	2.0477408090432445
0.3451437393358563	2.0460531677959146
0.345939377826122	2.044362806465371
0.34673685045253166	2.042669743695407
0.34753616144320587	2.0409739984230444
0.34833731503601184	2.0392755898813033
0.34914031547858615	2.037574537601993
0.3499451670283573	2.035870861418525
0.350751873952568	2.034164581468753
0.35156044052829816	2.032455718197828
0.35237087104248715	2.030744292361085
0.353183169791957	2.0290303250269477
0.3539973410834347	2.0273138375798583
0.35481338923357547	2.025594851723233
0.3556313185689854	2.0238733894824383
0.3564511334262443	2.022149473207793
0.35727283815192895	2.0204231255775937
0.35809643710263606	2.018694369601169
0.35892193464500527	2.0169632286219494
0.35974933515574237	2.015229726320572
0.36057864302164244	2.0134938867180034
0.36140986263961333	2.0117557341786916
0.36224299841669866	2.0100152934137414
0.3630780547701014	2.0082725894841156
0.36391503612720716	2.0065276478038636
0.36475394692560786	2.004780494143373
0.36559479161312497	2.003031154632652
0.36643757464783333	2.0012796557646326
0.3672823004980847	1.9995260243985056
0.3681289736425315	1.997770287763079
0.3689775985701504	1.996012473460165
0.3698281797802663	1.994252609467993
0.37068072178257605	1.992490724144654
0.37153522909717257	1.9907268462315626
0.3723917062545686	1.9889610048569628
0.3732501577957206	1.9871932295394459
0.3741105882720534	1.9854235501915056
0.3749730022454836	1.9836585826861342
0.3758374042884442	1.9818939569156917
0.37670379898390893	1.980127542894666
0.377572190925416	1.978359350930714
0.37844258471709324	1.976589391448946
0.3793149849736819	1.974817674992818
0.38018939632056115	1.9730442122250282
0.381065823393773	1.9712690139284221
0.3819442708400465	1.969492091006899
0.38282474331682265	1.9677134544863317
0.38370724549227875	1.9659331155154862
0.38459178204535355	1.9641510853669526
0.38547835766577176	1.962367375438079
0.38636697705406914	1.9605819972519145
0.3872576449216172	1.958794962458157
0.3881503659906482	1.95700628283411
0.38904514499428056	1.9552159702856409
0.3899419866765434	1.9534240368481528
0.390840895792402	1.951630494687559
0.3917418771077831	1.9498353561012631
0.3926449353995998	1.9480386335191509
0.3935500754557774	1.9462403395045835
0.3944573020752784	1.9444404867554015
0.3953666200681279	1.9426390881049345
0.39627803425543945	1.940836156523016
0.3971915494694403	1.9390317051170114
0.3981071705534972	1.9372257471328433
0.39902490236214205	1.9354182959560344
0.39994474976109745	1.9336093651127506
0.4008667176273028	1.9317989682708527
0.4017908108489399	1.9299871192409597
0.4027170343254591	1.9281738319775112
0.40364539296760493	1.9263591205798472
0.4045758916974427	1.924542999293286
0.40550853544838383	1.9227254825102176
0.40644332916521275	1.9209065847711968
0.40738027780411273	1.9190863207660527
0.4083193863326921	1.9172647053349983
0.40926065973001086	1.9154417534697508
0.4102041029866068	1.9136174803146613
0.41114972110452225	1.911791901167851
0.4120975190973302	1.9099650314823524
0.4130475019901614	1.9081368868672626
0.41399967481973043	1.9063074830889055
0.4149540426343629	1.9044768360719957
0.41591061049402206	1.9026449619008166
0.4168693834703354	1.9008118768204043
0.41783036664662176	1.8989775972377396
0.4187935651179184	1.8971421397229502
0.41975898399100753	1.8953055210105167
0.4207266283844441	1.8934747489491854
0.4216965034285822	1.8916451688871174
0.422668614265603	1.88981450392756
0.4236429660495411	1.8879827489520988
0.4246195639463129	1.8861498987000624
0.4255984131337431	1.8843159477667741
0.42657951880159267	1.882480890601782
0.4275628861515862	1.880644721507078
0.4285485203974395	1.8788074346352972
0.4295364267648873	1.8769690239879013
0.43052661049171065	1.875129483413344
0.43151907682776525	1.8732888066052238
0.43251383103500873	1.8714469871004122
0.4335108783875289	1.869604018277173
0.43451022417157154	1.867759893353257
0.4355118736855686	1.8659146053839841
0.436515832240166	1.8640681472603053
0.4375221051582521	1.8622205117068487
0.4385306977749857	1.8603716912799437
0.4395416154378245	1.8585216783656335
0.4405548635065533	1.8566704651776618
0.4415704473533125	1.8548180437554471
0.44258837236262655	1.8529644059620372
0.44360864393143257	1.8511095434820413
0.4446312674691087	1.8492534478195477
0.4456562483975033	1.8473961102960212
0.44668359215096315	1.8455375220481787
0.44771330417636257	1.8436776740258518
0.4487453899331322	1.84181655698982
0.449779854893288	1.8399541615096364
0.45081670454146017	1.8380904779614216
0.4518559443749224	1.836225496525648
0.4528975799036208	1.8343592071848962
0.4539416166502032	1.8324915997215951
0.4549880601500486	1.8306226637157426
0.4560369159512962	1.8287523885426
0.4570881896148751	1.8268807633703732
0.4581418867145335	1.825007777157866
0.4591980128368686	1.823133418652119
0.4602565735813561	1.8212576763860198
0.4613175745603794	1.819380538675899
0.46238102139926035	1.8175019936190977
0.46344691973628804	1.8156220290915217
0.46451527522274944	1.8137406327451633
0.465586093522959	1.8118577920056091
0.46665938031428866	1.8099734940695251
0.46773514128719823	1.80808772590211
0.46881338214526524	1.8062004742345414
0.46989410860521547	1.8043117255613828
0.47097732639695294	1.8024214661379803
0.47206304126359055	1.8005236376379632
0.4731512589614805	1.7986222649753298
0.4742419852602447	1.7967193171668185
0.47533522594280536	1.7948147989572532
0.47643098680541573	1.792908715109275
0.47752927365769093	1.791001070403195
0.4786300923226384	1.7890918696368434
0.47973344863668915	1.7871811176254178
0.4808393484497286	1.785268819201324
0.4819477976251274	1.783354979214022
0.4830588020397727	1.781439602529862
0.48417236758409943	1.7795226940319193
0.4852885001621211	1.7776042586198297
0.4864072056914617	1.7756843012096164
0.4875284901033864	1.7737628267335197
0.48865235934283363	1.771839840139817
0.48977881936844625	1.769915346392649
0.4909078761526032	1.7679893504718327
0.492039535681451	1.7660618573726785
0.49317380395493593	1.7641328721058014
0.4943106869868355	1.7622023996969278
0.4954501908047903	1.7602704451867044
0.49659232145033616	1.7583370136304959
0.49773708497893604	1.7564021100981868
0.4988844874600123	1.7544657396739756
0.5000345349769786	1.752527907456168
0.5011872336272724	1.750588618556963
0.5023425895223872	1.748647878102243
0.5035006087879049	1.7467056912313514
0.5046612975635284	1.744762063096874
0.505824662003114	1.7428169988644124
0.5069907082747043	1.7408705037123566
0.5081594425605604	1.7389225828316532
0.5093308710571953	1.7369732414255685
0.5105049999754062	1.735022484709452
0.5116818355403077	1.7330703179104907
0.5128613839913648	1.7311167462674644
0.514043651582426	1.7291617750304948
0.5152286445817564	1.7272054094607923
0.5164163692720709	1.7252476548303974
0.5176068319505677	1.7232885164219187
0.5188000389289611	1.7213279995282702
0.5199959965335159	1.7193661094523982
0.5211947111050804	1.7174028515070094
0.5223961889991198	1.7154382310142957
0.5236004365857502	1.7134722533056497
0.5248074602497725	1.711504923721382
0.5260172663907061	1.709536247610429
0.5272298614228227	1.7075662303300616
0.5284452517751804	1.7055948772455867
0.5296634438916578	1.7036203796222635
0.5308844442309884	1.701643955122555
0.5321082592667942	1.6996662044469633
0.5333348954876209	1.6976871388343429
0.5345643593969717	1.6957067696111972
0.5357966575133416	1.6937251081921352
0.5370317963702527	1.6917421660803313
0.5382697825162883	1.6897579548679869
0.5395106225151276	1.6877724862367929
0.5407543229455808	1.6857857719583975
0.5420008904016238	1.683797823894873
0.5432503314924332	1.681808653999185
0.5445026528424212	1.6798182743156664
0.5457578610912709	1.677826696980489
0.5470159628939716	1.6758339342221409
0.5482769649208538	1.6738399983619046
0.5495408738576245	1.671844901814338
0.5508076964054034	1.6698486570877555
0.5520774392807574	1.6678512767847138
0.5533501092157367	1.6658527736024973
0.5546257129579107	1.6638531603336089
0.5559042572704036	1.661852449866259
0.5571857489319298	1.6598506551848604
0.5584701947368308	1.657847789370522
0.5597576014951101	1.6558438656015477
0.5610479760324705	1.653838897153935
0.5623413251903491	1.6518328974018779
0.5636376558259545	1.6498258798182706
0.5649369748123025	1.6478178579752125
0.5662392890382533	1.6458088455445194
0.5675446054085471	1.6437988562982317
0.5688529308438415	1.6417879041091286
0.5701642722807475	1.6397760029512432
0.571478636671867	1.6377631669003792
0.5727960309858292	1.6357494101346313
0.5741164622073276	1.6337347469349082
0.5754399373371569	1.631719191685454
0.5767664633922508	1.6297027588743778
0.5780960474057181	1.6276854630941795
0.5794286964268811	1.625667319042284
0.580764417521312	1.6236483415215721
0.5821032177708715	1.6216285454409178
0.5834451042737447	1.619607945815726
0.5847900841444807	1.6175865577684712
0.5861381645140288	1.615564396529244
0.5874893525297767	1.6135414774362915
0.588843655355589	1.6115178159365688
0.5902010801718444	1.6094934275862864
0.591561634175474	1.6074683280514632
0.5929253245799998	1.6054425331084803
0.5942921586155727	1.6034208235768794
0.5956621435290105	1.6014000312777301
0.5970352865838369	1.5993786086740178
0.5984115950603197	1.5973565566380992
0.5997910762555094	1.5953338759423152
0.6011737374832781	1.5933105672575065
0.6025595860743578	1.5912866311515164
0.6039486293763798	1.5892620680876768
0.6053408747539136	1.5872368784232849
0.6067363295885054	1.5852110624080553
0.6081350012787179	1.5831846201825674
0.6095368972401692	1.58115755177669
0.610942024905572	1.5791298571079941
0.6123503917247736	1.5771015359801488
0.6137620051647943	1.5750725880813035
0.6151768727098682	1.5730430129824504
0.6165950018614822	1.5710128101357772
0.618016400138416	1.5689819788729953
0.6194410750767815	1.5669505184036632
0.6208690342300636	1.5649184278134807
0.6223002851691596	1.562885706062578
0.6237348354824193	1.560852351983781
0.6251726927756859	1.5588183642808615
0.6266138646723355	1.5567837415267745
0.628058358813318	1.5547484821618727
0.6295061828571976	1.5527125844921064
0.6309573444801934	1.5506760466872087
0.6324118513762195	1.5486388667788582
0.633869711256927	1.5466010426588277
0.6353309318517437	1.5445625720771152
0.6367955209079159	1.5425234526400549
0.6382634861905487	1.5404836818084124
0.6397348354826482	1.538443256895459
0.6412095765851616	1.5364021750650327
0.6426877173170197	1.5343604333295742
0.6441692655151774	1.5323180285481506
0.6456542290346556	1.530274957424454
0.6471426157485832	1.5282312165047884
0.6486344335482385	1.5261868021760308
0.6501296903430908	1.5241417106635773
0.6516283940608427	1.5220959380292685
0.6531305526474724	1.5200494801692952
0.654636174067275	1.5180023328120842
0.6561452663029055	1.5159544915161656
0.6576578373554206	1.513905951668018
0.6591738952443215	1.511856708479896
0.6606934480075961	1.5098067569876341
0.662216503701762	1.5077560920484343
0.6637430704019089	1.5057047083386266
0.6652731562017414	1.5036526003514186
0.6668067692136223	1.5015956889458364
0.6683439175686147	1.4995366903341643
0.6698846094165265	1.4974769351788937
0.6714288529259524	1.4954164303410749
0.6729766562843179	1.4933551826692832
0.6745280276979221	1.4912931989989864
0.6760829753919819	1.4892304861519086
0.6776415076106752	1.4871670509353827
0.6792036326171846	1.4851029001416982
0.6807693586937414	1.483038040547439
0.6823386941416696	1.4809724789128147
0.6839116472814293	1.478906221980984
0.6854882264526615	1.4768392764773703
0.6870684400142321	1.4747716491089682
0.688652296344276	1.472703346563643
0.6902398038402419	1.4706343755094216
0.6918309709189364	1.4685647425937762
0.6934258060165691	1.466494454442899
0.6950243175887968	1.4644235176609666
0.6966265141107687	1.4623519388293995
0.6982324040771714	1.4602797245061112
0.6998419960022735	1.4582068812247486
0.7014552984199712	1.4561334154939245
0.7030723198838335	1.45405933379644
0.7046930689671469	1.4519846425885008
0.7063175542629619	1.4499093482989214
0.7079457843841379	1.4478334573283218
0.7095777679633888	1.4457569760483162
0.711213513653329	1.4436799108006906
0.7128530301265195	1.4416022678965732
0.7144963260755133	1.4395240536155927
0.716143410212902	1.43744527420503
0.7177942912713617	1.43536593587896
0.7194489780036994	1.4332860448173836
0.7211074791828996	1.4312056071653463
0.7227698036021702	1.4291246290320547
0.72443596007499	1.4270431164899773
0.7261059574351547	1.4249610755739366
0.727779804536824	1.4228785122801932
0.7294575102545687	1.4207954325655183
0.7311390834834174	1.4187118423462535
0.732824533138904	1.416627747497367
0.734513868157115	1.4145431538514939
0.7362070974947361	1.4124580671979674
0.737904230129101	1.4103724932818384
0.7396052750582378	1.408286437802891
0.7413102413009175	1.4061999064146364
0.7430191378967014	1.4041129047233054
0.744731973905989	1.4020254382868256
0.7464487584100665	1.399937512613788
0.7481695005111544	1.39784732018194
0.7498942093324559	1.3957560779267202
0.7516228940182055	1.393664386145384
0.7533555637337174	1.3915722559794632
0.7550922276654339	1.3894796985969367
0.7568328950209744	1.3873867251919112
0.7585775750291838	1.385293346984294
0.7603262769401818	1.3831995752194644
0.762079010025412	1.3811054211679379
0.7638357835776907	1.3790108961250256
0.7655966069112563	1.3769160114104868
0.7673614893618189	1.3748207783681787
0.7691304402866096	1.3727252083657
0.7709034690644301	1.3706293127940254
0.7726805850957024	1.3685331030671408
0.7744617978025188	1.366436590621668
0.7762471166286917	1.3643397869164848
0.7780365510398041	1.36224270343234
0.7798301105232588	1.360145351671464
0.7816278045883297	1.358047743157169
0.7834296427662119	1.355949889433449
0.7852356346100718	1.3538518020645687
0.7870457896950986	1.351753492634651
0.7888601176185545	1.349654972747255
0.7906786279998251	1.3475562540249493
0.7925013304804718	1.3454573481088772
0.7943282347242815	1.3433582666583204
0.7961593504173188	1.34125902135025
0.7979946872679766	1.3391596238788768
0.7998342550070284	1.3370600859551918
0.8016780633876791	1.3349604193065003
0.8035261221856173	1.3328606356759516
0.8053784411990667	1.3307607468220601
0.8072350302488382	1.3286607645182207
0.8090958991783823	1.3265607005522158
0.8109610578538409	1.324460566725718
0.8128305161640993	1.3223603748537855
0.8147042840208396	1.320260136764347
0.8165823713585925	1.318159864297685
0.81846478813479	1.316059569305908
0.8203515443298183	1.3139592636524173
0.8222426499470712	1.3118589592113659
0.8241381150130024	1.3097586678671105
0.8260379495771788	1.3076584015136568
0.8279421637123342	1.3055581720540954
0.8298507675144225	1.303457991400032
0.8317637711026711	1.3013578714710103
0.8336811846196344	1.299257824193925
0.835603018231248	1.2971578615024297
0.8375292821268826	1.2950579953363357
0.8394599865193975	1.292958752539551
0.8413951416451951	1.2908598009801437
0.8433347577642755	1.288760983644937
0.84527884516029	1.2866623108333681
0.8472274141405965	1.2845637928248703
0.8491804750363139	1.282465439878002
0.8511380382023765	1.2803672622295668
0.8531001140175896	1.2782692700937208
0.8550667128846834	1.2761714736610723
0.8570378452303697	1.2740738830977685
0.8590135215053958	1.271976508544575
0.8609937521846007	1.2698793601159393
0.8629785477669704	1.2677824478990516
0.8649679187756933	1.265685781952886
0.8669618757582167	1.2635893723072382
0.8689604292863019	1.261493228961747
0.8709635899560808	1.2593973618849086
0.8729713683881117	1.2573017810130755
0.8749837752274362	1.25520649624945
0.8770008211436349	1.2531115174630592
0.8790225168308845	1.2510168544877254
0.8810488730080143	1.2489225171210196
0.8830799004185629	1.2468285151232068
0.8851156098308356	1.2447348582161775
0.887156012037961	1.2426415560823683
0.8892011178579485	1.2405486183636707
0.8912509381337457	1.2384560546603258
0.8933054837332954	1.2363638745298102
0.895364765549594	1.2342720874857072
0.8974287945007486	1.2321807029965648
0.8994975815300353	1.2300897304847453
0.9015711376059571	1.227999179325256
0.9036494737223016	1.2259090588445736
0.9057326008982003	1.223819378319451
0.9078205301781859	1.221730146975714
0.9099132726322517	1.219641373987043
0.9120108393559097	1.217553068473743
0.9141132414702502	1.215465239501498
0.9162204901219997	1.213377896080117
0.9183325964835808	1.2112910471622589
0.9204495717531712	1.2092047016421514
0.9225714271547631	1.2071188683542904
0.9246981739382225	1.2050335560721284
0.9268298233793492	1.202948773506748
0.9289663867799363	1.200864529305522
0.9311078754678302	1.198780832050759
0.933254300796991	1.1966976902583317
0.9354056741475518	1.194615112376297
0.9375620069258802	1.1925331067834948
0.9397233105646378	1.1904516817881363
0.9418895965228413	1.1883715234873222
0.9440608762859233	1.1862921870614598
0.946237161365793	1.1842134581531503
0.9484184633008971	1.1821353425898111
0.9506047936562815	1.18005784609061
0.9527961640236519	1.1779809742646705
0.9549925860214359	1.1759047326092573
0.9571940712948444	1.1738291265079426
0.9594006315159331	1.1717541612287556
0.9616122783836646	1.1696798419223147
0.9638290236239705	1.1676061736199355
0.9660508789898133	1.1655331612317263
0.9682778562612491	1.1634608095446601
0.9705099672454897	1.1613891232206308
0.9727472237769651	1.159318106794487
0.9749896377173869	1.157247764672048
0.9772372209558107	1.1551781011280984
0.9794899854086988	1.1531091203043677
0.9817479430199844	1.1510408262074812
0.9840111057611337	1.1489732227069
0.9862794856312105	1.1469063135328341
0.9885530946569389	1.1448401022741386
0.9908319448927676	1.142774592376186
0.9931160484209338	1.1407097871387217
0.995405417351527	1.1386456897136947
0.9977000638225533	1.1365823031030688
1.	1.134519630156612
1.0023052380778998	1.1324576735696654
1.0046157902783952	1.1303964358808887
1.0069316688518044	1.1283359194699827
1.0092528860766845	1.1262761265553949
1.0115794542598988	1.124217059191996
1.0139113857366795	1.1221587192687397
1.016248692870696	1.1201011085062942
1.0185913880541169	1.118044228454657
1.0209394837076802	1.1159880804907403
1.023292992280754	1.11393266581594
1.0256519262514079	1.1118779854536733
1.0280162981264735	1.1098240402469004
1.0303861204416165	1.107770830855616
1.0327614057613974	1.105718357754322
1.0351421666793441	1.1036666212294706
1.0375284158180127	1.1016156213768893
1.0399201658290596	1.0995653580991738
1.0423174293933042	1.0975158311030637
1.0447202192208003	1.0954670398967863
1.0471285480508996	1.09341898378738
1.0495424286523225	1.0913716618779905
1.051961873823223	1.0893250730651396
1.0543868963912593	1.0872792160359717
1.0568175092136585	1.0852307573563766
1.0592537251772887	1.0831819218428338
1.0616955571987248	1.0811338009282236
1.064143018224316	1.07908640316843
1.066596121230258	1.0770397370448557
1.0690548792226577	1.074993810962946
1.0715193052376064	1.0729486332506901
1.0739894123412446	1.0709042121571106
1.076465213629835	1.068860555850735
1.0789467222298286	1.0668176724180543
1.081433951297938	1.06477556986196
1.0839269140212033	1.0627342561001738
1.0864256236170655	1.0606937389636497
1.0889300933334332	1.0586540261949704
1.0914403364487566	1.0566151254467189
1.0939563662720937	1.0545770442798388
1.096478196143185	1.0525397901619753
1.0990058394325208	1.0505033704657987
1.101539309541415	1.048467792467311
1.104078619902073	1.046433063344138
1.1066237839776665	1.044399190173799
1.1091748152624008	1.0423661799319637
1.1117317272815914	1.040334039490686
1.1142945335917298	1.0383027756166268
1.1168632477805611	1.0362723949692512
1.1194378834671515	1.034242904099014
1.1220184543019636	1.0322143094455214
1.1246049739669264	1.0301866173356797
1.1271974561755105	1.028159833981818
1.1297959146727976	1.0261339654798012
1.1324003632355573	1.0241090178071144
1.1350108156723149	1.022084996820937
1.137627285823431	1.0200619082561888
1.1402497875611686	1.018039757723566
1.1428783347897717	1.0160185507075479
1.1455129414455354	1.0139982925643913
1.1481536214968828	1.0119789885201005
1.1508003889444356	1.0099606436683801
1.1534532578210923	1.0079432629685636
1.1561122421920986	1.005926851243527
1.1587773561551262	1.003911413177575
1.1614486138403426	1.0018969533143132
1.1641260294104914	0.9998834760544925
1.1668096170609623	0.9978709856538392
1.1694993910198712	0.9958594862208575
1.1721953655481303	0.9938489817146153
1.1748975549395297	0.9918394759425028
1.1776059735208073	0.9898309725579768
1.1803206356517297	0.9878234750582746
1.1830415557251646	0.985816986782112
1.1857687481671602	0.9838093952924959
1.1885022274370183	0.9818021173689363
1.1912420080273751	0.979795850115226
1.193988104464273	0.9777906030283197
1.1967405313072437	0.975786385529439
1.1994993031493788	0.973783206962545
1.2022644346174132	0.971781076592787
1.2050359403717974	0.9697800036049433
1.2078138351067804	0.9677799971018366
1.2105981335504823	0.9657810661027421
1.2133888504649775	0.9637832195417708
1.2161860006463678	0.9617864662662441
1.2189895989248667	0.9597908150350418
1.2217996601648717	0.9577962745169429
1.2246161992650488	0.955802853288943
1.2274392311584073	0.9538105598345551
1.2302687708123818	0.9518194025420951
1.233104833228909	0.9498293897029486
1.2359474334445106	0.9478405295098175
1.238796586530369	0.945852830054954
1.2416523075924113	0.9438662993283701
1.244514611771385	0.9418809452160347
1.2473835142429432	0.9398967754980471
1.2502590302177201	0.9379137978467973
1.2531411749414163	0.935932019825101
1.2560299636948749	0.9339514488843234
1.2589254117941675	0.931972092362476
1.2618275345906707	0.9299939574823017
1.2647363474711515	0.9280170513493339
1.2676518658578455	0.9260413809499415
1.270574105208542	0.924066953149349
1.2735030810166617	0.9220937746896436
1.276438808811344	0.9201218521877527
1.2793813041575246	0.9181511921334121
1.2823305826560218	0.9161818008871032
1.2852866599436155	0.9142136846779801
1.2882495516931343	0.9122468496017652
1.2912192736135342	0.910281301618634
1.2941958414499863	0.90831704655107
1.297179270983956	0.9063540900817068
1.3001695780332907	0.9043924377511395
1.3031667784522993	0.9024320949557247
1.3061708881318417	0.9004730669453486
1.309181922999407	0.8985153588211806
1.3121998990192034	0.8965589755334019
1.3152248321922384	0.8946039218789114
1.3182567385564075	0.8926502024990084
1.3212956341865751	0.8906978218770563
1.324341535194665	0.888746784336118
1.3273944577297394	0.8867970940365733
1.3304544179780915	0.8848475463253941
1.333521432163324	0.8828989527125581
1.3365955165464425	0.8809517134827513
1.3396766874259352	0.8790058360151715
1.3427649611378643	0.877061327568129
1.3458603540559484	0.8751181952770427
1.348962882591654	0.8731764461524077
1.3520725631942772	0.8712360870777538
1.3551894123510364	0.8692971248075697
1.3583134465871542	0.8673595659652223
1.3614446824659503	0.8654234170408397
1.3645831365889245	0.8634886843891852
1.3677288255958495	0.8615553742275014
1.3708817661648536	0.8596234926333414
1.3740419750125157	0.8576930455423675
1.3772094688939465	0.8557640387461414
1.3803842646028852	0.8538364778898788
1.383566378971781	0.8519103684701936
1.3867558288718889	0.8499857158328116
1.3899526312133532	0.848062525170266
1.3931568029453036	0.8461408015195684
1.3963683610559376	0.8442205497598588
1.3995873225726185	0.842301774610029
1.4028137045619582	0.8403844806263276
1.4060475241299144	0.838468672199936
1.4092887984218747	0.836554353554527
1.4125375446227548	0.8346415287437919
1.4157937799570817	0.8327302016489535
1.4190575216890926	0.8308203759762427
1.4223287871228198	0.8289120552543628
1.425607593602188	0.8270052428319198
1.428893958511103	0.8250999418748327
1.432187899273543	0.8231961553637185
1.435489433353656	0.8212938860912489
1.4387985782558452	0.8193931366594854
1.4421153515248688	0.8174939094771856
1.4454397707459272	0.8155962067570857
1.4487718535447618	0.8137000305131543
1.452111617587742	0.8118053825578251
1.455459080581966	0.8099122644991944
1.4588142602753482	0.8080206777382017
1.4621771744567182	0.806130623465775
1.4655478409559113	0.8042421026599548
1.468926277643867	0.8023551160829855
1.4723125024327186	0.8004696642783852
1.4757065332758947	0.7985857475679803
1.4791083881682072	0.7967033660489194
1.4825180851459536	0.7948225195906521
1.4859356422870067	0.7929432078318847
1.4893610777109154	0.7910654301775031
1.492794409578996	0.7891852373366613
1.4962356560944337	0.7873052668045907
1.4996848355023733	0.7854268129820006
1.5031419660900225	0.7835498870278118
1.5066070661867417	0.7816745000279682
1.5100801541641484	0.7798006629938771
1.513561248436208	0.7779283868608451
1.5170503674593367	0.7760576824864883
1.5205475297324955	0.7741885606491313
1.5240527537972914	0.7723210320461866
1.5275660582380723	0.7704551072925189
1.5310874616820302	0.7685907969187896
1.5346169827992941	0.7667281113697881
1.5381546403030348	0.7648670610027407
1.5417004529495593	0.7630076560856063
1.545254439538414	0.7611499067953515
1.5488166189124812	0.7592938232162104
1.5523870099580825	0.7574394153379221
1.5559656316050743	0.7555866930539561
1.559552502826954	0.7537356661597123
1.5631476426409538	0.7518863443507106
1.5667510701081493	0.7500387372207524
1.5703628043335522	0.7481928542600735
1.5739828644662197	0.7463487048534675
1.5776112696993485	0.7445062982784006
1.5812480392703834	0.7426656437030975
1.5848931924611134	0.7408267501846155
1.5885467485977791	0.7389896266668928
1.59220872705117	0.737154281978783
1.5958791472367329	0.7353207248320629
1.5995580286146687	0.7334889638194274
1.6032453906900417	0.731659007412457
1.6069412530128773	0.7298308639595718
1.6106456351782708	0.728004541683957
1.6143585568264862	0.7261800486814769
1.6180800376430662	0.7243573929185578
1.6218100973589298	0.722536582230059
1.6255487557504842	0.7207176243171147
1.6292960326397223	0.7189005267449611
1.6330519478943346	0.7170852969407351
1.6368165214278085	0.7152719421912582
1.6405897731995396	0.7134604696407908
1.6443717232149315	0.7116508862887716
1.6481623915255086	0.7098431989875277
1.651961798229015	0.7080374144399679
1.6557699634695284	0.7062335391972486
1.6595869074375604	0.7044315796564207
1.6634126503701698	0.702631542058048
1.6672472125510627	0.700833432483809
1.6710906143107078	0.6990372568540684
1.6749428760264373	0.6972418882698085
1.6788040181225607	0.6954480892213067
1.6826740610704674	0.6936562368195369
1.6865530253887415	0.6918663399639283
1.690440931643264	0.6900784074307859
1.6943378004473288	0.6882924478712047
1.6982436524617444	0.6865084698089674
1.7021585083949509	0.684726481638416
1.7060823890031234	0.6829464916223064
1.710015315090288	0.6811685078896388
1.7139573075084253	0.6793925384334685
1.7179083871575884	0.6776185911086914
1.721868574986007	0.6758466736298118
1.725837891990204	0.6740767935686842
1.7298163592151015	0.6723089583522359
1.7338039977541384	0.6705431752601622
1.7378008287493754	0.6687794514226059
1.7418068733916146	0.6670177938178059
1.7458221529205038	0.6652582092697296
1.7498466886246573	0.6635007044456749
1.7538805018417611	0.661745285853857
1.7579236139586931	0.6599919598409619
1.7619760464116292	0.6582407325896854
1.7660378206861649	0.6564916101162387
1.770108958317421	0.6547445982678387
1.7741894808901661	0.6529997027201637
1.7782794100389228	0.6512569289747959
1.78237876744809	0.6495162823566273
1.7864875748520508	0.647777768011249
1.7906058540352947	0.6460413909023095
1.7947336268325265	0.6443071558088523
1.7988709151287883	0.6425750673226216
1.803017740859569	0.6408451298453487
1.8071741260109275	0.6391173475860051
1.8113400926196026	0.6373917245580365
1.8155156627731361	0.6356682645765623
1.8197008586099834	0.6339469712555551
1.8238957023196385	0.6322278480049871
1.8281002161427427	0.6305108980279551
1.832314422371212	0.6287961243177711
1.8365383433483464	0.6270835296550314
1.8407720014689564	0.6253731166046531
1.8450154191794736	0.6236648875128854
1.8492686189780787	0.6219588445042881
1.8535316234148114	0.6202549894786878
1.857804455091699	0.6185533241080972
1.8620871366628675	0.6168538498336132
1.8663796908346704	0.6151565678622776
1.8706821403658007	0.6134614791639154
1.8749945080674193	0.6117685844679359
1.8793168168032686	0.6100765935341548
1.883649089489801	0.608386369132248
1.8879913490962936	0.6066983348122003
1.892343618644976	0.6050124944675065
1.8967059212111463	0.6033288517925605
1.9010782799233006	0.6016474102798316
1.9054607179632472	0.5999681732170117
1.9098532585662378	0.5982911436841352
1.914255925021086	0.5966163245506738
1.9186687406702891	0.5949437184726006
1.9230917289101586	0.5932733278894268
1.9275249131909356	0.5916051550212124
1.9319683170169242	0.5899392018655434
1.936421963946607	0.5882754701944863
1.9408858775927782	0.5866139615515079
1.9453600816226624	0.5849546772483715
1.9498445997580456	0.5832976183619966
1.9543394557753944	0.5816427857312965
1.95884467350599	0.5799901799539796
1.9633602768360463	0.5783398013833249
1.967886289706845	0.5766916501249231
1.9724227361148534	0.5750457260333914
1.976969640111861	0.5734020287090528
1.9815270258050979	0.5717605574945878
1.9860949173573716	0.5701213114716516
1.9906733389871865	0.5684842894574627
1.9952623149688797	0.5668494900013559
1.9998618696327437	0.5652169113813063
2.0044720273651615	0.5635865516004183
2.0090928126087277	0.5619584083833841
2.0137242498623884	0.5603324791729054
2.0183663636815607	0.5587087611260871
2.023019178678272	0.5570872511107919
2.0276827195212817	0.5554679457019651
2.032357010936222	0.5538508411779218
2.037042077705718	0.5522359335166043
2.0417379446695296	0.5506232183917977
2.046444636724674	0.5490126911693195
2.0511621788255656	0.5474043469031642
2.0558905959841414	0.5457981803316216
2.0606299132700006	0.5441941858733498
2.065380155810529	0.5425923576234222
2.0701413487910423	0.540992689349328
2.0749135174549096	0.5393951744869441
2.079696687103696	0.5377998061364636
2.084490883097289	0.536206577058293
2.0892961308540396	0.5346154796689049
2.0941124558508926	0.5330265060366591
2.0989398836235242	0.531439647877581
2.1037784397664754	0.5298548965511036
2.1086281499332897	0.5282675967501527
2.1134890398366464	0.5266808440132227
2.1183611352485023	0.5250961533236562
2.123244462000219	0.5235135295400406
2.1281390459827123	0.5219329773503654
2.133044913146576	0.5203545012695319
2.1379620895022327	0.5187781056368279
2.1428906011200586	0.5172037946133881
2.1478304741305343	0.51563157217962
2.1527817347243725	0.5140614421326143
2.157744409152667	0.512493408083522
2.16271852372702	0.5109274734549143
2.167704104819695	0.5093636414781084
2.1727011788637443	0.5078019151904765
2.1777097723531593	0.5062422974327206
2.1827299118430012	0.5046847908461284
2.187761623949553	0.5031293978697972
2.1928049353504484	0.501576120737836
2.197859872784825	0.5000249614765355
2.202926463053456	0.4984759219015183
2.2080047330189	0.49692900361485387
2.2130947096056377	0.49538420800215316
2.2181964198002193	0.4938415362296299
2.223309890651403	0.49230098924113924
2.2284351492703043	0.49076256775518284
2.2335722228305315	0.48922627226189125
2.23872113856834	0.48769210301997223
2.2438819237827663	0.48616006005363616
2.2490546058357817	0.4846301431494856
2.254239212152429	0.48310235185338235
2.259435770220978	0.48157668546727966
2.2646443075930596	0.4800531430460287
2.2698648518838223	0.4785317233941511
2.2750974307720706	0.47701242506258584
2.2803420720004186	0.4754952463454009
2.28559880337543	0.4739801852764778
2.2908676527677736	0.47246723962616266
2.296148648112362	0.4709564068978894
2.301441817408509	0.46944768432476564
2.306747188720069	0.46794106886613346
2.312064790175595	0.4664365572040931
2.3173946499684783	0.4649341457399979
2.3227367963571073	0.4634338305909127
2.328091257665008	0.46193560758604485
2.3334580622810033	0.46043947226313614
2.338837238659355	0.45894541986482673
2.344228815319923	0.457453445334981
2.3496328208483073	0.45596354331498384
2.35504928389601	0.4544757081399974
2.360478233180577	0.45298993383518993
2.365919697485759	0.4515009068419973
2.371373705661655	0.45001216715033965
2.3768402866248772	0.4485254494523682
2.38231946935869	0.4470407635931294
2.3878112829131783	0.4455581193257256
2.3933157564053875	0.4440775263096168
2.3988329190194912	0.44259899410889897
2.4043628000069335	0.4411225321905694
2.4099054286865957	0.43964814992277024
2.41546083444494	0.43817585657301894
2.421029046736179	0.4367056613064146
2.4266100950824154	0.43523757318383255
2.432204009073816	0.4337716011600947
2.4378108183687526	0.4323077540821267
2.4434305526939726	0.4308460406870911
2.4490632418447453	0.42938646960050686
2.454708915685031	0.42792904933434484
2.4603676041476272	0.4264737882851098
2.46603933723434	0.4250206947318964
2.4717241450161302	0.4235697768344329
2.4774220576332864	0.4221210426310976
2.4831331052955705	0.4206745000369237
2.4888573182823914	0.4192301568415758
2.494594726942955	0.41778802070731375
2.500345361696432	0.4163480991669301
2.506109253032114	0.4149103996216724
2.511886431509581	0.4134749293391394
2.5176769277588558	0.41204169545116154
2.5234807724805757	0.41061070495165614
2.529297996446145	0.4091819646944657
2.5351286304979084	0.40775548139116924
2.540972705549305	0.4063312616088788
2.5468302525850417	0.4049093117680075
2.552701302661247	0.40348963814002226
2.5585858869056453	0.40207224684516785
2.5644840365177175	0.4006571438501736
2.5703957827688635	0.3992443349659365
2.5763211570025755	0.3978338258451791
2.582260190634596	0.3964256219800891
2.588212915153092	0.3950197286999308
2.5941793621188136	0.39361615116863796
2.6001595631652723	0.3922148943823794
2.6061535499988953	0.3908159631671048
2.6121613543992064	0.3894193621760624
2.6181830082189848	0.3880250958872968
2.624218543384442	0.3866331686011191
2.6302679918953813	0.38524358443755635
2.6363313858253803	0.38385634733377133
2.642408757321946	0.38247146104146346
2.648500138606701	0.3810889291242389
2.654605561975539	0.3797062794616939
2.6607250597988097	0.3783251694877439
2.666858664521479	0.3769464145371703
2.6730064086633116	0.3755700253696703
2.6791683248190314	0.37419601265408853
2.6853444456585076	0.37282438696669845
2.691534803926915	0.3714551587894727
2.6977394324449206	0.3700883385083282
2.703958364108843	0.3687239364113608
2.7101916318908432	0.3673619626870552
2.7164392688390824	0.3660024274224823
2.7227013080779128	0.36464534060147324
2.7289777828080406	0.36329071210277913
2.7352687263067126	0.36193855169820793
2.741574171927882	0.3605888690507469
2.7478941531023975	0.35924167371266086
2.7542287033381663	0.3578969751235775
2.7605778562203462	0.35655478260854634
2.7669416454115114	0.35521510537608464
2.773320104651841	0.3538779525161984
2.7797132677592886	0.35254333299838747
2.7861211686297707	0.3512112556696275
2.792543841237338	0.3498817292523346
2.798981319634363	0.34855476234230637
2.805433637951713	0.3472303634066462
2.811900830398941	0.3459085407816622
2.8183829312644537	0.34458930267075105
2.8248799749157074	0.3432726571422544
2.831391995799379	0.34195861212729955
2.8379190284415565	0.34064717541761474
2.8444611074479154	0.33933835466332585
2.85101826750391	0.3380321573707283
2.8575905433749464	0.33672859090004087
2.8641779699065815	0.3354276624631317
2.8707805820246906	0.3341293791212296
2.8773984147356697	0.3328337477826044
2.8840315031266055	0.3315407752002321
2.8906798823654762	0.33025046796943114
2.897343587701323	0.3289628325254806
2.904022654464451	0.3276778751412106
2.910717118066605	0.3263956019245731
2.9174270140011673	0.32511601881618557
2.924152377843335	0.3238391315868544
2.9308932452503216	0.3225649458350702
2.9376496519615305	0.3212934669844833
2.9444216337987617	0.32002470028134955
2.9512092266663856	0.3187586507919572
2.9580124665515464	0.31749532340002395
2.9648313895243423	0.31623472280407217
2.971666031738027	0.3149768535147761
2.9785164294291895	0.3137196590444774
2.9853826189179604	0.31246452065999736
2.992264636608189	0.31121211856166475
2.9991625189876516	0.30996246312099474
3.0060763026282307	0.30871556460021526
3.013006024186122	0.3074714331503458
3.019951720402016	0.30623007880925945
3.0269134281013064	0.30499151149972165
3.0338911841942706	0.30375574102741415
3.04088502567628	0.3025227770789333
3.047894989627983	0.30129262921977434
3.054921113215514	0.30006530689228883
3.061963433690677	0.29884081941362883
3.069021988391158	0.29761917597366333
3.076096814740708	0.29640038563288024
3.083187950249355	0.2951844573202619
3.0902954325135905	0.29397139983114456
3.097419299216581	0.29276122182505204
3.1045595881283554	0.29155393182351164
3.1117163371060186	0.29034953820784454
3.118889584093937	0.28914804921693926
3.126079367123956	0.2879494729449974
3.1332857243155856	0.28675381733926253
3.1405086938762183	0.28556109019772213
3.1477483141013156	0.28437129916679116
3.1550046233746274	0.2831844517389682
3.1622776601683795	0.2820005552504738
3.169567463043492	0.2808196168788605
3.1768740706497707	0.2796416436406039
3.1841975217261256	0.27846664238866664
3.1915378551007616	0.27729461981004205
3.198895109691399	0.27612558242326996
3.206269324505466	0.2749595365759322
3.213660538640318	0.2737964884421205
3.2210687912834346	0.2726364440198831
3.2284941217126364	0.2714794091286424
3.2359365692962827	0.2703253894065928
3.2433961734934935	0.2691743903080679
3.250872973854344	0.26802641710088754
3.2583670100200885	0.2668814748636747
3.265878321723358	0.2657395684831503
3.273406948788383	0.2646007026513983
3.2809529311311905	0.26346488186310957
3.2885163087598315	0.26233211041279303
3.2960971217745776	0.2612023923919661
3.303695410368149	0.2600757316863132
3.311311214825911	0.2589521319728225
3.3189445755261047	0.25783159671688893
3.326595532940045	0.25671412916939573
3.3342641276323506	0.2555997323637639
3.3419504002611427	0.25448685355329087
3.3496543915782775	0.2533765348341083
3.3573761424295467	0.2522692890377197
3.365115693754908	0.2511651233091561
3.372873086588689	0.2500640446304152
3.380648362059817	0.2489660598180097
3.3884415613920256	0.24787117552049406
3.3962527259040853	0.24677939821596456
3.404081897010009	0.24569073420953796
3.4119291162192864	0.24460518963080263
3.4197944251370886	0.24352277043124862
3.4276778654645046	0.24244348238166816
3.4355794789987466	0.241367331069537
3.443499307633384	0.24029432189636427
3.451437393358563	0.23922446007502113
3.459393778261219	0.2381577506270431
3.4673685045253166	0.23709419837990398
3.4753616144320576	0.23603380796426715
3.483373150360118	0.23497658381120679
3.4914031547858606	0.233922530149407
3.499451670283573	0.23287165100232893
3.5075187395256795	0.2318239501853561
3.5156044052829816	0.23077943130290723
3.523708710424871	0.2297380977455275
3.53183169791957	0.2286999526869457
3.5399734108343464	0.22766499908110974
3.548133892335755	0.2266332396591882
3.5563131856898527	0.22560467692654876
3.5645113342624426	0.22457931315970328
3.5727283815192883	0.2235571504032286
3.5809643710263606	0.22253819046665346
3.5892193464500517	0.22152243492132107
3.5974933515574232	0.2205098850972172
3.6057864302164235	0.21950054207977326
3.6140986263961334	0.21849440670663442
3.6224299841669856	0.2174914795644026
3.630780547701014	0.21649176098534356
3.639150361272071	0.2154952510440683
3.6475394692560785	0.21450194955417917
3.6559479161312485	0.21351185606488776
3.664375746478333	0.2125249698575988
3.672823004980846	0.21154128994246457
3.681289736425315	0.2105608150549049
3.6897759857015027	0.20958354365209722
3.6982817978026628	0.20860947390943113
3.7068072178257596	0.20763860371693366
3.715352290971726	0.20667093067565753
3.7239170625456848	0.20570645209403962
3.732501577957206	0.20474516498422238
3.741105882720533	0.20378706605834457
3.7497300224548358	0.20282976368849304
3.758374042884441	0.20187484978667108
3.767037989839089	0.20092310379420827
3.77572190925416	0.19997452887890793
3.7844258471709336	0.1990291279963376
3.793149849736819	0.19808690388693886
3.801893963205613	0.1971478590731065
3.81065823393773	0.196211995856243
3.8194427084004663	0.19527931631378145
3.8282474331682264	0.19434982229618525
3.8370724549227884	0.19342351542391428
3.8459178204535354	0.19250039708436706
3.8547835766577188	0.19158046842879087
3.8636697705406915	0.19066373036916529
3.8725764492161727	0.1897501835750541
3.8815036599064823	0.1888398284704303
3.8904514499428067	0.18793266523046884
3.899419866765434	0.187028693778312
3.908408957924021	0.1861279137818017
3.9174187710778305	0.1852303246501843
3.926449353995999	0.18433592553078176
3.9355007545577743	0.18344471530563464
3.944573020752785	0.18255669258811147
3.953666200681279	0.18167185571948902
3.9627803425543955	0.18079020276549762
3.971915494694403	0.1799117315128389
3.981071705534973	0.17903643946566636
3.9902490236214203	0.17816432384203795
3.9994474976109755	0.17729538157033223
4.008667176273028	0.17642960928563453
4.0179081084894	0.17556700332608677
4.027170343254591	0.1747075597292071
4.036453929676051	0.17385127422817193
4.045758916974426	0.17299814224806787
4.055085354483839	0.17214815890210508
4.0644332916521275	0.1713013189877998
4.073802778041128	0.17045761698311895
4.083193863326921	0.1696170470425918
4.09260659730011	0.16877960299338335
4.1020410298660686	0.1679452783313357
4.111497211045223	0.167114066216969
4.120975190973302	0.16628595947145
4.130475019901614	0.16546095057252036
4.139996748197304	0.16463903165039115
4.149540426343631	0.16382019448359747
4.1591061049402205	0.1630044304948176
4.168693834703355	0.16219173074665164
4.178303666466218	0.16138208593736536
4.187935651179185	0.16057548639659244
4.1975898399100755	0.15977192208099977
4.207266283844442	0.15896739876578633
4.216965034285822	0.15816456783544683
4.226686142656031	0.15736472541619667
4.2364296604954115	0.1565678727632219
4.24619563946313	0.15577401091471074
4.2559841313374305	0.15498314068899569
4.265795188015928	0.15419526268166653
4.275628861515862	0.1534103772626586
4.285485203974396	0.15262848457331116
4.295364267648873	0.151849584523401
4.3052661049171075	0.1510736767881463
4.3151907682776525	0.15030076080518393
4.325138310350088	0.1495308357715175
4.335108783875289	0.14876390064043826
4.345102241715717	0.1479999541184161
4.355118736855686	0.14723899466196302
4.365158322401661	0.1464810204744661
4.375221051582521	0.14572602950299288
4.385306977749858	0.14497401943506533
4.395416154378245	0.14422498769540565
4.405548635065534	0.143478931442651
4.4157044735331255	0.14273584756603852
4.425883723626267	0.14199573268205926
4.436086439314326	0.1412585831310825
4.446312674691089	0.14052439497394706
4.456562483975033	0.13979316398852398
4.466835921509633	0.13906488566624475
4.477133041763626	0.1383395552086008
4.487453899331323	0.1376171675236078
4.49779854893288	0.1368977172222409
4.508167045414603	0.13618119861483435
4.518559443749224	0.13546760570745098
4.528975799036209	0.13475693219821622
4.539416166502032	0.13404917147362108
4.549880601500488	0.13334431660478904
4.560369159512962	0.13264236034371193
4.570881896148752	0.13194329511944816
4.581418867145335	0.13124711303429018
4.591980128368688	0.13055380585989415
4.6025657358135605	0.12986336503337692
4.613175745603796	0.12917578165337557
4.623810213992603	0.1284910464760738
4.634469197362879	0.1278091499111899
4.645152752227495	0.1271300820179307
4.6558609352295885	0.12645383250090847
4.666593803142887	0.12578039070601954
4.677351412871981	0.12510974561628896
4.688133821452653	0.12444188584767449
4.698941086052153	0.1237767996448361
4.709773263969529	0.12311447487686439
4.720630412635905	0.12245029342912177
4.731512589614805	0.12178732011272277
4.7424198526024455	0.12112705300709418
4.753352259428054	0.12046949327334917
4.7643098680541565	0.11981464188116361
4.775292736576909	0.1191624996062546
4.786300923226383	0.11851306702783736
4.797334486366892	0.11786634452605659
4.808393484497285	0.11722233227939569
4.819477976251274	0.11658103026205954
4.830588020397726	0.11594243824133546
4.841723675840994	0.11530655577492697
4.8528850016212095	0.11467338220826519
4.864072056914616	0.11404291667179296
4.875284901033862	0.11341515807822607
4.886523593428336	0.1127901051197867
4.897788193684462	0.1121677562654138
4.909078761526032	0.1115481097579448
4.920395356814509	0.11093116361127438
4.9317380395493595	0.11031691560748397
4.943106869868354	0.10970536329394745
4.954501908047903	0.10909650398040796
4.96592321450336	0.10849033473602994
4.97737084978936	0.10788685238642173
4.9888448746001215	0.1072860535106333
5.000345349769786	0.10668793443812422
5.011872336272722	0.1060924912457057
5.0234258952238715	0.10549971975445283
5.035006087879047	0.10490961552659077
5.046612975635284	0.10432217386235001
5.05824662003114	0.10373738979679542
5.0699070827470445	0.10315525809662406
5.081594425605605	0.10257577325693597
5.093308710571955	0.10199892949797378
5.105049999754062	0.10142472076183406
5.116818355403078	0.1008531407091478
5.1286138399136485	0.10028418271573179
5.140436515824262	0.09971783986920832
5.152286445817564	0.09915410496559603
5.16416369272071	0.09859297050586797
5.176068319505676	0.0980344286924805
5.188000389289612	0.09747847142586902
5.199959965335159	0.09692509030091401
5.211947111050805	0.09637427660337314
5.223961889991197	0.09582602130628359
5.236004365857504	0.09528031506632957
5.248074602497725	0.09473714822017973
5.2601726639070625	0.09419651078078911
5.2722986142282275	0.09365839243367043
5.284452517751805	0.09312278253313004
5.296634438916578	0.09258617127493853
5.308844442309884	0.09205088543701301
5.321082592667942	0.09151806152200233
5.333348954876211	0.09098769879315485
5.345643593969716	0.09045979631972771
5.357966575133418	0.0899343529745231
5.370317963702527	0.0894113674314041
5.382697825162884	0.08889083816278529
5.3951062251512765	0.08837276343710222
5.4075432294558095	0.0878571413162557
5.420008904016238	0.08734396965303425
5.432503314924333	0.08683324608851088
5.445026528424211	0.08632496804941843
5.4575786109127105	0.0858191327454979
5.470159628939716	0.0853157371668252
5.482769649208539	0.08481477808111108
5.495408738576246	0.08431625203097834
5.508076964054036	0.08382015533121212
5.520774392807573	0.08332648406598714
5.533501092157368	0.08283523408606762
5.546257129579107	0.08234640100598349
5.559042572704037	0.08185998020117918
5.5718574893192985	0.08137596680513814
5.584701947368309	0.08089435570647949
5.597576014951102	0.08041514154602991
5.610479760324706	0.0799383187138677
5.623413251903491	0.07946388134634078
5.6363765582595455	0.07899182332305728
5.649369748123025	0.07852213826384953
5.6623928903825345	0.0780548195257093
5.675446054085471	0.07758986019969738
5.688529308438416	0.07712725310782284
5.701642722807475	0.07666699079989658
5.714786366718672	0.07620906555035444
5.727960309858292	0.07575346935505357
5.741164622073277	0.07530019392803841
5.7543993733715695	0.0748492306982789
5.767664633922509	0.07440057080637841
5.780960474057181	0.07395420510125322
5.794286964268812	0.07351012413678099
5.807644175213121	0.0730683181684207
5.821032177708716	0.07262877714980102
5.834451042737448	0.07219149072927929
5.847900841444809	0.0717564482464689
5.861381645140288	0.07132363872873675
5.874893525297769	0.0708930508876682
5.88843655355589	0.07046467311550221
5.902010801718445	0.07003849348153289
5.91561634175474	0.06961449972848104
5.9292532458	0.0691926792688318
5.942921586155727	0.06876933925368416
5.956621435290106	0.06834692554452908
5.970352865838369	0.06792663213632376
5.984115950603199	0.06750845693887791
5.997910762555095	0.06709239767761022
6.011737374832782	0.06667845189127208
6.025595860743578	0.06626661692965213
6.0394862937638	0.06585688995125823
6.0534087475391365	0.06544926792097952
6.067363295885055	0.06504374760772602
6.08135001278718	0.0646403255820476
6.095368972401694	0.06423899821373043
6.109420249055721	0.06383976166937226
6.123503917247737	0.06344261190993479
6.137620051647943	0.06304754468827482
6.151768727098683	0.06265455554665185
6.165950018614822	0.06226363981421401
6.180164001384161	0.06187479260446046
6.1944107507678146	0.06148800881268146
6.208690342300634	0.061103283113374596
6.223002851691596	0.06072060995763806
6.237348354824191	0.06033998357054075
6.251726927756859	0.05996139794846743
6.266138646723353	0.05958484685644145
6.2805835881331795	0.05921032382542204
6.295061828571975	0.05883782214957836
6.309573444801933	0.05846733488353821
6.324118513762193	0.05809885483961266
6.33869711256927	0.05773237458499506
6.353309318517436	0.05736788643893605
6.367955209079159	0.057005382469891876
6.382634861905486	0.056644854492648576
6.397348354826482	0.05628629406541915
6.412095765851615	0.05592969248691609
6.4268771731701975	0.055575040793396584
6.441692655151772	0.05522232975568248
6.456542290346556	0.054871549876152635
6.471426157485831	0.05452269138570961
6.486344335482385	0.05417574424071813
6.501296903430906	0.053830698119917884
6.516283940608428	0.05348754242130725
6.531305526474723	0.053146266259000964
6.546361740672751	0.05280685846005853
6.561452663029053	0.05246930756128591
6.576578373554206	0.05213360180600758
6.591738952443213	0.051799729140811414
6.606934480075961	0.05146767721226349
6.622165037017619	0.051137433363595206
6.637430704019089	0.05080898463135997
6.652731562017413	0.050482317742061696
6.668067692136222	0.050153327081647395
6.6834391756861455	0.04982473325348256
6.698846094165265	0.04949786486241807
6.714288529259523	0.0491727205436269
6.729766562843179	0.04884929878800312
6.745280276979219	0.04852759794037119
6.760829753919819	0.048207616197677515
6.77641507610675	0.047889351607166605
6.792036326171846	0.047572802064539295
6.807693586937414	0.04725796531209531
6.823386941416698	0.04694483893685762
6.839116472814292	0.04663342036868099
6.8548822645266165	0.04632370687834173
6.870684400142321	0.04601569557561164
6.886522963442762	0.045709383407312836
6.902398038402419	0.04540476715535636
6.918309709189366	0.04510184343476152
6.934258060165691	0.04480060869165858
6.9502431758879695	0.044501059201272154
6.966265141107686	0.04420319106588724
6.982324040771715	0.04390700021279614
6.998419960022734	0.04361248239222742
7.014552984199714	0.04331963317525543
7.030723198838334	0.04302844795169179
7.046930689671471	0.04273892192795694
7.06317554262962	0.042451050124933484
7.07945784384138	0.04216482737579921
7.095777679633888	0.04188024832384147
7.112135136533292	0.04159730742025128
7.128530301265195	0.04131599892189811
7.1449632607551345	0.04103631688908418
7.16143410212902	0.04075825518327935
7.177942912713619	0.040481807464834846
7.194489780036995	0.04020696719067745
7.211074791828998	0.03993372761198215
7.227698036021702	0.03966208177182504
7.2443596007499025	0.03939202250281407
7.261059574351547	0.03912354242470004
7.277798045368242	0.03885663394196501
7.294575102545687	0.03859128924139029
7.311390834834176	0.03832750028960205
7.3282453313890406	0.038065258830595826
7.345138681571151	0.03780455638323825
7.362070974947361	0.03754538423874757
7.379042301291012	0.037287733458150916
7.396052750582378	0.037031594869719874
7.413102413009177	0.03677695906638268
7.430191378967014	0.036523816403114265
7.447319739059893	0.03627215699430247
7.464487584100665	0.03602197071109184
7.481695005111545	0.035770275429355444
7.498942093324558	0.035519046404512165
7.516228940182057	0.035269247963378644
7.533555637337174	0.03502087855110317
7.550922276654341	0.03477393648891176
7.568328950209744	0.03452841997258872
7.58577575029184	0.034284327070942255
7.603262769401819	0.034041655724256936
7.620790100254123	0.0338004037427313
7.638357835776907	0.033560568804901846
7.655966069112566	0.03332214845605203
7.67361489361819	0.03308514010660752
7.691304402866098	0.032849541030516
7.709034690644301	0.03261534836361312
7.726805850957025	0.032382559101972824
7.744617978025188	0.03215117010024349
7.76247116628692	0.031921178069968185
7.78036551039804	0.03169257957789064
7.798301105232589	0.03146537104424483
7.816278045883297	0.03123954874103028
7.83429642766212	0.031015108790270772
7.852356346100718	0.030792047162258127
7.870457896950989	0.0305703596737796
7.888601176185544	0.030350041986329877
7.906786279998253	0.030131089604306337
7.925013304804718	0.02991349787318889
7.943282347242818	0.029697261977702748
7.961593504173188	0.0294823769399653
7.979946872679768	0.029268837617615923
7.9983425500702845	0.02905663870192963
8.016780633876794	0.028845774715913097
8.035261221856173	0.028636240012384573
8.05378441199067	0.028428028772035763
8.072350302488383	0.02822113500147732
8.090958991783825	0.028015552531266086
8.109610578538408	0.027811275013915518
8.128305161640995	0.027608295921887804
8.147042840208396	0.027406608545568773
8.165823713585926	0.027206205991224152
8.1846478813479	0.02700708117893835
8.203515443298185	0.02680922684053446
8.222426499470712	0.026612635517476342
8.241381150130026	0.026417299558751575
8.260379495771788	0.026223211118736375
8.279421637123345	0.02603036215504094
8.298507675144226	0.02583874442633662
8.317637711026709	0.02564834949016306
8.336811846196344	0.025459168700716666
8.356030182312479	0.025271193206619563
8.375292821268827	0.025084413948668446
8.394599865193973	0.02489627328238136
8.413951416451951	0.024708464684068815
8.433347577642753	0.024521814725555494
8.452788451602899	0.024336321703471494
8.472274141405963	0.02415198380908522
8.491804750363139	0.023968799127029015
8.511380382023763	0.02378676563401348
8.531001140175896	0.023605881197529648
8.550667128846833	0.023426143574540034
8.570378452303697	0.02324755041015702
8.590135215053957	0.02307009923631
8.609937521846007	0.02289378747039985
8.629785477669701	0.022718612413941675
8.649679187756934	0.02254457125119484
8.669618757582166	0.02237166104778123
8.689604292863018	0.022199878749290296
8.709635899560805	0.022029221179872202
8.729713683881117	0.021859685040817804
8.74983775227436	0.02169126690912631
8.770008211436348	0.02152396323605947
8.790225168308842	0.021357770345683518
8.810488730080142	0.021192684433397255
8.830799004185627	0.021028701564447642
8.851156098308357	0.02086581767243154
8.871560120379607	0.020704028557784505
8.892011178579486	0.020543329886255565
8.912509381337454	0.020383717187369
8.933054837332953	0.020225185852871728
8.953647655495937	0.02006773113516749
8.974287945007486	0.019911348145736495
8.994975815300352	0.01975603185354154
9.01571137605957	0.019601777083419484
9.036494737223014	0.019448578514458845
9.057326008982002	0.019296430678362623
9.078205301781857	0.019145327957797005
9.099132726322518	0.018995264584725
9.120108393559097	0.018846234638725774
9.141132414702504	0.01869823204529867
9.162204901219997	0.018551250574152696
9.183325964835811	0.01840528383748049
9.204495717531712	0.018260325288217444
9.225714271547634	0.018116368218285023
9.246981739382225	0.017973405756819286
9.268298233793494	0.017831430868382975
9.289663867799362	0.017690436351162703
9.311078754678306	0.017550414835149658
9.33254300796991	0.017411358780304875
9.354056741475521	0.017273260474707862
9.375620069258803	0.01713611203268961
9.39723310564638	0.01699990539294867
9.418895965228414	0.016862335232123892
9.440608762859236	0.016724928164328263
9.462371613657929	0.016588429395211577
9.484184633008974	0.016452837542237968
9.506047936562814	0.01631815114034554
9.527961640236521	0.016184368640950818
9.549925860214358	0.01605148841094484
9.571940712948447	0.015919508731679508
9.594006315159332	0.015788427797945356
9.616122783836648	0.015658243716939396
9.638290236239705	0.015528954507224227
9.660508789898136	0.015400558097677222
9.68277856261249	0.015273052326430626
9.7050996724549	0.015146434939801693
9.727472237769652	0.01502070359121361
9.749896377173872	0.014895855840106184
9.772372209558107	0.014771889150837237
9.79489985408699	0.014648800891573645
9.817479430199844	0.014526588333172833
9.84011105761134	0.014405248648053851
9.862794856312105	0.014284778909058644
9.885530946569391	0.014165176088302828
9.908319448927676	0.01404643705601647
9.93116048420934	0.013928558579374143
9.954054173515269	0.013811537321314939
9.977000638225535	0.013695369839351523
10.	0.013580052584368962
10.023052380778994	0.013465581899412469
10.046157902783957	0.013351954018464604
10.069316688518045	0.013239165065211672
10.092528860766844	0.013127211051798727
10.115794542598982	0.013016087877573971
10.1391138573668	0.012905791327821763
10.16248692870696	0.012796317072484674
10.18591388054117	0.012687660664873682
10.209394837076797	0.01257981754036751
10.232929922807546	0.012472783015100127
10.256519262514079	0.012366552284636966
10.280162981264736	0.012261120422638957
10.303861204416158	0.012156482379515271
10.32761405761398	0.012052632981063868
10.351421666793442	0.011949566927100442
10.375284158180126	0.011847278790074724
10.39920165829059	0.011745763013675166
10.423174293933046	0.011645013911421078
10.447202192208003	0.011545025665242653
10.471285480508996	0.01144579232404813
10.495424286523221	0.011347307802278835
10.519618738232236	0.011249565878451266
10.543868963912592	0.011152560193686784
10.568175092136585	0.011054566078201022
10.592537251772887	0.010956725066552488
10.616955571987253	0.01085959420961122
10.641430182243164	0.010763172119347506
10.665961212302578	0.010667457339661608
10.690548792226577	0.01057244834557468
10.71519305237607	0.010478143542412206
10.739894123412451	0.010384541264980186
10.76465213629835	0.010291639776733568
10.789467222298287	0.01019943726893753
10.814339512979387	0.010107931859821003
10.83926914021204	0.01001712159372277
10.864256236170656	0.009927004440229502
10.889300933334333	0.009837578293306443
10.91440336448757	0.009748840970420095
10.939563662720943	0.009660790211653142
10.964781961431852	0.00957342367881124
10.990058394325208	0.009486738954522006
11.015393095414156	0.009400733541325843
11.040786199020735	0.009315404860758837
11.066237839776663	0.009230750252427049
11.091748152624008	0.009146766973072972
11.117317272815919	0.009063452195633427
11.142945335917304	0.008980803008289273
11.168632477805613	0.00889881641350633
11.194378834671515	0.008817489327068096
11.220184543019629	0.008736818577099754
11.24604973966927	0.008656800903083439
11.271974561755105	0.008577432954865044
11.297959146727976	0.008498711291651787
11.324003632355566	0.008420632381001325
11.350108156723154	0.008343192597801691
11.37627285823431	0.008266388223242393
11.402497875611685	0.008190215443776195
11.428783347897712	0.008114670350071929
11.45512941445536	0.008039748935958017
11.481536214968829	0.007965447097356812
11.508003889444357	0.007891760631209242
11.534532578210918	0.007818685234390367
11.561122421920993	0.007746216502615162
11.587773561551263	0.00767434992933494
11.614486138403427	0.00760308090462375
11.641260294104908	0.007532404714055364
11.66809617060963	0.0074623165375701855
11.694993910198711	0.007392811448332518
11.721953655481304	0.007323884411577473
11.748975549395292	0.007255530283448149
11.776059735208078	0.007187743809822458
11.803206356517299	0.007120519625129903
11.830415557251646	0.00705385225115782
11.857687481671597	0.006986275543692688
11.88502227437019	0.006918759813191606
11.91242008027375	0.006851778527265763
11.93988104464273	0.006785330450414905
11.967405313072431	0.006719414293717717
11.994993031493793	0.006654028714203628
12.02264434617413	0.006589172314219005
12.050359403717973	0.006524843640787474
12.078138351067798	0.0064610411849647
12.10598133550483	0.006397763381187231
12.133888504649775	0.006335008606615643
12.161860006463678	0.0062727751804715305
12.189895989248662	0.006211061363368805
12.217996601648723	0.006149865356638904
12.246161992650489	0.006089185301650033
12.274392311584071	0.006029019279120138
12.30268770812381	0.00596936530842397
12.331048332289097	0.005910221346893806
12.359474334445107	0.005851585289114125
12.387965865303691	0.005793454966209706
12.416523075924106	0.00573582814512767
12.445146117713856	0.005678702527912994
12.473835142429433	0.005622075750977728
12.5025903021772	0.005565945384363479
12.531411749414156	0.005510308930997616
12.560299636948754	0.005455163825942725
12.589254117941675	0.00540050743563958
12.618275345906707	0.005346337057143161
12.64736347471151	0.005292649917352207
12.67651865857846	0.005239443172231753
12.705741052085418	0.005186713906029014
12.735030810166617	0.0051344591304821035
12.764388088113435	0.005082675784022016
12.793813041575252	0.005031360730967451
12.823305826560219	0.004980510760712699
12.852866599436155	0.004930122586908181
12.882495516931336	0.0048801928466339845
12.912192736135347	0.004830718099566061
12.941958414499863	0.004781694827135248
12.971792709839558	0.004733119431678664
13.001695780332899	0.004684988235583969
13.031667784523	0.004637297480425956
13.061708881318419	0.0045900433260957696
13.09181922999407	0.004543221849922299
13.121998990192028	0.004496829045786111
13.15224832192239	0.004450860823225581
13.182567385564074	0.0044053130065353115
13.212956341865752	0.004360181333856545
13.243415351946643	0.00431546145625987
13.273944577297401	0.0042711489368198125
13.304544179780914	0.004226048832244821
13.33521432163324	0.004180952026194742
13.365955165464419	0.004136244456429448
13.396766874259358	0.004091925159764017
13.427649611378643	0.004047993133529675
13.458603540559483	0.004004447335111938
13.489628825916533	0.003961286681484701
13.52072563194278	0.003918510048740097
13.551894123510364	0.003876116271614201
13.583134465871542	0.0038341041430083062
13.614446824659497	0.003792472413506112
13.645831365889252	0.0037512197908864705
13.677288255958494	0.0037103449396318493
13.708817661648537	0.003669846480432292
13.740419750125149	0.003629722989685056
13.772094688939474	0.003589972998989738
13.803842646028853	0.003550594994638959
13.83566378971781	0.0035115874171043893
13.867558288718882	0.003472948660518307
13.89952631213354	0.003434677072150542
13.931568029453036	0.0033967709518807655
13.963683610559377	0.0033592285516660238
13.995873225726179	0.0033220480750036567
14.028137045619589	0.0032852276763894015
14.060475241299143	0.003248765460770769
14.092887984218748	0.0032126594829954436
14.12537544622754	0.0031769077472549702
14.157937799570824	0.003141508206523416
14.190575216890926	0.0031064587619912135
14.223287871228198	0.003071757262493814
14.25607593602188	0.003037401503935511
14.288939585111036	0.0030033892287080755
14.321878992735439	0.002969718125104364
14.35489433353656	0.002936385826726665
14.387985782558452	0.0029033899118899678
14.421153515248696	0.0028707279030199305
14.45439770745928	0.0028383972660456485
14.487718535447618	0.0028063954097869775
14.52111617587742	0.002774719685336638
14.554590805819668	0.0027433673854368157
14.58814260275349	0.0027123357438504463
14.621771744567184	0.002681621934726828
14.655478409559112	0.0026512230719618734
14.689262776438676	0.0026211362085526977
14.723125024327194	0.00259135833594667
14.757065332758946	0.0025618863833846623
14.791083881682072	0.0025327172172387503
14.825180851459544	0.0025038476403440456
14.859356422870075	0.002475274391324846
14.893610777109155	0.002446994143914792
14.92794409578996	0.0024181330714616246
14.962356560944343	0.0023892693860613906
14.99684835502374	0.002360685202273328
15.031419660900225	0.0023323797316117576
15.066070661867418	0.0023043521561565525
15.100801541641477	0.0022766016282122136
15.135612484362087	0.0022491272699638834
15.170503674593368	0.0022219281731303536
15.205475297324954	0.0021950033986138295
15.240527537972907	0.002168351976146694
15.275660582380732	0.0021419729039350564
15.310874616820303	0.002115865148299158
15.346169827992941	0.002090027643310503
15.381546403030342	0.0020644592904258325
15.4170045294956	0.0020391589581177975
15.452544395384141	0.002014125481502402
15.488166189124811	0.001989357661963041
15.523870099580817	0.0019648542667713032
15.55965631605075	0.0019406140287043393
15.595525028269538	0.0019166356456589235
15.631476426409538	0.0018929177802619772
15.667510701081484	0.0018694590594777675
15.70362804333553	0.001846258074211553
15.739828644662197	0.0018233133789098226
15.776112696993485	0.0018006234911568753
15.812480392703826	0.0017781868912679698
15.848931924611142	0.0017560020218788097
15.88546748597779	0.0017340672875315064
15.9220872705117	0.0017123810542567736
15.95879147236732	0.0016909416491525694
15.995580286146694	0.0016697473599589776
16.032453906900418	0.0016487964346294129
16.069412530128773	0.0016280870808979906
16.106456351782697	0.0016076174658431858
16.143585568264868	0.0015873857154476204
16.18080037643066	0.0015673899141540836
16.218100973589298	0.0015476281044175513
16.255487557504836	0.0015280982862534054
16.292960326397232	0.001508798416781661
16.330519478943348	0.0014897264097672646
16.368165214278086	0.0014708801351563184
16.40589773199539	0.0014522574186083442
16.443717232149325	0.0014338560410244393
16.481623915255085	0.0014156737380713867
16.51961798229015	0.0013977081997015386
16.557699634695275	0.0013799570696686415
16.595869074375614	0.0013624179450393977
16.634126503701697	0.001345088375700857
16.672472125510627	0.001327965863863465
16.71090614310707	0.0013110478635598936
16.749428760264383	0.0012937090908975444
16.788040181225607	0.0012763630156530006
16.82674061070467	0.0012592112843655167
16.865530253887407	0.0012422531593607432
16.90440931643265	0.0012254878800747378
16.94337800447329	0.001208914662794474
16.982436524617444	0.0011925327003959936
17.0215850839495	0.001176341162080279
17.060823890031244	0.0011603391931067567
17.10015315090288	0.0011445259145244774
17.139573075084254	0.00112890042290083
17.179083871575877	0.0011134617900479468
17.21868574986008	0.001098209062746622
17.25837891990204	0.001083141262467852
17.298163592151013	0.0010682573850918382
17.338039977541374	0.0010535564006245758
17.378008287493763	0.0010390372529119178
17.418068733916144	0.001024698859351143
17.458221529205037	0.00101054011059993
17.498466886246565	0.0009965598702828416
17.53880501841762	0.0009827569746951807
17.579236139586932	0.0009691302325042844
17.619760464116293	0.000955678424448157
17.66037820686164	0.0009424003030314926
17.70108958317422	0.0009292945922190227
17.741894808901662	0.0009163599871262064
17.78279410038923	0.0009035951537071591
17.82378767448089	0.0008909987284399194
17.864875748520518	0.0008785693180089197
17.906058540352948	0.0008663054989847439
17.947336268325266	0.0008542058175010118
17.988709151287875	0.0008422687889285339
18.030177408595698	0.0008304928975465711
18.071741260109274	0.000818876596211292
18.113400926196025	0.0008074183060212795
18.15515662773135	0.0007961164159801992
18.197008586099845	0.0007849692826565031
18.238957023196384	0.0007739752298402152
18.281002161427427	0.0007631325481967025
18.323144223712113	0.0007524394949174868
18.365383433483473	0.0007418942933680228
18.407720014689563	0.0007314951327324445
18.450154191794738	0.0007212401676552142
18.492686189780777	0.0007111275178797171
18.535316234148123	0.0007011552678837128
18.57804455091699	0.0006913214665116758
18.620871366628677	0.0006816241266039285
18.663796908346693	0.0006720612246226249
18.706821403658015	0.0006626307002744919
18.74994508067419	0.0006533304561303631
18.793168168032686	0.0006436371124854961
18.836490894898002	0.0006338968195769655
18.879913490962945	0.0006242784165826625
18.92343618644976	0.0006147813329411081
18.967059212111465	0.0006054049823240356
19.010782799232995	0.0005961487624604316
19.054607179632484	0.0005870120549589878
19.098532585662387	0.0005779942251290236
19.14255925021086	0.0005690946217997661
19.18668740670289	0.000560312577138103
19.230917289101594	0.0005516474064646829
19.275249131909366	0.000543098408068433
19.31968317016924	0.0005346648630194055
19.364219639466068	0.0005263460349800132
19.408858775927794	0.0005181411700145892
19.453600816226633	0.0005100494963972956
19.498445997580454	0.0005020702244183116
19.543394557753942	0.0004942025461883649
19.58844673505991	0.0004864456354415239
19.633602768360475	0.0004787986473362919
19.67886289706845	0.0004712607182549257
19.724227361148536	0.00046383096560103623
19.76969640111862	0.0004565084875954102
19.81527025805099	0.000449292363070059
19.860949173573715	0.0004421816512604559
19.906733389871864	0.0004351753915959826
19.952623149688808	0.0004282726034885497
19.998618696327448	0.0004214722861193861
20.044720273651613	0.0004147734182239541
20.090928126087277	0.00040817495787502786
20.137242498623895	0.00040167584226387084
20.183663636815616	0.0003952749874795376
20.23019178678272	0.0003889712882862364
20.276827195212817	0.00038276361789879495
20.32357010936221	0.0003766508277561691
20.37042077705719	0.000370631747293
20.417379446695296	0.0003647051837092096
20.46444636724674	0.0003588699217375847
20.511621788255646	0.0003531247234093849
20.558905959841425	0.00034746832781791537
20.606299132700006	0.00034189945088008273
20.65380155810529	0.00033641678509587516
20.701413487910415	0.00033101899930579884
20.749135174549107	0.00032570473844622226
20.79696687103696	0.0003204726233026305
20.844908830972887	0.00031532125026074607
20.892961308540386	0.0003102491910555349
20.941124558508935	0.0003052549925180573
20.989398836235246	0.00030033717632016156
21.03778439766475	0.00029549423871697543
21.086281499332888	0.0002903488988615684
21.134890398366476	0.0002851506982104769
21.183611352485023	0.0002800213608173123
21.23244462000219	0.00027496048920061153
21.28139045982711	0.0002699676759529161
21.330449131465773	0.0002650425036316481
21.379620895022324	0.0002601845446490325
21.428906011200585	0.0002553933611610338
21.47830474130533	0.00025066850495534165
21.527817347243737	0.0002460095173383563
21.57744409152667	0.00024141592902120313
21.6271852372702	0.00023688726000472426
21.67704104819694	0.0002324230194634844
21.727011788637455	0.00022802270562875509
21.77709772353159	0.00022368580567048364
21.827299118430012	0.00021941179557821656
21.87761623949552	0.00021520014004100356
21.9280493535045	0.0002110502923262429
21.978598727848254	0.00020696169415748263
22.02926463053456	0.00020293377559114375
22.080047330188993	0.00019896595489218578
22.13094709605639	0.00019505763840868776
22.181964198002195	0.00019120822044534463
22.23309890651403	0.00018741708313585497
22.28435149270303	0.00018368359631421705
22.335722228305325	0.00018000711738490327
22.3872113856834	0.0001763869911919179
22.438819237827662	0.00017282254988670984
22.490546058357804	0.00016931311279495942
22.542392121524305	0.00016585798628220534
22.59435770220978	0.00016245646361832372
22.646443075930595	0.00015910782484082115
22.698648518838212	0.0001558113366169685
22.750974307720718	0.00015256625210473845
22.803420720004187	0.00014937181081255488
22.8559880337543	0.00014622723845782396
22.908676527677724	0.0001431317468242641
22.961486481123632	0.00014008453361800429
23.01441817408509	0.00013708478232245616
23.06747188720069	0.00013413166205192856
23.12064790175594	0.00013122432740400285
23.173946499684796	0.00012836191831063902
23.227367963571073	0.00012554355988801205
23.280912576650078	0.00012276836228505727
23.33458062281002	0.00012003542053073287
23.38837238659356	0.00011734381437997243
23.442288153199225	0.00011469260815833162
23.49632820848307	0.00011208085060529823
23.55049283896009	0.00010950757471628244
23.604782331805783	0.0001069717975832526
23.65919697485759	0.00010447252023402585
23.71373705661655	0.00010200872747018026
23.76840286624876	0.00009957938770360162
23.823194693586913	0.0000971834527916392
23.878112829131783	0.00009481985787086704
23.933157564053875	0.00009248752118942872
23.9883291901949	0.0000901853439379703
24.043628000069347	0.00008791221007913992
24.099054286865954	0.00008566698617564729
24.154608344449404	0.00008344852121686403
24.210290467361776	0.00008125564644396706
24.266100950824168	0.00007908717517360117
24.32204009073816	0.00007694190262005999
24.378108183687527	0.00007481860571595831
24.434305526939713	0.00007271604293140379
24.49063241844747	0.00007063295409163995
24.547089156850312	0.00006856806019316166
24.603676041476273	0.00006652006321827439
24.660393372343385	0.0000644876459481048
24.717241450161318	0.00006246947177403598
24.774220576332862	0.00006046418450756588
24.831331052955704	0.00005847040818856124
24.888573182823905	0.00005648674689191416
24.94594726942956	0.00005451178453257393
25.003453616964322	0.0000525440846689512
25.06109253032114	0.00005058219030466998
25.118864315095795	0.00004862462368867005
25.17676927758857	0.00004666988611363318
25.234807724805755	0.00004471645771273366
25.29297996446145	0.00004276279725468103
25.35128630497907	0.00004080734193706424
25.409727055493065	0.00003884850717796672
25.46830252585042	0.00003688468640585171
25.527013026612472	0.00003491425084768815
25.58585886905645	0.000032935549315324275
25.64484036517719	0.00003094690799007724
25.703957827688647	0.000028946630205539613
25.763211570025756	0.0000269329962285723
25.82260190634596	0.000024904263038487886
25.88212915153093	0.000022858664104397143
25.94179362118815	0.000020794409160714395
26.001595631652723	0.00001870968398079436
26.06153549998895	0.000016602650148701763
26.12161354399208	0.000014471444829087127
26.18183008218986	0.000012314180535164949
26.24218543384442	0.000010128944894762521
26.302679918953814	7.913800414446765e-6
26.363313858253814	5.666784241695315e-6
26.424087573219474	3.385907925112341e-6
26.485001386067008	1.0691571726544032e-6