0.1	10.826017330915143
0.10023052380778996	10.812432568516213
0.10046157902783952	10.798847122814433
0.10069316688518042	10.785260984884847
0.10092528860766845	10.771674144716934
0.10115794542598985	10.758086591200081
0.10139113857366794	10.74449831210885
0.10162486928706957	10.730900386538256
0.1018591388054117	10.717291167163872
0.102093948370768	10.703681112467583
0.10232929922807542	10.6900702525295
0.10256519262514076	10.676458616891614
0.10280162981264736	10.662846234548507
0.10303861204416162	10.649233133938017
0.10327614057613975	10.635619342931733
0.10351421666793438	10.622004888825446
0.10375284158180126	10.608389798329481
0.10399201658290592	10.594774097558929
0.10423174293933042	10.581157812023807
0.10447202192208001	10.567540966619077
0.10471285480508996	10.553923585614596
0.10495424286523224	10.540305692644953
0.1051961873823223	10.526687310699208
0.1054386896391259	10.51306846211051
0.10568175092136585	10.499449168545656
0.10592537251772889	10.485829450994474
0.10616955571987247	10.472209329759181
0.10641430182243161	10.458588824443567
0.10665961212302578	10.444967953942104
0.1069054879222658	10.431346736428962
0.10715193052376065	10.417725189346857
0.10739894123412448	10.404103329395868
0.1076465213629835	10.390481172522062
0.10789467222298288	10.376858733906078
0.1081433951297938	10.363236027951547
0.10839269140212036	10.34961306827342
0.10864256236170655	10.335989867686193
0.10889300933334335	10.322366438191967
0.10914403364487565	10.30874279096846
0.10939563662720939	10.295118936356845
0.1096478196143185	10.281494883849497
0.10990058394325211	10.267870642077614
0.11015393095414151	10.254246218798711
0.11040786199020733	10.240621620883989
0.11066237839776664	10.226996854305607
0.11091748152624012	10.213371924123805
0.11117317272815914	10.199746834473904
0.11142945335917301	10.186121588553174
0.11168632477805612	10.172496188607614
0.11194378834671516	10.158870635918554
0.11220184543019636	10.145244930789149
0.11246049739669266	10.131619072530746
0.11271974561755105	10.117993059449118
0.11297959146727979	10.104366888830565
0.11324003632355571	10.090740556927871
0.11350108156723152	10.077114058946139
0.1137627285823431	10.063487389028484
0.11402497875611688	10.049849833224263
0.11428783347897718	10.036199420827774
0.11455129414455358	10.022548732794357
0.1148153621496883	10.00889781526554
0.11508003889444356	9.995246714031389
0.11534532578210924	9.981595474522907
0.11561122421920987	9.967944141804372
0.11587773561551262	9.954292760565568
0.11614486138403426	9.940641375113957
0.11641260294104915	9.926990029366738
0.11668096170609624	9.913338766842866
0.11694993910198712	9.899687630654931
0.11721953655481303	9.886036663501011
0.11748975549395298	9.872385907656387
0.11776059735208072	9.858735404965206
0.11803206356517298	9.845085196832025
0.11830415557251646	9.831435324213315
0.118576874816716	9.817785827608809
0.11885022274370183	9.804136747052823
0.11912420080273747	9.790488122105454
0.1193988104464273	9.776839991843689
0.11967405313072434	9.763192394852412
0.11994993031493788	9.749545369215356
0.12022644346174129	9.73589895250592
0.12050359403717974	9.7222531817779
0.120781383510678	9.70860809355615
0.12105981335504823	9.694963723827113
0.12133888504649772	9.681320108029269
0.12161860006463679	9.667677281043497
0.12189895989248664	9.654035277183317
0.12217996601648717	9.64039413018504
0.12246161992650487	9.626753873197828
0.12274392311584072	9.613114538773642
0.12302687708123815	9.59947615885707
0.1233104833228909	9.585838764775104
0.12359474334445104	9.572202387226758
0.1238796586530369	9.558567056272599
0.1241652307592411	9.5449328013242
0.1244514611771385	9.531299651133438
0.12473835142429429	9.517667633781716
0.125025903021772	9.504036776669084
0.1253141174941416	9.490407106503207
0.1256029963694875	9.476778649288281
0.12589254117941673	9.463151430313792
0.12618275345906707	9.449525474143178
0.12647363474711512	9.435900804602381
0.12676518658578456	9.422277444768284
0.12705741052085415	9.408655416957043
0.12735030810166617	9.395034742712255
0.12764388088113438	9.381415442793084
0.12793813041575247	9.36778962447062
0.12823305826560213	9.354155856439663
0.12852866599436155	9.34052346134841
0.1288249551693134	9.326892498371613
0.12912192736135342	9.313263026417697
0.1294195841449986	9.299635104121709
0.12971792709839558	9.286008789838181
0.13001695780332903	9.272384141633927
0.13031667784522993	9.25876121728073
0.13061708881318415	9.245140074247995
0.1309181922999407	9.23152076969528
0.13121998990192033	9.217903360464769
0.13152248321922383	9.204287903073656
0.1318256738556407	9.190674453706444
0.1321295634186575	9.177063068207165
0.13243415351946647	9.163453802071515
0.13273944577297395	9.14984671043891
0.1330454417978091	9.136241848084428
0.1333521432163324	9.122639269410714
0.13365955165464422	9.109039028439756
0.1339676687425935	9.095441178804583
0.1342764961137864	9.08184577374089
0.13458603540559483	9.06825286607856
0.13489628825916536	9.054662508233088
0.13520725631942773	9.04107475219694
0.1355189412351036	9.027489649530795
0.1358313446587154	9.013907251354702
0.136144468246595	9.000327608339154
0.13645831365889247	8.986750770696059
0.13677288255958492	8.973176788169607
0.13708817661648537	8.959605710027061
0.13740419750125152	8.946037585049439
0.13772094688939465	8.932472461522094
0.1380384264602885	8.918910387225216
0.1383566378971781	8.905351409424211
0.13867558288718884	8.891795574859993
0.13899526312133534	8.878242929739173
0.13931568029453031	8.86469351972415
0.13963683610559377	8.85114738992309
0.13995873225726183	8.837604584879811
0.14028137045619582	8.824065148563559
0.1406047524129914	8.810529124358677
0.14092887984218747	8.79699655505417
0.14125375446227545	8.783467482833172
0.14157937799570816	8.769941949262291
0.14190575216890922	8.756419995280844
0.142232878712282	8.742901661189999
0.14256075936021884	8.729386986641792
0.1428893958511103	8.71587601062804
0.14321878992735435	8.70236877146913
0.1435489433353656	8.688862004568138
0.14387985782558455	8.675355141542699
0.14421153515248689	8.661852101636812
0.14454397707459277	8.648352937763194
0.14487718535447616	8.63485770234724
0.14521116175877424	8.62136644731745
0.14554590805819662	8.607879224095758
0.14588142602753484	8.594396083587757
0.14621771744567183	8.58091707617284
0.14655478409559117	8.5674422516942
0.1468926277643867	8.553971659448779
0.1472312502432719	8.54050534817706
0.14757065332758945	8.527043366052792
0.14791083881682077	8.513585760672587
0.14825180851459538	8.500132579045426
0.1485935642287007	8.48668386758203
0.14893610777109154	8.473239672084166
0.14927944095789963	8.45980003773379
0.14962356560944334	8.446365009082133
0.1499684835502373	8.432934630038625
0.15031419660900225	8.419508943859737
0.15066070661867417	8.406087993137717
0.15100801541641484	8.392671819789166
0.1513561248436208	8.379260465043563
0.1517050367459337	8.365853969431603
0.15205475297324955	8.352452372773486
0.15240527537972914	8.339055714167028
0.15275660582380723	8.325664031975696
0.15310874616820302	8.312277363816493
0.15346169827992942	8.298895746547748
0.1538154640303035	8.285519216256743
0.15417004529495593	8.272147808247276
0.1545254439538414	8.258781557027026
0.1548816618912481	8.245420496294871
0.15523870099580825	8.232064658927996
0.15559656316050743	8.218714076968963
0.15595525028269538	8.20536878161256
0.15631476426409538	8.192028803192592
0.15667510701081494	8.178694171168502
0.15703628043335524	8.165364914111882
0.15739828644662196	8.15204105969282
0.15776112696993486	8.138722634666152
0.15812480392703834	8.125409664857541
0.15848931924611134	8.112102175149449
0.15885467485977792	8.098800189466948
0.159220872705117	8.085503730763408
0.15958791472367329	8.072212821006028
0.15995580286146688	8.058927481161257
0.16032453906900418	8.045647731180026
0.1606941253012877	8.032373589982873
0.16106456351782708	8.019098170331775
0.16143585568264862	8.00582022327913
0.16180800376430657	7.992547884094942
0.16218100973589297	7.979281203794519
0.16255487557504839	7.966020232791825
0.16292960326397224	7.952765020888584
0.16330519478943342	7.939515617263257
0.16368165214278085	7.926272070459901
0.16405897731995392	7.913034428376944
0.16443717232149316	7.899802738255805
0.1648162391525508	7.886577046669423
0.1651961798229015	7.873357399510669
0.1655769963469528	7.860143841980624
0.16595869074375605	7.8469364185767585
0.16634126503701693	7.833735173080975
0.16672472125510626	7.820540148547539
0.16710906143107074	7.807351387290886
0.16749428760264373	7.794168930873303
0.16788040181225602	7.780992820092488
0.16826740610704674	7.767823094968989
0.16865530253887412	7.754659794733502
0.16904409316432642	7.741502957814065
0.16943378004473283	7.728352621823098
0.16982436524617442	7.715208823544331
0.17021585083949506	7.7020715989196
0.17060823890031235	7.688940983035499
0.17100153150902875	7.675817010109921
0.17139573075084252	7.66269971347844
0.17179083871575881	7.649589125580576
0.1721868574986007	7.636485277945918
0.17258378919902034	7.623388201180111
0.17298163592151014	7.610297924950697
0.17338039977541378	7.5972144779728366
0.17378008287493754	7.584137887994857
0.17418068733916142	7.571068181783699
0.17458221529205037	7.558005385110182
0.1749846688624657	7.544949522734145
0.1753880501841761	7.531900618389453
0.17579236139586926	7.518858694768822
0.1761976046411629	7.505823773508531
0.17660378206861643	7.492795875172967
0.17701089583174212	7.4797750192390176
0.17741894808901656	7.466761224080329
0.1778279410038923	7.453754506951386
0.17823787674480895	7.44075488397146
0.17864875748520506	7.427762370108393
0.17906058540352943	7.414776979162214
0.17947336268325265	7.401798723748622
0.1798870915128788	7.388827615282287
0.1803017740859569	7.375863663959997
0.1807174126010927	7.362897757017305
0.18113400926196024	7.349928230079111
0.18155156627731356	7.336965815571384
0.18197008586099836	7.324010566690313
0.18238957023196378	7.3110625359955055
0.1828100216142743	7.298121775398598
0.18323144223712115	7.285188336151716
0.18365383433483465	7.272262268835825
0.18407720014689558	7.259343623348979
0.18450154191794738	7.246432448894417
0.18492686189780783	7.233528793968575
0.18535316234148114	7.2206327063489475
0.18578044550916986	7.2077442330818355
0.18620871366628675	7.1948634204699795
0.186637969083467	7.181990314060054
0.18706821403658005	7.169124958630043
0.18749945080674188	7.156267398176485
0.18793168168032684	7.143417675901596
0.18836490894898006	7.130575834200255
0.18879913490962935	7.117741914646866
0.18923436186449755	7.10491595798208
0.18967059212111465	7.092098004099395
0.19010782799233	7.079288092031619
0.19054607179632474	7.06648625993718
0.1909853258566238	7.053692545086345
0.19142559250210858	7.0409069838472425
0.19186687406702896	7.028129611671794
0.19230917289101584	7.01536046308149
0.1927524913190936	7.0025995716530165
0.1931968317016924	6.989846970003745
0.19364219639466074	6.977102689777099
0.19408858775927784	6.964366761627738
0.19453600816226624	6.951639215206636
0.19498445997580455	6.938920079145973
0.19543394557753943	6.926209381043931
0.195884467350599	6.91350714744927
0.19633602768360464	6.900813403845836
0.1967886289706845	6.88812817463684
0.19724227361148533	6.875451483129044
0.19769696401118608	6.862783351516748
0.1981527025805098	6.850123800865656
0.19860949173573716	6.837472851096564
0.19906733389871864	6.824830520968905
0.19952623149688797	6.812196828064103
0.1999861869632744	6.799571788768826
0.20044720273651614	6.786955418257999
0.2009092812608728	6.774347730477734
0.20137242498623883	6.761748738128026
0.20183663636815607	6.749158452645333
0.2023019178678272	6.73657688418495
0.20276827195212818	6.7239946817678184
0.20323570109362218	6.711410137201207
0.2037042077705718	6.698834262661082
0.20417379446695297	6.686267112295426
0.20464446367246739	6.673708739565948
0.20511621788255657	6.661159197236009
0.20558905959841414	6.648618537358502
0.20606299132700007	6.6360868112635165
0.20653801558105292	6.623564069545974
0.20701413487910425	6.611050362053048
0.20749135174549097	6.598545737871526
0.2079696687103696	6.586050245315009
0.20844908830972886	6.573563931910989
0.20892961308540398	6.561086844387793
0.20941124558508925	6.548619028661413
0.20989398836235246	6.536160529822178
0.21037784397664752	6.523711392121313
0.21086281499332898	6.511271658957345
0.21134890398366465	6.498841372862411
0.2118361135248502	6.486420575488361
0.21232444620002192	6.474009307592811
0.21281390459827124	6.461607609024967
0.21330449131465762	6.449215518711393
0.21379620895022325	6.436833074641554
0.21428906011200585	6.424460313853304
0.21478304741305343	6.412097272418146
0.21527817347243727	6.399743985426411
0.21577444091526668	6.387400486972256
0.21627185237270202	6.375066810138527
0.21677041048196952	6.362742986981465
0.21727011788637443	6.350429048515286
0.2177709772353159	6.338125024696558
0.21827299118430013	6.3258309444085
0.2187761623949553	6.31354683544504
0.21928049353504486	6.301272724494816
0.21978598727848253	6.289008637124923
0.2202926463053456	6.276754597764574
0.22080047330189004	6.264510629688562
0.22130947096056375	6.252276755000596
0.22181964198002194	6.240052994616422
0.2223309890651403	6.227839368246849
0.22284351492703042	6.21563589438055
0.22335722228305316	6.203442590266739
0.223872113856834	6.191259471897652
0.22438819237827662	6.179086553990887
0.2249054605835781	6.1669238499715435
0.22542392121524293	6.15477137195422
0.22594357702209775	6.142629130724813
0.22646443075930595	6.130497135722168
0.2269864851883822	6.118375395019528
0.22750974307720706	6.106253839125454
0.2280342072000418	6.094130626281739
0.22855988033754301	6.082017608653467
0.2290867652767773	6.069914841732197
0.2296148648112362	6.057822380286438
0.23014418174085083	6.045740278349143
0.2306747188720069	6.033668589205046
0.23120647901755947	6.021607365377913
0.23173946499684786	6.00955665861762
0.2322736796357107	5.99751651988714
0.23280912576650079	5.985486999349371
0.23334580622810028	5.973468146353836
0.23388372386593548	5.961460009423275
0.2344228815319922	5.949462636240058
0.23496328208483072	5.937476073632503
0.23550492838960096	5.925500367561031
0.2360478233180577	5.913535563104201
0.23659196974857583	5.901581704444592
0.23713737056616552	5.889638834854545
0.23768402866248767	5.87770699668178
0.23823194693586902	5.86578623133485
0.23878112829131776	5.853876579268459
0.23933157564053875	5.841978079968636
0.23988329190194904	5.830090771937772
0.24043628000069334	5.8182146926794776
0.24099054286865948	5.806349878683336
0.24154608344449405	5.794496365409466
0.2421029046736178	5.7826541872729615
0.24266100950824154	5.770823377628159
0.24322040090738153	5.759003968752767
0.24378108183687525	5.747195991831828
0.2443430552693972	5.735399476941531
0.24490632418447456	5.72361445303286
0.24547089156850305	5.711840947915095
0.24603676041476275	5.700078988239138
0.24660393372343392	5.688328599480683
0.24717241450161304	5.676589805923231
0.24774220576332856	5.664862630640922
0.24831331052955705	5.653147095481226
0.2488857318282391	5.641443221047443
0.24945947269429547	5.629751026681046
0.25003453616964316	5.618070530443854
0.2506109253032114	5.60640174910003
0.251188643150958	5.5947446980979105
0.25176769277588557	5.583099391551653
0.25234807724805747	5.57146584222272
0.2529297996446145	5.559844061501169
0.25351286304979076	5.548234059386784
0.25409727055493053	5.536635844470001
0.2546830252585041	5.52504942391269
0.2552701302661247	5.513463064586336
0.2558585886905646	5.501874618914087
0.25644840365177174	5.4902978930346364
0.2570395782768864	5.478732950026053
0.25763211570025757	5.467179852298526
0.25822601906345966	5.4556386615822845
0.2588212915153092	5.4441094389153974
0.2594179362118814	5.432592244631428
0.2600159563165272	5.421087138346984
0.2606153549998896	5.409594178949124
0.26121613543992067	5.398113424582661
0.2618183008218985	5.386644932637298
0.26242185433844417	5.375188759734665
0.26302679918953814	5.363744961715225
0.263633138582538	5.352313593625021
0.2642408757321946	5.3408947097023205
0.2648500138606701	5.329488363364105
0.2654605561975539	5.318094607192432
0.26607250597988097	5.306713492920657
0.2666858664521479	5.295345071419527
0.26730064086633115	5.283989392683115
0.2679168324819031	5.27264650581464
0.26853444456585074	5.261316459012113
0.26915348039269155	5.249999299553888
0.26977394324449205	5.239269075712621
0.2703958364108843	5.229038186808918
0.2710191631890843	5.218819865690594
0.2716439268839082	5.2086141236417856
0.2722701308077913	5.1984209706116715
0.272897778280804	5.188240415196289
0.27352687263067127	5.178072464620091
0.27415741719278824	5.1679171247174125
0.2747894153102397	5.157774399913685
0.2754228703338166	5.147644293206525
0.27605778562203465	5.137526806146624
0.27669416454115114	5.127421938818457
0.2773320104651841	5.117329689820804
0.27797132677592884	5.1072500562471115
0.2786121168629771	5.09718303366564
0.27925438412373377	5.0871286160994424
0.2798981319634363	5.07708679600614
0.2805433637951713	5.0670575642575315
0.28119008303989407	5.057040910118987
0.28183829312644537	5.047036821228663
0.2824879974915708	5.037045283576514
0.2831391995799379	5.027066281483126
0.2837919028441557	5.017099797578312
0.28444611074479154	5.007145812779571
0.285101826750391	4.997204306270276
0.28575905433749466	4.987275255477724
0.2864177969906581	4.9773463939422395
0.28707805820246907	4.967415451436366
0.28773984147356696	4.957496795141982
0.28840315031266056	4.947590459715353
0.2890679882365476	4.937696478840194
0.28973435877013226	4.927814885213093
0.2904022654464451	4.917945710528743
0.2910717118066605	4.908088985465092
0.29174270140011677	4.89824473966828
0.29241523778433354	4.8884130017374945
0.2930893245250321	4.878593799209621
0.2937649651961531	4.86878715854379
0.29444216337987617	4.858993105105743
0.29512092266663853	4.849211663152075
0.29580124665515467	4.839442855814288
0.2964831389524342	4.829686705082739
0.29716660317380267	4.819943231790382
0.29785164294291894	4.810212455596388
0.298538261891796	4.800494394969598
0.2992264636608189	4.790789067171821
0.29991625189876514	4.78109648824095
0.30060763026282306	4.771416672973957
0.3013006024186122	4.7617496349096795
0.3019951720402016	4.7520953863114865
0.30269134281013055	4.742453938149737
0.30338911841942706	4.732825300084105
0.3040885025676279	4.723209480445726
0.3047894989627983	4.7136064862191525
0.3054921113215513	4.704016323024179
0.3061963433690677	4.694438995097459
0.30690219883911574	4.684874505273966
0.3076096814740708	4.675322854968271
0.3083187950249354	4.665784044155652
0.30902954325135906	4.656258071353015
0.309741929921658	4.646744933599646
0.31045595881283555	4.637244626437761
0.31117163371060175	4.627757143892912
0.3118889584093937	4.618282478454164
0.3126079367123955	4.608820621054116
0.31332857243155854	4.599371561048727
0.3140508693876217	4.589935286196949
0.3147748314101316	4.580511782640173
0.31550046233746265	4.571101034881482
0.31622776601683794	4.561703025764715
0.3169567463043491	4.552317736453331
0.31768740706497706	4.542945146409076
0.3184197521726125	4.533585233370452
0.31915378551007617	4.5242379733309885
0.3198895109691398	4.514903340517319
0.3206269324505466	4.505581307367033
0.3213660538640317	4.496256146298188
0.32210687912834346	4.48692494849677
0.32284941217126356	4.47760613998692
0.32359365692962827	4.4682997685045915
0.32433961734934924	4.459005881032584
0.3250872973854344	4.449724523788217
0.3258367010020088	4.440455742210893
0.32658783217233583	4.431199580949533
0.3273406948788382	4.421956083849886
0.328095293113119	4.412725293941717
0.32885163087598307	4.403507253425857
0.32960971217745777	4.3943020036611395
0.3303695410368148	4.385109585151193
0.3311311214825911	4.3759300375311225
0.3318944575526104	4.366763399554029
0.33265955329400454	4.357609709077427
0.333426412763235	4.34846900304952
0.3341950400261143	4.339341317495325
0.33496543915782767	4.330226687502679
0.3357376142429547	4.321125147208108
0.33651156937549076	4.312036729782537
0.3372873086588689	4.302961467416895
0.3380648362059816	4.293899391307551
0.33884415613920255	4.28485053164161
0.3396252725904084	4.2758149175820925
0.3404081897010009	4.266792577252931
0.34119291162192855	4.257783537723858
0.3419794425137089	4.248787824995121
0.3427677865464504	4.239805463982061
0.34355794789987465	4.230836478499547
0.34434993076333853	4.221880891246242
0.3451437393358563	4.212938723788741
0.345939377826122	4.204009996545542
0.34673685045253166	4.19509472877086
0.34753616144320587	4.186192938538297
0.34833731503601184	4.17730464272435
0.34914031547858615	4.168429856991759
0.3499451670283573	4.159568595772699
0.350751873952568	4.150720872251813
0.35156044052829816	4.141886698349073
0.35237087104248715	4.133066084702496
0.353183169791957	4.124259040650676
0.3539973410834347	4.115465574215172
0.35481338923357547	4.106685692082697
0.3556313185689854	4.097919399587174
0.3564511334262443	4.0891667006915995
0.35727283815192895	4.080427597969744
0.35809643710263606	4.071702092587673
0.35892193464500527	4.062990184285101
0.35974933515574237	4.054291871356568
0.36057864302164244	4.045598586745096
0.36140986263961333	4.036908755969077
0.36224299841669866	4.028232442910927
0.3630780547701014	4.019569684997313
0.36391503612720716	4.010920518740098
0.36475394692560786	4.0022849797224636
0.36559479161312497	3.9936631025849145
0.36643757464783333	3.9850549210111255
0.3672823004980847	3.976460467713668
0.3681289736425315	3.967879774419592
0.3689775985701504	3.959312871855864
0.3698281797802663	3.950759789734666
0.37068072178257605	3.9422205567385507
0.37153522909717257	3.933695200505458
0.3723917062545686	3.9251837476135796
0.3732501577957206	3.9166862235660806
0.3741105882720534	3.908202652775671
0.3749730022454836	3.899733058549037
0.3758374042884442	3.8912774630711056
0.37670379898390893	3.882835887389178
0.377572190925416	3.8744083513969
0.37844258471709324	3.8659948738180683
0.3793149849736819	3.857595472190308
0.38018939632056115	3.8492101628485726
0.381065823393773	3.8408389609084863
0.3819442708400465	3.8324818802495466
0.38282474331682265	3.8241389334981437
0.38370724549227875	3.8158101320104327
0.38459178204535355	3.807495485855037
0.38547835766577176	3.7991950037955933
0.38636697705406914	3.7909086932731215
0.3872576449216172	3.782636560388238
0.3881503659906482	3.7743786098831937
0.38904514499428056	3.766134845123745
0.3899419866765434	3.757905268080852
0.390840895792402	3.749689879312211
0.3917418771077831	3.7414886779435985
0.3926449353995998	3.733301661650059
0.3935500754557774	3.7251288266369
0.3944573020752784	3.7169701676205125
0.3953666200681279	3.7088256778090267
0.39627803425543945	3.7006953488827543
0.3971915494694403	3.6925791709744877
0.3981071705534972	3.6844771326495835
0.39902490236214205	3.676389220885875
0.39994474976109745	3.6683154210533946
0.4008667176273028	3.660255716893908
0.4017908108489399	3.6522100905002604
0.4027170343254591	3.644178522295521
0.40364539296760493	3.636160991011951
0.4045758916974427	3.6281499514340037
0.40550853544838383	3.6201439999628144
0.40644332916521275	3.612151955318838
0.40738027780411273	3.604173828875163
0.4083193863326921	3.596209630756796
0.40926065973001086	3.588259369823723
0.4102041029866068	3.580323053653824
0.41114972110452225	3.5724006885256108
0.4120975190973302	3.564492279400826
0.4130475019901614	3.5565978299068495
0.41399967481973043	3.5487173423189597
0.4149540426343629	3.5408508175424154
0.41591061049402206	3.5329982550943755
0.4168693834703354	3.52515965308565
0.41783036664662176	3.517335008202272
0.4187935651179184	3.5095243156868996
0.41975898399100753	3.5017275693200522
0.4207266283844441	3.493944761401157
0.4216965034285822	3.486175882729432
0.422668614265603	3.478420922584578
0.4236429660495411	3.470679868707299
0.4246195639463129	3.4629527072796416
0.4255984131337431	3.4552394229051435
0.42657951880159267	3.447539998588808
0.4275628861515862	3.439854415716878
0.4285485203974395	3.432182654036445
0.4295364267648873	3.4245246916348426
0.43052661049171065	3.4168805049188693
0.43151907682776525	3.409250068593813
0.43251383103500873	3.4016333556422786
0.4335108783875289	3.3940303373028207
0.43451022417157154	3.3864409830483893
0.4355118736855686	3.378865260564559
0.436515832240166	3.37130313572758
0.4375221051582521	3.363754572582205
0.4385306977749857	3.3562195333193316
0.4395416154378245	3.3486979782534276
0.4405548635065533	3.341189865799755
0.4415704473533125	3.333695152451385
0.44258837236262655	3.3262137927560027
0.44360864393143257	3.3187457392924977
0.4446312674691087	3.3112909426473465
0.4456562483975033	3.3038493513907743
0.44668359215096315	3.2964209120527026
0.44771330417636257	3.2890055690984816
0.4487453899331322	3.281603264904389
0.449779854893288	3.274213939732929
0.45081670454146017	3.266837531707882
0.4518559443749224	3.2594739767891507
0.4528975799036208	3.25212320874736
0.4539416166502032	3.244767336947392
0.4549880601500486	3.2374030237550144
0.4560369159512962	3.2300511528393656
0.4570881896148751	3.2227117428221015
0.4581418867145335	3.21538481131037
0.4591980128368686	3.2080703748825865
0.4602565735813561	3.2007684490740687
0.4613175745603794	3.193479048362536
0.46238102139926035	3.1862021861534684
0.46344691973628804	3.178937874765332
0.46451527522274944	3.1716861254146496
0.465586093522959	3.1644469482009514
0.46665938031428866	3.1572203520915583
0.46773514128719823	3.1500063449062385
0.46881338214526524	3.1428049333017105
0.46989410860521547	3.135616122756002
0.47097732639695294	3.12843991755266
0.47206304126359055	3.1212763207648124
0.4731512589614805	3.1141253342390782
0.4742419852602447	3.1069869585793226
0.47533522594280536	3.0998611931302738
0.47643098680541573	3.092748035960966
0.47752927365769093	3.0856474838480366
0.4786300923226384	3.0785595322588715
0.47973344863668915	3.071484175334583
0.4808393484497286	3.0644214058728343
0.4819477976251274	3.057371215310502
0.4830588020397727	3.0503335937061764
0.48417236758409943	3.043308529722497
0.4852885001621211	3.0362960106083303
0.4864072056914617	3.0292960221807705
0.4875284901033864	3.0223085488069836
0.48865235934283363	3.015333573385877
0.48977881936844625	3.0083710773296017
0.4909078761526032	3.001421040544881
0.492039535681451	2.9944834414141663
0.49317380395493593	2.987558256776623
0.4943106869868355	2.9806454619089386
0.4954501908047903	2.973745030505948
0.49659232145033616	2.96685693466109
0.49773708497893604	2.959981144846677
0.4988844874600123	2.953117629893987
0.5000345349769786	2.946266356973171
0.5011872336272724	2.9394272915729753
0.5023425895223872	2.932600397480281
0.5035006087879049	2.925785636759455
0.5046612975635284	2.9189829697315077
0.505824662003114	2.912192354953068
0.5069907082747043	2.905413749195161
0.5081594425605604	2.898647107421793
0.5093308710571953	2.8918771422822886
0.5105049999754062	2.885101011359382
0.5116818355403077	2.8783365849313514
0.5128613839913648	2.8715838907852875
0.514043651582426	2.8648429559073714
0.5152286445817564	2.858113806471009
0.5164163692720709	2.8513964678248582
0.5176068319505677	2.8446909644807348
0.5188000389289611	2.8379973201014077
0.5199959965335159	2.831315557488265
0.5211947111050804	2.8246456985688746
0.5223961889991198	2.8179877643844122
0.5236004365857502	2.8113417750769765
0.5248074602497725	2.8047077498767785
0.5260172663907061	2.798085707089206
0.5272298614228227	2.79147566408177
0.5284452517751804	2.7848776372709216
0.5296634438916578	2.7782916421087394
0.5308844442309884	2.7717176930694944
0.5321082592667942	2.7651558036360897
0.5333348954876209	2.758605986286361
0.5345643593969717	2.7520682524792535
0.5357966575133416	2.7455426126408673
0.5370317963702527	2.739029076150366
0.5382697825162883	2.7325276513257544
0.5395106225151276	2.726038345409524
0.5407543229455808	2.719561164554155
0.5420008904016238	2.7130961138074876
0.5432503314924332	2.706643197097952
0.5445026528424212	2.7002024172196633
0.5457578610912709	2.693773775817367
0.5470159628939716	2.6873572733712523
0.5482769649208538	2.680952909181619
0.5495408738576245	2.6745606813533973
0.5508076964054034	2.6681805867805264
0.5520774392807574	2.6618126211301854
0.5533501092157367	2.6554567788268773
0.5546257129579107	2.64911305303636
0.5559042572704036	2.6427814356494372
0.5571857489319298	2.636461917265586
0.5584701947368308	2.6301544871764375
0.5597576014951101	2.6238591333491086
0.5610479760324705	2.6175758424093676
0.5623413251903491	2.6113045996246558
0.5636376558259545	2.605045388886942
0.5649369748123025	2.5987981926954213
0.5662392890382533	2.592562992139057
0.5675446054085471	2.5863397668789556
0.5688529308438415	2.580128495130585
0.5701642722807475	2.573929153645821
0.571478636671867	2.5677334997026797
0.5727960309858292	2.5615400006480744
0.5741164622073276	2.5553582920433024
0.5754399373371569	2.549188387885922
0.5767664633922508	2.5430303012194964
0.5780960474057181	2.5368840441204177
0.5794286964268811	2.5307496276846195
0.580764417521312	2.5246270620141598
0.5821032177708715	2.5185163562036723
0.5834451042737447	2.512417518326697
0.5847900841444807	2.5063305554218673
0.5861381645140288	2.500255473478986
0.5874893525297767	2.494192277424951
0.588843655355589	2.4881409711095586
0.5902010801718444	2.4821015572911724
0.591561634175474	2.4760740376222503
0.5929253245799998	2.4700584126347467
0.5942921586155727	2.464054681725361
0.5956621435290105	2.458062843140669
0.5970352865838369	2.4520828939620922
0.5984115950603197	2.446114830090747
0.5997910762555094	2.4401586462321356
0.6011737374832781	2.434214335880702
0.6025595860743578	2.428281891304247
0.6039486293763798	2.422361303528187
0.6053408747539136	2.4164525623196766
0.6067363295885054	2.4105556561715793
0.6081350012787179	2.4046705722862876
0.6095368972401692	2.398797296559396
0.610942024905572	2.3929358135632226
0.6123503917247736	2.387086106530173
0.6137620051647943	2.381248157335958
0.6151768727098682	2.375421946482652
0.6165950018614822	2.3696074530815907
0.618016400138416	2.3638046548361227
0.6194410750767815	2.358013528024191
0.6208690342300636	2.3522340474807577
0.6223002851691596	2.34646618658007
0.6237348354824193	2.340709917217763
0.6251726927756859	2.3349652097927893
0.6266138646723355	2.3292320331892005
0.628058358813318	2.3235103547577425
0.6295061828571976	2.317800140297298
0.6309573444801934	2.3121013540361486
0.6324118513762195	2.306413958613075
0.633869711256927	2.300737915058277
0.6353309318517437	2.2950731827741246
0.6367955209079159	2.289419719515731
0.6382634861905487	2.2837774813713545
0.6397348354826482	2.278146422742612
0.6412095765851616	2.27251380087884
0.6426877173170197	2.2668772395722376
0.6441692655151774	2.2612516162672587
0.6456542290346556	2.255636945282462
0.6471426157485832	2.250033240077895
0.6486344335482385	2.2444405132431706
0.6501296903430908	2.2388587764854258
0.6516283940608427	2.233288040617172
0.6531305526474724	2.2277283155440184
0.654636174067275	2.2221796102522955
0.6561452663029055	2.2166419327965414
0.6576578373554206	2.2111152902868874
0.6591738952443215	2.2055996888763105
0.6606934480075961	2.200095133747775
0.662216503701762	2.194601629101245
0.6637430704019089	2.189119178140579
0.6652731562017414	2.183647783060302
0.6668067692136223	2.1781874450322474
0.6683439175686147	2.1727381641920767
0.6698846094165265	2.167299939625677
0.6714288529259524	2.1618727693554196
0.6729766562843179	2.156456650326302
0.6745280276979221	2.1510515783919537
0.6760829753919819	2.1456575483005076
0.6776415076106752	2.1402745536803525
0.6792036326171846	2.1349025870257354
0.6807693586937414	2.1295416396822455
0.6823386941416696	2.1241917018321512
0.6839116472814293	2.1188527624796083
0.6854882264526615	2.1135248094357273
0.6870684400142321	2.1082078293035043
0.688652296344276	2.1029018074626076
0.6902398038402419	2.097606728054031
0.6918309709189364	2.0923225739645988
0.6934258060165691	2.08704932681133
0.6950243175887968	2.0817869669256583
0.6966265141107687	2.0765354733375094
0.6982324040771714	2.0712948237592244
0.6998419960022735	2.066064994569341
0.7014552984199712	2.0608459607962284
0.7030723198838335	2.055637696101563
0.7046930689671469	2.050440172763662
0.7063175542629619	2.045253361660657
0.7079457843841379	2.040077232253519
0.7095777679633888	2.034911752568924
0.711213513653329	2.029756889181968
0.7128530301265195	2.0246126071987143
0.7144963260755133	2.019478870238597
0.716143410212902	2.014355640416647
0.7177942912713617	2.0092428783255687
0.7194489780036994	2.0041287807946695
0.7211074791828996	1.999011149208617
0.7227698036021702	1.993903770356421
0.72443596007499	1.9888066605086954
0.7261059574351547	1.9837198351830267
0.727779804536824	1.9786433091333455
0.7294575102545687	1.9735770963391939
0.7311390834834174	1.9685212099948934
0.732824533138904	1.9634756624986052
0.734513868157115	1.958440465441294
0.7362070974947361	1.9534156295955736
0.737904230129101	1.9484011649044601
0.7396052750582378	1.9433970804700087
0.7413102413009175	1.938403384541845
0.7430191378967014	1.9334200845055898
0.744731973905989	1.928447186871172
0.7464487584100665	1.9234846972610287
0.7481695005111544	1.918532620398201
0.7498942093324559	1.9135909600943082
0.7516228940182055	1.9086597192374155
0.7533555637337174	1.9037388997797828
0.7550922276654339	1.898828502725503
0.7568328950209744	1.8939285281180183
0.7585775750291838	1.889038975027526
0.7603262769401818	1.8841598415382594
0.762079010025412	1.8792911247356539
0.7638357835776907	1.8744328206933922
0.7655966069112563	1.8695849244603284
0.7673614893618189	1.8647474300472884
0.7691304402866096	1.85992033041375
0.7709034690644301	1.8551036174543971
0.7726805850957024	1.8502972819855499
0.7744617978025188	1.8455013137314666
0.7762471166286917	1.8407157013105229
0.7780365510398041	1.8359404322212565
0.7798301105232588	1.8311754928282888
0.7816278045883297	1.8264208683481136
0.7834296427662119	1.8216765428347526
0.7852356346100718	1.816942499165283
0.7870457896950986	1.8122187190252264
0.7888601176185545	1.8075051828938078
0.7906786279998251	1.8028018700290773
0.7925013304804718	1.7981087584528925
0.7943282347242815	1.7934258249357669
0.7961593504173188	1.788753044981578
0.7979946872679766	1.784090392812134
0.7998342550070284	1.7794378413516
0.8016780633876791	1.774795362210784
0.8035261221856173	1.7701629256712748
0.8053784411990667	1.7655405006694382
0.8072350302488382	1.760918532255612
0.8090958991783823	1.7562952410726749
0.8109610578538409	1.7516817891970415
0.8128305161640993	1.74707819017484
0.8147042840208396	1.7424844568221232
0.8165823713585925	1.7379006012146847
0.81846478813479	1.7333266346777845
0.8203515443298183	1.7287625677757668
0.8222426499470712	1.7242084103015867
0.8241381150130024	1.7196641712662342
0.8260379495771788	1.715129858888058
0.8279421637123342	1.7106054805819884
0.8298507675144225	1.706091042948655
0.8317637711026711	1.7015865517634086
0.8336811846196344	1.69709201196523
0.835603018231248	1.6926074276455414
0.8375292821268826	1.6881328020369104
0.8394599865193975	1.683668137501644
0.8413951416451951	1.6792134355202781
0.8433347577642755	1.6747686966799613
0.84527884516029	1.6703339206627257
0.8472274141405965	1.665909106233647
0.8491804750363139	1.661494251228899
0.8511380382023765	1.6570893525436907
0.8531001140175896	1.6526944061200937
0.8550667128846834	1.6483094069347546
0.8570378452303697	1.6439343489864953
0.8590135215053958	1.6395692252837935
0.8609937521846007	1.6352140278321508
0.8629785477669704	1.6308687476213415
0.8649679187756933	1.626533374612544
0.8669618757582167	1.6222078977253498
0.8689604292863019	1.6178923048246578
0.8709635899560808	1.6135865827074416
0.8729713683881117	1.6092907170893989
0.8749837752274362	1.6050046925914743
0.8770008211436349	1.60072849272626
0.8790225168308845	1.5964620998842718
0.8810488730080143	1.5922054953200948
0.8830799004185629	1.5879586591384076
0.8851156098308356	1.583721570279872
0.887156012037961	1.5794942065068975
0.8892011178579485	1.5752765443892778
0.8912509381337457	1.5710685592896843
0.8933054837332954	1.566870225349044
0.895364765549594	1.5626815154717668
0.8974287945007486	1.5585024013108517
0.8994975815300353	1.5543328532528475
0.9015711376059571	1.5501728404026818
0.9036494737223016	1.5460223305683536
0.9057326008982003	1.541873065325367
0.9078205301781859	1.537723502148148
0.9099132726322517	1.533583276316569
0.9120108393559097	1.5294523936143491
0.9141132414702502	1.5253308590519625
0.9162204901219997	1.5212186768562799
0.9183325964835808	1.5171158504601072
0.9204495717531712	1.5130223824916267
0.9225714271547631	1.5089382747637416
0.9246981739382225	1.5048635282633174
0.9268298233793492	1.5007981431403197
0.9289663867799363	1.4967421186968586
0.9311078754678302	1.4926954533761232
0.933254300796991	1.4886581447512128
0.9354056741475518	1.4846301895138683
0.9375620069258802	1.4806115834630935
0.9397233105646378	1.4766023214936737
0.9418895965228413	1.472602397584584
0.9440608762859233	1.468611804787295
0.946237161365793	1.4646305352139628
0.9484184633008971	1.460658580025515
0.9506047936562815	1.4566959294196238
0.9527961640236519	1.45274257261857
0.9549925860214359	1.448798497856988
0.9571940712948444	1.4448636923695066
0.9594006315159331	1.4409381423782686
0.9616122783836646	1.4370218330803413
0.9638290236239705	1.433114748635004
0.9660508789898133	1.4292168721509235
0.9682778562612491	1.4253281856732123
0.9705099672454897	1.421448670170363
0.9727472237769651	1.417578305521067
0.9749896377173869	1.4137170705009119
0.9772372209558107	1.409864942768955
0.9794899854086988	1.4060218988541762
0.9817479430199844	1.4021879141418065
0.9840111057611337	1.3983629628595309
0.9862794856312105	1.3945470180635657
0.9885530946569389	1.3907400516246107
0.9908319448927676	1.38694203421367
0.9931160484209338	1.3831529352877485
0.995405417351527	1.3793727230754143
0.9977000638225533	1.3756013645622327
1.	1.3718388254760672
1.0023052380778998	1.3680850702722462
1.0046157902783952	1.3643400621186001
1.0069316688518044	1.3606037628803564
1.0092528860766845	1.3568761331049037
1.0115794542598988	1.3531571320064155
1.0139113857366795	1.349446717450339
1.016248692870696	1.3457344850074198
1.0185913880541169	1.342018490557682
1.0209394837076802	1.3383108709571163
1.023292992280754	1.3346116330876885
1.0256519262514079	1.330920783161724
1.0280162981264735	1.3272383267128571
1.0303861204416165	1.3235642685868736
1.0327614057613974	1.3198986129324854
1.0351421666793441	1.316241363192
1.0375284158180127	1.312592522091921
1.0399201658290596	1.30895209163344
1.0423174293933042	1.3053200730828582
1.0447202192208003	1.3016964669619038
1.0471285480508996	1.2980812730379654
1.0495424286523225	1.2944744903142322
1.051961873823223	1.2908761170197423
1.0543868963912593	1.2872861505993352
1.0568175092136585	1.283704587703517
1.0592537251772887	1.2801314241782216
1.0616955571987248	1.2765666550544859
1.064143018224316	1.2730102745380232
1.066596121230258	1.269462275998699
1.0690548792226577	1.2659226519599154
1.0715193052376064	1.2623913940878866
1.0739894123412446	1.258868493180827
1.076465213629835	1.2553539391580297
1.0789467222298286	1.251847721048849
1.081433951297938	1.2483498269815771
1.0839269140212033	1.2448602441722254
1.0864256236170655	1.2413789589131918
1.0889300933334332	1.2379059565618349
1.0914403364487566	1.2344412215289333
1.0939563662720937	1.2309847372670466
1.096478196143185	1.2275364862587632
1.0990058394325208	1.2240964500048461
1.101539309541415	1.220664609012264
1.104078619902073	1.2172409427821202
1.1066237839776665	1.213825429797463
1.1091748152624008	1.2104180475109931
1.1117317272815914	1.2070187723326495
1.1142945335917298	1.2036275796170932
1.1168632477805611	1.2002444436510658
1.1194378834671515	1.1968693376406425
1.1220184543019636	1.193502233698363
1.1246049739669264	1.1901431028302496
1.1271974561755105	1.1867919149227024
1.1297959146727976	1.1834486387292849
1.1324003632355573	1.1801132418573774
1.1350108156723149	1.1767856907547238
1.137627285823431	1.1734659506958425
1.1402497875611686	1.1701450436623935
1.1428783347897717	1.1668212933821331
1.1455129414455354	1.1635051763020885
1.1481536214968828	1.16019669996226
1.1508003889444356	1.1568958713145352
1.1534532578210923	1.1536026967146547
1.1561122421920986	1.1503171819141178
1.1587773561551262	1.1470393320519967
1.1614486138403426	1.143769151646688
1.1641260294104914	1.1405066445875696
1.1668096170609623	1.1372518141265944
1.1694993910198712	1.1340046628697935
1.1721953655481303	1.1307651927687095
1.1748975549395297	1.127533405111735
1.1776059735208073	1.1243093005153868
1.1803206356517297	1.1210928789154833
1.1830415557251646	1.11788413955825
1.1857687481671602	1.1146830809913328
1.1885022274370183	1.1114897010547367
1.1912420080273751	1.108303996871669
1.193988104464273	1.1051259648393101
1.1967405313072437	1.1019556006194828
1.1994993031493788	1.0987928991292495
1.2022644346174132	1.0956378545314116
1.2050359403717974	1.0924904602249277
1.2078138351067804	1.0893507088352348
1.2105981335504823	1.0862185922044911
1.2133888504649775	1.083094101381714
1.2161860006463678	1.0799772266128445
1.2189895989248667	1.0768679573306996
1.2217996601648717	1.0737662821448528
1.2246161992650488	1.070672188831402
1.2274392311584073	1.0675856643226591
1.2302687708123818	1.064506694696734
1.233104833228909	1.061435265167029
1.2359474334445106	1.0583713600716314
1.238796586530369	1.055314962862617
1.2416523075924113	1.0522660560952444
1.244514611771385	1.049224621417063
1.2473835142429432	1.0461906395569092
1.2502590302177201	1.0431640903138129
1.2531411749414163	1.0401449525457933
1.2560299636948749	1.0371332041585621
1.2589254117941675	1.0341288220941136
1.2618275345906707	1.0311317823192214
1.2647363474711515	1.0281420598138205
1.2676518658578455	1.0251596285592939
1.270574105208542	1.0221844615266438
1.2735030810166617	1.0192165306645633
1.276438808811344	1.0162558068873935
1.2793813041575246	1.0132953880273505
1.2823305826560218	1.0103339831947757
1.2852866599436155	1.0073796407641393
1.2882495516931343	1.004432363583716
1.2912192736135342	1.0014921539088553
1.2941958414499863	0.9985590133941182
1.297179270983956	0.9956329430853466
1.3001695780332907	0.9927139434116516
1.3031667784522993	0.9898020141773354
1.3061708881318417	0.9868971545537253
1.309181922999407	0.9839993630709452
1.3121998990192034	0.9811086376095989
1.3152248321922384	0.9782249753923821
1.3182567385564075	0.9753483729756127
1.3212956341865751	0.9724788262406854
1.324341535194665	0.9696163303854424
1.3273944577297394	0.9667608799154703
1.3304544179780915	0.9639124686353072
1.333521432163324	0.9610710896395802
1.3365955165464425	0.9582367353040455
1.3396766874259352	0.9554093972765634
1.3427649611378643	0.9525890664679717
1.3458603540559484	0.9497757330428912
1.348962882591654	0.9469693864104323
1.3520725631942772	0.9441700152148281
1.3551894123510364	0.9413776073259712
1.3583134465871542	0.9385921498298712
1.3614446824659503	0.9358136290190191
1.3645831365889245	0.9330420303826674
1.3677288255958495	0.9302773385970161
1.3708817661648536	0.9275195375153165
1.3740419750125157	0.9247686101578739
1.3772094688939465	0.9220245387019732
1.3803842646028852	0.9192873044716935
1.383566378971781	0.9165568879276518
1.3867558288718889	0.9138332686566325
1.3899526312133532	0.9111164253611396
1.3931568029453036	0.9084063358488403
1.3963683610559376	0.9057029770219241
1.3995873225726185	0.9030063248663549
1.4028137045619582	0.9003163544410363
1.4060475241299144	0.8976330398668666
1.4092887984218747	0.89495635431571
1.4125375446227548	0.8922862699992504
1.4157937799570817	0.8896227581577625
1.4190575216890926	0.8869657890487647
1.4223287871228198	0.8843153319355854
1.425607593602188	0.8816713550758126
1.428893958511103	0.8790338257096504
1.432187899273543	0.8764027100481646
1.435489433353656	0.8737695981665399
1.4387985782558452	0.871132918960436
1.4421153515248688	0.8685024835242161
1.4454397707459272	0.8658782979430407
1.4487718535447618	0.8632603678259158
1.452111617587742	0.8606486982992044
1.455459080581966	0.8580432940000672
1.4588142602753482	0.8554441590698527
1.4621771744567182	0.8528512971474141
1.4655478409559113	0.8502647113623714
1.468926277643867	0.8476844043283023
1.4723125024327186	0.8451103781358779
1.4757065332758947	0.8425426343459231
1.4791083881682072	0.8399811739824229
1.4825180851459536	0.8374259975254522
1.4859356422870067	0.8348771049040496
1.4893610777109154	0.8323344954890145
1.492794409578996	0.8297981680856458
1.4962356560944337	0.8272681209264053
1.4996848355023733	0.8247443516635193
1.5031419660900225	0.8222268573615029
1.5066070661867417	0.8197156344896249
1.5100801541641484	0.8172106789142922
1.513561248436208	0.8147119858913726
1.5170503674593367	0.8122195500584376
1.5205475297324955	0.8097333654269426
1.5240527537972914	0.8072534253743253
1.5275660582380723	0.8047797226360383
1.5310874616820302	0.8023122492975027
1.5346169827992941	0.799850996785993
1.5381546403030348	0.7973959558624403
1.5417004529495593	0.7949471166131674
1.545254439538414	0.7925044684415397
1.5488166189124812	0.7900680000595476
1.5523870099580825	0.7876376994793052
1.5559656316050743	0.7852135540044748
1.559552502826954	0.7827955502216101
1.5631476426409538	0.7803836739914228
1.5667510701081493	0.7779779104399658
1.5703628043335522	0.7755782439497421
1.5739828644662197	0.7731846581507218
1.5776112696993485	0.7707971359112917
1.5812480392703834	0.7684156593291077
1.5848931924611134	0.7660402097218748
1.5885467485977791	0.7636707676180368
1.59220872705117	0.7613073127473868
1.5958791472367329	0.7589498240315863
1.5995580286146687	0.7565982795746045
1.6032453906900417	0.7542526566530646
1.6069412530128773	0.751912931706511
1.6106456351782708	0.7495733089277545
1.6143585568264862	0.7472327051091568
1.6180800376430662	0.744897880549038
1.6218100973589298	0.7425688386365196
1.6255487557504842	0.7402455822962853
1.6292960326397223	0.7379281139823795
1.6330519478943346	0.7356164356719374
1.6368165214278085	0.7333105488588655
1.6405897731995396	0.731010454547456
1.6443717232149315	0.7287161532459469
1.6481623915255086	0.7264276449600139
1.651961798229015	0.7241449291862113
1.6557699634695284	0.7218680049053418
1.6595869074375604	0.719596870575771
1.6634126503701698	0.7173315241266772
1.6672472125510627	0.7150719629512385
1.6710906143107078	0.7128181838997535
1.6749428760264373	0.7105701832727045
1.6788040181225607	0.7083279568137493
1.6826740610704674	0.7060914997026537
1.6865530253887415	0.7038608065481524
1.690440931643264	0.7016358713807509
1.6943378004473288	0.6994166876454537
1.6982436524617444	0.6972032481944309
1.7021585083949509	0.6949955452796124
1.7060823890031234	0.6927935705452197
1.710015315090288	0.6905973150202209
1.7139573075084253	0.6884067691107248
1.7179083871575884	0.6862219225922975
1.721868574986007	0.6840427646022151
1.725837891990204	0.6818692836316386
1.7298163592151015	0.6797014675177234
1.7338039977541384	0.6775393034356524
1.7378008287493754	0.6753827778905986
1.7418068733916146	0.6732318767096106
1.7458221529205038	0.6710865850334304
1.7498466886246573	0.668946887308229
1.7538805018417611	0.6668127672772743
1.7579236139586931	0.6646842079725155
1.7619760464116292	0.6625611917060988
1.7660378206861649	0.6604437000617982
1.770108958317421	0.6583317138863763
1.7741894808901661	0.65622521328086
1.7782794100389228	0.6541241775917426
1.78237876744809	0.6520285854021008
1.7864875748520508	0.649938414522639
1.7906058540352947	0.6478536419826435
1.7947336268325265	0.6457742440208634
1.7988709151287883	0.6437001960763032
1.803017740859569	0.6416314727789385
1.8071741260109275	0.6395629588541529
1.8113400926196026	0.6374936944157201
1.8155156627731361	0.6354296357255614
1.8197008586099834	0.6333707808863809
1.8238957023196385	0.631317127516842
1.8281002161427427	0.6292686727453635
1.832314422371212	0.6272254132038458
1.8365383433483464	0.6251873450213492
1.8407720014689564	0.6231544638177055
1.8450154191794736	0.6211267646970768
1.8492686189780787	0.6191042422414502
1.8535316234148114	0.6170868905040743
1.857804455091699	0.6150747030028327
1.8620871366628675	0.6130676727135633
1.8663796908346704	0.6110657920633034
1.8706821403658007	0.6090690529234862
1.8749945080674193	0.6070774466030655
1.8793168168032686	0.6050909638415809
1.883649089489801	0.6031095948021576
1.8879913490962936	0.6011333290644446
1.892343618644976	0.5991621556174848
1.8967059212111463	0.5971960628525229
1.9010782799233006	0.5952350385557436
1.9054607179632472	0.5932790699009505
1.9098532585662378	0.5913281434421681
1.914255925021086	0.5893822451061853
1.9186687406702891	0.5874413601850278
1.9230917289101586	0.5855054733283589
1.9275249131909356	0.5835745685358177
1.9319683170169242	0.5816486291492795
1.936421963946607	0.579727637845056
1.9408858775927782	0.5778115766260136
1.9453600816226624	0.5759004268136312
1.9498445997580456	0.5739941690399765
1.9543394557753944	0.5720927832396182
1.95884467350599	0.570196248641458
1.9633602768360463	0.5683045437604944
1.967886289706845	0.566417646389509
1.9724227361148534	0.5645355335906789
1.976969640111861	0.5626581816871139
1.9815270258050979	0.5607855662543193
1.9860949173573716	0.558917662111576
1.9906733389871865	0.5570544433132526
1.9952623149688797	0.5551958831400305
1.9998618696327437	0.5533419540900573
2.0044720273651615	0.551492627870016
2.0090928126087277	0.5496478753861198
2.0137242498623884	0.5478076667350192
2.0183663636815607	0.5459719711946368
2.023019178678272	0.5441407572149117
2.0276827195212817	0.542307383427465
2.032357010936222	0.5404706051194478
2.037042077705718	0.5386381595183761
2.0417379446695296	0.5368100464765453
2.046444636724674	0.5349862654547719
2.0511621788255656	0.533166815517295
2.0558905959841414	0.5313516953266366
2.0606299132700006	0.5295409031384091
2.065380155810529	0.5277344367960782
2.0701413487910423	0.5259322937256733
2.0749135174549096	0.5241344709304523
2.079696687103696	0.522340964985513
2.084490883097289	0.5205517720323588
2.0892961308540396	0.5187668877734092
2.0941124558508926	0.5169863074664639
2.0989398836235242	0.5152100259191126
2.1037784397664754	0.513438037483094
2.1086281499332897	0.5116703360486035
2.1134890398366464	0.5099069150385475
2.1183611352485023	0.5081477674027436
2.123244462000219	0.5063928856120725
2.1281390459827123	0.5046422616525669
2.133044913146576	0.5028958870194569
2.1379620895022327	0.5011537527111513
2.1428906011200586	0.4994158492231712
2.1478304741305343	0.49768216654202124
2.1527817347243725	0.49595269413901233
2.157744409152667	0.49422742096401856
2.16271852372702	0.49250633543918854
2.167704104819695	0.49078942545258714
2.1727011788637443	0.4890766783517904
2.1777097723531593	0.48736808093741285
2.1827299118430012	0.48566361945658443
2.187761623949553	0.4839632795963596
2.1928049353504484	0.482267046477075
2.197859872784825	0.4805749046456393
2.202926463053456	0.47888683806876914
2.2080047330189	0.47720283012615794
2.2130947096056377	0.47552286360358753
2.2181964198002193	0.47384692068597356
2.223309890651403	0.4721749829503526
2.2284351492703043	0.47050703135880173
2.2335722228305315	0.46884304625129786
2.23872113856834	0.46718300733850954
2.2438819237827663	0.46552689369452804
2.2490546058357817	0.4638746837495279
2.254239212152429	0.46222635528236805
2.259435770220978	0.46058188541311934
2.2646443075930596	0.45894125059553237
2.2698648518838223	0.4573044266094323
2.2750974307720706	0.45566519347768
2.2803420720004186	0.4540223900026221
2.28559880337543	0.452383274513686
2.2908676527677736	0.450747852646081
2.296148648112362	0.4491161297757426
2.301441817408509	0.44748811101568087
2.306747188720069	0.44586380121229663
2.312064790175595	0.4442432049416602
2.3173946499684783	0.44262632650575723
2.3227367963571073	0.4410131699286952
2.328091257665008	0.43940373895287865
2.3334580622810033	0.4377980370351417
2.338837238659355	0.4361960673428504
2.344228815319923	0.4345978327499625
2.3496328208483073	0.433003335833055
2.35504928389601	0.43141257886730827
2.360478233180577	0.4298255638224584
2.365919697485759	0.42824229235870576
2.371373705661655	0.4266627658225899
2.3768402866248772	0.42508698524282035
2.38231946935869	0.42351495132607475
2.3878112829131783	0.4219466644527486
2.3933157564053875	0.42038212467267644
2.3988329190194912	0.4188213317008008
2.4043628000069335	0.41726428491281126
2.4099054286865957	0.4157109833407342
2.41546083444494	0.41416142566848835
2.421029046736179	0.4126156102273925
2.4266100950824154	0.4110735349916374
2.432204009073816	0.4095351975737099
2.4378108183687526	0.40800059521977916
2.4434305526939726	0.4064697248050362
2.4490632418447453	0.40494258282899426
2.454708915685031	0.40341916541073986
2.4603676041476272	0.4018994682841477
2.46603933723434	0.4003834867930423
2.4717241450161302	0.39887121588632396
2.4774220576332864	0.397362650113041
2.4831331052955705	0.3958577836174247
2.4888573182823914	0.39435661013387163
2.494594726942955	0.39285912298188524
2.500345361696432	0.3913653150609668
2.506109253032114	0.3898751788454623
2.511886431509581	0.38838870637936
2.5176769277588558	0.38690588927104275
2.5234807724805757	0.3854267186879891
2.529297996446145	0.3839511853514297
2.5351286304979084	0.38247927953095
2.540972705549305	0.38101099103904995
2.5468302525850417	0.3795463092256479
2.552701302661247	0.3780815662993413
2.5585858869056453	0.3766160803709502
2.5644840365177175	0.3751541391500044
2.5703957827688635	0.3736957493392808
2.5763211570025755	0.37224091741854537
2.582260190634596	0.3707896496413346
2.588212915153092	0.3693419520317024
2.5941793621188136	0.3678978303809379
2.6001595631652723	0.36645729024424945
2.6061535499988953	0.36502033693742036
2.6121613543992064	0.36358697553342806
2.6181830082189848	0.36215721085903446
2.624218543384442	0.3607310474913418
2.6302679918953813	0.3593084897543174
2.6363313858253803	0.35788954171528164
2.642408757321946	0.3564742071813681
2.648500138606701	0.3550624896959433
2.654605561975539	0.35365439253499953
2.6607250597988097	0.35224991870350614
2.666858664521479	0.3508490709317333
2.6730064086633116	0.34945185167153453
2.6791683248190314	0.34805826309260024
2.6853444456585076	0.34666830707866925
2.691534803926915	0.3452819852237114
2.6977394324449206	0.3438992988280679
2.703958364108843	0.3425202488945611
2.7101916318908432	0.34114483612456187
2.7164392688390824	0.33977306091402615
2.7227013080779128	0.33840492334948824
2.7289777828080406	0.3370404232040223
2.7352687263067126	0.3356795599331606
2.741574171927882	0.3343223326707794
2.7478941531023975	0.3329687402249394
2.7542287033381663	0.33161878107369597
2.7605778562203462	0.3302724533608614
2.7669416454115114	0.32892975489173504
2.773320104651841	0.327590683128789
2.7797132677592886	0.3262552351873168
2.7861211686297707	0.32492340783103946
2.792543841237338	0.32359519746767246
2.798981319634363	0.3222706001444504
2.805433637951713	0.3209496115436123
2.811900830398941	0.31963222697784177
2.8183829312644537	0.31831844138567
2.8248799749157074	0.3170082493268306
2.831391995799379	0.3157016449775776
2.8379190284415565	0.31439862212595515
2.8444611074479154	0.3130991741670281
2.85101826750391	0.3118032940980652
2.8575905433749464	0.31051097451368165
2.8641779699065815	0.3092191414398506
2.8707805820246906	0.30792722459942856
2.8773984147356697	0.30663882076342447
2.8840315031266055	0.3053539370153329
2.8906798823654762	0.3040725802355712
2.897343587701323	0.3027947570985134
2.904022654464451	0.3015204740694897
2.910717118066605	0.30024973740176136
2.9174270140011673	0.29898255313346334
2.924152377843335	0.2977189270845201
2.9308932452503216	0.29645886485352874
2.9376496519615305	0.2952023718146161
2.9444216337987617	0.2939494531142609
2.9512092266663856	0.2927001136680906
2.9580124665515464	0.2914543581576435
2.9648313895243423	0.2902121910271018
2.971666031738027	0.28897361647999326
2.9785164294291895	0.2877386384758619
2.9853826189179604	0.28650726072690463
2.992264636608189	0.2852794866945806
2.9991625189876516	0.2840553195861822
3.0060763026282307	0.28283476235138
3.013006024186122	0.2816178176787289
3.019951720402016	0.2804044879921467
3.0269134281013064	0.2791947754473543
3.0338911841942706	0.27798868192828763
3.04088502567628	0.27678620904346973
3.047894989627983	0.2755873581223553
3.054921113215514	0.2743921302116343
3.061963433690677	0.273200526071507
3.069021988391158	0.2720125461719183
3.076096814740708	0.270828190688762
3.083187950249355	0.2696474595000452
3.0902954325135905	0.2684703521820202
3.097419299216581	0.267296868005278
3.1045595881283554	0.26612700593080685
3.1117163371060186	0.2649607646060121
3.118889584093937	0.263798142360703
3.126079367123956	0.262639137203036
3.1332857243155856	0.26148374681542785
3.1405086938762183	0.2603319685504231
3.1477483141013156	0.2591837994265304
3.1550046233746274	0.25803923612401447
3.1622776601683795	0.25689827498065365
3.169567463043492	0.2557609119874546
3.1768740706497707	0.2546271427843307
3.1841975217261256	0.2534969626557376
3.1915378551007616	0.2523703665262723
3.198895109691399	0.2512473489562266
3.206269324505466	0.25012790413710595
3.213660538640318	0.24900975045170481
3.2210687912834346	0.24789246423494338
3.2284941217126364	0.24677871416615169
3.2359365692962827	0.24566850490036932
3.2433961734934935	0.24456184086744215
3.250872973854344	0.2434587262688929
3.2583670100200885	0.24235916507475752
3.265878321723358	0.241263161020396
3.273406948788383	0.24017071760326836
3.2809529311311905	0.23908183807968397
3.2885163087598315	0.2379965254615173
3.2960971217745776	0.23691478251289422
3.303695410368149	0.23583661174684545
3.311311214825911	0.23476201542193054
3.3189445755261047	0.23369099553882738
3.326595532940045	0.2326235538368924
3.3342641276323506	0.23155969179068514
3.3419504002611427	0.23049941060646417
3.3496543915782775	0.22944271121864526
3.3573761424295467	0.22838959428623165
3.365115693754908	0.2273400601892057
3.372873086588689	0.22629410902489136
3.380648362059817	0.22525174060427866
3.3884415613920256	0.22421295444831796
3.3962527259040853	0.2231777497841747
3.404081897010009	0.22214612554145496
3.4119291162192864	0.22111808034839014
3.4197944251370886	0.22009361252799178
3.4276778654645046	0.2190727200941653
3.4355794789987466	0.21805540074779256
3.443499307633384	0.21704165187277435
3.451437393358563	0.21603147053203825
3.459393778261219	0.21502485346351008
3.4673685045253166	0.21402179707604546
3.4753616144320576	0.2130222974453275
3.483373150360118	0.21202635030972328
3.4914031547858606	0.2110339510661052
3.499451670283573	0.21004509476563088
3.5075187395256795	0.20905977610948778
3.5156044052829816	0.2080779894445949
3.523708710424871	0.20709972875926894
3.53183169791957	0.20612498767884765
3.5399734108343464	0.2051537594612754
3.548133892335755	0.2041860369926465
3.5563131856898527	0.20322181278271034
3.5645113342624426	0.2022610789603321
3.5727283815192883	0.20130382726891602
3.5809643710263606	0.20035004906178366
3.5892193464500517	0.1993997352975128
3.5974933515574232	0.19845287653523153
3.6057864302164235	0.19750708802601058
3.6140986263961334	0.19656192417704377
3.6224299841669856	0.19562016690418113
3.630780547701014	0.19468181762909234
3.639150361272071	0.19374687752375372
3.6475394692560785	0.19281534750715662
3.6559479161312485	0.19188722824198656
3.664375746478333	0.19096252013126888
3.672823004980846	0.19004122331498605
3.681289736425315	0.18912333766665998
3.6897759857015027	0.1882088627899062
3.6982817978026628	0.1872977980149517
3.7068072178257596	0.18639014239512486
3.715352290971726	0.18548589470330853
3.7239170625456848	0.18458505342836382
3.732501577957206	0.18368761677151724
3.741105882720533	0.18279358264271786
3.7497300224548358	0.18190294865695752
3.758374042884441	0.18101571213055992
3.767037989839089	0.1801318700774323
3.77572190925416	0.17925141920528634
3.7844258471709336	0.17837435591181983
3.793149849736819	0.17750067628086774
3.801893963205613	0.17663037607851348
3.81065823393773	0.17576345074916894
3.8194427084004663	0.1748998954116135
3.8282474331682264	0.17403970485500225
3.8370724549227884	0.17318287353483228
3.8459178204535354	0.17232939556887653
3.8547835766577188	0.1714792647330773
3.8636697705406915	0.17063247445740454
3.8725764492161727	0.16978901782167422
3.8815036599064823	0.16894888755133108
3.8904514499428067	0.16811207601319006
3.899419866765434	0.16727857521114217
3.908408957924021	0.16644837678181856
3.9174187710778305	0.1656214719902173
3.926449353995999	0.16479785172528882
3.9355007545577743	0.16397750649548323
3.944573020752785	0.16316042642425516
3.953666200681279	0.16234660124553044
3.9627803425543955	0.16153602029912917
3.971915494694403	0.1607286725261501
3.981071705534973	0.1599245464643112
3.9902490236214203	0.1591236302432501
3.9994474976109755	0.1583259115797803
4.008667176273028	0.15753137777310747
4.0179081084894	0.1567400156999993
4.027170343254591	0.1559518118099154
4.036453929676051	0.15516675212009115
4.045758916974426	0.1543818053327827
4.055085354483839	0.15359640356817975
4.0644332916521275	0.1528140789800204
4.073802778041128	0.15203483169602325
4.083193863326921	0.15125866160738052
4.09260659730011	0.1504855683656992
4.1020410298660686	0.1497155513799176
4.111497211045223	0.1489486098131891
4.120975190973302	0.1481847425797408
4.130475019901614	0.14742394834169928
4.139996748197304	0.14666622550589073
4.149540426343631	0.14591157222060763
4.1591061049402205	0.14515998637234942
4.168693834703355	0.14441146558252882
4.178303666466218	0.14366600720415196
4.187935651179185	0.14292360831846435
4.1975898399100755	0.14218426573156884
4.207266283844442	0.14144797597100953
4.216965034285822	0.14071473528232772
4.226686142656031	0.1399845396255823
4.2364296604954115	0.13925738467184234
4.24619563946313	0.13853326579964376
4.2559841313374305	0.13781217809141647
4.265795188015928	0.13709411632987692
4.275628861515862	0.13637907499438906
4.285485203974396	0.13566704825729087
4.295364267648873	0.13495802998018835
4.3052661049171075	0.1342520137102153
4.3151907682776525	0.13354899267625928
4.325138310350088	0.13284895978515288
4.335108783875289	0.1321519076178312
4.345102241715717	0.13145782842545334
4.355118736855686	0.13076671412549012
4.365158322401661	0.13007855629777473
4.375221051582521	0.12939334618051962
4.385306977749858	0.1287110746662953
4.395416154378245	0.1280317322979747
4.405548635065534	0.12735530926463978
4.4157044735331255	0.12668179539745172
4.425883723626267	0.1260111801654838
4.436086439314326	0.12534345267151703
4.446312674691089	0.12467860164779765
4.456562483975033	0.12401661545175709
4.466835921509633	0.12335748206169247
4.477133041763626	0.12270118907241039
4.487453899331323	0.1220477236908291
4.49779854893288	0.1213970727315438
4.508167045414603	0.12074922261235073
4.518559443749224	0.12010415934973227
4.528975799036209	0.11946186855430058
4.539416166502032	0.11881919086251831
4.549880601500488	0.11817553463591539
4.560369159512962	0.11753458184516379
4.570881896148752	0.1168963329929428
4.581418867145335	0.11626078838296099
4.591980128368688	0.11562794811736837
4.6025657358135605	0.11499781209414692
4.613175745603796	0.11437038000447491
4.623810213992603	0.11374565133006885
4.634469197362879	0.11312362534049777
4.645152752227495	0.11250430109047535
4.6558609352295885	0.11188767741712594
4.666593803142887	0.11127375293722391
4.677351412871981	0.11066252604441018
4.688133821452653	0.11005399490638008
4.698941086052153	0.10944815746204793
4.709773263969529	0.1088450114186827
4.720630412635905	0.10824455424902038
4.731512589614805	0.10764678318834661
4.7424198526024455	0.10705169523155529
4.753352259428054	0.10645928713017759
4.7643098680541565	0.1058695553893864
4.775292736576909	0.10528249626497058
4.786300923226383	0.10469810576028385
4.797334486366892	0.1041163796231639
4.808393484497285	0.1035373133428251
4.819477976251274	0.10296090214672082
4.830588020397726	0.10238714099737956
4.841723675840994	0.1018160245892096
4.8528850016212095	0.10124754734527716
4.864072056914616	0.10068170341405282
4.875284901033862	0.10011848666613087
4.886523593428336	0.09955789069091626
4.897788193684462	0.09899990879328419
4.909078761526032	0.09844453399020693
4.920395356814509	0.0978917590073524
4.9317380395493595	0.09734157627564995
4.943106869868354	0.09679397792782697
4.954501908047903	0.09624895579491256
4.96592321450336	0.09570650140271159
4.97737084978936	0.09516660596824462
4.9888448746001215	0.09462926039615852
5.000345349769786	0.0940944552751022
5.011872336272722	0.09356218087407227
5.0234258952238715	0.09303242713872338
5.035006087879047	0.0925051836876481
5.046612975635284	0.09198043980862108
5.05824662003114	0.09145818445481192
5.0699070827470445	0.09093840624096167
5.081594425605605	0.09042109343952806
5.093308710571955	0.08990391923171268
5.105049999754062	0.08938644688252932
5.116818355403078	0.08887138545877898
5.1286138399136485	0.08835873401592338
5.140436515824262	0.08784849141685692
5.152286445817564	0.08734065632947272
5.16416369272071	0.08683522722420516
5.176068319505676	0.0863322023715509
5.188000389289612	0.08583157983956588
5.199959965335159	0.08533335749134034
5.211947111050805	0.08483753298244946
5.223961889991197	0.08434410375838182
5.236004365857504	0.08385306705194287
5.248074602497725	0.08336441988063609
5.2601726639070625	0.0828781590440184
5.2722986142282275	0.08239428112103325
5.284452517751805	0.08191278246731758
5.296634438916578	0.08143365921248558
5.308844442309884	0.08095690725738641
5.321082592667942	0.08048252227133823
5.333348954876211	0.08001049968933556
5.345643593969716	0.07954083470923298
5.357966575133418	0.07907352228890106
5.370317963702527	0.07860855714335889
5.382697825162884	0.07814593374187828
5.3951062251512765	0.0776856463050637
5.4075432294558095	0.07722768880190412
5.420008904016238	0.07677205494679953
5.432503314924333	0.07631873819655949
5.445026528424211	0.0758677317473756
5.4575786109127105	0.07541902853176562
5.470159628939716	0.07497262121549102
5.482769649208539	0.07452850219444607
5.495408738576246	0.07408666359151948
5.508076964054036	0.07364709725342707
5.520774392807573	0.07320979474751738
5.533501092157368	0.07277474735854675
5.546257129579107	0.07234194608542754
5.559042572704037	0.0719113816379453
5.5718574893192985	0.07148304443344834
5.584701947368309	0.07105692459350622
5.597576014951102	0.07063301194053968
5.610479760324706	0.07021129599441922
5.623413251903491	0.06979176596903484
5.6363765582595455	0.06937441076883377
5.649369748123025	0.06895921898532875
5.6623928903825345	0.06854617889357388
5.675446054085471	0.06813527844861075
5.688529308438416	0.06772650528188152
5.701642722807475	0.06731984669761144
5.714786366718672	0.06691302695589486
5.727960309858292	0.06650561792221718
5.741164622073277	0.06610026655902729
5.7543993733715695	0.06569697074220933
5.767664633922509	0.0652957281675636
5.780960474057181	0.06489653634858851
5.794286964268812	0.06449939261424158
5.807644175213121	0.06410429410668061
5.821032177708716	0.06371123777898346
5.834451042737448	0.06332022039284768
5.847900841444809	0.06293123851626836
5.861381645140288	0.06254428852119591
5.874893525297769	0.06215936658117117
5.88843655355589	0.06177646866894035
5.902010801718445	0.06139559055404697
5.91561634175474	0.06101672780040333
5.9292532458	0.060639875763838405
5.942921586155727	0.0602650295896251
5.956621435290106	0.059892184209983684
5.970352865838369	0.059521334341563883
5.984115950603199	0.05915247448290308
5.997910762555095	0.05878559891186265
6.011737374832782	0.05842070168304014
6.025595860743578	0.058057776625159124
6.0394862937638	0.05769681733843468
6.0534087475391365	0.05733781719191596
6.067363295885055	0.056980769320804044
6.08135001278718	0.056625666623746615
6.095368972401694	0.05627250176010755
6.109420249055721	0.05592126714721289
6.123503917247737	0.05557195495757111
6.137620051647943	0.055224557116069765
6.151768727098683	0.05487906529714584
6.165950018614822	0.05453547092193195
6.180164001384161	0.054193765155376133
6.1944107507678146	0.05385393890333701
6.208690342300634	0.053515982809651835
6.223002851691596	0.05317988725317952
6.237348354824191	0.05284564234481722
6.251726927756859	0.05251323792448964
6.266138646723353	0.05218266355811274
6.2805835881331795	0.05185390853452963
6.295061828571975	0.051526961862420055
6.309573444801933	0.05120181226718174
6.324118513762193	0.050878448187785155
6.33869711256927	0.05055685777359936
6.353309318517436	0.05023702888119106
6.367955209079159	0.04991894907109421
6.382634861905486	0.04960260560455234
6.397348354826482	0.04928798544023107
6.412095765851615	0.04897263989542227
6.4268771731701975	0.04865610889731222
6.441692655151772	0.048341242120415094
6.456542290346556	0.04802803810616111
6.471426157485831	0.04771649525488168
6.486344335482385	0.04740661182406216
6.501296903430906	0.047098385926580284
6.516283940608428	0.04679181552892689
6.531305526474723	0.04648689844941171
6.546361740672751	0.04618363235635153
6.561452663029053	0.04588201476624289
6.576578373554206	0.04558204304191706
6.591738952443213	0.045283714390679276
6.606934480075961	0.044987025862429864
6.622165037017619	0.04469197434776942
6.637430704019089	0.04439855657608553
6.652731562017413	0.04410676911362347
6.668067692136222	0.04381660836153811
6.6834391756861455	0.04352807055392912
6.698846094165265	0.04324115175585767
6.714288529259523	0.04295584786134594
6.729766562843179	0.04267215459135757
6.745280276979219	0.042390067491760955
6.760829753919819	0.04210958193127315
6.77641507610675	0.04183069309938619
6.792036326171846	0.041553396004273824
6.807693586937414	0.04127768547068016
6.823386941416698	0.041003556137788846
6.839116472814292	0.04073100245707356
6.8548822645266165	0.040460018690128566
6.870684400142321	0.04019059890648062
6.886522963442762	0.0399227369813806
6.902398038402419	0.039656426593575926
6.918309709189366	0.03939166122306248
6.934258060165691	0.039128434148817094
6.9502431758879695	0.03886673844650933
6.966265141107686	0.03860656698619313
6.982324040771715	0.038347912429977565
6.998419960022734	0.03809076722967763
7.014552984199714	0.03783512362444297
7.030723198838334	0.037580973638366745
7.046930689671471	0.03732830907807241
7.06317554262962	0.03707712153027969
7.07945784384138	0.03682740235934849
7.095777679633888	0.036579142704801546
7.112135136533292	0.03633233347882467
7.128530301265195	0.036086965363745484
7.1449632607551345	0.03584302880948928
7.16143410212902	0.03560051403101314
7.177942912713619	0.035359411005716566
7.194489780036995	0.035117902602744305
7.211074791828998	0.03487564710324378
7.227698036021702	0.03463475840235718
7.2443596007499025	0.034395235017395144
7.261059574351547	0.03415707534714688
7.277798045368242	0.03392027767042549
7.294575102545687	0.03368484014460095
7.311390834834176	0.03345076080411899
7.3282453313890406	0.03321803755900694
7.345138681571151	0.032986668193365515
7.362070974947361	0.03275665036384732
7.379042301291012	0.03252798159812092
7.396052750582378	0.032300659293321696
7.413102413009177	0.032074680714487755
7.430191378967014	0.03185004299298255
7.447319739059893	0.03162674312490228
7.464487584100665	0.03140477796946981
7.481695005111545	0.031184144247413077
7.498942093324558	0.03096483853932979
7.516228940182057	0.030746857284036574
7.533555637337174	0.03053019677690379
7.550922276654341	0.030314853168174827
7.568328950209744	0.030100822461270885
7.58577575029184	0.029888100511079777
7.603262769401819	0.029676683022230126
7.620790100254123	0.02946656554734928
7.638357835776907	0.02925774348530634
7.655966069112566	0.02905021207943876
7.67361489361819	0.02884396641576372
7.691304402866098	0.028639001421172792
7.709034690644301	0.028435311861611308
7.726805850957025	0.02823289234024052
7.744617978025188	0.028031737295584346
7.76247116628692	0.0278318409996586
7.78036551039804	0.027633197556084527
7.798301105232589	0.027435800898184717
7.816278045883297	0.02723964478706278
7.83429642766212	0.027044722809665373
7.852356346100718	0.026851028376827527
7.870457896950989	0.02665855472130025
7.888601176185544	0.026467294895761037
7.906786279998253	0.02627724177080626
7.925013304804718	0.026088388032926468
7.943282347242818	0.025900726182463148
7.961593504173188	0.025714248531547947
7.979946872679768	0.025528947202023287
7.9983425500702845	0.02534481412334519
8.016780633876794	0.025161841030466956
8.035261221856173	0.024980019461704972
8.05378441199067	0.024799340756584968
8.072350302488383	0.024618290377210573
8.090958991783825	0.024436583256530066
8.109610578538408	0.024255980607866934
8.128305161640995	0.024076480883830617
8.147042840208396	0.023898082437454726
8.165823713585926	0.023720783520989563
8.1846478813479	0.023544582284684066
8.203515443298185	0.023369476775556362
8.222426499470712	0.023195464936153362
8.241381150130026	0.023022544603298847
8.260379495771788	0.022850713506830534
8.279421637123345	0.02267996926832527
8.298507675144226	0.022510309399813126
8.317637711026709	0.022341731302479382
8.336811846196344	0.022174232265355167
8.356030182312479	0.022007809463996206
8.375292821268827	0.02184245995914933
8.394599865193973	0.0216781806954075
8.413951416451951	0.021514968499852134
8.433347577642753	0.021352820080683742
8.452788451602899	0.021191732025839873
8.472274141405963	0.021031700801600894
8.491804750363139	0.02087272275118308
8.511380382023763	0.020714794093319316
8.531001140175896	0.020557910920826726
8.550667128846833	0.020402069199162053
8.570378452303697	0.020247264764963416
8.590135215053957	0.020093493324579707
8.609937521846007	0.01994075045258644
8.629785477669701	0.019789031590288608
8.649679187756934	0.01963833204420991
8.669618757582166	0.019488646984569074
8.689604292863018	0.019339971443741957
8.709635899560805	0.01919230031471056
8.729713683881117	0.01904562834949789
8.74983775227436	0.018899950157589298
8.770008211436348	0.018755260204339357
8.790225168308842	0.018611552809365252
8.810488730080142	0.018468822144925307
8.830799004185627	0.018327062234283792
8.851156098308357	0.01818626695006079
8.871560120379607	0.01804643001256796
8.892011178579486	0.01790754498812911
8.912509381337454	0.01776960528738662
8.933054837332953	0.01763260416359233
8.953647655495937	0.017496534710883933
8.974287945007486	0.0173613898625458
8.994975815300352	0.017227162389254935
9.01571137605957	0.017093844897311142
9.036494737223014	0.016961429826852115
9.057326008982002	0.01682859369326683
9.078205301781857	0.01669508741027529
9.099132726322518	0.016562450070650988
9.120108393559097	0.016430680361599562
9.141132414702504	0.016299776891360935
9.162204901219997	0.01616973818825669
9.183325964835811	0.016040562699728356
9.204495717531712	0.015912248791367312
9.225714271547634	0.015784794745935582
9.246981739382225	0.015658198762378076
9.268298233793494	0.01553245895482545
9.289663867799362	0.015407573351588497
9.311078754678306	0.015283539894142804
9.33254300796991	0.015160356436104897
9.354056741475521	0.015038020742198514
9.375620069258803	0.01491653048721213
9.39723310564638	0.014795883254946593
9.418895965228414	0.014676076537153719
9.440608762859236	0.01455710773246497
9.462371613657929	0.014438974145310868
9.484184633008974	0.014321672984830296
9.506047936562814	0.014205201363770542
9.527961640236521	0.014089556297376899
9.549925860214358	0.013974734702272932
9.571940712948447	0.013860733395330125
9.594006315159332	0.013747549092528063
9.616122783836648	0.013635178407803821
9.638290236239705	0.013523617851891653
9.660508789898136	0.013412863831151851
9.68277856261249	0.013302912646389648
9.7050996724549	0.013193760491663148
9.727472237769652	0.01308540345308117
9.749896377173872	0.012977837507589886
9.772372209558107	0.012871058521749202
9.79489985408699	0.012765062250497877
9.817479430199844	0.01265984433590807
9.84011105761134	0.012555400305928539
9.862794856312105	0.012451725573117049
9.885530946569391	0.012348815433361264
9.908319448927676	0.012246665064588694
9.93116048420934	0.012145269525464943
9.954054173515269	0.012044623754080797
9.977000638225535	0.01194472256662746
10.	0.011845560656060442
10.023052380778994	0.011747132590751426
10.046157902783957	0.011649432813128486
10.069316688518045	0.011552455638304447
10.092528860766844	0.011456195252692888
10.115794542598982	0.011360645712612387
10.1391138573668	0.011265800942878318
10.16248692870696	0.011170641252964646
10.18591388054117	0.011074974521025375
10.209394837076797	0.010979985994721105
10.232929922807546	0.01088567439637719
10.256519262514079	0.010792038383810971
10.280162981264736	0.010699076549562824
10.303861204416158	0.010606787420120679
10.32761405761398	0.010515169455137216
10.351421666793442	0.01042422104664033
10.375284158180126	0.01033394051823598
10.39920165829059	0.010244326124304245
10.423174293933046	0.010155376049187988
10.447202192208003	0.010067088406374339
10.471285480508996	0.00997946123766848
10.495424286523221	0.009892492512360424
10.519618738232236	0.009806180126383993
10.543868963912592	0.009720521901468573
10.568175092136585	0.00963551558428283
10.592537251772887	0.009551158845571135
10.616955571987253	0.009467449279282125
10.641430182243164	0.009384384401689568
10.665961212302578	0.009301961650505118
10.690548792226577	0.00922017838398344
10.71519305237607	0.009139031880019223
10.739894123412451	0.009058519335236312
10.76465213629835	0.008978637864068386
10.789467222298287	0.008899384497831843
10.814339512979387	0.008820756183790213
10.83926914021204	0.008742749784210505
10.864256236170656	0.00866536207541082
10.889300933334333	0.008588589746799895
10.91440336448757	0.00851242939990792
10.939563662720943	0.008436877547409002
10.964781961431852	0.008361930612134682
10.990058394325208	0.008287584926078997
11.015393095414156	0.008213836729394677
11.040786199020735	0.008140682169380619
11.066237839776663	0.00806811729946015
11.091748152624008	0.007996138078150613
11.117317272815919	0.00792474036802372
11.142945335917304	0.007853919934656959
11.168632477805613	0.007783672445575465
11.194378834671515	0.0077139934691849744
11.220184543019629	0.007644878473695221
11.24604973966927	0.0075763228260339426
11.271974561755105	0.0075083217907515555
11.297959146727976	0.007440870528915904
11.324003632355566	0.007373964096997704
11.350108156723154	0.007307597445746088
11.37627285823431	0.0072417654190544654
11.402497875611685	0.007175620091347817
11.428783347897712	0.0071090016228218065
11.45512941445536	0.007042895392197742
11.481536214968829	0.006977300242569376
11.508003889444357	0.0069122149660658565
11.534532578210918	0.006847638303251441
11.561122421920993	0.006783568942519611
11.587773561551263	0.006720005519481918
11.614486138403427	0.006656946616351039
11.641260294104908	0.0065943907613185354
11.66809617060963	0.006532336427926913
11.694993910198711	0.0064707820344361506
11.721953655481304	0.006409725943184309
11.748975549395292	0.006349166459942679
11.776059735208078	0.0062891018332649875
11.803206356517299	0.006229530253830925
11.830415557251646	0.006170449853783608
11.857687481671597	0.0061118587060613044
11.88502227437019	0.00605375482372311
11.91242008027375	0.005996136159268736
11.93988104464273	0.005939000603951981
11.967405313072431	0.005882345987088393
11.994993031493793	0.005826170075356583
12.02264434617413	0.005770470572093491
12.050359403717973	0.005715245116583184
12.078138351067798	0.0056604912833395525
12.10598133550483	0.005606206581382555
12.133888504649775	0.005552388453508158
12.161860006463678	0.005499034275551624
12.189895989248662	0.00544614135564449
12.217996601648723	0.005393706933464896
12.246161992650489	0.005341728179481389
12.274392311584071	0.005290202194189875
12.30268770812381	0.005239126007344078
12.331048332289097	0.005188496577179071
12.359474334445107	0.005138310789628144
12.387965865303691	0.005088565457532561
12.416523075924106	0.0050392573198446075
12.445146117713856	0.00499038304082352
12.473835142429433	0.004941939209224509
12.5025903021772	0.004893922337480463
12.531411749414156	0.004846328860876707
12.560299636948754	0.004799155136718443
12.589254117941675	0.0047523974434910245
12.618275345906707	0.004706051980012703
12.64736347471151	0.00466011486458022
12.67651865857846	0.004614582134106796
12.705741052085418	0.0045694497432527716
12.735030810166617	0.004524713563548478
12.764388088113435	0.004480369382509676
12.793813041575252	0.00443571568889075
12.823305826560219	0.0043906202946533196
12.852866599436155	0.004345898564360274
12.882495516931336	0.0043015496125830745
12.912192736135347	0.004257572516399281
12.941958414499863	0.004213966314952715
12.971792709839558	0.004170730009009448
13.001695780332899	0.004127862560509957
13.031667784523	0.004085362892117224
13.061708881318419	0.004043229886760805
13.09181922999407	0.004001462387176672
13.121998990192028	0.003960059195443085
13.15224832192239	0.003919019072512225
13.182567385564074	0.0038783407377377425
13.212956341865752	0.0038380228683978644
13.243415351946643	0.00379806409921449
13.273944577297401	0.0037584630218678106
13.304544179780914	0.0037192181845067825
13.33521432163324	0.00368032809125501
13.365955165464419	0.0036417912017124307
13.396766874259358	0.0036036059304524757
13.427649611378643	0.0035657706465148406
13.458603540559483	0.003528283672893602
13.489628825916533	0.0034911432860209634
13.52072563194278	0.0034543477152463235
13.551894123510364	0.003417895142310849
13.583134465871542	0.0033817837008171888
13.614446824659497	0.00334601147569474
13.645831365889252	0.0033105765026600342
13.677288255958494	0.0032754767676724784
13.708817661648537	0.003240710206385164
13.740419750125149	0.0032062747035909596
13.772094688939474	0.0031721680926636723
13.803842646028853	0.0031383881549943587
13.83566378971781	0.0031049326194225514
13.867558288718882	0.0030717991616626425
13.89952631213354	0.0030389854037251446
13.931568029453036	0.003006488913332965
13.963683610559377	0.002974307203332434
13.995873225726179	0.002942437731099326
14.028137045619589	0.002910877897939582
14.060475241299143	0.0028796250484849216
14.092887984218748	0.002848676470083002
14.12537544622754	0.002818029392182423
14.157937799570824	0.0027876809857122916
14.190575216890926	0.0027576283624564523
14.223287871228198	0.0027278685744221414
14.25607593602188	0.0026983986132033118
14.288939585111036	0.0026692154093383223
14.321878992735439	0.002640315831662136
14.35489433353656	0.0026111882787005275
14.387985782558452	0.0025817362986975062
14.421153515248696	0.002552554394274892
14.45439770745928	0.0025236418585665304
14.487718535447618	0.0024949979569115328
14.52111617587742	0.0024666219265306526
14.554590805819668	0.0024385129761996752
14.58814260275349	0.0024106702859199446
14.621771744567184	0.0023830930065858293
14.655478409559112	0.002355780259649321
14.689262776438676	0.0023287311367815536
14.723125024327194	0.0023019446995313927
14.757065332758946	0.0022754199789808294
14.791083881682072	0.002249155975397441
14.825180851459544	0.0022231516578836642
14.859356422870075	0.0021974059640230198
14.893610777109155	0.0021719177995230925
14.92794409578996	0.002146686037855419
14.962356560944343	0.002121709519892137
14.99684835502374	0.0020969870535394557
15.031419660900225	0.0020725174133677878
15.066070661867418	0.002048299340238695
15.100801541641477	0.002024331540928482
15.135612484362087	0.0020006126877484764
15.170503674593368	0.0019771414181619824
15.205475297324954	0.001953916334397768
15.240527537972907	0.0019309360030602381
15.275660582380732	0.0019081989547361069
15.310874616820303	0.0018857036835976805
15.346169827992941	0.0018634486470025262
15.381546403030342	0.0018414322650897564
15.4170045294956	0.0018196529203726658
15.452544395384141	0.0017981089573278924
15.488166189124811	0.001776798681980848
15.523870099580817	0.0017557203614876242
15.55965631605075	0.001734872223713191
15.595525028269538	0.0017142524568059432
15.631476426409538	0.0016938592087684487
15.667510701081484	0.0016736905870245336
15.70362804333553	0.0016537446579825408
15.739828644662197	0.001634019446594829
15.776112696993485	0.0016145129359133436
15.812480392703826	0.0015952230666414185
15.848931924611142	0.0015761477366816072
15.88546748597779	0.0015572848006796573
15.9220872705117	0.0015386320695644218
15.95879147236732	0.0015201873100838725
15.995580286146694	0.001501948244337036
16.032453906900418	0.0014839125493019186
16.069412530128773	0.0014660778563592768
16.106456351782697	0.0014480848479474868
16.143585568264868	0.0014298656396762948
16.18080037643066	0.0014118373954376342
16.218100973589298	0.0013939994391293758
16.255487557504836	0.0013763510727464628
16.292960326397232	0.0013588915761311988
16.330519478943348	0.0013416202067213457
16.368165214278086	0.001324536199295918
16.40589773199539	0.0013076387657187782
16.443717232149325	0.0012909270946799179
16.481623915255085	0.0012744003514344813
16.51961798229015	0.0012580576775393967
16.557699634695275	0.0012418981905877589
16.595869074375614	0.0012259209839408003
16.634126503701697	0.0012101251264575467
16.672472125510627	0.0011945096622220047
16.71090614310707	0.0011790736102680122
16.749428760264383	0.001163815964301617
16.788040181225607	0.0011487356924210542
16.82674061070467	0.001133831736834181
16.865530253887407	0.0011191030135734921
16.90440931643265	0.0011045484122086055
16.94337800447329	0.0010901667955562269
16.982436524617444	0.0010759569993875446
17.0215850839495	0.0010619178321330841
17.060823890031244	0.0010480480745849584
17.10015315090288	0.0010343464795965454
17.139573075084254	0.001020811771779468
17.179083871575877	0.0010074426471979967
17.21868574986008	0.0009942377730607307
17.25837891990204	0.0009811957874096401
17.298163592151013	0.000968315298806322
17.338039977541374	0.0009555948860155906
17.378008287493763	0.0009430330976862714
17.418068733916144	0.0009306284520292521
17.458221529205037	0.0009183794364926777
17.498466886246565	0.0009062845074343855
17.53880501841762	0.0008943420897914505
17.579236139586932	0.0008825505767469095
17.619760464116293	0.000870908329393533
17.66037820686164	0.0008594136763947428
17.70108958317422	0.0008480649136425626
17.741894808901662	0.0008368603039126391
17.78279410038923	0.0008257980765162355
17.82378767448089	0.0008148764269492613
17.864875748520518	0.0008040935165382554
17.906058540352948	0.0007934474720833366
17.947336268325266	0.0007829363854980309
17.988709151287875	0.0007725583134460531
18.030177408595698	0.0007623112769749234
18.071741260109274	0.0007518926290633683
18.113400926196025	0.0007412452101648249
18.15515662773135	0.0007307204371948345
18.197008586099845	0.0007203177683906505
18.238957023196384	0.0007100366465104882
18.281002161427427	0.0006998764986598694
18.323144223712113	0.0006898367361164786
18.365383433483473	0.0006799167541534412
18.407720014689563	0.0006701159318610604
18.450154191794738	0.000660433631966949
18.492686189780777	0.0006508692006546016
18.535316234148123	0.0006414219673803501
18.57804455091699	0.0006320912446887284
18.620871366628677	0.0006228763280261709
18.663796908346693	0.0006137764955531166
18.706821403658015	0.0006047910079544276
18.74994508067419	0.0005959191082481794
18.793168168032686	0.0005871600215927218
18.836490894898002	0.0005785129550921
18.879913490962945	0.0005699770975997339
18.92343618644976	0.0005615516195204144
18.967059212111465	0.0005532356726105205
19.010782799232995	0.0005450283897765379
19.054607179632484	0.0005369288848717839
19.098532585662387	0.000528936252491394
19.14255925021086	0.0005210495677654723
19.18668740670289	0.0005132678861504866
19.230917289101594	0.0005055902432188208
19.275249131909366	0.0004980156544465161
19.31968317016924	0.0004905431149991406
19.364219639466068	0.0004831715995158273
19.408858775927794	0.00047590006189142007
19.453600816226633	0.0004687274350567494
19.498445997580454	0.0004616526307569747
19.543394557753942	0.00045467453932803846
19.58844673505991	0.0004477920294711666
19.633602768360475	0.00044100394802544074
19.67886289706845	0.0004343091197383727
19.724227361148536	0.00042770634703453075
19.76969640111862	0.0004211944097821561
19.81527025805099	0.00041477206505777594
19.860949173573715	0.00040843804690877353
19.906733389871864	0.00040219106611393186
19.952623149688808	0.00039602980994191
19.998618696327448	0.0003899529419076561
20.044720273651613	0.0003839591015267031
20.090928126087277	0.0003780469040673846
20.137242498623895	0.0003722149403009076
20.183663636815616	0.0003664617762493027
20.23019178678272	0.0003607859529311867
20.276827195212817	0.0003549574451667147
20.32357010936221	0.00034893284982603234
20.37042077705719	0.00034297936633520825
20.417379446695296	0.0003370966368022016
20.46444636724674	0.000331284293764636
20.511621788255646	0.0003255419600834581
20.558905959841425	0.0003198692488356411
20.606299132700006	0.00031426576320595925
20.65380155810529	0.0003087310963777809
20.701413487910415	0.0003032648314229257
20.749135174549107	0.0002978665411905417
20.79696687103696	0.00029253578819501416
20.844908830972887	0.000287272124502871
20.892961308540386	0.0002820750916187174
20.941124558508935	0.0002769442203701564
20.989398836235246	0.0002718790307917176
21.03778439766475	0.00026687903200774387
21.086281499332888	0.0002619437221142758
21.134890398366476	0.0002570725880598971
21.183611352485023	0.00025226510552554343
21.23244462000219	0.0002475207388032499
21.28139045982711	0.0002428389406738555
21.330449131465773	0.00023821915228363434
21.379620895022324	0.00023366080301986497
21.428906011200585	0.00022916331038529464
21.47830474130533	0.0002247260798715358
21.527817347243737	0.00022034850483134804
21.57744409152667	0.00021602996634982851
21.6271852372702	0.00021176983311446137
21.67704104819694	0.00020756746128406205
21.727011788637455	0.00020342219435657842
21.77709772353159	0.00019933336303575513
21.827299118430012	0.00019530028509663071
21.87761623949552	0.00019132226524988912
21.9280493535045	0.00018739859500503236
21.978598727848254	0.00018352855253237862
22.02926463053456	0.00017971140252386023
22.080047330188993	0.00017594639605263482
22.13094709605639	0.00017223277043148288
22.181964198002195	0.00016856974906999273
22.23309890651403	0.0001649565413305064
22.28435149270303	0.00016139234238284221
22.335722228305325	0.0001578763330577638
22.3872113856834	0.00015440767969919817
22.438819237827662	0.0001509855340151777
22.490546058357804	0.0001476090329275169
22.542392121524305	0.00014427729842019524
22.59435770220978	0.0001409894373864547
22.646443075930595	0.00013774454147457335
22.698648518838212	0.0001345416869323389
22.750974307720718	0.00013137993445018687
22.803420720004187	0.00012825832900300856
22.8559880337543	0.0001251758996905987
22.908676527677724	0.00012213165957675794
22.961486481123632	0.00011912460552701843
23.01441817408509	0.00011615371804499926
23.06747188720069	0.00011321796110735475
23.12064790175594	0.00011031628199733887
23.173946499684796	0.00010744761113694724
23.227367963571073	0.00010461086191764421
23.280912576650078	0.00010180493052964237
23.33458062281002	0.00009902869578975075
23.38837238659356	0.00009628101896775707
23.442288153199225	0.0000935607436113508
23.49632820848307	0.00009086669536955227
23.55049283896009	0.00008819768181466583
23.604782331805783	0.00008555249226272032
23.65919697485759	0.00008292989759240449
23.71373705661655	0.00008032865006246228
23.76840286624876	0.00007774748312756362
23.823194693586913	0.00007518511125261786
23.878112829131783	0.0000726402297255307
23.933157564053875	0.00007011151446837767
23.9883291901949	0.00006759762184700053
24.043628000069347	0.00006509718847899923
24.099054286865954	0.00006260883104011923
24.154608344449404	0.00006013114606900391
24.210290467361776	0.00005766270977032171
24.266100950824168	0.00005520207781623807
24.32204009073816	0.00005274778514623119
24.378108183687527	0.00005029834576522365
24.434305526939713	0.0000478522525400363
24.49063241844747	0.00004540797699413483
24.547089156850312	0.00004296396910066978
24.603676041476273	0.00004051865707377818
24.660393372343385	0.000038070447158154776
24.717241450161318	0.00003561772341686379
24.774220576332862	0.00003315884751738998
24.831331052955704	0.000030692158515895644
24.888573182823905	0.00002821597263969554
24.94594726942956	0.00002572858306791586
25.003453616964322	0.000023228259710336002
25.06109253032114	0.00002071324898438379
25.118864315095795	0.000018181773590290073
25.17676927758857	0.000015632032284370312
25.234807724805755	0.000013062199650435037
25.29297996446145	0.0000104704258692936
25.35128630497907	7.854836486360047e-6
25.409727055493065	5.213532177328742e-6
25.46830252585042	2.5445885119201125e-6