0.1	3.99443974525563
0.10023052380778996	3.991374608400692
0.10046157902783952	3.9883096291884956
0.10069316688518042	3.985244789461614
0.10092528860766845	3.9821800705757786
0.10115794542598985	3.979115453394208
0.10139113857366794	3.9760509182818935
0.10162486928706957	3.9729864450998207
0.1018591388054117	3.969922013199152
0.102093948370768	3.9668576014153487
0.10232929922807542	3.9637931880622417
0.10256519262514076	3.9607287509260485
0.10280162981264736	3.9576642672593407
0.10303861204416162	3.9545997137749462
0.10327614057613975	3.951535066639812
0.10351421666793438	3.9484703014687996
0.10375284158180126	3.945405393318426
0.10399201658290592	3.94234031668056
0.10423174293933042	3.9392750454760463
0.10447202192208001	3.936209553048281
0.10471285480508996	3.933143812156731
0.10495424286523224	3.930077794970394
0.1051961873823223	3.9270114730611945
0.1054386896391259	3.9239448173973286
0.10568175092136585	3.9208661076176905
0.10592537251772889	3.9177869364571314
0.10616955571987247	3.9147073160015418
0.10641430182243161	3.911627243252837
0.10665961212302578	3.908546714970629
0.1069054879222658	3.905465727669009
0.10715193052376065	3.9023842776133053
0.10739894123412448	3.899302360816809
0.1076465213629835	3.8962199730374656
0.10789467222298288	3.8931371097745373
0.1081433951297938	3.890053766265234
0.10839269140212036	3.8869699374813145
0.10864256236170655	3.8838856181256514
0.10889300933334335	3.880800802628763
0.10914403364487565	3.877715485145321
0.10939563662720939	3.874629659550615
0.1096478196143185	3.87154331943699
0.10990058394325211	3.8684564581102503
0.11015393095414151	3.8653690685860234
0.11040786199020733	3.8622811435861006
0.11066237839776664	3.8591926755347328
0.11091748152624012	3.8561036565549007
0.11117317272815914	3.853014078464541
0.11142945335917301	3.849923932772747
0.11168632477805612	3.8468332106759267
0.11194378834671516	3.843741903053929
0.11220184543019636	3.84065000046613
0.11246049739669266	3.837557493147489
0.11271974561755105	3.834464371004564
0.11297959146727979	3.831370623611489
0.11324003632355571	3.828276240205917
0.11350108156723152	3.8251812096849256
0.1137627285823431	3.822085520600884
0.11402497875611688	3.8189891611572775
0.11428783347897718	3.8158921192045057
0.11455129414455358	3.8127943822356247
0.1148153621496883	3.809695937382067
0.11508003889444356	3.8065967714093154
0.11534532578210924	3.8034968707125265
0.11561122421920987	3.800396221312138
0.11587773561551262	3.797294808849411
0.11614486138403426	3.794192618581949
0.11641260294104915	3.7910896353791648
0.11668096170609624	3.78798584371772
0.11694993910198712	3.7848812276768986
0.11721953655481303	3.781775770933972
0.11748975549395298	3.7786694567594843
0.11776059735208072	3.775562268012532
0.11803206356517298	3.7724541871359714
0.11830415557251646	3.769345196151596
0.118576874816716	3.766227326509222
0.11885022274370183	3.76310846346459
0.11912420080273747	3.759988616967814
0.1193988104464273	3.756867786699589
0.11967405313072434	3.7537459721637982
0.11994993031493788	3.7506231726850037
0.12022644346174129	3.747499387405926
0.12050359403717974	3.7443746152848862
0.120781383510678	3.741248855093232
0.12105981335504823	3.7381221054127347
0.12133888504649772	3.7349943646329637
0.12161860006463679	3.7318656309486333
0.12189895989248664	3.728735902356926
0.12217996601648717	3.7256051766547844
0.12246161992650487	3.72247345143619
0.12274392311584072	3.719340724089399
0.12302687708123815	3.716206991794163
0.1233104833228909	3.7130722515189225
0.12359474334445104	3.7099365000179665
0.1238796586530369	3.7067997338285754
0.1241652307592411	3.703661949268123
0.1244514611771385	3.700523142431165
0.12473835142429429	3.6973833091864927
0.125025903021772	3.6942424451741553
0.1253141174941416	3.6911005458024593
0.1256029963694875	3.687957606244944
0.12589254117941673	3.6848136214373146
0.12618275345906707	3.681668586074357
0.12647363474711512	3.6785224946068227
0.12676518658578456	3.675375341238277
0.12705741052085415	3.672227119921931
0.12735030810166617	3.669077824357424
0.12764388088113438	3.665927447987598
0.12793813041575247	3.6627759839952247
0.12823305826560213	3.659623425299708
0.12852866599436155	3.6564697645537576
0.1288249551693134	3.653314994140029
0.12912192736135342	3.6501591061677323
0.1294195841449986	3.647002092469207
0.12971792709839558	3.643843944596473
0.13001695780332903	3.6406846538177358
0.13031667784522993	3.637524211113876
0.13061708881318415	3.6343626071748885
0.1309181922999407	3.6311998323963057
0.13121998990192033	3.628035876875569
0.13152248321922383	3.624870730408391
0.1318256738556407	3.621704382485053
0.1321295634186575	3.618536822286699
0.13243415351946647	3.6153680386815727
0.13273944577297395	3.612198020221234
0.1330454417978091	3.6090199680489436
0.1333521432163324	3.6058406178414546
0.13365955165464422	3.602659982123234
0.1339676687425935	3.599478064695802
0.1342764961137864	3.5962948692541956
0.13458603540559483	3.593110399385173
0.13489628825916536	3.5899246585654003
0.13520725631942773	3.5867376501596246
0.1355189412351036	3.5835493774188274
0.1358313446587154	3.580359843478354
0.136144468246595	3.5771690513560275
0.13645831365889247	3.5739770039502488
0.13677288255958492	3.570783704038067
0.13708817661648537	3.5675891542732385
0.13740419750125152	3.5643933571842608
0.13772094688939465	3.5611963151723938
0.1380384264602885	3.5579980305096544
0.1383566378971781	3.5547985053367928
0.13867558288718884	3.551597741661249
0.13899526312133534	3.548395741355091
0.13931568029453031	3.5451925061529286
0.13963683610559377	3.5419880376498085
0.13995873225726183	3.5387823372990885
0.14028137045619582	3.5355754064102904
0.1406047524129914	3.5323672461469293
0.14092887984218747	3.5291578575243268
0.14125375446227545	3.5259472414073967
0.14157937799570816	3.5227353985084116
0.14190575216890922	3.519522329384747
0.142232878712282	3.516308034436603
0.14256075936021884	3.513092513904708
0.1428893958511103	3.5098757678679866
0.14321878992735435	3.506657796241226
0.1435489433353656	3.5034385987726937
0.14387985782558455	3.500218175041757
0.14421153515248689	3.4969965244564603
0.14454397707459277	3.4937736462510887
0.14487718535447616	3.490549539483708
0.14521116175877424	3.4873242030336695
0.14554590805819662	3.48409763559911
0.14588142602753484	3.480869835694407
0.14621771744567183	3.4776408016476257
0.14655478409559117	3.4744105315979295
0.1468926277643867	3.471179023492973
0.1472312502432719	3.467946275086267
0.14757065332758945	3.4647122839345177
0.14791083881682077	3.4614770473949377
0.14825180851459538	3.4582405626225428
0.1485935642287007	3.4550028265674038
0.14893610777109154	3.4517638359718883
0.14927944095789963	3.4485193212800693
0.14962356560944334	3.445273520184791
0.1499684835502373	3.442026444468532
0.15031419660900225	3.438778100420658
0.15066070661867417	3.4355284942529747
0.15100801541641484	3.4322776320981863
0.1513561248436208	3.429025520008347
0.1517050367459337	3.4257721639532845
0.15205475297324955	3.4225175698190218
0.15240527537972914	3.4192617434061665
0.15275660582380723	3.416004690428296
0.15310874616820302	3.4127464165103185
0.15346169827992942	3.4094869271868182
0.1538154640303035	3.406226227900386
0.15417004529495593	3.402964323999929
0.1545254439538414	3.3997012207389647
0.1548816618912481	3.3964369232738987
0.15523870099580825	3.393171436662276
0.15559656316050743	3.38990476586103
0.15595525028269538	3.3866369157246976
0.15631476426409538	3.3833678910036262
0.15667510701081494	3.380097696342154
0.15703628043335524	3.3768263362767827
0.15739828644662196	3.373553815234317
0.15776112696993486	3.370280137530003
0.15812480392703834	3.367005307365624
0.15848931924611134	3.3637293288276013
0.15885467485977792	3.3604522058850614
0.159220872705117	3.357173942387886
0.15958791472367329	3.3538945420647384
0.15995580286146688	3.3506140085210845
0.16032453906900418	3.3473323452371733
0.1606941253012877	3.344049555566013
0.16106456351782708	3.340765642731319
0.16143585568264862	3.3374806098254437
0.16180800376430657	3.3341944598072826
0.16218100973589297	3.330907195500164
0.16255487557504839	3.327618819589715
0.16292960326397224	3.3243293346217033
0.16330519478943342	3.321038742999863
0.16368165214278085	3.317747046983695
0.16405897731995392	3.3144542486862445
0.16443717232149316	3.3111603500718627
0.1648162391525508	3.3078653529539364
0.1651961798229015	3.3045692589926023
0.1655769963469528	3.301272069692438
0.16595869074375605	3.2979737864001293
0.16634126503701693	3.294674410302107
0.16672472125510626	3.2913739424221795
0.16710906143107074	3.2880723836191175
0.16749428760264373	3.284768022454084
0.16788040181225602	3.281462561660234
0.16826740610704674	3.2781560078795486
0.16865530253887412	3.2748483654624474
0.16904409316432642	3.2715396386398874
0.16943378004473283	3.268229831521361
0.16982436524617442	3.2649189480928946
0.17021585083949506	3.2616069922150115
0.17060823890031235	3.258293967620681
0.17100153150902875	3.254979877913249
0.17139573075084252	3.2516647265643406
0.17179083871575881	3.2483485169117454
0.1721868574986007	3.245031252157288
0.17258378919902034	3.2417129353646588
0.17298163592151014	3.2383935694572474
0.17338039977541378	3.235073157215932
0.17378008287493754	3.231751701276862
0.17418068733916142	3.2284292041292093
0.17458221529205037	3.2251056681129042
0.1749846688624657	3.2217810954163397
0.1753880501841761	3.218455488074065
0.17579236139586926	3.2151288479644435
0.1761976046411629	3.211801176807297
0.17660378206861643	3.2084724761615218
0.17701089583174212	3.205142747422683
0.17741894808901656	3.201811991820586
0.1778279410038923	3.1984802104168173
0.17823787674480895	3.195147404102272
0.17864875748520506	3.1918135735946493
0.17906058540352943	3.188478719435924
0.17947336268325265	3.1851428419897974
0.1798870915128788	3.1818059414391175
0.1803017740859569	3.1784680177832776
0.1807174126010927	3.1751290708355917
0.18113400926196024	3.1717891002206366
0.18155156627731356	3.1684481053715774
0.18197008586099836	3.1651060855274578
0.18238957023196378	3.1617630397304746
0.1828100216142743	3.158418966823213
0.18323144223712115	3.155073865445869
0.18365383433483465	3.1517277340334307
0.18407720014689558	3.148380570812847
0.18450154191794738	3.1450323738001558
0.18492686189780783	3.1416831407975927
0.18535316234148114	3.1383328693906702
0.18578044550916986	3.1349815569452257
0.18620871366628675	3.1316292006044457
0.186637969083467	3.1282757972858573
0.18706821403658005	3.124921343678295
0.18749945080674188	3.121565836238836
0.18793168168032684	3.118204677169796
0.18836490894898006	3.1148424298620996
0.18879913490962935	3.111479106944261
0.18923436186449755	3.1081147151209847
0.18967059212111465	3.1047492610049128
0.19010782799233	3.1013827511148797
0.19054607179632474	3.0980151918741403
0.1909853258566238	3.094646589608591
0.19142559250210858	3.0912769505449647
0.19186687406702896	3.0879062808090083
0.19230917289101584	3.084534586423644
0.1927524913190936	3.081161873307106
0.1931968317016924	3.0777881472710646
0.19364219639466074	3.0744134140187254
0.19408858775927784	3.0710376791429126
0.19453600816226624	3.0676609481241277
0.19498445997580455	3.064283226328597
0.19543394557753943	3.0609045190062876
0.195884467350599	3.0575248312889123
0.19633602768360464	3.0541441681879107
0.1967886289706845	3.0507625345924065
0.19724227361148533	3.047379935267152
0.19769696401118608	3.043996374850441
0.1981527025805098	3.040611857852013
0.19860949173573716	3.037226388650921
0.19906733389871864	3.033839971493395
0.19952623149688797	3.0304526104906646
0.1999861869632744	3.02706430961678
0.20044720273651614	3.0236750727063937
0.2009092812608728	3.020284903452531
0.20137242498623883	3.0168938054043304
0.20183663636815607	3.013501781964767
0.2023019178678272	3.010108836388352
0.20276827195212818	3.0067149717788064
0.20323570109362218	3.0033891139534803
0.2037042077705718	3.0014511242318096
0.20417379446695297	2.9995111451763217
0.20464446367246739	2.997569129883461
0.20511621788255657	2.995625030773595
0.20558905959841414	2.9936787995842535
0.20606299132700007	2.991730387363306
0.20653801558105292	2.9897797444620866
0.20701413487910425	2.9878268205284524
0.20749135174549097	2.9858715644997935
0.2079696687103696	2.9839139245959725
0.20844908830972886	2.981953848312214
0.20892961308540398	2.9799912824119255
0.20941124558508925	2.9780261729194653
0.20989398836235246	2.9760584651128426
0.21037784397664752	2.9740881035163604
0.21086281499332898	2.972099148212943
0.21134890398366465	2.970107333862972
0.2118361135248502	2.968112661065574
0.21232444620002192	2.9661151099994068
0.21281390459827124	2.9641146605891895
0.21330449131465762	2.9621112925031348
0.21379620895022325	2.960104985150355
0.21428906011200585	2.958095717678259
0.21478304741305343	2.9560834689699123
0.21527817347243727	2.9540682176413817
0.21577444091526668	2.952049942039059
0.21627185237270202	2.9500286202369552
0.21677041048196952	2.948004230033978
0.21727011788637443	2.9459767489511806
0.2177709772353159	2.943946154228991
0.21827299118430013	2.9419124228244153
0.2187761623949553	2.9398755314082163
0.21928049353504486	2.937835456362073
0.21978598727848253	2.935792173775707
0.2202926463053456	2.9337456594439937
0.22080047330189004	2.931695888864042
0.22130947096056375	2.929642837232254
0.22181964198002194	2.9275864794413526
0.2223309890651403	2.925526790077396
0.22284351492703042	2.9234637434167507
0.22335722228305316	2.9213973134230553
0.223872113856834	2.9193274737441426
0.22438819237827662	2.917254197708951
0.2249054605835781	2.915177458324394
0.22542392121524293	2.9130972282722194
0.22594357702209775	2.911013479905827
0.22646443075930595	2.9089261852470707
0.2269864851883822	2.906835315983024
0.22750974307720706	2.9047408434627267
0.2280342072000418	2.9026427386938987
0.22855988033754301	2.9005409723396287
0.2290867652767773	2.8984355147150325
0.2296148648112362	2.8963263357838813
0.23014418174085083	2.8942134051552117
0.2306747188720069	2.892096692079895
0.23120647901755947	2.889976165447184
0.23173946499684786	2.8878517937812265
0.2322736796357107	2.885723545237557
0.23280912576650079	2.8835913875995516
0.23334580622810028	2.881455288274853
0.23388372386593548	2.8793152142917737
0.2344228815319922	2.877171132295659
0.23496328208483072	2.8750230085452246
0.23550492838960096	2.8728708089088633
0.2360478233180577	2.8707144988609192
0.23659196974857583	2.8685309386186972
0.23713737056616552	2.8663430638695395
0.23768402866248767	2.86415092380526
0.23823194693586902	2.8619545386443073
0.23878112829131776	2.8597539289738525
0.23933157564053875	2.857549115753392
0.23988329190194904	2.8553401203183917
0.24043628000069334	2.8531269643839523
0.24099054286865948	2.8509096700485057
0.24154608344449405	2.8486882597975476
0.2421029046736178	2.8464627565073966
0.24266100950824154	2.84423318344898
0.24322040090738153	2.8419995642916627
0.24378108183687525	2.8397619231070976
0.2443430552693972	2.8375202843731095
0.24490632418447456	2.8352746729776133
0.24547089156850305	2.833025114222566
0.24603676041476275	2.8307716338279447
0.24660393372343392	2.828514257935762
0.24717241450161304	2.826253013114116
0.24774220576332856	2.823987926361271
0.24831331052955705	2.821719025109768
0.2488857318282391	2.8194463372305765
0.24945947269429547	2.817169891037276
0.25003453616964316	2.8148897152902705
0.2506109253032114	2.812605839201042
0.251188643150958	2.8103182924364343
0.25176769277588557	2.808027105122973
0.25234807724805747	2.805732307851225
0.2529297996446145	2.8034339316801855
0.25351286304979076	2.801132008141709
0.25409727055493053	2.7988265692449716
0.2546830252585041	2.7965176474809708
0.2552701302661247	2.7942052758270624
0.2558585886905646	2.7918894877515337
0.25644840365177174	2.789570317218217
0.2570395782768864	2.7872477986911313
0.25763211570025757	2.7849219671391783
0.25822601906345966	2.7825928580408577
0.2588212915153092	2.7802605073890367
0.2594179362118814	2.7779249516957454
0.2600159563165272	2.775586227997023
0.2606153549998896	2.773244373857793
0.26121613543992067	2.770899427376784
0.2618183008218985	2.7685514271914915
0.26242185433844417	2.766200412483171
0.26302679918953814	2.7638464229818847
0.263633138582538	2.7614894989715766
0.2642408757321946	2.7591296812951978
0.2648500138606701	2.756767011359868
0.2654605561975539	2.754413885731027
0.26607250597988097	2.7520580639411865
0.2666858664521479	2.749699543711881
0.26730064086633115	2.747338338623636
0.2679168324819031	2.7449744624295116
0.26853444456585074	2.7426079290565046
0.26915348039269155	2.7402387526069503
0.26977394324449205	2.7378669473599353
0.2703958364108843	2.7354925277727307
0.2710191631890843	2.7331155084822196
0.2716439268839082	2.7307359043063535
0.2722701308077913	2.7283537302456
0.272897778280804	2.72596900148442
0.27352687263067127	2.7235817333927392
0.27415741719278824	2.721191941527444
0.2747894153102397	2.7187996416338756
0.2754228703338166	2.716404849647346
0.27605778562203465	2.714007581694661
0.27669416454115114	2.7116078540956496
0.2773320104651841	2.709205683364713
0.27797132677592884	2.706801086212379
0.2786121168629771	2.7043940795468684
0.27925438412373377	2.7019846804756784
0.2798981319634363	2.6995729063071656
0.2805433637951713	2.6971587745521557
0.28119008303989407	2.694742302925551
0.28183829312644537	2.6923235093479607
0.2824879974915708	2.689902411947336
0.2831391995799379	2.687479029060617
0.2837919028441557	2.6850533792354003
0.28444611074479154	2.6826254812316064
0.285101826750391	2.6801953540231676
0.28575905433749466	2.677763016799725
0.2864177969906581	2.6753284889683395
0.28707805820246907	2.6728917901552167
0.28773984147356696	2.6704529402074373
0.28840315031266056	2.6680119591947067
0.2890679882365476	2.665568867411117
0.28973435877013226	2.6631236853769207
0.2904022654464451	2.660676433840312
0.2910717118066605	2.6582271337792336
0.29174270140011677	2.6557758064031813
0.29241523778433354	2.6533224731550358
0.2930893245250321	2.650867155712897
0.2937649651961531	2.6484098759919372
0.29444216337987617	2.6459506561462693
0.29512092266663853	2.6434895185708216
0.29580124665515467	2.641026485903233
0.2964831389524342	2.6385615810257574
0.29716660317380267	2.636094827067189
0.29785164294291894	2.6336393130622997
0.298538261891796	2.631182072670838
0.2992264636608189	2.6287230817498375
0.29991625189876514	2.6262623325635137
0.30060763026282306	2.6237998171902928
0.3013006024186122	2.621335527520558
0.3019951720402016	2.6188694552543836
0.30269134281013055	2.6164015918992387
0.30338911841942706	2.6139319287676788
0.3040885025676279	2.61146045697501
0.3047894989627983	2.6089871674369354
0.3054921113215513	2.6065120508671744
0.3061963433690677	2.604035097775069
0.30690219883911574	2.601556298463158
0.3076096814740708	2.599075643024737
0.3083187950249354	2.596593121341392
0.30902954325135906	2.5941087230805095
0.309741929921658	2.5916224376927675
0.31045595881283555	2.589134254409602
0.31117163371060175	2.5866441622406455
0.3118889584093937	2.584152149971153
0.3126079367123955	2.5816582061593913
0.31332857243155854	2.5791623191340176
0.3140508693876217	2.576664476991422
0.3147748314101316	2.574164667593056
0.31550046233746265	2.5716628785627287
0.31622776601683794	2.569159097283886
0.3169567463043491	2.566653310896858
0.31768740706497706	2.564145506296087
0.3184197521726125	2.5616356701273246
0.31915378551007617	2.559123788784814
0.3198895109691398	2.5566098484084296
0.3206269324505466	2.5540938348808115
0.3213660538640317	2.551575733824455
0.32210687912834346	2.54905553059879
0.32284941217126356	2.546533210297219
0.32359365692962827	2.5440087577441437
0.32433961734934924	2.5414821574919517
0.3250872973854344	2.538953393817983
0.3258367010020088	2.5364224507214708
0.32658783217233583	2.5338893119204484
0.3273406948788382	2.5313539608486346
0.328095293113119	2.528816380652288
0.32885163087598307	2.526276554187033
0.32960971217745777	2.523734464014662
0.3303695410368148	2.5211900923998996
0.3311311214825911	2.51864342130715
0.3318944575526104	2.5160944323972045
0.33265955329400454	2.5135431070239282
0.333426412763235	2.5109894262309123
0.3341950400261143	2.50842249197319
0.33496543915782767	2.5058531004176223
0.3357376142429547	2.50328127164171
0.33651156937549076	2.500707011949767
0.3372873086588689	2.498130327686791
0.3380648362059816	2.4955512252384713
0.33884415613920255	2.492969711031204
0.3396252725904084	2.4903857915321024
0.3404081897010009	2.4877994732490065
0.34119291162192855	2.485210762730491
0.3419794425137089	2.4826196665658675
0.3427677865464504	2.480026191385193
0.34355794789987465	2.477430343859265
0.34434993076333853	2.4748321306996277
0.3451437393358563	2.472231558658568
0.345939377826122	2.469628634529109
0.34673685045253166	2.467023365145007
0.34753616144320587	2.4644157573807424
0.34833731503601184	2.4618058181515092
0.34914031547858615	2.4591935544132064
0.3499451670283573	2.4565789731624177
0.350751873952568	2.4539620814364023
0.35156044052829816	2.451342886313073
0.35237087104248715	2.4487213949109754
0.353183169791957	2.4460976143892674
0.3539973410834347	2.4434715519476957
0.35481338923357547	2.4408432148265655
0.3556313185689854	2.438212610306714
0.3564511334262443	2.4355797457094774
0.35727283815192895	2.4329446283966614
0.35809643710263606	2.4303072657705
0.35892193464500527	2.42766766527362
0.35974933515574237	2.4250258343890025
0.36057864302164244	2.422381780639937
0.36140986263961333	2.4197355115899746
0.36224299841669866	2.417087034842887
0.3630780547701014	2.4144363580426083
0.36391503612720716	2.411783488873191
0.36475394692560786	2.40912843505874
0.36559479161312497	2.4064712043633647
0.36643757464783333	2.403811804591114
0.3672823004980847	2.4011502435859136
0.3681289736425315	2.3984865292315005
0.3689775985701504	2.395820669451357
0.3698281797802663	2.3931526722086365
0.37068072178257605	2.3904825455060914
0.37153522909717257	2.3878102973859963
0.3723917062545686	2.38513593593007
0.3732501577957206	2.382459469259391
0.3741105882720534	2.3797809055343144
0.3749730022454836	2.3770973837707903
0.3758374042884442	2.3744117647698237
0.37670379898390893	2.3717240673547915
0.377572190925416	2.3690343068408577
0.37844258471709324	2.3663424986790864
0.3793149849736819	2.363648658457276
0.38018939632056115	2.360952801900792
0.381065823393773	2.3582549448734094
0.3819442708400465	2.3555551033781583
0.38282474331682265	2.3528532935581747
0.38370724549227875	2.350149531697556
0.38459178204535355	2.347443834222219
0.38547835766577176	2.3447362177007687
0.38636697705406914	2.342026698845363
0.3872576449216172	2.3393152945125935
0.3881503659906482	2.336602021704359
0.38904514499428056	2.333886897568754
0.3899419866765434	2.331169939400959
0.390840895792402	2.3284511646441297
0.3917418771077831	2.3257305908903043
0.3926449353995998	2.3230082358813
0.3935500754557774	2.320284117509631
0.3944573020752784	2.3175582538194144
0.3953666200681279	2.3148306630073003
0.39627803425543945	2.3121013634233876
0.3971915494694403	2.3093703735721602
0.3981071705534972	2.3066377121134214
0.39902490236214205	2.303903397863234
0.39994474976109745	2.301167449794867
0.4008667176273028	2.2984298870397466
0.4017908108489399	2.295690728888414
0.4027170343254591	2.2929499947914875
0.40364539296760493	2.2902077043606304
0.4045758916974427	2.2874638773695226
0.40550853544838383	2.2847185337548406
0.40644332916521275	2.2819716936172414
0.40738027780411273	2.279223377222352
0.4083193863326921	2.2764736050017653
0.40926065973001086	2.27372239755404
0.4102041029866068	2.2709697756457072
0.41114972110452225	2.268215760212283
0.4120975190973302	2.2654603723592857
0.4130475019901614	2.262703633363259
0.41399967481973043	2.2599455646728037
0.4149540426343629	2.25718618790961
0.41591061049402206	2.2544255248694993
0.4168693834703354	2.251663597523471
0.41783036664662176	2.2489004280187563
0.4187935651179184	2.246136038679874
0.41975898399100753	2.2433704520096986
0.4207266283844441	2.240612926156133
0.4216965034285822	2.237854302017581
0.422668614265603	2.2350945686933246
0.4236429660495411	2.232333726882951
0.4246195639463129	2.229571777157286
0.4255984131337431	2.2268087199564905
0.42657951880159267	2.2240445555881325
0.4275628861515862	2.2212792842252425
0.4285485203974395	2.218512905904353
0.4295364267648873	2.2157454205235125
0.43052661049171065	2.2129768278402855
0.43151907682776525	2.2102071274697304
0.43251383103500873	2.2074363188823565
0.4335108783875289	2.204664401402065
0.43451022417157154	2.2018913742040667
0.4355118736855686	2.1991172363127762
0.436515832240166	2.1963419865996965
0.4375221051582521	2.1935656237812706
0.4385306977749857	2.1907881464167196
0.4395416154378245	2.1880095529058585
0.4405548635065533	2.185229841486889
0.4415704473533125	2.1824490102341745
0.44258837236262655	2.1796670570559886
0.44360864393143257	2.176883979692246
0.4446312674691087	2.174099775712213
0.4456562483975033	2.171314442512187
0.44668359215096315	2.168527977313167
0.44771330417636257	2.1657403771584884
0.4487453899331322	2.1629516389114483
0.449779854893288	2.160161759252894
0.45081670454146017	2.1573707346788007
0.4518559443749224	2.1545785614978215
0.4528975799036208	2.1517852358288083
0.4539416166502032	2.1489907535983206
0.4549880601500486	2.1461951105381014
0.4560369159512962	2.1433983021825327
0.4570881896148751	2.140600323866066
0.4581418867145335	2.137801170720631
0.4591980128368686	2.1350008376730134
0.4602565735813561	2.132199319442217
0.4613175745603794	2.1293966105367934
0.46238102139926035	2.126592705252148
0.46344691973628804	2.123787597667825
0.46451527522274944	2.1209812816447626
0.465586093522959	2.118173750822522
0.46665938031428866	2.115364998616492
0.46773514128719823	2.1125550182150707
0.46881338214526524	2.109743802576813
0.46989410860521547	2.1069313444275566
0.47097732639695294	2.1041176362575262
0.47206304126359055	2.1012953076494987
0.4731512589614805	2.0984716706304773
0.4742419852602447	2.095646744027757
0.47533522594280536	2.092820537318805
0.47643098680541573	2.089993059979705
0.47752927365769093	2.087164321484485
0.4786300923226384	2.084334331304443
0.47973344863668915	2.0815030989074574
0.4808393484497286	2.0786706337572904
0.4819477976251274	2.075836945312888
0.4830588020397727	2.0730020430276617
0.48417236758409943	2.070165936348769
0.4852885001621211	2.0673286347163846
0.4864072056914617	2.0644901475629567
0.4875284901033864	2.0616504843124583
0.48865235934283363	2.058809654379631
0.48977881936844625	2.0559676671692166
0.4909078761526032	2.053124532075178
0.492039535681451	2.0502802584799156
0.49317380395493593	2.047434855753467
0.4943106869868355	2.0445883332527077
0.4954501908047903	2.0417407003205277
0.49659232145033616	2.038891966285012
0.49773708497893604	2.036042140458602
0.4988844874600123	2.033191232137253
0.5000345349769786	2.0303392505995763
0.5011872336272724	2.0274862051059723
0.5023425895223872	2.0246321048977602
0.5035006087879049	2.021776959196285
0.5046612975635284	2.0189207772020263
0.505824662003114	2.0160635680936863
0.5069907082747043	2.0132053410272737
0.5081594425605604	2.0103461051351763
0.5093308710571953	2.0074858695252202
0.5105049999754062	2.0046246432797172
0.5116818355403077	2.0017624354545074
0.5128613839913648	1.998899255077982
0.514043651582426	1.996035111150102
0.5152286445817564	1.9931700126414011
0.5164163692720709	1.990303968491981
0.5176068319505677	1.9874369876104896
0.5188000389289611	1.984569078873095
0.5199959965335159	1.9817002511224395
0.5211947111050804	1.9788305131665889
0.5223961889991198	1.975959873777965
0.5236004365857502	1.9730883416922689
0.5248074602497725	1.9702159256073901
0.5260172663907061	1.967342634182305
0.5272298614228227	1.9644684760359612
0.5284452517751804	1.9615934597461506
0.5296634438916578	1.9587146464322178
0.5308844442309884	1.955834974927932
0.5321082592667942	1.9529544645140047
0.5333348954876209	1.950073130781518
0.5345643593969717	1.9471909893743122
0.5357966575133416	1.9443080559887398
0.5370317963702527	1.9414243463734149
0.5382697825162883	1.9385398763289559
0.5395106225151276	1.9356546617077284
0.5407543229455808	1.9327687184135751
0.5420008904016238	1.9298820624015467
0.5432503314924332	1.9269947096776192
0.5445026528424212	1.9241066762984163
0.5457578610912709	1.921217978370916
0.5470159628939716	1.9183286320521586
0.5482769649208538	1.915438653548943
0.5495408738576245	1.9125480591175223
0.5508076964054034	1.909656865063289
0.5520774392807574	1.9067650877404585
0.5533501092157367	1.9038727435517433
0.5546257129579107	1.9009798489480205
0.5559042572704036	1.8980864204279968
0.5571857489319298	1.895192474537864
0.5584701947368308	1.8922980278709494
0.5597576014951101	1.8894030970673583
0.5610479760324705	1.8865076988136136
0.5623413251903491	1.883611849842284
0.5636376558259545	1.88071556693161
0.5649369748123025	1.8778188669051217
0.5662392890382533	1.874921766631245
0.5675446054085471	1.8720242830229115
0.5688529308438415	1.8691264330371526
0.5701642722807475	1.8662282336746887
0.571478636671867	1.863329701979514
0.5727960309858292	1.860430855038471
0.5741164622073276	1.8575317099808202
0.5754399373371569	1.8546322839778027
0.5767664633922508	1.85173259424219
0.5780960474057181	1.8488326580278382
0.5794286964268811	1.845932492629219
0.580764417521312	1.8430321153809597
0.5821032177708715	1.84013154365736
0.5834451042737447	1.8372307948719153
0.5847900841444807	1.8343298864768216
0.5861381645140288	1.8314288359624766
0.5874893525297767	1.8285276608569756
0.588843655355589	1.8256263787255937
0.5902010801718444	1.822725007170266
0.591561634175474	1.8198235638290527
0.5929253245799998	1.8169220663756032
0.5942921586155727	1.8140219767435808
0.5956621435290105	1.8111218768176078
0.5970352865838369	1.8082217790665087
0.5984115950603197	1.8053216977779225
0.5997910762555094	1.8024216472233843
0.6011737374832781	1.7995216416572608
0.6025595860743578	1.796621695315681
0.6039486293763798	1.793721822415446
0.6053408747539136	1.7908220371529349
0.6067363295885054	1.7879223537029898
0.6081350012787179	1.7850227862177912
0.6095368972401692	1.7821233488257207
0.610942024905572	1.7792240556302072
0.6123503917247736	1.776324920708565
0.6137620051647943	1.7734259581108125
0.6151768727098682	1.7705271818584796
0.6165950018614822	1.7676286059434019
0.618016400138416	1.7647302443265007
0.6194410750767815	1.761832110936547
0.6208690342300636	1.7589342196689137
0.6223002851691596	1.756036584384311
0.6237348354824193	1.7531392189075121
0.6251726927756859	1.7502421370260546
0.6266138646723355	1.74734535248894
0.628058358813318	1.7444488790053057
0.6295061828571976	1.7415527302430935
0.6309573444801934	1.7386569198276915
0.6324118513762195	1.7357614613405723
0.633869711256927	1.7328663683179029
0.6353309318517437	1.7299716542491541
0.6367955209079159	1.7270773325756799
0.6382634861905487	1.7241834166892895
0.6397348354826482	1.7212899199308014
0.6412095765851616	1.7183968555885802
0.6426877173170197	1.7155042368970592
0.6441692655151774	1.7126120770352429
0.6456542290346556	1.7097203891251984
0.6471426157485832	1.706829186230525
0.6486344335482385	1.7039384813548086
0.6501296903430908	1.701048287440061
0.6516283940608427	1.6981586173651408
0.6531305526474724	1.6952694839441536
0.654636174067275	1.6923808999248418
0.6561452663029055	1.6894928779869498
0.6576578373554206	1.6866054307405758
0.6591738952443215	1.6837185707245046
0.6606934480075961	1.680832310404521
0.662216503701762	1.6779466621717065
0.6637430704019089	1.6750616383407166
0.6652731562017414	1.672177251148042
0.6668067692136223	1.6692951103573348
0.6683439175686147	1.6664136396913318
0.6698846094165265	1.66353284526936
0.6714288529259524	1.6606527351005214
0.6729766562843179	1.6577733170527
0.6745280276979221	1.654894598850188
0.6760829753919819	1.6520165880712834
0.6776415076106752	1.6491392921458679
0.6792036326171846	1.6462627183529583
0.6807693586937414	1.6433868738182316
0.6823386941416696	1.6405117655115293
0.6839116472814293	1.637637400244332
0.6854882264526615	1.634763784667213
0.6870684400142321	1.631890925267262
0.688652296344276	1.629018828365487
0.6902398038402419	1.6261475001141894
0.6918309709189364	1.6232769464943098
0.6934258060165691	1.620407173312752
0.6950243175887968	1.6175381861996776
0.6966265141107687	1.6146699906057738
0.6982324040771714	1.6118025917994945
0.6998419960022735	1.6089359948642759
0.7014552984199712	1.606070204695723
0.7030723198838335	1.6032052259987655
0.7046930689671469	1.600341063284793
0.7063175542629619	1.597477720868754
0.7079457843841379	1.5946152028662322
0.7095777679633888	1.5917535131904907
0.711213513653329	1.5888926555494904
0.7128530301265195	1.5860326334428752
0.7144963260755133	1.5831734501589312
0.716143410212902	1.5803151087715153
0.7177942912713617	1.577457612136953
0.7194489780036994	1.5746009628909081
0.7211074791828996	1.5717451634452175
0.7227698036021702	1.5688902159847025
0.72443596007499	1.566036122463941
0.7261059574351547	1.5631828846040166
0.727779804536824	1.5603305038892286
0.7294575102545687	1.5574789815637775
0.7311390834834174	1.5546283186284142
0.732824533138904	1.5517785158370534
0.734513868157115	1.5489295736933661
0.7362070974947361	1.5460814924473272
0.737904230129101	1.5432342720917371
0.7396052750582378	1.5403879123587074
0.7413102413009175	1.5375424127161132
0.7430191378967014	1.5346977723640132
0.744731973905989	1.5318539902310322
0.7464487584100665	1.5290110649707143
0.7481695005111544	1.5261630798764438
0.7498942093324559	1.523315913855737
0.7516228940182055	1.5204695864556164
0.7533555637337174	1.5176241096203722
0.7550922276654339	1.514779495200602
0.7568328950209744	1.5119357549512762
0.7585775750291838	1.5090929005297806
0.7603262769401818	1.506250943493939
0.762079010025412	1.5034098953000161
0.7638357835776907	1.5005697673006984
0.7655966069112563	1.4977305707430524
0.7673614893618189	1.4948923167664656
0.7691304402866096	1.4920550164005615
0.7709034690644301	1.489218680563096
0.7726805850957024	1.4863833200578305
0.7744617978025188	1.4835489455723825
0.7762471166286917	1.4807155676760546
0.7780365510398041	1.477883196817642
0.7798301105232588	1.4750518433232171
0.7816278045883297	1.472221517393887
0.7834296427662119	1.469392229103535
0.7852356346100718	1.4665639883965333
0.7870457896950986	1.4637368050854356
0.7888601176185545	1.460910688848643
0.7906786279998251	1.4580856492280496
0.7925013304804718	1.4552616956266613
0.7943282347242815	1.45243883730619
0.7961593504173188	1.4496170833846276
0.7979946872679766	1.4467964428337894
0.7998342550070284	1.4439769244768366
0.8016780633876791	1.4411585369857731
0.8035261221856173	1.4383412888789155
0.8053784411990667	1.4355251885183398
0.8072350302488382	1.4327102441072996
0.8090958991783823	1.429896463687622
0.8109610578538409	1.427083855137072
0.8128305161640993	1.424272426166698
0.8147042840208396	1.4214621843181423
0.8165823713585925	1.4186531369609316
0.81846478813479	1.4158452912897361
0.8203515443298183	1.4130386543216042
0.8222426499470712	1.4102332328931664
0.8241381150130024	1.4074290336578157
0.8260379495771788	1.4046260630828558
0.8279421637123342	1.4018243274466249
0.8298507675144225	1.3990238328355853
0.8317637711026711	1.3962245851413932
0.8336811846196344	1.3934265900579312
0.835603018231248	1.3906298530783145
0.8375292821268826	1.3878343794918693
0.8394599865193975	1.3850365824939312
0.8413951416451951	1.3822400380363453
0.8433347577642755	1.3794447639806715
0.84527884516029	1.3766507735317077
0.8472274141405965	1.3738580797964455
0.8491804750363139	1.3710666957820363
0.8511380382023765	1.3682766343937347
0.8531001140175896	1.3654879084328198
0.8550667128846834	1.362700530594495
0.8570378452303697	1.3599145134657658
0.8590135215053958	1.3571298695232958
0.8609937521846007	1.3543466111312383
0.8629785477669704	1.3515647505390498
0.8649679187756933	1.348784299879274
0.8669618757582167	1.3460052711653092
0.8689604292863019	1.3432276762891486
0.8709635899560808	1.3404515270190984
0.8729713683881117	1.337676834997473
0.8749837752274362	1.334903611738264
0.8770008211436349	1.3321318686247885
0.8790225168308845	1.3293616169073104
0.8810488730080143	1.326592867700639
0.8830799004185629	1.3238256319817026
0.8851156098308356	1.321059920587095
0.887156012037961	1.318295744210602
0.8892011178579485	1.3155331134006973
0.8912509381337457	1.312772038558015
0.8933054837332954	1.3100125299327985
0.895364765549594	1.30725459762232
0.8974287945007486	1.3044982515682755
0.8994975815300353	1.3017435015541536
0.9015711376059571	1.2989903572025774
0.9036494737223016	1.2962388279726202
0.9057326008982003	1.2934889231570925
0.9078205301781859	1.2907406518798037
0.9099132726322517	1.2879940230927938
0.9120108393559097	1.285249045573542
0.9141132414702502	1.282505727922141
0.9162204901219997	1.2797640785584485
0.9183325964835808	1.277024105719208
0.9204495717531712	1.2742858174551395
0.9225714271547631	1.2715492216280049
0.9246981739382225	1.268814325907641
0.9268298233793492	1.2660811377689631
0.9289663867799363	1.2633496644889441
0.9311078754678302	1.260619913143555
0.933254300796991	1.2578918906046819
0.9354056741475518	1.2551656035370125
0.9375620069258802	1.2524410583948857
0.9397233105646378	1.2497182614191191
0.9418895965228413	1.2469951628211873
0.9440608762859233	1.2442738123084571
0.946237161365793	1.2415542230179726
0.9484184633008971	1.238836405318668
0.9506047936562815	1.2361203694191665
0.9527961640236519	1.233406125365078
0.9549925860214359	1.230693683036276
0.9571940712948444	1.2279830521441428
0.9594006315159331	1.2252742422287894
0.9616122783836646	1.2225672626562456
0.9638290236239705	1.2198621226156243
0.9660508789898133	1.2171588311162542
0.9682778562612491	1.2144573969847878
0.9705099672454897	1.2117578288622761
0.9727472237769651	1.2090601352012194
0.9749896377173869	1.2063643242625823
0.9772372209558107	1.2036704041127861
0.9794899854086988	1.2009783826206653
0.9817479430199844	1.198288267454398
0.9840111057611337	1.1956000660784039
0.9862794856312105	1.1929137857502123
0.9885530946569389	1.1902294335172998
0.9908319448927676	1.1875470162138952
0.9931160484209338	1.1848665404577547
0.995405417351527	1.1821880126469044
0.9977000638225533	1.1795114389563528
1.	1.1768368253347663
1.0023052380778998	1.1741641775011191
1.0046157902783952	1.1714935009413052
1.0069316688518044	1.168824800904718
1.0092528860766845	1.1661580824007993
1.0115794542598988	1.1634933501955513
1.0139113857366795	1.1608306088080198
1.016248692870696	1.1581698625067338
1.0185913880541169	1.1555111153061246
1.0209394837076802	1.1528543709628947
1.023292992280754	1.1501996329723665
1.0256519262514079	1.1475469045647833
1.0280162981264735	1.1448961887015834
1.0303861204416165	1.1422474880716322
1.0327614057613974	1.1396008050874253
1.0351421666793441	1.1369561418812457
1.0375284158180127	1.134313500301293
1.0399201658290596	1.1316728819077704
1.0423174293933042	1.129034287968937
1.0447202192208003	1.1263977194571184
1.0471285480508996	1.1237631770446865
1.0495424286523225	1.1211306610999925
1.051961873823223	1.118500171683268
1.0543868963912593	1.1158717085424832
1.0568175092136585	1.1132381929454962
1.0592537251772887	1.1106066611629255
1.0616955571987248	1.1079771379966248
1.064143018224316	1.105349639168629
1.066596121230258	1.1027241803069365
1.0690548792226577	1.1001007769434379
1.0715193052376064	1.0974794445118135
1.0739894123412446	1.0948601983454156
1.076465213629835	1.0922430536751249
1.0789467222298286	1.0896280256271846
1.081433951297938	1.087015129221012
1.0839269140212033	1.0844043793669884
1.0864256236170655	1.081795790864222
1.0889300933334332	1.0791893783982929
1.0914403364487566	1.0765851565389664
1.0939563662720937	1.0739831397378947
1.096478196143185	1.0713833423262789
1.0990058394325208	1.0687857785125214
1.101539309541415	1.0661904623798435
1.104078619902073	1.0635974078838846
1.1066237839776665	1.061006628850272
1.1091748152624008	1.058418138972171
1.1117317272815914	1.0558319518078
1.1142945335917298	1.0532480807779356
1.1168632477805611	1.050666539163373
1.1194378834671515	1.048087340102378
1.1220184543019636	1.0455104965880995
1.1246049739669264	1.0429360214659649
1.1271974561755105	1.0403639274310414
1.1297959146727976	1.0377942270253777
1.1324003632355573	1.0352269326353103
1.1350108156723149	1.0326620564887523
1.137627285823431	1.0300996106524432
1.1402497875611686	1.0275396070291842
1.1428783347897717	1.0249820573550306
1.1455129414455354	1.02242697319647
1.1481536214968828	1.0198743659475602
1.1508003889444356	1.0173242468270485
1.1534532578210923	1.014776626875453
1.1561122421920986	1.0122315169521223
1.1587773561551262	1.0096889277322587
1.1614486138403426	1.0071488697039193
1.1641260294104914	1.0046113531649765
1.1668096170609623	1.0020763882200632
1.1694993910198712	0.9995439847774706
1.1721953655481303	0.9970141525460304
1.1748975549395297	0.9944869010319529
1.1776059735208073	0.9919622395356464
1.1803206356517297	0.9894401771484926
1.1830415557251646	0.9869207227496017
1.1857687481671602	0.9844020184755369
1.1885022274370183	0.9818859284851456
1.1912420080273751	0.9793724678613389
1.193988104464273	0.9768616491538782
1.1967405313072437	0.9743534847466742
1.1994993031493788	0.97184798685495
1.2022644346174132	0.9693451675223718
1.2050359403717974	0.9668450386181533
1.2078138351067804	0.9643476118341279
1.2105981335504823	0.9618528986817966
1.2133888504649775	0.959360910489339
1.2161860006463678	0.9568716583986028
1.2189895989248667	0.954385153362054
1.2217996601648717	0.9519014061397053
1.2246161992650488	0.9494204272960082
1.2274392311584073	0.9469422271967153
1.2302687708123818	0.944466816005713
1.233104833228909	0.9419942036818234
1.2359474334445106	0.9395243999755667
1.238796586530369	0.937057414425906
1.2416523075924113	0.934593256356944
1.244514611771385	0.9321319348746006
1.2473835142429432	0.9296734588632473
1.2502590302177201	0.927217836982316
1.2531411749414163	0.9247650776628691
1.2560299636948749	0.9223151891041407
1.2589254117941675	0.9198681792700393
1.2618275345906707	0.9174240558856199
1.2647363474711515	0.9149828264335188
1.2676518658578455	0.9125444981503571
1.270574105208542	0.9101090780231045
1.2735030810166617	0.9076765727854123
1.276438808811344	0.9052469889139069
1.2793813041575246	0.902820332624451
1.2823305826560218	0.9003966098683654
1.2852866599436155	0.8979758263286161
1.2882495516931343	0.8955579874159626
1.2912192736135342	0.8931430982650732
1.2941958414499863	0.8907311637305965
1.297179270983956	0.8883221883832023
1.3001695780332907	0.8859161765055766
1.3031667784522993	0.8835131320883871
1.3061708881318417	0.8811130588262002
1.309181922999407	0.8787159601133673
1.3121998990192034	0.8763218390398674
1.3152248321922384	0.873930698387111
1.3182567385564075	0.8715425406237022
1.3212956341865751	0.8691573679011654
1.324341535194665	0.8667751820496242
1.3273944577297394	0.8643959845734477
1.3304544179780915	0.8620175680808032
1.333521432163324	0.8596421291830852
1.3365955165464425	0.8572696764984415
1.3396766874259352	0.8549002155710064
1.3427649611378643	0.8525337516714736
1.3458603540559484	0.8501702897932073
1.348962882591654	0.8478098346483075
1.3520725631942772	0.8454523906636473
1.3551894123510364	0.843097961976863
1.3583134465871542	0.8407465524323127
1.3614446824659503	0.8383981655769902
1.3645831365889245	0.8360528046564051
1.3677288255958495	0.8337104726104193
1.3708817661648536	0.8313711720690486
1.3740419750125157	0.8290349053482171
1.3772094688939465	0.8267016744454807
1.3803842646028852	0.8243714810356981
1.383566378971781	0.8220443264666746
1.3867558288718889	0.8197202117547503
1.3899526312133532	0.8173991375803601
1.3931568029453036	0.8150811042835382
1.3963683610559376	0.8127661118593937
1.3995873225726185	0.8104541599535309
1.4028137045619582	0.8081452478574369
1.4060475241299144	0.8058393745038174
1.4092887984218747	0.8035365384618968
1.4125375446227548	0.8012367379326636
1.4157937799570817	0.7989399707440845
1.4190575216890926	0.7966462343462603
1.4223287871228198	0.7943555258065467
1.425607593602188	0.7920678418046236
1.428893958511103	0.7897831786275202
1.432187899273543	0.787501532164595
1.435489433353656	0.7852228979024649
1.4387985782558452	0.7829472709198945
1.4421153515248688	0.7806746458826278
1.4454397707459272	0.7784050170381825
1.4487718535447618	0.7761383782105862
1.452111617587742	0.773874722795073
1.455459080581966	0.7716140437527227
1.4588142602753482	0.769356333605057
1.4621771744567182	0.7671015844285813
1.4655478409559113	0.76484978784928
1.468926277643867	0.7626009350370551
1.4723125024327186	0.7603550167001231
1.4757065332758947	0.7581120230793481
1.4791083881682072	0.7558719439425367
1.4825180851459536	0.753634768578666
1.4859356422870067	0.7514004857920725
1.4893610777109154	0.7491690838965767
1.492794409578996	0.7469320917168559
1.4962356560944337	0.7446979065574908
1.4996848355023733	0.7424665463161578
1.5031419660900225	0.740238017918299
1.5066070661867417	0.7380123280549272
1.5100801541641484	0.735789483179176
1.513561248436208	0.7335694895028275
1.5170503674593367	0.7313523529927931
1.5205475297324955	0.7291380793675731
1.5240527537972914	0.7269266740936726
1.5275660582380723	0.7247181423819875
1.5310874616820302	0.7225124891841533
1.5346169827992941	0.7203097191888618
1.5381546403030348	0.7181098368181379
1.5417004529495593	0.715912846223585
1.545254439538414	0.7137187512825911
1.5488166189124812	0.7115275555945004
1.5523870099580825	0.7093392624767476
1.5559656316050743	0.7071538749609562
1.559552502826954	0.7049713957889954
1.5631476426409538	0.7027918274090071
1.5667510701081493	0.700615171971387
1.5703628043335522	0.6984414313247331
1.5739828644662197	0.6962706070117525
1.5776112696993485	0.6941027002651317
1.5812480392703834	0.6919377120033643
1.5848931924611134	0.6897756428265444
1.5885467485977791	0.6876164930121141
1.59220872705117	0.6854602625105776
1.5958791472367329	0.6833069509411674
1.5995580286146687	0.6811565575874767
1.6032453906900417	0.6790090813930448
1.6069412530128773	0.6768645209569071
1.6106456351782708	0.6747228745290956
1.6143585568264862	0.6725841400061064
1.6180800376430662	0.6704483149263155
1.6218100973589298	0.6683153964653596
1.6255487557504842	0.6661853814314662
1.6292960326397223	0.6640582662607498
1.6330519478943346	0.6619340470124528
1.6368165214278085	0.659812719364152
1.6405897731995396	0.6576942786069135
1.6443717232149315	0.6555787196404085
1.6481623915255086	0.6534660369679768
1.651961798229015	0.6513562246916531
1.6557699634695284	0.6492492765071367
1.6595869074375604	0.6471451856987278
1.6634126503701698	0.6450439451342025
1.6672472125510627	0.6429455472596532
1.6710906143107078	0.6408499840942721
1.6749428760264373	0.638747508340805
1.6788040181225607	0.6366477936155829
1.6826740610704674	0.6345508664207694
1.6865530253887415	0.632456740770293
1.690440931643264	0.6303654305539573
1.6943378004473288	0.6282769495351019
1.6982436524617444	0.6261913113482456
1.7021585083949509	0.6241085294967007
1.7060823890031234	0.6220286173501676
1.710015315090288	0.6199515881422984
1.7139573075084253	0.6178774549682439
1.7179083871575884	0.615806230782166
1.721868574986007	0.6137379283947341
1.725837891990204	0.6116725604705883
1.7298163592151015	0.6096101395257824
1.7338039977541384	0.6075506779251976
1.7378008287493754	0.6054941878799316
1.7418068733916146	0.6034406814446599
1.7458221529205038	0.6013901705149738
1.7498466886246573	0.5993426668246861
1.7538805018417611	0.5972981819431161
1.7579236139586931	0.5952567272723405
1.7619760464116292	0.5932183140444244
1.7660378206861649	0.5911829533186159
1.770108958317421	0.5891506559785228
1.7741894808901661	0.587121432729249
1.7782794100389228	0.5850952940945156
1.78237876744809	0.583072250413741
1.7864875748520508	0.5810523118391028
1.7906058540352947	0.5790354883325604
1.7947336268325265	0.5770217896628577
1.7988709151287883	0.5750112254024878
1.803017740859569	0.5730038049246361
1.8071741260109275	0.5709995374000831
1.8113400926196026	0.5689984317940876
1.8155156627731361	0.5670004968632298
1.8197008586099834	0.5650057411522317
1.8238957023196385	0.5630141729907372
1.8281002161427427	0.5610258004900716
1.832314422371212	0.5590406315399575
1.8365383433483464	0.5570586738052102
1.8407720014689564	0.5550799347223906
1.8450154191794736	0.5531044214964345
1.8492686189780787	0.551132141097241
1.8535316234148114	0.5491631002562354
1.857804455091699	0.5471973054628915
1.8620871366628675	0.5452347629612272
1.8663796908346704	0.5432754787462596
1.8706821403658007	0.5413194585604323
1.8749945080674193	0.539366707890002
1.8793168168032686	0.5374127321392229
1.883649089489801	0.535462010025637
1.8879913490962936	0.5335145627841025
1.892343618644976	0.5315704058154528
1.8967059212111463	0.5296295543980319
1.9010782799233006	0.5276920236853336
1.9054607179632472	0.5257578287036216
1.9098532585662378	0.5238269843495199
1.914255925021086	0.5218995053875828
1.9186687406702891	0.5199754064478394
1.9230917289101586	0.5180547020233085
1.9275249131909356	0.5161374064674948
1.9319683170169242	0.5142235339918527
1.936421963946607	0.512313098663231
1.9408858775927782	0.5104061144012851
1.9453600816226624	0.5085025949758684
1.9498445997580456	0.5066025540043922
1.9543394557753944	0.5047060049491644
1.95884467350599	0.5028129611146953
1.9633602768360463	0.5009234356449817
1.967886289706845	0.4990374415207584
1.9724227361148534	0.497154991556728
1.976969640111861	0.49527609839875564
1.9815270258050979	0.4934007745210438
1.9860949173573716	0.49152903222327
1.9906733389871865	0.48966088362770416
1.9952623149688797	0.487796340676291
1.9998618696327437	0.48593541512770677
2.0044720273651615	0.48407811855438415
2.0090928126087277	0.48222446233951183
2.0137242498623884	0.48037445767399783
2.0183663636815607	0.47852811555340974
2.023019178678272	0.47668544677487834
2.0276827195212817	0.474846461933976
2.032357010936222	0.4730111714215594
2.037042077705718	0.4711795854205864
2.0417379446695296	0.4693517139028956
2.046444636724674	0.46752756662596096
2.0511621788255656	0.4657071531296066
2.0558905959841414	0.46389048273269845
2.0606299132700006	0.46207756452979465
2.065380155810529	0.4602684073877714
2.0701413487910423	0.4584630199424082
2.0749135174549096	0.4566614105949465
2.079696687103696	0.4548635875086106
2.084490883097289	0.4530695586050961
2.0892961308540396	0.4512793315610244
2.0941124558508926	0.44949291380436274
2.0989398836235242	0.44771031251080934
2.1037784397664754	0.44593153460014473
2.1086281499332897	0.44415290321823325
2.1134890398366464	0.44237808693757924
2.1183611352485023	0.44060710542677073
2.123244462000219	0.4388399735296666
2.1281390459827123	0.437076705940072
2.133044913146576	0.4353173171990781
2.1379620895022327	0.43356182169236446
2.1428906011200586	0.431810233647483
2.1478304741305343	0.43006256713110697
2.1527817347243725	0.428318836046258
2.157744409152667	0.4265790541295
2.16271852372702	0.42484323494811205
2.167704104819695	0.42311139189722313
2.1727011788637443	0.4213835381969282
2.1777097723531593	0.4196596868893664
2.1827299118430012	0.41793985083577834
2.187761623949553	0.41622404271352564
2.1928049353504484	0.41451227501308985
2.197859872784825	0.4128045600350318
2.202926463053456	0.41110090988693015
2.2080047330189	0.4094013364802812
2.2130947096056377	0.40770585152737504
2.2181964198002193	0.406014466538135
2.223309890651403	0.4043271928169309
2.2284351492703043	0.40264404145935584
2.2335722228305315	0.40096502334897727
2.23872113856834	0.3992901491540487
2.2438819237827663	0.3976194293241966
2.2490546058357817	0.3959528740870693
2.254239212152429	0.39429049344495665
2.259435770220978	0.3926322971713729
2.2646443075930596	0.3909782948076111
2.2698648518838223	0.38932849565925925
2.2750974307720706	0.38768290879268535
2.2803420720004186	0.3860415430314872
2.28559880337543	0.38440440695290856
2.2908676527677736	0.3827715088842185
2.296148648112362	0.3811428568990593
2.301441817408509	0.3795184588137546
2.306747188720069	0.3778983221835865
2.312064790175595	0.3762824542990319
2.3173946499684783	0.3746708621819679
2.3227367963571073	0.3730635525818351
2.328091257665008	0.37146053197177
2.3334580622810033	0.3698618065446938
2.338837238659355	0.36826738220937055
2.344228815319923	0.3666772645864207
2.3496328208483073	0.3650914590043033
2.35504928389601	0.3635099704952537
2.360478233180577	0.36193280379118775
2.365919697485759	0.360357207966395
2.371373705661655	0.35878592653105906
2.3768402866248772	0.3572189734184962
2.38231946935869	0.35565635883852614
2.3878112829131783	0.3540980927728055
2.3933157564053875	0.35254418497138995
2.3988329190194912	0.350994644949258
2.4043628000069335	0.34944948198280734
2.4099054286865957	0.3479087051063104
2.41546083444494	0.3463723231083414
2.421029046736179	0.344840344528163
2.4266100950824154	0.3433127776520844
2.432204009073816	0.34178963050977795
2.4378108183687526	0.34027091087056527
2.4434305526939726	0.33875662623966385
2.4490632418447453	0.3372467838544006
2.454708915685031	0.3357413906803853
2.4603676041476272	0.3342404534076527
2.46603933723434	0.3327439784467604
2.4717241450161302	0.33125197192485767
2.4774220576332864	0.329764439681708
2.4831331052955705	0.32828138726568246
2.4888573182823914	0.32680281992970645
2.494594726942955	0.3253287426271745
2.500345361696432	0.3238591600078217
2.506109253032114	0.3223940764135594
2.511886431509581	0.32093349587426745
2.5176769277588558	0.31947742210355146
2.5234807724805757	0.31802585849445414
2.529297996446145	0.31657880811513195
2.5351286304979084	0.31513627370448544
2.540972705549305	0.31369825766775383
2.5468302525850417	0.3122647620720622
2.552701302661247	0.3108357886419324
2.5585858869056453	0.3094113387547476
2.5644840365177175	0.3079914134361759
2.5703957827688635	0.30657601335555223
2.5763211570025755	0.3051651388212137
2.582260190634596	0.3037587897757955
2.588212915153092	0.30235696579147864
2.5941793621188136	0.3009596660651967
2.6001595631652723	0.299566889413795
2.6061535499988953	0.2981786342691488
2.6121613543992064	0.2967948986732303
2.6181830082189848	0.2954156802731353
2.624218543384442	0.2940409763160598
2.6302679918953813	0.29267078364423343
2.6363313858253803	0.29130509868980153
2.642408757321946	0.2899439174696655
2.648500138606701	0.28858723558026905
2.654605561975539	0.28723067431346255
2.6607250597988097	0.28587857694987956
2.666858664521479	0.2845309538691131
2.6730064086633116	0.28318780960162815
2.6791683248190314	0.28184914837866526
2.6853444456585076	0.28051497412815746
2.691534803926915	0.27918529047061313
2.6977394324449206	0.2778601007149557
2.703958364108843	0.27653940785432835
2.7101916318908432	0.2752232145618545
2.7164392688390824	0.27391152318636286
2.7227013080779128	0.27260433574806825
2.7289777828080406	0.27130165393421524
2.7352687263067126	0.2700034790946772
2.741574171927882	0.26870981223751883
2.7478941531023975	0.26742065402451126
2.7542287033381663	0.2661360047666115
2.7605778562203462	0.26485586441939324
2.7669416454115114	0.2635802325784411
2.773320104651841	0.2623091084746964
2.7797132677592886	0.2610424909697644
2.7861211686297707	0.2597803785511736
2.792543841237338	0.25852276932759477
2.798981319634363	0.25726966102401183
2.805433637951713	0.25602105097685235
2.811900830398941	0.25477693612906754
2.8183829312644537	0.2535373130251729
2.8248799749157074	0.25230217780623665
2.831391995799379	0.25107152620482753
2.8379190284415565	0.24984535353991144
2.8444611074479154	0.24862365471170472
2.85101826750391	0.24740642419647707
2.8575905433749464	0.24619365604130958
2.8641779699065815	0.24498534385880072
2.8707805820246906	0.24378148082172887
2.8773984147356697	0.2425820596576606
2.8840315031266055	0.24138707264351447
2.8906798823654762	0.24019651160007013
2.897343587701323	0.23901036788643268
2.904022654464451	0.23782863239444144
2.910717118066605	0.23665129554303121
2.9174270140011673	0.23547834727254022
2.924152377843335	0.23430977703896833
2.9308932452503216	0.23314557380817938
2.9376496519615305	0.23198572605005627
2.9444216337987617	0.23083022173259662
2.9512092266663856	0.22967904831596103
2.9580124665515464	0.22853219274646291
2.9648313895243423	0.22738964145050694
2.971666031738027	0.22625138032847003
2.9785164294291895	0.22510999468728635
2.9853826189179604	0.22397282654926787
2.992264636608189	0.22283988739849409
2.9991625189876516	0.2217111790194328
3.0060763026282307	0.22058670288951787
3.013006024186122	0.21946646017510138
3.019951720402016	0.21835045172737197
3.0269134281013064	0.2172386780782303
3.0338911841942706	0.21613113943613071
3.04088502567628	0.2150278356818799
3.047894989627983	0.21392876636439967
3.054921113215514	0.2128339306964473
3.061963433690677	0.21174332755029956
3.069021988391158	0.21065695545339208
3.076096814740708	0.2095748125839234
3.083187950249355	0.20849689676641306
3.0902954325135905	0.2074232054672233
3.097419299216581	0.206353735790035
3.1045595881283554	0.20528848447128584
3.1117163371060186	0.2042274478755623
3.118889584093937	0.20317062199095343
3.126079367123956	0.2021180024243571
3.1332857243155856	0.20106958439674794
3.1405086938762183	0.20002536273839708
3.1477483141013156	0.1989853318840523
3.1550046233746274	0.19794948586806996
3.1622776601683795	0.196917818319506
3.169567463043492	0.19589032245715832
3.1768740706497707	0.1948669910845679
3.1841975217261256	0.19384781658496955
3.1915378551007616	0.19283279091620154
3.198895109691399	0.1918219056055641
3.206269324505466	0.19081515174463512
3.213660538640318	0.18981251998403537
3.2210687912834346	0.18881400052814898
3.2284941217126364	0.1878195831297929
3.2359365692962827	0.18682925708484185
3.2433961734934935	0.18584301122679994
3.250872973854344	0.18486083392132807
3.2583670100200885	0.1838827130607168
3.265878321723358	0.18290863605831417
3.273406948788383	0.18193858984289865
3.2809529311311905	0.1809725608530057
3.2885163087598315	0.1800105350311987
3.2960971217745776	0.1790524978182926
3.303695410368149	0.1780984341475222
3.311311214825911	0.17714832843866046
3.3189445755261047	0.1762021645920822
3.326595532940045	0.17525992598277604
3.3342641276323506	0.17432159545430093
3.3419504002611427	0.17337856125935666
3.3496543915782775	0.17243934942813732
3.3573761424295467	0.1715039727606978
3.365115693754908	0.17057243287628082
3.372873086588689	0.1696447311224913
3.380648362059817	0.1687208685717188
3.3884415613920256	0.167800846017531
3.3962527259040853	0.16688466397103008
3.404081897010009	0.16597232265717765
3.4119291162192864	0.16506382201108302
3.4197944251370886	0.16415916167425923
3.4276778654645046	0.16325834099084183
3.4355794789987466	0.1623613590037749
3.443499307633384	0.1614682144509595
3.451437393358563	0.1605789057613673
3.459393778261219	0.15969343105111933
3.4673685045253166	0.1588117881195257
3.4753616144320576	0.1579339744450915
3.483373150360118	0.15705998718148345
3.4914031547858606	0.1561898231534619
3.499451670283573	0.15532347885277212
3.5075187395256795	0.15446095043400115
3.5156044052829816	0.15360223371039336
3.523708710424871	0.15274732414963035
3.53183169791957	0.15189621686956992
3.5399734108343464	0.15104890663394743
3.548133892335755	0.15020538784803672
3.5563131856898527	0.14936565455427248
3.5645113342624426	0.148529700427831
3.5727283815192883	0.14769751877217263
3.5809643710263606	0.14686910251454136
3.5892193464500517	0.1460444442014254
3.5974933515574232	0.14522353599397456
3.6057864302164235	0.1444063696633779
3.6140986263961334	0.14359293658619735
3.6224299841669856	0.14278322773966096
3.630780547701014	0.14197723369691148
3.639150361272071	0.1411749446222141
3.6475394692560785	0.14037635026611817
3.6559479161312485	0.13958143996057829
3.664375746478333	0.13879020261402805
3.672823004980846	0.13800262670641228
3.681289736425315	0.13721870028417218
3.6897759857015027	0.13643841095518722
3.6982817978026628	0.1356617458836694
3.7068072178257596	0.13488869178501403
3.715352290971726	0.134119234920602
3.7239170625456848	0.1333533610925575
3.732501577957206	0.1325910556384563
3.741105882720533	0.13183230342598973
3.7497300224548358	0.1310705450502152
3.758374042884441	0.13031227031188142
3.767037989839089	0.12955748668834793
3.77572190925416	0.12880619307528382
3.7844258471709336	0.12805838809250095
3.793149849736819	0.12731407008045623
3.801893963205613	0.12657323709671875
3.81065823393773	0.12583588691240705
3.8194427084004663	0.12510201700859055
3.8282474331682264	0.1243716245726607
3.8370724549227884	0.12364470649466601
3.8459178204535354	0.12292125936361573
3.8547835766577188	0.12220127946374743
3.8636697705406915	0.121484762770762
3.8725764492161727	0.12077170494802296
3.8815036599064823	0.12006210134272173
3.8904514499428067	0.11935594698200683
3.899419866765434	0.11865323656907917
3.908408957924021	0.11795396447924962
3.9174187710778305	0.11725812475596292
3.926449353995999	0.11656571110678292
3.9355007545577743	0.11587671689934367
3.944573020752785	0.11519113515726136
3.953666200681279	0.11450895855601141
3.9627803425543955	0.1138301794187653
3.971915494694403	0.11315478971219307
3.981071705534973	0.11248278104222413
3.9902490236214203	0.11181414464977321
3.9994474976109755	0.11114887140642428
4.008667176273028	0.11048695181007866
4.0179081084894	0.10982837598056093
4.027170343254591	0.10917313365518769
4.036453929676051	0.10852121418429422
4.045758916974426	0.10787260652672315
4.055085354483839	0.10722729924526986
4.0644332916521275	0.10658528050208989
4.073802778041128	0.10594653805406229
4.083193863326921	0.10531105924811412
4.09260659730011	0.10467883101650019
4.1020410298660686	0.10404983987204366
4.111497211045223	0.10342407190333082
4.120975190973302	0.10280151276986603
4.130475019901614	0.10218214769718058
4.139996748197304	0.1015659614719007
4.149540426343631	0.10095293843676897
4.1591061049402205	0.10034306248562362
4.168693834703355	0.09973631705833115
4.178303666466218	0.09913268513567627
4.187935651179185	0.09853214923420384
4.1975898399100755	0.09793469140101754
4.207266283844442	0.09733338366756425
4.216965034285822	0.09673507664014934
4.226686142656031	0.09613977632200026
4.2364296604954115	0.09554747968349275
4.24619563946313	0.09495818343266715
4.2559841313374305	0.09437188401199441
4.265795188015928	0.09378857759511096
4.275628861515862	0.09320826008352548
4.285485203974396	0.09263092710329336
4.295364267648873	0.09205657400166292
4.3052661049171075	0.0914851958436892
4.3151907682776525	0.09091678740881841
4.325138310350088	0.09035134318743977
4.335108783875289	0.08978885737740742
4.345102241715717	0.08922932388052945
4.355118736855686	0.08867273629902601
4.365158322401661	0.08811908793195444
4.375221051582521	0.0875683717716029
4.385306977749858	0.08702058049985016
4.395416154378245	0.08647570648449399
4.405548635065534	0.08593374177554466
4.4157044735331255	0.0853946781014866
4.425883723626267	0.0848585068655047
4.436086439314326	0.08432521914167845
4.446312674691089	0.08379480567113977
4.456562483975033	0.08326725685819825
4.466835921509633	0.0827425627664298
4.477133041763626	0.08222071311473182
4.487453899331323	0.08170169727334142
4.49779854893288	0.0811855042598194
4.508167045414603	0.08067212273499691
4.518559443749224	0.08016154099888731
4.528975799036209	0.07965374698655983
4.539416166502032	0.07914872826397813
4.549880601500488	0.0786464720238
4.560369159512962	0.07814696508114159
4.570881896148752	0.07765019386930155
4.581418867145335	0.07715614443544966
4.591980128368688	0.07666480243627476
4.6025657358135605	0.0761761531335962
4.613175745603796	0.07569018138993432
4.623810213992603	0.07520687166404366
4.634469197362879	0.07472620800640462
4.645152752227495	0.07424817405467664
4.6558609352295885	0.07377275302911128
4.666593803142887	0.07329992772792301
4.677351412871981	0.07282968052262165
4.688133821452653	0.07236199335330117
4.698941086052153	0.07189684772388931
4.709773263969529	0.07143422469735322
4.720630412635905	0.07096640773960103
4.731512589614805	0.07050102957866577
4.7424198526024455	0.07003809821645249
4.753352259428054	0.06957761167846371
4.7643098680541565	0.0691195677851072
4.775292736576909	0.06866396414914999
4.786300923226383	0.06821079817315101
4.797334486366892	0.06776006704686857
4.808393484497285	0.06731176774464528
4.819477976251274	0.06686589702276777
4.830588020397726	0.06642245141680388
4.841723675840994	0.06598142723891356
4.8528850016212095	0.06554282057513731
4.864072056914616	0.06510662728265794
4.875284901033862	0.06467284298703892
4.886523593428336	0.06424146307943651
4.897788193684462	0.06381248271378746
4.909078761526032	0.06338589680397023
4.920395356814509	0.06296170002094133
4.9317380395493595	0.06253988678984486
4.943106869868354	0.062120451287096985
4.954501908047903	0.06170338743744243
4.96592321450336	0.06128868891098633
4.97737084978936	0.06087634912019732
4.9888448746001215	0.06046636121688526
5.000345349769786	0.060058718089150455
5.011872336272722	0.05965341235830648
5.0234258952238715	0.05925043637577405
5.035006087879047	0.058849782219948604
5.046612975635284	0.05845144169303804
5.05824662003114	0.058055406317873724
5.0699070827470445	0.05766166733469132
5.081594425605605	0.05727021569788444
5.093308710571955	0.056881042072727594
5.105049999754062	0.056494136832071544
5.116818355403078	0.05610949005300743
5.1286138399136485	0.05572709151350286
5.140436515824262	0.055346930689006486
5.152286445817564	0.05496899674902359
5.16416369272071	0.054593278553660106
5.176068319505676	0.05421976465013703
5.188000389289612	0.053848443269272836
5.199959965335159	0.05347930232193568
5.211947111050805	0.05311232939546301
5.223961889991197	0.05274751175005094
5.236004365857504	0.05238483631510995
5.248074602497725	0.05202428968559006
5.2601726639070625	0.05166585811827202
5.2722986142282275	0.0513095275280272
5.284452517751805	0.05095528348404315
5.296634438916578	0.05059753464010656
5.308844442309884	0.05024181012335249
5.321082592667942	0.049888114939697845
5.333348954876211	0.04953644683974189
5.345643593969716	0.04918680339773795
5.357966575133418	0.04883918200943153
5.370317963702527	0.04849357988987996
5.382697825162884	0.04814999407125055
5.3951062251512765	0.04780842140060027
5.4075432294558095	0.047468858537633545
5.420008904016238	0.04713130195244114
5.432503314924333	0.04679574792321718
5.445026528424211	0.04646219253395668
5.4575786109127105	0.0461306316721306
5.470159628939716	0.04580106102634173
5.482769649208539	0.045473476083957354
5.495408738576246	0.0451478721287221
5.508076964054036	0.04482424423834801
5.520774392807573	0.04450258728208388
5.533501092157368	0.04418289591826139
5.546257129579107	0.04386516459182063
5.559042572704037	0.04354938753181179
5.5718574893192985	0.0432355587488757
5.584701947368309	0.04292367203270057
5.597576014951102	0.04261372094945681
5.610479760324706	0.04230569883920813
5.623413251903491	0.04199959881330002
5.6363765582595455	0.041695413751724086
5.649369748123025	0.04139313630045976
5.6623928903825345	0.041092758868791116
5.675446054085471	0.040794273626600944
5.688529308438416	0.040497672501639354
5.701642722807475	0.040202947176769296
5.714786366718672	0.03991008908718636
5.727960309858292	0.039619089417614946
5.741164622073277	0.039329939099478434
5.7543993733715695	0.039042628808045134
5.767664633922509	0.03875714895954809
5.780960474057181	0.03847348970828006
5.794286964268812	0.03819164094366207
5.807644175213121	0.03791159228728668
5.821032177708716	0.03763333308993437
5.834451042737448	0.03735685242856437
5.847900841444809	0.03708213910327793
5.861381645140288	0.0368091816342559
5.874893525297769	0.03653796825866819
5.88843655355589	0.03626848692755709
5.902010801718445	0.03600072530269203
5.91561634175474	0.03573467075339786
5.9292532458	0.03547031035335409
5.942921586155727	0.03520284430519569
5.956621435290106	0.03493701792507601
5.970352865838369	0.03467283497337822
5.984115950603199	0.03441029298420675
5.997910762555095	0.03414938934157152
6.011737374832782	0.033890121277573834
6.025595860743578	0.033632485870576836
6.0394862937638	0.03337648004335858
6.0534087475391365	0.033122100561249014
6.067363295885055	0.032869344030249284
6.08135001278718	0.032618206895134706
6.095368972401694	0.03236868543754002
6.109420249055721	0.032120775774027784
6.123503917247737	0.03187447385413877
6.137620051647943	0.031629775458425366
6.151768727098683	0.03138667619646667
6.165950018614822	0.031145171504866172
6.180164001384161	0.030905256645230927
6.1944107507678146	0.030666926702133182
6.208690342300634	0.03043017658105293
6.223002851691596	0.030195001006302482
6.237348354824191	0.029961394518932663
6.251726927756859	0.029729351474619296
6.266138646723353	0.02949886604153195
6.2805835881331795	0.029269932198182583
6.295061828571975	0.029042543731255796
6.309573444801933	0.02881669423341898
6.324118513762193	0.02859237710111365
6.33869711256927	0.02836958553232635
6.353309318517436	0.02814831252434051
6.367955209079159	0.027928550871467436
6.382634861905486	0.02771029316275804
6.397348354826482	0.027493531779693367
6.412095765851615	0.027278258893855437
6.4268771731701975	0.027064466464576675
6.441692655151772	0.026852146236569334
6.456542290346556	0.026641289737533085
6.471426157485831	0.02643188827574227
6.486344335482385	0.026223932937611057
6.501296903430906	0.02601741458523798
6.516283940608428	0.025812323853927847
6.531305526474723	0.025608651149692744
6.546361740672751	0.0254063866467302
6.561452663029053	0.025205520284880066
6.576578373554206	0.025006041767057983
6.591738952443213	0.024807940556667466
6.606934480075961	0.024611205874988128
6.622165037017619	0.02441582669854211
6.637430704019089	0.02422179175643647
6.652731562017413	0.024029089527683043
6.668067692136222	0.023833380531432215
6.6834391756861455	0.02363895537495129
6.698846094165265	0.02344581767720398
6.714288529259523	0.023253965445837837
6.729766562843179	0.023063396571096555
6.745280276979219	0.02287410882440577
6.760829753919819	0.022686099856945145
6.77641507610675	0.022499367198208366
6.792036326171846	0.02231390825454922
6.807693586937414	0.022129720307715234
6.823386941416698	0.02194680051336742
6.839116472814292	0.021765145899587224
6.8548822645266165	0.02158475336536932
6.870684400142321	0.021405619679101463
6.886522963442762	0.021227741477030042
6.902398038402419	0.021051115261712355
6.918309709189366	0.020875737400454293
6.934258060165691	0.02070160412373481
6.9502431758879695	0.02052871152361531
6.966265141107686	0.020357055552135593
6.982324040771715	0.02018663201969474
6.998419960022734	0.02001743659341804
7.014552984199714	0.01984946479550879
7.030723198838334	0.019682712001585907
7.046930689671471	0.019517173439006025
7.06317554262962	0.01935284418517133
7.07945784384138	0.019189719165821635
7.095777679633888	0.019027793153311795
7.112135136533292	0.018867060764873312
7.128530301265195	0.018707516460860905
7.1449632607551345	0.018549154542983073
7.16143410212902	0.018391969152517382
7.177942912713619	0.018235954268509467
7.194489780036995	0.018081103705956544
7.211074791828998	0.017927411113974338
7.227698036021702	0.017774869973948275
7.2443596007499025	0.017623473597667867
7.261059574351547	0.0174732151254451
7.277798045368242	0.017324087524215697
7.294575102545687	0.017176083585624172
7.311390834834176	0.01702919592409146
7.3282453313890406	0.016883416974866096
7.345138681571151	0.016738738992057713
7.362070974947361	0.016595154046653782
7.379042301291012	0.016452654024518402
7.396052750582378	0.016311230624374094
7.413102413009177	0.01617087535576527
7.430191378967014	0.016031579537004587
7.447319739059893	0.015893334293100584
7.464487584100665	0.015756130553667855
7.481695005111545	0.015616728125533861
7.498942093324558	0.015478329749660805
7.516228940182057	0.015340937632073942
7.533555637337174	0.015204549780527751
7.550922276654341	0.01506916410598924
7.568328950209744	0.014934778421488435
7.58577575029184	0.014801390440957952
7.603262769401819	0.014668997778062583
7.620790100254123	0.01453759794501783
7.638357835776907	0.01440718835139824
7.655966069112566	0.014277766302934572
7.67361489361819	0.014149329000300583
7.691304402866098	0.014021873537888403
7.709034690644301	0.01389539690257342
7.726805850957025	0.013769895972467593
7.744617978025188	0.01364536751566203
7.76247116628692	0.013521808188957906
7.78036551039804	0.01339921453658636
7.798301105232589	0.013277582988916589
7.816278045883297	0.013156909861152834
7.83429642766212	0.013037191352019244
7.852356346100718	0.012918423542433482
7.870457896950989	0.012800602394168073
7.888601176185544	0.012683723748500277
7.906786279998253	0.012567783324849481
7.925013304804718	0.012452776719402966
7.943282347242818	0.012338699403729001
7.961593504173188	0.012225546723378073
7.979946872679768	0.012113313896471318
7.9983425500702845	0.012001996012276814
8.016780633876794	0.011891588029772946
8.035261221856173	0.011782084776199398
8.05378441199067	0.011673480945594956
8.072350302488383	0.011565771097322923
8.090958991783825	0.011458949654582912
8.109610578538408	0.011353010902910122
8.128305161640995	0.011247948988660958
8.147042840208396	0.011143757917485626
8.165823713585926	0.01104043155278708
8.1846478813479	0.01093796361416665
8.203515443298185	0.01083634767585582
8.222426499470712	0.01073557716513448
8.241381150130026	0.010635645360735076
8.260379495771788	0.01053654539123309
8.279421637123345	0.010438270233423093
8.298507675144226	0.010340812710680986
8.317637711026709	0.0102441654913116
8.336811846196344	0.010148321086882104
8.356030182312479	0.01005327185054087
8.375292821268827	0.009959009975321485
8.394599865193973	0.00986278199938397
8.413951416451951	0.00976730937874631
8.433347577642753	0.009672593906878241
8.452788451602899	0.009578633816001153
8.472274141405963	0.009485427262426193
8.491804750363139	0.009392972325662028
8.511380382023763	0.00930126700751482
8.531001140175896	0.009210309231179863
8.550667128846833	0.009120096840325321
8.570378452303697	0.00903062759816742
8.590135215053957	0.00894189918653763
8.609937521846007	0.008853909204941278
8.629785477669701	0.008766655169607854
8.649679187756934	0.008680134512532666
8.669618757582166	0.008594344580510184
8.689604292863018	0.008509282634158387
8.709635899560805	0.00842494584693476
8.729713683881117	0.008341331304143218
8.74983775227436	0.008258436001932448
8.770008211436348	0.008176256846285049
8.790225168308842	0.008094790651997967
8.810488730080142	0.008014034141653616
8.830799004185627	0.007933983944582078
8.851156098308357	0.007854636595813903
8.871560120379607	0.007775988535023836
8.892011178579486	0.007698036105464911
8.912509381337454	0.007620775552893471
8.933054837332953	0.007544203024484323
8.953647655495937	0.007468314567736601
8.974287945007486	0.007393106129369751
8.994975815300352	0.0073185735542100035
9.01571137605957	0.007244712584066762
9.036494737223014	0.007171518856599415
9.057326008982002	0.007098987904173865
9.078205301781857	0.007027115152709293
9.099132726322518	0.006955895920514565
9.120108393559097	0.006885325417114624
9.141132414702504	0.0068153987420664
9.162204901219997	0.0067461108837645655
9.183325964835811	0.006677456718236603
9.204495717531712	0.006609431007927575
9.225714271547634	0.006542028400474039
9.246981739382225	0.00647524342746752
9.268298233793494	0.006409070503206884
9.289663867799362	0.006343503923440172
9.311078754678306	0.006278537864095168
9.33254300796991	0.006214166379999189
9.354056741475521	0.006150383403587502
9.375620069258803	0.006087182743600716
9.39723310564638	0.0060245580837707145
9.418895965228414	0.005960268337532035
9.440608762859236	0.005896528633244208
9.462371613657929	0.005833340485083971
9.484184633008974	0.005770702514199993
9.506047936562814	0.005708613285609712
9.527961640236521	0.00564707130754302
9.549925860214358	0.005586075030780502
9.571940712948447	0.005525622847985382
9.594006315159332	0.005465713093029694
9.616122783836648	0.00540634404031428
9.638290236239705	0.00534751390408277
9.660508789898136	0.005289220837729359
9.68277856261249	0.005231462933100512
9.7050996724549	0.005174238219790223
9.727472237769652	0.005117544664429242
9.749896377173872	0.005061380169967728
9.772372209558107	0.005005742574951682
9.79489985408699	0.004950629652792802
9.817479430199844	0.0048960391110320035
9.84011105761134	0.0048419685905961955
9.862794856312105	0.004788415665048681
9.885530946569391	0.004735377839832685
9.908319448927676	0.004682852551508382
9.93116048420934	0.004630837166982991
9.954054173515269	0.004579328982734226
9.977000638225535	0.0045283252240267136
10.	0.004477823044121654
10.023052380778994	0.004427819523479362
10.046157902783957	0.004378311668954856
10.069316688518045	0.004329296412986445
10.092528860766844	0.0042807706127769175
10.115794542598982	0.004232731049467804
10.1391138573668	0.004185174427306203
10.16248692870696	0.00413809737280447
10.18591388054117	0.004091496433892285
10.209394837076797	0.004045368079061492
10.232929922807546	0.003999708696503381
10.256519262514079	0.003954514593238475
10.280162981264736	0.003909781994238546
10.303861204416158	0.00386550704154116
10.32761405761398	0.003821685793356344
10.351421666793442	0.0037783142231656167
10.375284158180126	0.0037353882188129674
10.39920165829059	0.003692903581588047
10.423174293933046	0.0036508560253013843
10.447202192208003	0.0036092411753515666
10.471285480508996	0.0035680545677841784
10.495424286523221	0.0035272916483427706
10.519618738232236	0.0034869477715114314
10.543868963912592	0.0034470181995492327
10.568175092136585	0.003405863981244133
10.592537251772887	0.003365104845259878
10.616955571987253	0.003324741777537308
10.641430182243164	0.0032847736476130955
10.665961212302578	0.003245199283142207
10.690548792226577	0.0032060174694132503
10.71519305237607	0.0031672269488594237
10.739894123412451	0.003128826420565141
10.76465213629835	0.0030908145397681073
10.789467222298287	0.0030531899173571043
10.814339512979387	0.003015951119365194
10.83926914021204	0.002979096666458492
10.864256236170656	0.0029426250334202353
10.889300933334333	0.0029065346486304103
10.91440336448757	0.0028708238935406666
10.939563662720943	0.0028354911021446364
10.964781961431852	0.002800534560443429
10.990058394325208	0.0027659525059065024
11.015393095414156	0.002731743126927687
11.040786199020735	0.002697904562276485
11.066237839776663	0.002664434900544343
11.091748152624008	0.002631332179586204
11.117317272815919	0.0025985943859570294
11.142945335917304	0.00256621945434342
11.168632477805613	0.0025342052669901066
11.194378834671515	0.002502549653121517
11.220184543019629	0.0024712503883581823
11.24604973966927	0.0024403051941280017
11.271974561755105	0.0024097117370724323
11.297959146727976	0.002379467628447293
11.324003632355566	0.0023495704235184573
11.350108156723154	0.0023200176209521987
11.37627285823431	0.002290806662200219
11.402497875611685	0.002261934930879219
11.428783347897712	0.0022333997521451375
11.45512941445536	0.002205198392061863
11.481536214968829	0.0021773280569645026
11.508003889444357	0.00214978589281698
11.534532578210918	0.002122568984564149
11.561122421920993	0.002095674355478191
11.587773561551263	0.0020690989664994045
11.614486138403427	0.0020428397155711395
11.641260294104908	0.0020168934369690686
11.66809617060963	0.0019912569006245626
11.694993910198711	0.001965926811442284
11.721953655481304	0.0019408998086117202
11.748975549395292	0.001916172464912894
11.776059735208078	0.0018917412860159843
11.803206356517299	0.0018676027097749488
11.830415557251646	0.0018437531055149605
11.857687481671597	0.0018190177209116043
11.88502227437019	0.0017945570545459557
11.91242008027375	0.001770371570041737
11.93988104464273	0.0017464602118316963
11.967405313072431	0.0017228218917922885
11.994993031493793	0.0016994554888748342
12.02264434617413	0.0016763598487334417
12.050359403717973	0.001653533783349555
12.078138351067798	0.0016309760706532386
12.10598133550483	0.0016086854541410788
12.133888504649775	0.0015866606424907194
12.161860006463678	0.0015649003091719323
12.189895989248662	0.001543403092054295
12.217996601648723	0.0015221675930114002
12.246161992650489	0.0015011923775215819
12.274392311584071	0.0014804759742650516
12.30268770812381	0.001460016874717564
12.331048332289097	0.0014398135327404612
12.359474334445107	0.001419864364167159
12.387965865303691	0.001400167746385899
12.416523075924106	0.001380722017918946
12.445146117713856	0.001361525477998019
12.473835142429433	0.0013425763861360644
12.5025903021772	0.001323872961695188
12.531411749414156	0.0013054133834508846
12.560299636948754	0.001287195789152414
12.589254117941675	0.0012692182750793767
12.618275345906707	0.0012514788955943462
12.64736347471151	0.001233975662691658
12.67651865857846	0.0012167065455422465
12.705741052085418	0.0011996694700345326
12.735030810166617	0.0011828623183112582
12.764388088113435	0.0011662829283023643
12.793813041575252	0.0011499290932537594
12.823305826560219	0.0011337985612520371
12.852866599436155	0.0011178890347450132
12.882495516931336	0.001102198170058153
12.912192736135347	0.0010867235769067873
12.941958414499863	0.0010714628179041338
12.971792709839558	0.0010564134080650034
13.001695780332899	0.001041572814305274
13.031667784523	0.001026938454937008
13.061708881318419	0.0010125076991592502
13.09181922999407	0.000998277866544366
13.121998990192028	0.0009842462265200191
13.15224832192239	0.0009704099978466475
13.182567385564074	0.0009567663480904879
13.212956341865752	0.0009433123930919913
13.243415351946643	0.0009300451964297495
13.273944577297401	0.0009169617688797707
13.304544179780914	0.0009030783785866681
13.33521432163324	0.0008893669372143258
13.365955165464419	0.0008758278983792035
13.396766874259358	0.0008624604482778372
13.427649611378643	0.0008492637507167614
13.458603540559483	0.0008362369468627366
13.489628825916533	0.0008233791549908148
13.52072563194278	0.0008106894702301515
13.551894123510364	0.0007981669643076094
13.583134465871542	0.0007858106852890423
13.614446824659497	0.0007736196573183583
13.645831365889252	0.000761592880354258
13.677288255958494	0.0007497293299046786
13.708817661648537	0.0007380279567588617
13.740419750125149	0.0007264876867171189
13.772094688939474	0.0007151074203181954
13.803842646028853	0.0007038860325642753
13.83566378971781	0.0006928223726435277
13.867558288718882	0.0006819152636502743
13.89952631213354	0.000671163502302687
13.931568029453036	0.0006605658586580373
13.963683610559377	0.0006501210758254244
13.995873225726179	0.0006398278696760381
14.028137045619589	0.000629684928550869
14.060475241299143	0.000619690912965906
14.092887984218748	0.0006098444553147151
14.12537544622754	0.0006001441595684887
14.157937799570824	0.0005905886009734524
14.190575216890926	0.0005811763257456756
14.223287871228198	0.0005719058507631914
14.25607593602188	0.0005627756632554939
14.288939585111036	0.0005537842204903173
14.321878992735439	0.0005449299494577279
14.35489433353656	0.0005362112465514486
14.387985782558452	0.0005276264772474693
14.421153515248696	0.0005191739757798558
14.45439770745928	0.0005108520448137853
14.487718535447618	0.0005026589551157289
14.52111617587742	0.0004945929452208251
14.554590805819668	0.000486652221097375
14.58814260275349	0.00047883495580846246
14.621771744567184	0.0004711392891706435
14.655478409559112	0.00046356332740972716
14.689262776438676	0.00045610514281358816
14.723125024327194	0.0004487627733820206
14.757065332758946	0.00044153422247355693
14.791083881682072	0.0004344174584492946
14.825180851459544	0.0004274104143136554
14.859356422870075	0.00042051098735209247
14.893610777109155	0.00041371703876566903
14.92794409578996	0.000406322582574118
14.962356560944343	0.00039902514024191276
14.99684835502374	0.0003918250493607353
15.031419660900225	0.0003847217398368276
15.066070661867418	0.0003777146274346358
15.100801541641477	0.0003708031136214951
15.135612484362087	0.0003639865854109611
15.170503674593368	0.00035726441520477224
15.205475297324954	0.0003506359606334029
15.240527537972907	0.00034410056439524377
15.275660582380732	0.00033765755409435953
15.310874616820303	0.0003313062420768411
15.346169827992941	0.00032504592526570297
15.381546403030342	0.00031887588499436104
15.4170045294956	0.0003127953868386466
15.452544395384141	0.00030680368044736466
15.488166189124811	0.00030089999937135496
15.523870099580817	0.00029508356089108577
15.55965631605075	0.0002893535658427367
15.595525028269538	0.00028370919844278157
15.631476426409538	0.0002781496261110219
15.667510701081484	0.000272673999292112
15.70362804333553	0.00026728145127551947
15.739828644662197	0.0002619710980139386
15.776112696993485	0.00025674203794011005
15.812480392703826	0.00025159335178207666
15.848931924611142	0.0002465241023768282
15.88546748597779	0.00024153333448235167
15.9220872705117	0.0002366200745880316
15.95879147236732	0.00023178333072344315
15.995580286146694	0.0002270220922654775
16.032453906900418	0.00022233532974382306
16.069412530128773	0.00021772199464474787
16.106456351782697	0.00021318101921321764
16.143585568264868	0.0002087113162532975
16.18080037643066	0.0002043117789268553
16.218100973589298	0.00019998128055051276
16.255487557504836	0.0001957186743908789
16.292960326397232	0.00019152279345801363
16.330519478943348	0.00018739245029713588
16.368165214278086	0.0001833264367785285
16.40589773199539	0.00017932352388566651
16.443717232149325	0.00017538246150152333
16.481623915255085	0.00017150197819306128
16.51961798229015	0.00016768078099386641
16.557699634695275	0.00016391755518494795
16.595869074375614	0.0001602109640736562
16.634126503701697	0.0001565596487707308
16.672472125510627	0.0001529622279654331
16.71090614310707	0.00014941729769878264
16.749428760264383	0.00014592343113485766
16.788040181225607	0.00014247917833016142
16.82674061070467	0.00013908306600101539
16.865530253887407	0.000135733597288995
16.90440931643265	0.00013242925152437098
16.94337800447329	0.00012916848398754902
16.982436524617444	0.0001259497256684832
17.0215850839495	0.00012277138302406275
17.060823890031244	0.0001196318377334418
17.10015315090288	0.00011652944645131131
17.139573075084254	0.00011346254055907117
17.179083871575877	0.00011042942591391988
17.21868574986008	0.00010742838259581742
17.25837891990204	0.0001044576646523265
17.298163592151013	0.00010151549984128999
17.338039977541374	0.00009860008937135711
17.378008287493763	0.00009570960764031955
17.418068733916144	0.00009284220197125477
17.458221529205037	0.00008999599234644104
17.498466886246565	0.00008716907113905282
17.53880501841762	0.00008435950284259548
17.579236139586932	0.00008156532379807973
17.619760464116293	0.00007878454191890001
17.66037820686164	0.00007601513641341723
17.70108958317422	0.00007325505750521625
17.741894808901662	0.0000705022261510299
17.78279410038923	0.00006775453375629246
17.82378767448089	0.00006500984188833043
17.864875748520518	0.00006226598198715045
17.906058540352948	0.000059520755073823676
17.947336268325266	0.000056771931456423015
17.988709151287875	0.00005401725043352659
18.030177408595698	0.000051254419995240064
18.071741260109274	0.000048481116521741385
18.113400926196025	0.000045694984479303404
18.15515662773135	0.00004289363611380339
18.197008586099845	0.00004007465114167695
18.238957023196384	0.00003723557643831431
18.281002161427427	0.00003437392572385809
18.323144223712113	0.00003148717924640654
18.365383433483473	0.000028572783462585284
18.407720014689563	0.00002562815071547654
18.450154191794738	0.000022650658909873805
18.492686189780777	0.000019637651184858316
18.535316234148123	0.000016586435583660223
18.57804455091699	0.000013494284720800755
18.620871366628677	0.000010358435446468783
18.663796908346693	7.176088508142101e-6
18.706821403658015	3.944408209404798e-6
18.74994508067419	6.605220659634849e-7