0.1	6.41404656127007
0.10023052380778996	6.40696889400951
0.10046157902783952	6.399890545750947
0.10069316688518042	6.3928115185623
0.10092528860766845	6.385731814058016
0.10115794542598985	6.378651433392637
0.10139113857366794	6.371570377254271
0.10162486928706957	6.364488645858019
0.1018591388054117	6.357406238939332
0.102093948370768	6.350323155747301
0.10232929922807542	6.343239395037892
0.10256519262514076	6.336153835152652
0.10280162981264736	6.329061050463199
0.10303861204416162	6.321967549611678
0.10327614057613975	6.314873347747334
0.10351421666793438	6.307778459748113
0.10375284158180126	6.300682900215957
0.10399201658290592	6.293586683472059
0.10423174293933042	6.2864898235520705
0.10447202192208001	6.27939233420125
0.10471285480508996	6.272294228869578
0.10495424286523224	6.265195520706803
0.1051961873823223	6.258096222557457
0.1054386896391259	6.250996346955807
0.10568175092136585	6.243895906120763
0.10592537251772889	6.236794911950721
0.10616955571987247	6.2296933760183775
0.10641430182243161	6.222591309565473
0.10665961212302578	6.2154887234974865
0.1069054879222658	6.208385628378278
0.10715193052376065	6.201282034424685
0.10739894123412448	6.194177951501047
0.1076465213629835	6.187073389113692
0.10789467222298288	6.17996835640537
0.1081433951297938	6.172862862149603
0.10839269140212036	6.1657569147450175
0.10864256236170655	6.158650522209595
0.10889300933334335	6.151543692174874
0.10914403364487565	6.144436431880089
0.10939563662720939	6.137328748166263
0.1096478196143185	6.13022064747023
0.10990058394325211	6.1231121358186025
0.11015393095414151	6.116003218821686
0.11040786199020733	6.108893901667321
0.11066237839776664	6.101784189114675
0.11091748152624012	6.09467408548797
0.11117317272815914	6.087563594670149
0.11142945335917301	6.080452720096481
0.11168632477805612	6.0733414647481
0.11194378834671516	6.066229831145489
0.11220184543019636	6.059117821341891
0.11246049739669266	6.052005436916666
0.11271974561755105	6.04489267896857
0.11297959146727979	6.037779548108985
0.11324003632355571	6.030666044455072
0.11350108156723152	6.023552167622862
0.1137627285823431	6.016437916720279
0.11402497875611688	6.009323290340097
0.11428783347897718	6.0022082865528255
0.11455129414455358	5.995092902899538
0.1148153621496883	5.987977136384615
0.11508003889444356	5.9808595648354705
0.11534532578210924	5.973733314188017
0.11561122421920987	5.96660662800847
0.11587773561551262	5.95947952443258
0.11614486138403426	5.952352021347247
0.11641260294104915	5.945224136385977
0.11668096170609624	5.938095886924303
0.11694993910198712	5.930967290075131
0.11721953655481303	5.923838362684076
0.11748975549395298	5.916709121324707
0.11776059735208072	5.909579582293784
0.11803206356517298	5.902449761606417
0.11830415557251646	5.8953196749911925
0.118576874816716	5.888189337885238
0.11885022274370183	5.881058765429243
0.11912420080273747	5.873927972462434
0.1193988104464273	5.866796973517483
0.11967405313072434	5.859665782815383
0.11994993031493788	5.852534414260253
0.12022644346174129	5.845402881434108
0.12050359403717974	5.838271197591565
0.120781383510678	5.831139375654495
0.12105981335504823	5.82400742820663
0.12133888504649772	5.816875367488106
0.12161860006463679	5.809743205389959
0.12189895989248664	5.802610953448559
0.12217996601648717	5.795478622839995
0.12246161992650487	5.7883462243743935
0.12274392311584072	5.781213768490198
0.12302687708123815	5.774081265248374
0.1233104833228909	5.766948724326565
0.12359474334445104	5.759816155013182
0.1238796586530369	5.752683566201453
0.1241652307592411	5.74555096638339
0.1244514611771385	5.738418363643717
0.12473835142429429	5.73128576565372
0.125025903021772	5.724153179665054
0.1253141174941416	5.71702061250347
0.1256029963694875	5.709888070562499
0.12589254117941673	5.702755559797066
0.12618275345906707	5.695623085717031
0.12647363474711512	5.688490653380686
0.12676518658578456	5.681358267388172
0.12705741052085415	5.674225931874848
0.12735030810166617	5.667093650504571
0.12764388088113438	5.659961426462945
0.12793813041575247	5.6528292624504655
0.12823305826560213	5.645697160675631
0.12852866599436155	5.638565122847965
0.1288249551693134	5.631433150170984
0.12912192736135342	5.624299928557316
0.1294195841449986	5.617159091140537
0.12971792709839558	5.610018281944478
0.13001695780332903	5.602877521719343
0.13031667784522993	5.595736830974439
0.13061708881318415	5.588596229973641
0.1309181922999407	5.581455738730778
0.13121998990192033	5.574315377004991
0.13152248321922383	5.567175164296043
0.1318256738556407	5.5600351198395765
0.1321295634186575	5.552895262602307
0.13243415351946647	5.545755611277205
0.13273944577297395	5.538616184278578
0.1330454417978091	5.531476999737153
0.1333521432163324	5.524338075495067
0.13365955165464422	5.51719942910083
0.1339676687425935	5.510061077804225
0.1342764961137864	5.502923038551172
0.13458603540559483	5.4957853279785125
0.13489628825916536	5.4886479624087645
0.13520725631942773	5.481510957844818
0.1355189412351036	5.4743743299645695
0.1358313446587154	5.4672380941155145
0.136144468246595	5.460102265309269
0.13645831365889247	5.452966858216051
0.13677288255958492	5.445831887159102
0.13708817661648537	5.438697366109039
0.13740419750125152	5.431563308678182
0.13772094688939465	5.42442972811478
0.1380384264602885	5.4172966372972216
0.1383566378971781	5.410164048728162
0.13867558288718884	5.403031974528591
0.13899526312133534	5.395900426431866
0.13931568029453031	5.388769415777654
0.13963683610559377	5.381638953505836
0.13995873225726183	5.374509050150336
0.14028137045619582	5.367379715832907
0.1406047524129914	5.360250960256835
0.14092887984218747	5.353122792700589
0.14125375446227545	5.345995222011415
0.14157937799570816	5.338868256598865
0.14190575216890922	5.331741904428248
0.142232878712282	5.324616173014027
0.14256075936021884	5.317491069413166
0.1428893958511103	5.310366600218381
0.14321878992735435	5.303242771551352
0.1435489433353656	5.296119589055848
0.14387985782558455	5.2889970578908025
0.14421153515248689	5.281875182723313
0.14454397707459277	5.274753967721568
0.14487718535447616	5.2676321249859575
0.14521116175877424	5.2605034030563385
0.14554590805819662	5.253375313959811
0.14588142602753484	5.246247881057183
0.14621771744567183	5.239121127469996
0.14655478409559117	5.2319950760758775
0.1468926277643867	5.224869749503862
0.1472312502432719	5.217745170129655
0.14757065332758945	5.210621360070849
0.14791083881682077	5.203498341182089
0.14825180851459538	5.196376135050192
0.1485935642287007	5.189254762989204
0.14893610777109154	5.1821342460354245
0.14927944095789963	5.1750146049423655
0.14962356560944334	5.167895860175662
0.1499684835502373	5.160778031907929
0.15031419660900225	5.153661140013572
0.15066070661867417	5.146545204063539
0.15100801541641484	5.139430243320011
0.1513561248436208	5.132316276731063
0.1517050367459337	5.125203322925234
0.15205475297324955	5.118091400206085
0.15240527537972914	5.110980526546656
0.15275660582380723	5.103870719583901
0.15310874616820302	5.096761996613055
0.15346169827992942	5.089654374581945
0.1538154640303035	5.082547870085235
0.15417004529495593	5.075442499358627
0.1545254439538414	5.068338278272992
0.1548816618912481	5.061235222328454
0.15523870099580825	5.054133346648398
0.15559656316050743	5.047032665973437
0.15595525028269538	5.039933194655303
0.15631476426409538	5.032834946650683
0.15667510701081494	5.025737935514993
0.15703628043335524	5.018642174396104
0.15739828644662196	5.011547676027964
0.15776112696993486	5.004454452724212
0.15812480392703834	4.997362516371688
0.15848931924611134	4.990271878423895
0.15885467485977792	4.9831825498943925
0.159220872705117	4.976094541350126
0.15958791472367329	4.9690078629046885
0.15995580286146688	4.961922524211525
0.16032453906900418	4.954838534457051
0.1606941253012877	4.947755902353728
0.16106456351782708	4.940674636133044
0.16143585568264862	4.933594743538456
0.16180800376430657	4.926516231818233
0.16218100973589297	4.91943910771825
0.16255487557504839	4.912362095279716
0.16292960326397224	4.905278990972958
0.16330519478943342	4.898197254931114
0.16368165214278085	4.8911169129230565
0.16405897731995392	4.884037990472004
0.16443717232149316	4.876960512850701
0.1648162391525508	4.869884505076563
0.1651961798229015	4.862809991906761
0.1655769963469528	4.855736997833255
0.16595869074375605	4.848665547077778
0.16634126503701693	4.841595663586767
0.16672472125510626	4.8345273710262395
0.16710906143107074	4.827460692776628
0.16749428760264373	4.820395651927539
0.16788040181225602	4.813332271272483
0.16826740610704674	4.806270573303532
0.16865530253887412	4.799210580205928
0.16904409316432642	4.792152313852642
0.16943378004473283	4.785095795798866
0.16982436524617442	4.778041047276461
0.17021585083949506	4.770988089188331
0.17060823890031235	4.763936942102766
0.17100153150902875	4.756887626247697
0.17139573075084252	4.7498401615049195
0.17179083871575881	4.742794567404236
0.1721868574986007	4.73575086311756
0.17258378919902034	4.7287090674529395
0.17298163592151014	4.72166919884854
0.17338039977541378	4.7146312753665525
0.17378008287493754	4.708126492299183
0.17418068733916142	4.702765026208292
0.17458221529205037	4.697404615550792
0.1749846688624657	4.692045223540839
0.1753880501841761	4.686686812425702
0.17579236139586926	4.681329343474594
0.1761976046411629	4.675972776967429
0.17660378206861643	4.670617072183436
0.17701089583174212	4.6652621873897155
0.17741894808901656	4.6599080798296635
0.1778279410038923	4.654554705711299
0.17823787674480895	4.649202020195488
0.17864875748520506	4.6438499773840665
0.17906058540352943	4.638498530307849
0.17947336268325265	4.633147630914531
0.1798870915128788	4.6277972300564905
0.1803017740859569	4.62244727747847
0.1807174126010927	4.617097721805158
0.18113400926196024	4.611748510528655
0.18155156627731356	4.606399589995826
0.18197008586099836	4.601050905395547
0.18238957023196378	4.595699250186144
0.1828100216142743	4.590329310076888
0.18323144223712115	4.584959344689942
0.18365383433483465	4.579589346313498
0.18407720014689558	4.574219306734333
0.18450154191794738	4.568849217231315
0.18492686189780783	4.563479068568841
0.18535316234148114	4.558108850990226
0.18578044550916986	4.552738554211011
0.18620871366628675	4.547368167412233
0.186637969083467	4.541997679233608
0.18706821403658005	4.536627077766666
0.18749945080674188	4.531256350547814
0.18793168168032684	4.525885484551335
0.18836490894898006	4.520514466182327
0.18879913490962935	4.515143281269574
0.18923436186449755	4.509771915058339
0.18967059212111465	4.504400352203116
0.19010782799233	4.499028576760282
0.19054607179632474	4.493656572180709
0.1909853258566238	4.488284321302293
0.19142559250210858	4.482911806342416
0.19186687406702896	4.4775390088903375
0.19230917289101584	4.472165909899525
0.1927524913190936	4.4667924896798965
0.1931968317016924	4.46141872789001
0.19364219639466074	4.456044603529161
0.19408858775927784	4.450670094929431
0.19453600816226624	4.445295179747647
0.19498445997580455	4.439919834957262
0.19543394557753943	4.434544036840184
0.195884467350599	4.429167760978503
0.19633602768360464	4.423790982246163
0.1967886289706845	4.418413674800546
0.19724227361148533	4.413035812073988
0.19769696401118608	4.407657366765209
0.1981527025805098	4.402278310830667
0.19860949173573716	4.396898615475841
0.19906733389871864	4.391518251146422
0.19952623149688797	4.386137187519436
0.1999861869632744	4.380755393494278
0.20044720273651614	4.375372837183666
0.2009092812608728	4.369989485904526
0.20137242498623883	4.364605306168764
0.20183663636815607	4.359220263673992
0.2023019178678272	4.353834323294141
0.20276827195212818	4.348447449070006
0.20323570109362218	4.343059604199695
0.2037042077705718	4.337670751029006
0.20417379446695297	4.332280851041696
0.20464446367246739	4.326884791158235
0.20511621788255657	4.3214579608889485
0.20558905959841414	4.31602981853047
0.20606299132700007	4.310600405537149
0.20653801558105292	4.305169763614245
0.20701413487910425	4.299737934718857
0.20749135174549097	4.294304961060892
0.2079696687103696	4.288870885103996
0.20844908830972886	4.283435749566529
0.20892961308540398	4.277999597422504
0.20941124558508925	4.272562471902554
0.20989398836235246	4.267124416494878
0.21037784397664752	4.2616854749462165
0.21086281499332898	4.256245691262793
0.21134890398366465	4.250805109711294
0.2118361135248502	4.245363774819817
0.21232444620002192	4.239921731378847
0.21281390459827124	4.234479024442213
0.21330449131465762	4.229035699328064
0.21379620895022325	4.223591801619826
0.21428906011200585	4.218147377167187
0.21478304741305343	4.212702472087051
0.21527817347243727	4.207257132764527
0.21577444091526668	4.201811405853882
0.21627185237270202	4.196365338279538
0.21677041048196952	4.19091897723703
0.21727011788637443	4.185472370193993
0.2177709772353159	4.180025564891132
0.21827299118430013	4.17457860934321
0.2187761623949553	4.169131551840017
0.21928049353504486	4.163684440947365
0.21978598727848253	4.15823732550805
0.2202926463053456	4.1527902546428574
0.22080047330189004	4.147343277751529
0.22130947096056375	4.141896444513759
0.22181964198002194	4.136449804890168
0.2223309890651403	4.131003409123302
0.22284351492703042	4.125557307738612
0.22335722228305316	4.120111551545446
0.223872113856834	4.114666191638036
0.22438819237827662	4.109221279396489
0.2249054605835781	4.1037768664877765
0.22542392121524293	4.098333004866729
0.22594357702209775	4.092889746777022
0.22646443075930595	4.08744714475218
0.2269864851883822	4.0820052516165575
0.22750974307720706	4.076564120486342
0.2280342072000418	4.07112380477054
0.22855988033754301	4.0656843581719855
0.2290867652767773	4.06024583468832
0.2296148648112362	4.054809684310778
0.23014418174085083	4.049382720535156
0.2306747188720069	4.04395688338315
0.23120647901755947	4.038532205067155
0.23173946499684786	4.033108717779483
0.2322736796357107	4.027686453690278
0.23280912576650079	4.022265444945416
0.23334580622810028	4.016845723664358
0.23388372386593548	4.011427321938006
0.2344228815319922	4.006010271826505
0.23496328208483072	4.000594605357035
0.23550492838960096	3.995180354521573
0.2360478233180577	3.989767551274629
0.23659196974857583	3.9843562275309483
0.23713737056616552	3.9789464151631995
0.23768402866248767	3.9735381459996204
0.23823194693586902	3.968131451821652
0.23878112829131776	3.9627263643615267
0.23933157564053875	3.957322915299845
0.23988329190194904	3.95192113626311
0.24043628000069334	3.9465210588212463
0.24099054286865948	3.94112271448508
0.24154608344449405	3.93572613470379
0.2421029046736178	3.9303313508623394
0.24266100950824154	3.924938394278863
0.24322040090738153	3.919547296202036
0.24378108183687525	3.914158087808409
0.2443430552693972	3.90877080019971
0.24490632418447456	3.9033854644001207
0.24547089156850305	3.8980021113535144
0.24603676041476275	3.8926207719206656
0.24660393372343392	3.8872414768764387
0.24717241450161304	3.881864256906925
0.24774220576332856	3.8764891426065615
0.24831331052955705	3.871116164475216
0.2488857318282391	3.8657453529152304
0.24945947269429547	3.860376738228442
0.25003453616964316	3.855010350613167
0.2506109253032114	3.8496462201611488
0.251188643150958	3.8442843768544708
0.25176769277588557	3.8389248505624445
0.25234807724805747	3.8335676710384505
0.2529297996446145	3.8282128679167524
0.25351286304979076	3.8228604707092746
0.25409727055493053	3.8175105088023398
0.2546830252585041	3.812163011453384
0.2552701302661247	3.8068180077876104
0.2558585886905646	3.801475526794642
0.25644840365177174	3.7961355973250974
0.2570395782768864	3.7907982480871665
0.25763211570025757	3.7854651537207915
0.25822601906345966	3.7801443140518765
0.2588212915153092	3.774826186715058
0.2594179362118814	3.7695107727176573
0.2600159563165272	3.764198072529518
0.2606153549998896	3.758888086075703
0.26121613543992067	3.7535808127291266
0.2618183008218985	3.7482762513031025
0.26242185433844417	3.742974400043832
0.26302679918953814	3.7376752566228197
0.263633138582538	3.7323788181292095
0.2642408757321946	3.727085081062063
0.2648500138606701	3.7217940413225437
0.2654605561975539	3.7165056942060506
0.26607250597988097	3.7112200343942567
0.2666858664521479	3.7059370559470906
0.26730064086633115	3.700656752294625
0.2679168324819031	3.69537911622891
0.26853444456585074	3.6901041398956997
0.26915348039269155	3.68483181478614
0.26977394324449205	3.6795621317283405
0.2703958364108843	3.674295080878894
0.2710191631890843	3.669030651714303
0.2716439268839082	3.663768833022336
0.2722701308077913	3.658509612893287
0.272897778280804	3.6532529787111785
0.27352687263067127	3.647998917144853
0.27415741719278824	3.6427474141390124
0.2747894153102397	3.6374984549051455
0.2754228703338166	3.6322520239123928
0.27605778562203465	3.6270081048783136
0.27669416454115114	3.6217666807595807
0.2773320104651841	3.616527733742568
0.27797132677592884	3.6112912452338755
0.2786121168629771	3.6060571958507497
0.27925438412373377	3.6008255654114243
0.2798981319634363	3.595596332925365
0.2805433637951713	3.590369476583436
0.28119008303989407	3.5851449737479584
0.28183829312644537	3.5799228009427004
0.2824879974915708	3.574702933842752
0.2831391995799379	3.5694853472643255
0.2837919028441557	3.5642700151544515
0.28444611074479154	3.5590569105805874
0.285101826750391	3.553846005720124
0.28575905433749466	3.548637271849807
0.2864177969906581	3.5434306793350476
0.28707805820246907	3.5382261976191525
0.28773984147356696	3.5330237952124413
0.28840315031266056	3.5278234396812747
0.2890679882365476	3.522621997978052
0.28973435877013226	3.517404425118656
0.2904022654464451	3.5121887078084284
0.2910717118066605	3.5069748607494007
0.29174270140011677	3.5017628983536686
0.29241523778433354	3.496552834738664
0.2930893245250321	3.491344683722352
0.2937649651961531	3.486138458818406
0.29444216337987617	3.48093417323132
0.29512092266663853	3.475731839851468
0.29580124665515467	3.4705314712501285
0.2964831389524342	3.4653330796744517
0.29716660317380267	3.4601366770423647
0.29785164294291894	3.454942274937455
0.298538261891796	3.449749884603773
0.2992264636608189	3.4445595169406054
0.29991625189876514	3.439371182497179
0.30060763026282306	3.434184891467329
0.3013006024186122	3.429000653684101
0.3019951720402016	3.4238184786143093
0.30269134281013055	3.4186383753530354
0.30338911841942706	3.4134603526180762
0.3040885025676279	3.408284418744338
0.3047894989627983	3.40311058167817
0.3054921113215513	3.397938848971651
0.3061963433690677	3.3927692277768147
0.30690219883911574	3.38760172483982
0.3076096814740708	3.3824363464950604
0.3083187950249354	3.377273098659229
0.30902954325135906	3.3721119868253107
0.309741929921658	3.366953016056523
0.31045595881283555	3.3617961909801983
0.31117163371060175	3.356641515781609
0.3118889584093937	3.3514889941977275
0.3126079367123955	3.3463386295109294
0.31332857243155854	3.341190424542637
0.3140508693876217	3.3360443816469005
0.3147748314101316	3.330900502703914
0.31550046233746265	3.3257587891134746
0.31622776601683794	3.3206192417883806
0.3169567463043491	3.3154818611477577
0.31768740706497706	3.3103466471103262
0.3184197521726125	3.30521359908761
0.31915378551007617	3.3000827159770667
0.3198895109691398	3.2949539961551713
0.3206269324505466	3.289827437470412
0.3213660538640317	3.284703037236241
0.32210687912834346	3.279580792223942
0.32284941217126356	3.2744606986554388
0.32359365692962827	3.2693427521960334
0.32433961734934924	3.264224872640343
0.3250872973854344	3.259097004490055
0.3258367010020088	3.253971207945304
0.32658783217233583	3.2488475105323853
0.3273406948788382	3.24372593965927
0.328095293113119	3.2386065226125007
0.32885163087598307	3.2334892865540628
0.32960971217745777	3.228374258518212
0.3303695410368148	3.2232614654082745
0.3311311214825911	3.2181509339934076
0.3318944575526104	3.2130426909053287
0.33265955329400454	3.207936762635006
0.333426412763235	3.202833175529315
0.3341950400261143	3.197731955787659
0.33496543915782767	3.1926331294585513
0.3357376142429547	3.187536722436163
0.33651156937549076	3.1824427604568326
0.3372873086588689	3.1773512690955377
0.3380648362059816	3.17226227376233
0.33884415613920255	3.1671757996987324
0.3396252725904084	3.1620918719740967
0.3404081897010009	3.1570105154819235
0.34119291162192855	3.1519317549361427
0.3419794425137089	3.146855614867354
0.3427677865464504	3.141782119619027
0.34355794789987465	3.1367112933436685
0.34434993076333853	3.1316431599989345
0.3451437393358563	3.1265777433437196
0.345939377826122	3.1215150669341885
0.34673685045253166	3.1164551541197794
0.34753616144320587	3.1113980280391553
0.34833731503601184	3.106343711616121
0.34914031547858615	3.101292227555494
0.3499451670283573	3.09624359833893
0.350751873952568	3.0911978462207097
0.35156044052829816	3.0861549932234844
0.35237087104248715	3.081115061133964
0.353183169791957	3.0760780714985785
0.3539973410834347	3.0710440456190824
0.35481338923357547	3.06601300454812
0.3556313185689854	3.0609849690847364
0.3564511334262443	3.0559599597698606
0.35727283815192895	3.0509379968817205
0.35809643710263606	3.0459191004312265
0.35892193464500527	3.0409032901573005
0.35974933515574237	3.0358905855221643
0.36057864302164244	3.0308810057065703
0.36140986263961333	3.0258745696049916
0.36224299841669866	3.0208712958207635
0.3630780547701014	3.0158712026611685
0.36391503612720716	3.010874792520264
0.36475394692560786	3.0058844288291127
0.36559479161312497	3.0008973126493075
0.36643757464783333	2.995913453080361
0.3672823004980847	2.990932858789412
0.3681289736425315	2.9859555380049465
0.3689775985701504	2.9809814985104524
0.3698281797802663	2.976010747638014
0.37068072178257605	2.971043292261842
0.37153522909717257	2.966079138791746
0.3723917062545686	2.9611182931665376
0.3732501577957206	2.956160760847377
0.3741105882720534	2.951206546811047
0.3749730022454836	2.946255655543171
0.3758374042884442	2.941308091031363
0.37670379898390893	2.9363638567583017
0.377572190925416	2.9314229556947593
0.37844258471709324	2.926485390292542
0.3793149849736819	2.9215511624773756
0.38018939632056115	2.9166202736417244
0.381065823393773	2.911692724637529
0.3819442708400465	2.906768515768889
0.38282474331682265	2.9018476467846686
0.38370724549227875	2.896930116871033
0.38459178204535355	2.892015924643916
0.38547835766577176	2.8871050681414134
0.38636697705406914	2.882197544816106
0.3872576449216172	2.877293351527312
0.3881503659906482	2.8723924845332585
0.38904514499428056	2.8674949394831932
0.3899419866765434	2.8626007114094034
0.390840895792402	2.8577097947191796
0.3917418771077831	2.852822183186686
0.3926449353995998	2.847937869944768
0.3935500754557774	2.843056847476672
0.3944573020752784	2.838179107607698
0.3953666200681279	2.8333046414967673
0.39627803425543945	2.8284334396279123
0.3971915494694403	2.823565491801688
0.3981071705534972	2.818700787126504
0.39902490236214205	2.8138393140098765
0.39994474976109745	2.8089810601495935
0.4008667176273028	2.8041260125248035
0.4017908108489399	2.7992741573870243
0.4027170343254591	2.7944254802510557
0.40364539296760493	2.7895799658858236
0.4045758916974427	2.784737598305128
0.40550853544838383	2.77989836075831
0.40644332916521275	2.7750622357208354
0.40738027780411273	2.7702292048847843
0.4083193863326921	2.7653970165332677
0.40926065973001086	2.7605548389373844
0.4102041029866068	2.7557156322576395
0.41114972110452225	2.7508794117066877
0.4120975190973302	2.746046192176638
0.4130475019901614	2.7412159882339444
0.41399967481973043	2.736388814114237
0.4149540426343629	2.7315646837171097
0.41591061049402206	2.726743610600851
0.4168693834703354	2.721925607977129
0.41783036664662176	2.7171106887056142
0.4187935651179184	2.7122988652885587
0.41975898399100753	2.7074901498653148
0.4207266283844441	2.7026845542068054
0.4216965034285822	2.697882089709933
0.422668614265603	2.6930827673919415
0.4236429660495411	2.6882865978847197
0.4246195639463129	2.6834935914290408
0.4255984131337431	2.678703757868764
0.42657951880159267	2.6739171066449594
0.4275628861515862	2.6691336467899887
0.4285485203974395	2.6643533869215243
0.4295364267648873	2.659576335236508
0.43052661049171065	2.6548024995050556
0.43151907682776525	2.6500318870642956
0.43251383103500873	2.6452645048121584
0.4335108783875289	2.640500359201094
0.43451022417157154	2.6357394562317364
0.4355118736855686	2.6309818014465045
0.436515832240166	2.6262273999231436
0.4375221051582521	2.6214762562681977
0.4385306977749857	2.61672837461043
0.4395416154378245	2.611983758594171
0.4405548635065533	2.6072424113726047
0.4415704473533125	2.602504335600996
0.44258837236262655	2.5977695334298465
0.44360864393143257	2.5930380064979865
0.4446312674691087	2.5883097559256063
0.4456562483975033	2.583584782307212
0.44668359215096315	2.578863085704523
0.44771330417636257	2.574144665639298
0.4487453899331322	2.569429521086091
0.449779854893288	2.5647176504649423
0.45081670454146017	2.560009051633999
0.4518559443749224	2.5553037218820633
0.4528975799036208	2.5506016579210757
0.4539416166502032	2.5459028558785226
0.4549880601500486	2.541207311289773
0.4560369159512962	2.5365150190903463
0.4570881896148751	2.5318259736081017
0.4581418867145335	2.5271383499857
0.4591980128368686	2.522443334576909
0.4602565735813561	2.517751493367231
0.4613175745603794	2.513062848109692
0.46238102139926035	2.5083774203263123
0.46344691973628804	2.5036952313038703
0.46451527522274944	2.4990163020896126
0.465586093522959	2.494340653486926
0.46665938031428866	2.48966830605097
0.46773514128719823	2.484999280084252
0.46881338214526524	2.480333595632168
0.46989410860521547	2.475671272478496
0.47097732639695294	2.4710123301408387
0.47206304126359055	2.4663567878660246
0.4731512589614805	2.4617046646254606
0.4742419852602447	2.45705597911044
0.47533522594280536	2.4524107497273953
0.47643098680541573	2.4477689945931154
0.47752927365769093	2.4431307315299047
0.4786300923226384	2.4384959780606947
0.47973344863668915	2.4338647514041147
0.4808393484497286	2.429237068469498
0.4819477976251274	2.4246129458518566
0.4830588020397727	2.4199923998267865
0.48417236758409943	2.4153754463453394
0.4852885001621211	2.4107621010288325
0.4864072056914617	2.406152379163607
0.4875284901033864	2.4015462956957414
0.48865235934283363	2.3969438652257065
0.48977881936844625	2.392345102002967
0.4909078761526032	2.3877500199205355
0.492039535681451	2.3831586325094642
0.49317380395493593	2.3785709529332917
0.4943106869868355	2.3739869939824283
0.4954501908047903	2.3694067680684854
0.49659232145033616	2.3648302872185574
0.49773708497893604	2.3602575630694367
0.4988844874600123	2.3556886068617815
0.5000345349769786	2.351123429434219
0.5011872336272724	2.3465620412173958
0.5023425895223872	2.342004452227971
0.5035006087879049	2.337450672062545
0.5046612975635284	2.332900709891536
0.505824662003114	2.3283545744529914
0.5069907082747043	2.3238122740463427
0.5081594425605604	2.3192738165260987
0.5093308710571953	2.3147392092954817
0.5105049999754062	2.3102084592999894
0.5116818355403077	2.3056815730209137
0.5128613839913648	2.301158556468782
0.514043651582426	2.2966383961231265
0.5152286445817564	2.292116162091368
0.5164163692720709	2.287597783913573
0.5176068319505677	2.2830832824249754
0.5188000389289611	2.2785726781898825
0.5199959965335159	2.2740659914969794
0.5211947111050804	2.2695632423545957
0.5223961889991198	2.2650644504859176
0.5236004365857502	2.2605696353241567
0.5248074602497725	2.2560788160076637
0.5260172663907061	2.251592011375
0.5272298614228227	2.2471092399599555
0.5284452517751804	2.2426305199865153
0.5296634438916578	2.23815586936378
0.5308844442309884	2.2336853056808312
0.5321082592667942	2.2292188462015505
0.5333348954876209	2.224756507859379
0.5345643593969717	2.2202983072520346
0.5357966575133416	2.215844260636167
0.5370317963702527	2.2113943839219674
0.5382697825162883	2.2069486926677175
0.5395106225151276	2.2025072020742953
0.5407543229455808	2.1980699269796116
0.5420008904016238	2.193636881853004
0.5432503314924332	2.189208080789572
0.5445026528424212	2.184783537504453
0.5457578610912709	2.1803632653270464
0.5470159628939716	2.1759472771951787
0.5482769649208538	2.171535585649211
0.5495408738576245	2.167128202826092
0.5508076964054034	2.162725140453348
0.5520774392807574	2.1583264098430175
0.5533501092157367	2.1539320218855282
0.5546257129579107	2.1495419870435093
0.5559042572704036	2.145156315345546
0.5571857489319298	2.140775016379878
0.5584701947368308	2.136398099288029
0.5597576014951101	2.13202557275838
0.5610479760324705	2.1276574450196755
0.5623413251903491	2.1232937238344776
0.5636376558259545	2.1189344164925403
0.5649369748123025	2.1145795298041374
0.5662392890382533	2.110229070093312
0.5675446054085471	2.105883043191072
0.5688529308438415	2.101541454428512
0.5701642722807475	2.097204308629874
0.571478636671867	2.0928716101055436
0.5727960309858292	2.0885433626449705
0.5741164622073276	2.0842195695095325
0.5754399373371569	2.0799002334253225
0.5767664633922508	2.075584660176981
0.5780960474057181	2.0712694789672237
0.5794286964268811	2.066958739874964
0.580764417521312	2.062652454875062
0.5821032177708715	2.058350635529612
0.5834451042737447	2.054053292981858
0.5847900841444807	2.0497604379500367
0.5861381645140288	2.0454720807211677
0.5874893525297767	2.041188231144785
0.588843655355589	2.036908898626599
0.5902010801718444	2.032634092122107
0.591561634175474	2.028363820130136
0.5929253245799998	2.0240980906863277
0.5942921586155727	2.0198369113565513
0.5956621435290105	2.015580289230267
0.5970352865838369	2.0113282309138127
0.5984115950603197	2.007080742523633
0.5997910762555094	2.0028378296794433
0.6011737374832781	1.9985994974973242
0.6025595860743578	1.994365750582755
0.6039486293763798	1.9901365930235764
0.6053408747539136	1.985912028382887
0.6067363295885054	1.9816920596918768
0.6081350012787179	1.9774766894425826
0.6095368972401692	1.9732659195805857
0.610942024905572	1.9690597514976318
0.6123503917247736	1.964858186024185
0.6137620051647943	1.9606612234219098
0.6151768727098682	1.9564688633760827
0.6165950018614822	1.9522811049879338
0.618016400138416	1.9480979467669093
0.6194410750767815	1.9439193866228703
0.6208690342300636	1.9397454218582124
0.6223002851691596	1.9355760491599108
0.6237348354824193	1.9314112645914958
0.6251726927756859	1.9272510635849456
0.6266138646723355	1.9230954409325103
0.628058358813318	1.9189443907784531
0.6295061828571976	1.914797906610721
0.6309573444801934	1.9106559812525297
0.6324118513762195	1.906518606853878
0.633869711256927	1.9023857748829762
0.6353309318517437	1.8982574761176016
0.6367955209079159	1.8941337006363645
0.6382634861905487	1.8900144378099053
0.6397348354826482	1.8858996762919957
0.6412095765851616	1.881789404010571
0.6426877173170197	1.8776836081586707
0.6441692655151774	1.8735822751852953
0.6456542290346556	1.8694853907861877
0.6471426157485832	1.8653909398738635
0.6486344335482385	1.8612892211669603
0.6501296903430908	1.857191846565825
0.6516283940608427	1.8530988315813886
0.6531305526474724	1.8490101913822903
0.654636174067275	1.8449259407895533
0.6561452663029055	1.8408460942711977
0.6576578373554206	1.8367706659368055
0.6591738952443215	1.832699669532031
0.6606934480075961	1.828633118433058
0.662216503701762	1.824571025641
0.6637430704019089	1.8205134037762487
0.6652731562017414	1.8164602650727666
0.6668067692136223	1.8124116213723207
0.6683439175686147	1.8083674841186637
0.6698846094165265	1.8043278643516565
0.6714288529259524	1.800292772701335
0.6729766562843179	1.7962622193819155
0.6745280276979221	1.7922362141857493
0.6760829753919819	1.7882147664772081
0.6776415076106752	1.7841978851865214
0.6792036326171846	1.7801855788035454
0.6807693586937414	1.7761778553714778
0.6823386941416696	1.7721747224805067
0.6839116472814293	1.7681761872614048
0.6854882264526615	1.764182256379056
0.6870684400142321	1.7601929360259216
0.688652296344276	1.7562082319154464
0.6902398038402419	1.7522281492754
0.6918309709189364	1.748252692841149
0.6934258060165691	1.744281866848879
0.6950243175887968	1.7403156750287339
0.6966265141107687	1.7363541205979032
0.6982324040771714	1.7323972062536392
0.6998419960022735	1.728444934166207
0.7014552984199712	1.724497305971766
0.7030723198838335	1.7205543227651918
0.7046930689671469	1.7166159850928184
0.7063175542629619	1.7126822929451204
0.7079457843841379	1.7087532457493249
0.7095777679633888	1.704828842361948
0.711213513653329	1.700909081061271
0.7128530301265195	1.6969939595397343
0.7144963260755133	1.6930834748962673
0.716143410212902	1.6891776236285472
0.7177942912713617	1.6852764016251776
0.7194489780036994	1.6813798041578014
0.7211074791828996	1.677487825873136
0.7227698036021702	1.673600460784936
0.72443596007499	1.6697177022658778
0.7261059574351547	1.665837942026957
0.727779804536824	1.66195341895721
0.7294575102545687	1.6580734330634521
0.7311390834834174	1.6541980014255497
0.732824533138904	1.6503271408075166
0.734513868157115	1.6464608676524717
0.7362070974947361	1.6425991980775498
0.737904230129101	1.638742147868758
0.7396052750582378	1.63488973247578
0.7413102413009175	1.6310419670067355
0.7430191378967014	1.6271988662228805
0.744731973905989	1.6233604445332597
0.7464487584100665	1.6195267159893059
0.7481695005111544	1.6156976942793837
0.7498942093324559	1.6118733927232844
0.7516228940182055	1.6080538242666609
0.7533555637337174	1.6042390014754135
0.7550922276654339	1.6004289365300164
0.7568328950209744	1.5966236412197954
0.7585775750291838	1.5928231269371396
0.7603262769401818	1.589027404671668
0.762079010025412	1.5852364850043303
0.7638357835776907	1.5814503781014557
0.7655966069112563	1.577669093708744
0.7673614893618189	1.5738926411451943
0.7691304402866096	1.5701210292969792
0.7709034690644301	1.5663542666112589
0.7726805850957024	1.5625923610899328
0.7744617978025188	1.5588353202833385
0.7762471166286917	1.5550831512838785
0.7780365510398041	1.551335860719597
0.7798301105232588	1.5475934547476886
0.7816278045883297	1.543855939047947
0.7834296427662119	1.5401233188161496
0.7852356346100718	1.5363955987573823
0.7870457896950986	1.5326727830792957
0.7888601176185545	1.5289548754853006
0.7906786279998251	1.5252418791676983
0.7925013304804718	1.521533796800743
0.7943282347242815	1.5178306305336442
0.7961593504173188	1.5141323819834935
0.7979946872679766	1.5104390522281352
0.7998342550070284	1.50675064179896
0.8016780633876791	1.5030671506736373
0.8035261221856173	1.4993885782687746
0.8053784411990667	1.4957149234325107
0.8072350302488382	1.492046184437037
0.8090958991783823	1.4883823589710494
0.8109610578538409	1.4847234441321302
0.8128305161640993	1.4810694364190569
0.8147042840208396	1.4774192654063445
0.8165823713585925	1.4737677625457255
0.81846478813479	1.4701211222773196
0.8203515443298183	1.466479356178912
0.8222426499470712	1.4628424754343288
0.8241381150130024	1.4592104908276617
0.8260379495771788	1.4555834127374339
0.8279421637123342	1.4519612511307096
0.8298507675144225	1.4483440155571468
0.8317637711026711	1.4447317151429935
0.8336811846196344	1.4411243585850253
0.835603018231248	1.4375219541444246
0.8375292821268826	1.4339245096405995
0.8394599865193975	1.430332032444945
0.8413951416451951	1.426744529474544
0.8433347577642755	1.423162007185808
0.84527884516029	1.4195844715680557
0.8472274141405965	1.4160119281370307
0.8491804750363139	1.4124443819283587
0.8511380382023765	1.4088818374909409
0.8531001140175896	1.4053242988802823
0.8550667128846834	1.4017717696517622
0.8570378452303697	1.3982242528538344
0.8590135215053958	1.3946817510211693
0.8609937521846007	1.3911442661677222
0.8629785477669704	1.3876117997797455
0.8649679187756933	1.3840843528087292
0.8669618757582167	1.3805619256642754
0.8689604292863019	1.3770445182069055
0.8709635899560808	1.3735321297408023
0.8729713683881117	1.37002475900648
0.8749837752274362	1.3665224041733866
0.8770008211436349	1.3630250628324379
0.8790225168308845	1.3595327319884807
0.8810488730080143	1.3560454080526854
0.8830799004185629	1.3525630868348668
0.8851156098308356	1.349085763535733
0.887156012037961	1.3456134327390645
0.8892011178579485	1.3421460884038166
0.8912509381337457	1.338683723856151
0.8933054837332954	1.3352263317813917
0.895364765549594	1.3317739042159067
0.8974287945007486	1.328326432538914
0.8994975815300353	1.3248839074642134
0.9015711376059571	1.3214463190318375
0.9036494737223016	1.3180136565996299
0.9057326008982003	1.3145859088347438
0.9078205301781859	1.311163063705061
0.9099132726322517	1.3077451084705325
0.9120108393559097	1.3043320296744412
0.9141132414702502	1.3009217450712387
0.9162204901219997	1.2975042247933875
0.9183325964835808	1.2940914773153416
0.9204495717531712	1.2906835202669438
0.9225714271547631	1.2872803709904366
0.9246981739382225	1.2838820465357976
0.9268298233793492	1.280488563656027
0.9289663867799363	1.2770999388023905
0.9311078754678302	1.2737161881196115
0.933254300796991	1.2703373274410177
0.9354056741475518	1.2669633722836418
0.9375620069258802	1.2635943378432672
0.9397233105646378	1.2602302389894326
0.9418895965228413	1.256871090260383
0.9440608762859233	1.2535169058579694
0.946237161365793	1.2501676996425044
0.9484184633008971	1.2468234851275606
0.9506047936562815	1.2434842754747226
0.9527961640236519	1.2401500834882855
0.9549925860214359	1.2368209216099029
0.9571940712948444	1.233496801913181
0.9594006315159331	1.2301777360982202
0.9616122783836646	1.2268637354861087
0.9638290236239705	1.2235548110133516
0.9660508789898133	1.220250973226259
0.9682778562612491	1.216952232275268
0.9705099672454897	1.2136585979092185
0.9727472237769651	1.21037007946957
0.9749896377173869	1.20708668588456
0.9772372209558107	1.2038084256633113
0.9794899854086988	1.2005353068898807
0.9817479430199844	1.1972673372172475
0.9840111057611337	1.1940045238612482
0.9862794856312105	1.1907468735944517
0.9885530946569389	1.1874943927399755
0.9908319448927676	1.1842470871652415
0.9931160484209338	1.1810049622756764
0.995405417351527	1.1777680230083454
0.9977000638225533	1.174536273825534
1.	1.1713097187082582
1.0023052380778998	1.1680883611497224
1.0046157902783952	1.1648722041487112
1.0069316688518044	1.1616612502029153
1.0092528860766845	1.158455501302202
1.0115794542598988	1.1552549589218144
1.0139113857366795	1.1520596240155119
1.016248692870696	1.1488694970086408
1.0185913880541169	1.1456845777911466
1.0209394837076802	1.1425048657105117
1.023292992280754	1.1393303595646358
1.0256519262514079	1.1361600542431085
1.0280162981264735	1.1329890885213731
1.0303861204416165	1.1298232931919006
1.0327614057613974	1.126662681297764
1.0351421666793441	1.1235072655257767
1.0375284158180127	1.1203570582011764
1.0399201658290596	1.1172120712822529
1.0423174293933042	1.114072316354928
1.0447202192208003	1.1109378046272764
1.0471285480508996	1.1078085469240027
1.0495424286523225	1.1046845536808543
1.051961873823223	1.1015658349389905
1.0543868963912593	1.0984524003392881
1.0568175092136585	1.0953442591166007
1.0592537251772887	1.0922414200939508
1.0616955571987248	1.0891438916766802
1.064143018224316	1.0860516818465364
1.066596121230258	1.082964798155699
1.0690548792226577	1.079883247720756
1.0715193052376064	1.0768070372166199
1.0739894123412446	1.073736172870382
1.076465213629835	1.0706706604551135
1.0789467222298286	1.0676105052836053
1.081433951297938	1.0645557122020446
1.0839269140212033	1.061506285583638
1.0864256236170655	1.058462229322168
1.0889300933334332	1.0554235468254947
1.0914403364487566	1.052390241008985
1.0939563662720937	1.049362314288895
1.096478196143185	1.0463397685756743
1.0990058394325208	1.0433226052672198
1.101539309541415	1.0403108252420545
1.104078619902073	1.037304428852454
1.1066237839776665	1.0343034159174966
1.1091748152624008	1.0313077857160575
1.1117317272815914	1.0283175369797288
1.1142945335917298	1.025332667885684
1.1168632477805611	1.0223531760494615
1.1194378834671515	1.0193790585176943
1.1220184543019636	1.016410311760763
1.1246049739669264	1.013446931665383
1.1271974561755105	1.0104889135271222
1.1297959146727976	1.0075362520428515
1.1324003632355573	1.004588941303118
1.1350108156723149	1.0016469747844585
1.137627285823431	0.9987103453416291
1.1402497875611686	0.9957790451997746
1.1428783347897717	0.9928530659465132
1.1455129414455354	0.9899323985239616
1.1481536214968828	0.9870170332206724
1.1508003889444356	0.9841059744001615
1.1534532578210923	0.9811944397128783
1.1561122421920986	0.9782881459560296
1.1587773561551262	0.9753870969402217
1.1614486138403426	0.9724912960069078
1.1641260294104914	0.9696007460220508
1.1668096170609623	0.9667154493697319
1.1694993910198712	0.963835407945688
1.1721953655481303	0.9609606231508007
1.1748975549395297	0.9580910958845115
1.1776059735208073	0.9552268265381869
1.1803206356517297	0.9523678149884098
1.1830415557251646	0.9495140605902173
1.1857687481671602	0.9466655621702683
1.1885022274370183	0.943822318019952
1.1912420080273751	0.9409843258884258
1.193988104464273	0.9381515829755976
1.1967405313072437	0.9353240859250288
1.1994993031493788	0.9325018308167872
1.2022644346174132	0.9296848131602188
1.2050359403717974	0.9268730278866615
1.2078138351067804	0.9240664693420862
1.2105981335504823	0.9212651312796745
1.2133888504649775	0.9184690068523189
1.2161860006463678	0.9156780886050656
1.2189895989248667	0.9128923684674726
1.2217996601648717	0.9101118377459136
1.2246161992650488	0.9073364871157958
1.2274392311584073	0.9045663066137152
1.2302687708123818	0.9018012856295352
1.233104833228909	0.8990414128983962
1.2359474334445106	0.8962866764926447
1.238796586530369	0.893537063813699
1.2416523075924113	0.890792561583826
1.244514611771385	0.8880531558378588
1.2473835142429432	0.8853188319148225
1.2502590302177201	0.8825895744494976
1.2531411749414163	0.8798653673638932
1.2560299636948749	0.8771461938586541
1.2589254117941675	0.8744320364043798
1.2618275345906707	0.8717228767328725
1.2647363474711515	0.8690186958282978
1.2676518658578455	0.8663194739182706
1.270574105208542	0.8636251904648585
1.2735030810166617	0.8609358241555023
1.276438808811344	0.8582513528938538
1.2793813041575246	0.855571753790535
1.2823305826560218	0.8528970031538055
1.2852866599436155	0.8502270764801562
1.2882495516931343	0.8475619484448057
1.2912192736135342	0.8448995192252818
1.2941958414499863	0.842229719738579
1.297179270983956	0.8395645788525601
1.3001695780332907	0.836904101995156
1.3031667784522993	0.8342482941995132
1.3061708881318417	0.8315971600985462
1.309181922999407	0.8289507039194468
1.3121998990192034	0.8263089294781334
1.3152248321922384	0.8236718401736522
1.3182567385564075	0.8210394389825227
1.3212956341865751	0.8184117284530328
1.324341535194665	0.8157887106994739
1.3273944577297394	0.8131703873963294
1.3304544179780915	0.8105567597724012
1.333521432163324	0.8079478286048865
1.3365955165464425	0.8053435942133919
1.3396766874259352	0.8027440564539009
1.3427649611378643	0.8001492147126736
1.3458603540559484	0.7975590679001001
1.348962882591654	0.7949736144444847
1.3520725631942772	0.7923928522857836
1.3551894123510364	0.7898167788692741
1.3583134465871542	0.7872453911391726
1.3614446824659503	0.7846786855321854
1.3645831365889245	0.7821166579710068
1.3677288255958495	0.7795593038577504
1.3708817661648536	0.7770066180673246
1.3740419750125157	0.7744585949407405
1.3772094688939465	0.7719152282783652
1.3803842646028852	0.7693765113331039
1.383566378971781	0.7668424368035286
1.3867558288718889	0.7643129968269321
1.3899526312133532	0.7617881829723296
1.3931568029453036	0.7592679862333847
1.3963683610559376	0.7567523970212793
1.3995873225726185	0.7542414051575101
1.4028137045619582	0.7517349998666264
1.4060475241299144	0.7492331697688928
1.4092887984218747	0.7467359028728942
1.4125375446227548	0.7442431865680614
1.4157937799570817	0.7417550076171412
1.4190575216890926	0.7392713521485839
1.4223287871228198	0.7367922056488753
1.425607593602188	0.7343175529547853
1.428893958511103	0.7318473782455546
1.432187899273543	0.72938166503501
1.435489433353656	0.7269203961635992
1.4387985782558452	0.7244635537903661
1.4421153515248688	0.7220111193848406
1.4454397707459272	0.719563073718866
1.4487718535447618	0.717117234000562
1.452111617587742	0.7146631055723227
1.455459080581966	0.7122132423513673
1.4588142602753482	0.7097676578381577
1.4621771744567182	0.7073263652891589
1.4655478409559113	0.7048893777129877
1.468926277643867	0.7024567078665137
1.4723125024327186	0.7000283682509288
1.4757065332758947	0.6976043711077724
1.4791083881682072	0.6951847284149241
1.4825180851459536	0.692769451882548
1.4859356422870067	0.6903585529490079
1.4893610777109154	0.687952042776732
1.492794409578996	0.6855499322480462
1.4962356560944337	0.6831522319609579
1.4996848355023733	0.6807589522249092
1.5031419660900225	0.6783701030564762
1.5066070661867417	0.6759856941750394
1.5100801541641484	0.6736057349983989
1.513561248436208	0.6712302346383611
1.5170503674593367	0.6688592018962691
1.5205475297324955	0.6664926452585003
1.5240527537972914	0.6641305728919129
1.5275660582380723	0.6617729926392555
1.5310874616820302	0.6594199120145245
1.5346169827992941	0.6570713381982852
1.5381546403030348	0.6547272780329401
1.5417004529495593	0.652387738017959
1.545254439538414	0.650052724305056
1.5488166189124812	0.6477222426933276
1.5523870099580825	0.645396298624338
1.5559656316050743	0.6430748971771633
1.559552502826954	0.6407580430633807
1.5631476426409538	0.6384457406220205
1.5667510701081493	0.6361379938144588
1.5703628043335522	0.633834806219271
1.5739828644662197	0.6315361810270297
1.5776112696993485	0.6292421210350585
1.5812480392703834	0.6269526286421312
1.5848931924611134	0.6246677058431259
1.5885467485977791	0.6223873542236233
1.59220872705117	0.6201115749544601
1.5958791472367329	0.6178403687862236
1.5995580286146687	0.6155737360437036
1.6032453906900417	0.6133116766202821
1.6069412530128773	0.6110541899722799
1.6106456351782708	0.608801275113242
1.6143585568264862	0.6065529306081767
1.6180800376430662	0.6043091545677329
1.6218100973589298	0.602069944642333
1.6255487557504842	0.5998341704928825
1.6292960326397223	0.5975963686065379
1.6330519478943346	0.5953630908638317
1.6368165214278085	0.5931343515745183
1.6405897731995396	0.5909101648163453
1.6443717232149315	0.588690544431338
1.6481623915255086	0.5864755040220395
1.651961798229015	0.5842650569477223
1.6557699634695284	0.5820592163205532
1.6595869074375604	0.5798579950017291
1.6634126503701698	0.5776614055975672
1.6672472125510627	0.5754694604555628
1.6710906143107078	0.5732821716604035
1.6749428760264373	0.5710995510299489
1.6788040181225607	0.5689216101111654
1.6826740610704674	0.5667483601760283
1.6865530253887415	0.564579812217375
1.690440931643264	0.562415976944728
1.6943378004473288	0.5602568647800671
1.6982436524617444	0.5581024858535694
1.7021585083949509	0.5559528499992994
1.7060823890031234	0.5538079667508659
1.710015315090288	0.5516678453370288
1.7139573075084253	0.5495324946772712
1.7179083871575884	0.54740192337732
1.721868574986007	0.5452761397246322
1.725837891990204	0.5431551516838299
1.7298163592151015	0.5410389668920985
1.7338039977541384	0.5389275926545334
1.7378008287493754	0.5368210359394493
1.7418068733916146	0.5347193033736366
1.7458221529205038	0.5326224012375823
1.7498466886246573	0.5305303354606344
1.7538805018417611	0.5284431116161291
1.7579236139586931	0.5263607349164645
1.7619760464116292	0.5242832102081351
1.7660378206861649	0.522210541966709
1.770108958317421	0.520142734291769
1.7741894808901661	0.5180797909017941
1.7782794100389228	0.516021715129003
1.78237876744809	0.5139685099141397
1.7864875748520508	0.5119201778012177
1.7906058540352947	0.5098767209322074
1.7947336268325265	0.5078381410416799
1.7988709151287883	0.5058044394513944
1.803017740859569	0.5037756170648411
1.8071741260109275	0.5017516743617249
1.8113400926196026	0.4997326113924059
1.8155156627731361	0.4977184277722802
1.8197008586099834	0.49570912267611456
1.8238957023196385	0.49370367913828045
1.8281002161427427	0.4916971767627083
1.832314422371212	0.48969551881628354
1.8365383433483464	0.48769871937276615
1.8407720014689564	0.48570679226892577
1.8450154191794736	0.48371975110079524
1.8492686189780787	0.4817376092198798
1.8535316234148114	0.47976037972933555
1.857804455091699	0.47778807548010305
1.8620871366628675	0.47582070906701046
1.8663796908346704	0.4738582928248318
1.8706821403658007	0.47190083882431194
1.8749945080674193	0.46994835886814784
1.8793168168032686	0.4680008644869356
1.883649089489801	0.4660583669350727
1.8879913490962936	0.4641208771866254
1.892343618644976	0.46218840593115096
1.8967059212111463	0.46026096356948426
1.9010782799233006	0.45833856020947816
1.9054607179632472	0.45642120566170896
1.9098532585662378	0.4545089094351329
1.914255925021086	0.45260168073270707
1.9186687406702891	0.4506995284469656
1.9230917289101586	0.44880246115555095
1.9275249131909356	0.4469104871167074
1.9319683170169242	0.44502361426472464
1.936421963946607	0.4431418502053449
1.9408858775927782	0.4412652022111186
1.9453600816226624	0.4393936772167227
1.9498445997580456	0.437527281814227
1.9543394557753944	0.4356660222483234
1.95884467350599	0.43380990441150047
1.9633602768360463	0.4319589338391811
1.967886289706845	0.4301131157048059
1.9724227361148534	0.42827245481487713
1.976969640111861	0.42643695560394823
1.9815270258050979	0.42460662212957356
1.9860949173573716	0.42278145806720274
1.9906733389871865	0.42096146670503326
1.9952623149688797	0.4191466509388092
1.9998618696327437	0.4173370132665754
2.0044720273651615	0.41553255578337794
2.0090928126087277	0.4137332801759192
2.0137242498623884	0.4119391877171573
2.0183663636815607	0.4101502792608613
2.023019178678272	0.40836655523610865
2.0276827195212817	0.40658801564173697
2.032357010936222	0.4048146600407387
2.037042077705718	0.40304648755460887
2.0417379446695296	0.40128349685763404
2.046444636724674	0.3995249043896801
2.0511621788255656	0.3977669220026907
2.0558905959841414	0.3960140924284851
2.0606299132700006	0.39426642536322165
2.065380155810529	0.3925239302056837
2.0701413487910423	0.3907866160529715
2.0749135174549096	0.3890544916961523
2.079696687103696	0.3873275656158703
2.084490883097289	0.38560584597791286
2.0892961308540396	0.3838893406287338
2.0941124558508926	0.382178057090936
2.0989398836235242	0.3804720025587079
2.1037784397664754	0.3787711838932187
2.1086281499332897	0.3770756076179683
2.1134890398366464	0.3753852799140928
2.1183611352485023	0.3737002066156257
2.123244462000219	0.3720203932047156
2.1281390459827123	0.37034584480679295
2.133044913146576	0.36867656618570016
2.1379620895022327	0.367012561738764
2.1428906011200586	0.3653538354918338
2.1478304741305343	0.363700391094261
2.1527817347243725	0.36205223181384033
2.157744409152667	0.36040936053169653
2.16271852372702	0.35877177973713
2.167704104819695	0.35713949152240554
2.1727011788637443	0.35551249757749975
2.1777097723531593	0.35389079918479366
2.1827299118430012	0.3522743972137198
2.187761623949553	0.3506632921153542
2.1928049353504484	0.349057483916964
2.197859872784825	0.3474569722164978
2.202926463053456	0.3458617561770301
2.2080047330189	0.34427183452114885
2.2130947096056377	0.3426872055252953
2.2181964198002193	0.34110786701404794
2.223309890651403	0.3395338163543551
2.2284351492703043	0.3379650504497124
2.2335722228305315	0.3364015657342894
2.23872113856834	0.3348433581669969
2.2438819237827663	0.33329042322550456
2.2490546058357817	0.3317427559001986
2.254239212152429	0.33020035068808895
2.259435770220978	0.3286632015866524
2.2646443075930596	0.3271313020876296
2.2698648518838223	0.32560464517075455
2.2750974307720706	0.32408322329743344
2.2803420720004186	0.3225670284043618
2.28559880337543	0.3210560518970866
2.2908676527677736	0.31955028464350316
2.296148648112362	0.3180487944350155
2.301441817408509	0.3165471035238807
2.306747188720069	0.3150505649129166
2.312064790175595	0.313559182438973
2.3173946499684783	0.31207295957929226
2.3227367963571073	0.310591899446679
2.328091257665008	0.30911600478463114
2.3334580622810033	0.30764527796242047
2.338837238659355	0.3061797209701294
2.344228815319923	0.3047193354136393
2.3496328208483073	0.3032641225095743
2.35504928389601	0.30181408308019436
2.360478233180577	0.30036921754824425
2.365919697485759	0.2989295259317507
2.371373705661655	0.2974950078387748
2.3768402866248772	0.29606566246211086
2.38231946935869	0.29464148857394157
2.3878112829131783	0.2932224845204365
2.3933157564053875	0.2918086482163083
2.3988329190194912	0.29039997713931054
2.4043628000069335	0.2889964683246912
2.4099054286865957	0.287598118359589
2.41546083444494	0.28620492337738335
2.421029046736179	0.2848168790519863
2.4266100950824154	0.2834339805920885
2.432204009073816	0.2820562227353448
2.4378108183687526	0.28068359974251256
2.4434305526939726	0.27931610539153157
2.4490632418447453	0.2779537329715526
2.454708915685031	0.2765964752769084
2.4603676041476272	0.27524432460103254
2.46603933723434	0.27389727273031855
2.4717241450161302	0.27255531093792723
2.4774220576332864	0.27121842997753304
2.4831331052955705	0.26988662007701786
2.4888573182823914	0.2685598709321018
2.494594726942955	0.2672381716999212
2.500345361696432	0.2659215109925447
2.506109253032114	0.264609876870432
2.511886431509581	0.26330325683583145
2.5176769277588558	0.2620016378261207
2.5234807724805757	0.2607050062070826
2.529297996446145	0.2594133477661249
2.5351286304979084	0.25812664770543403
2.540972705549305	0.2568448906350715
2.5468302525850417	0.25556806056600295
2.552701302661247	0.2542961409030693
2.5585858869056453	0.25302911443789006
2.5644840365177175	0.25176696334170595
2.5703957827688635	0.2505096691581556
2.5763211570025755	0.24925585840534217
2.582260190634596	0.24799895248109924
2.588212915153092	0.2467468057007062
2.5941793621188136	0.24549941931838376
2.6001595631652723	0.2442567942340655
2.6061535499988953	0.24301893098876873
2.6121613543992064	0.24178582975991952
2.6181830082189848	0.24055749035663657
2.624218543384442	0.23933391221496894
2.6302679918953813	0.2381150943930922
2.6363313858253803	0.23690103556645528
2.642408757321946	0.23569173402288845
2.648500138606701	0.23448718765765947
2.654605561975539	0.23328739396848924
2.6607250597988097	0.23209235005051684
2.666858664521479	0.23090205259122232
2.6730064086633116	0.22971649786529813
2.6791683248190314	0.22853568172947758
2.6853444456585076	0.22735959961731103
2.691534803926915	0.2261882465338987
2.6977394324449206	0.22502161705057047
2.703958364108843	0.22385970529952118
2.7101916318908432	0.22270250496839186
2.7164392688390824	0.22155000929480656
2.7227013080779128	0.22040221106085373
2.7289777828080406	0.21925910258752193
2.7352687263067126	0.2181206757290805
2.741574171927882	0.21698692186741272
2.7478941531023975	0.21585783190629304
2.7542287033381663	0.2147333962656175
2.7605778562203462	0.21361360487557518
2.7669416454115114	0.21249844717077254
2.773320104651841	0.2113879120843004
2.7797132677592886	0.21028198804174916
2.7861211686297707	0.2091806629551685
2.792543841237338	0.20808392421697308
2.798981319634363	0.20699175869379266
2.805433637951713	0.2059041527202673
2.811900830398941	0.20482109209278476
2.8183829312644537	0.20374256206316418
2.8248799749157074	0.20266854733227957
2.831391995799379	0.20159903204362875
2.8379190284415565	0.20053399977684203
2.8444611074479154	0.19947343354113456
2.85101826750391	0.1984173157686977
2.8575905433749464	0.19736562830803406
2.8641779699065815	0.19631835241722836
2.8707805820246906	0.19527546875716378
2.8773984147356697	0.19423695738467112
2.8840315031266055	0.19320279774562307
2.8906798823654762	0.19217146902233315
2.897343587701323	0.19113568712697532
2.904022654464451	0.1901041488704698
2.910717118066605	0.1890768558700822
2.9174270140011673	0.18805380944034533
2.924152377843335	0.1870350105890853
2.9308932452503216	0.1860204600134075
2.9376496519615305	0.18501015809564783
2.9444216337987617	0.18400410489928276
2.9512092266663856	0.18300230016480573
2.9580124665515464	0.18200474330556013
2.9648313895243423	0.18101143340353798
2.971666031738027	0.18002236920513576
2.9785164294291895	0.1790375491168746
2.9853826189179604	0.1780569712010766
2.992264636608189	0.17708063317150557
2.9991625189876516	0.176108532388963
3.0060763026282307	0.17514066585684743
3.013006024186122	0.17417703021666903
3.019951720402016	0.17321762174352653
3.0269134281013064	0.1722624363415386
3.0338911841942706	0.1713114695392373
3.04088502567628	0.17036471648491483
3.047894989627983	0.16942217194193185
3.054921113215514	0.1684838302839787
3.061963433690677	0.16754968549029714
3.069021988391158	0.1666197311408545
3.076096814740708	0.16569396041147705
3.083187950249355	0.1647723660689362
3.0902954325135905	0.16385494046599222
3.097419299216581	0.16294167553639033
3.1045595881283554	0.1620325627898141
3.1117163371060186	0.16112759330678914
3.118889584093937	0.16022675773354514
3.126079367123956	0.15933004627682662
3.1332857243155856	0.15843744869866028
3.1405086938762183	0.15754895431107208
3.1477483141013156	0.15666455197075932
3.1550046233746274	0.155784230073711
3.1622776601683795	0.154907976549784
3.169567463043492	0.15403577885722544
3.1768740706497707	0.15316762397715006
3.1841975217261256	0.1523034984079643
3.1915378551007616	0.15144338815974315
3.198895109691399	0.15058727874855363
3.206269324505466	0.14973515519072977
3.213660538640318	0.14888700199709423
3.2210687912834346	0.14804280316712984
3.2284941217126364	0.14720254218309708
3.2359365692962827	0.1463662020041008
3.2433961734934935	0.14553266565214917
3.250872973854344	0.14469659095070542
3.2583670100200885	0.143864351431274
3.265878321723358	0.1430359459972027
3.273406948788383	0.1422113732501829
3.2809529311311905	0.14139063148641948
3.2885163087598315	0.1405737186927618
3.2960971217745776	0.13976063254280302
3.303695410368149	0.1389513703929391
3.311311214825911	0.13814592927839556
3.3189445755261047	0.13734430590921373
3.326595532940045	0.13654649666620347
3.3342641276323506	0.13575249759685576
3.3419504002611427	0.13496230441122042
3.3496543915782775	0.134175912477743
3.3573761424295467	0.13339331681906685
3.365115693754908	0.13261451210779365
3.372873086588689	0.13183949266220737
3.380648362059817	0.13106825244195747
3.3884415613920256	0.1303007850437047
3.3962527259040853	0.12953708369672431
3.404081897010009	0.1287771412584726
3.4119291162192864	0.12802095021010979
3.4197944251370886	0.12726850265198517
3.4276778654645046	0.12651979029907837
3.4355794789987466	0.12577480447640196
3.443499307633384	0.12503353611436027
3.451437393358563	0.12429597574406696
3.459393778261219	0.1235621134926212
3.4673685045253166	0.12283193907833871
3.4753616144320576	0.12210544180594261
3.483373150360118	0.12138261056170828
3.4914031547858606	0.12066343380856673
3.499451670283573	0.1199478995811615
3.5075187395256795	0.11923599548086401
3.5156044052829816	0.11852770867074054
3.523708710424871	0.11782302587047785
3.53183169791957	0.1171219333512596
3.5399734108343464	0.11642441693060014
3.548133892335755	0.11573046196712912
3.5563131856898527	0.11504005335533209
3.5645113342624426	0.11435317552024155
3.5727283815192883	0.11366981241208314
3.5809643710263606	0.11298994750087142
3.5892193464500517	0.11231356377096029
3.5974933515574232	0.11164064371554186
3.6057864302164235	0.11097116933109936
3.6140986263961334	0.11030512211180811
3.6224299841669856	0.10964248304388897
3.630780547701014	0.1089832325999096
3.639150361272071	0.10832622103658765
3.6475394692560785	0.10766595703334164
3.6559479161312485	0.10700898776848178
3.664375746478333	0.10635531019782574
3.672823004980846	0.10570492099320242
3.681289736425315	0.10505781653893867
3.6897759857015027	0.10441399292831526
3.6982817978026628	0.10377344595998834
3.7068072178257596	0.10313617113438109
3.715352290971726	0.10250216365003877
3.7239170625456848	0.10187141839995387
3.732501577957206	0.10124392996785495
3.741105882720533	0.10061969262446394
3.7497300224548358	0.09999870032371715
3.758374042884441	0.09938094669895399
3.767037989839089	0.09876642505906894
3.77572190925416	0.09815512838463084
3.7844258471709336	0.09754704932396462
3.793149849736819	0.09694218018919966
3.801893963205613	0.09634051295228024
3.81065823393773	0.0957420392409423
3.8194427084004663	0.09514675033465127
3.8282474331682264	0.09455463716050558
3.8370724549227884	0.09396569028910115
3.8459178204535354	0.09337989993036055
3.8547835766577188	0.09279725592932253
3.8636697705406915	0.092217747761896
3.8725764492161727	0.0916413645305734
3.8815036599064823	0.09106809496010795
3.8904514499428067	0.09049792739314999
3.899419866765434	0.08993084978584605
3.908408957924021	0.08936684970339683
3.9174187710778305	0.0888059143155773
3.926449353995999	0.0882480303922146
3.9355007545577743	0.0876931842986278
3.944573020752785	0.08714136199102498
3.953666200681279	0.08659254901186107
3.9627803425543955	0.08604673048515253
3.971915494694403	0.08550389111175236
3.981071705534973	0.08496401516458083
3.9902490236214203	0.08442708648381643
3.9994474976109755	0.08389308847204155
4.008667176273028	0.0833620040893473
4.0179081084894	0.08283381584839347
4.027170343254591	0.08230850580942568
4.036453929676051	0.08178605557524785
4.045758916974426	0.08126644628615093
4.055085354483839	0.08074965861479597
4.0644332916521275	0.08023567276105313
4.073802778041128	0.07972446844679408
4.083193863326921	0.0792148002833491
4.09260659730011	0.07870071655338315
4.1020410298660686	0.07818931574138532
4.111497211045223	0.07768059576274558
4.120975190973302	0.07717455430880138
4.130475019901614	0.07667118884405284
4.139996748197304	0.07617049660335479
4.149540426343631	0.0756724745890805
4.1591061049402205	0.07517711956826162
4.168693834703355	0.07468442806970005
4.178303666466218	0.07419439638105516
4.187935651179185	0.07370702054590265
4.1975898399100755	0.07322229636076816
4.207266283844442	0.07274021937213226
4.216965034285822	0.07226078487340967
4.226686142656031	0.07178398790189952
4.2364296604954115	0.0713098232357094
4.24619563946313	0.07083828539064972
4.2559841313374305	0.07036936861710172
4.265795188015928	0.06990306689685519
4.275628861515862	0.06943937393991959
4.285485203974396	0.06897828318130432
4.295364267648873	0.06851978777777126
4.3052661049171075	0.06806388060455736
4.3151907682776525	0.06761055425206805
4.325138310350088	0.06715980102254004
4.335108783875289	0.06671161292667525
4.345102241715717	0.06626598168024347
4.355118736855686	0.06582289870065491
4.365158322401661	0.06538235510350174
4.375221051582521	0.0649443416990691
4.385306977749858	0.06450884898881412
4.395416154378245	0.06407586716181402
4.405548635065534	0.06364538609118191
4.4157044735331255	0.06321739533045119
4.425883723626267	0.06279188410992687
4.436086439314326	0.06236884133300523
4.446312674691089	0.06194825557245957
4.456562483975033	0.06153011506669418
4.466835921509633	0.06111440771596371
4.477133041763626	0.060701121078559996
4.487453899331323	0.06029024236696399
4.49779854893288	0.059881758443964726
4.508167045414603	0.05947565581874252
4.518559443749224	0.05907192064291899
4.528975799036209	0.05867053870657028
4.539416166502032	0.058271495434207066
4.549880601500488	0.05787477588071719
4.560369159512962	0.057480364727274004
4.570881896148752	0.057088246277207114
4.581418867145335	0.056697495216808606
4.591980128368688	0.056303691954828455
4.6025657358135605	0.055912106110477866
4.613175745603796	0.055522735400550506
4.623810213992603	0.05513557735119286
4.634469197362879	0.05475062929555995
4.645152752227495	0.054367888371450804
4.6558609352295885	0.05398735151892178
4.666593803142887	0.053609015477877484
4.677351412871981	0.053232876785641065
4.688133821452653	0.05285893177450073
4.698941086052153	0.052487176569235676
4.709773263969529	0.052117607084617636
4.720630412635905	0.051750219022891446
4.731512589614805	0.05138500787123136
4.7424198526024455	0.05102196889917533
4.753352259428054	0.05066109715603505
4.7643098680541565	0.05030238746828373
4.775292736576909	0.04994583443691882
4.786300923226383	0.04959143243480241
4.797334486366892	0.04923917560397616
4.808393484497285	0.048889057852953346
4.819477976251274	0.04854107285398529
4.830588020397726	0.048195214040304364
4.841723675840994	0.047851474603341056
4.8528850016212095	0.04750984748991698
4.864072056914616	0.04717032539941196
4.875284901033862	0.04683290078090647
4.886523593428336	0.04649756583029736
4.897788193684462	0.04616431248738924
4.909078761526032	0.04583313243295833
4.920395356814509	0.04550401708579136
4.9317380395493595	0.04517695759969697
4.943106869868354	0.04485194486049143
4.954501908047903	0.04452896948295658
4.96592321450336	0.04420802180777157
4.97737084978936	0.04388909189841635
4.9888448746001215	0.04357216953804884
5.000345349769786	0.04325724422635292
5.011872336272722	0.04294430517635997
5.0234258952238715	0.04263334131124081
5.035006087879047	0.04232434126107069
5.046612975635284	0.042017293359563966
5.05824662003114	0.04171218564078186
5.0699070827470445	0.04140900583580909
5.081594425605605	0.04110774136940311
5.093308710571955	0.04080837935661221
5.105049999754062	0.0405109065993649
5.116818355403078	0.04021530958302859
5.1286138399136485	0.03992157447293864
5.140436515824262	0.039628913531490347
5.152286445817564	0.039333566082649915
5.16416369272071	0.039040015056104875
5.176068319505676	0.03874825803557104
5.188000389289612	0.03845829244421128
5.199959965335159	0.03817011554268608
5.211947111050805	0.037883724427185274
5.223961889991197	0.037599116027442876
5.236004365857504	0.03731628710473282
5.248074602497725	0.03703523424984761
5.2601726639070625	0.03675595388105738
5.2722986142282275	0.036478442242051684
5.284452517751805	0.03620269539986152
5.296634438916578	0.03592870924276341
5.308844442309884	0.03565647947816379
5.321082592667942	0.035386001630465146
5.333348954876211	0.03511727103891174
5.345643593969716	0.03485028285541729
5.357966575133418	0.03458503204237152
5.370317963702527	0.034321513370428665
5.382697825162884	0.034059721416274315
5.3951062251512765	0.03379965056037393
5.4075432294558095	0.0335412949846996
5.420008904016238	0.03328464867043762
5.432503314924333	0.03302970539567468
5.445026528424211	0.03277645873306404
5.4575786109127105	0.032524902047470036
5.470159628939716	0.0322750284935925
5.482769649208539	0.03202683101356901
5.495408738576246	0.031780302334556636
5.508076964054036	0.031535434966291236
5.520774392807573	0.031292221198626034
5.533501092157368	0.031050653099047257
5.546257129579107	0.03081072251016871
5.559042572704037	0.030572421047203105
5.5718574893192985	0.030335740095411994
5.584701947368309	0.030100670807532072
5.597576014951102	0.029867204101179635
5.610479760324706	0.029635330656231217
5.623413251903491	0.029405040912181882
5.6363765582595455	0.029176325065479423
5.649369748123025	0.02894917306683575
5.6623928903825345	0.02872357461851386
5.675446054085471	0.028499519171591665
5.688529308438416	0.02827699592320096
5.701642722807475	0.028055993813742852
5.714786366718672	0.027836501524077996
5.727960309858292	0.027618507472692903
5.741164622073277	0.027401999812840652
5.7543993733715695	0.027186966429657223
5.767664633922509	0.026972717543499287
5.780960474057181	0.0267559600992464
5.794286964268812	0.02654061966305866
5.807644175213121	0.026326694168785976
5.821032177708716	0.026114181422611443
5.834451042737448	0.025903079101508842
5.847900841444809	0.025693384751685325
5.861381645140288	0.025485095787010626
5.874893525297769	0.025278209487431376
5.88843655355589	0.02507272299737173
5.902010801718445	0.024868633324118566
5.91561634175474	0.024665937336193253
5.9292532458	0.024464631761707403
5.942921586155727	0.02426471318670489
5.956621435290106	0.02406617805348803
5.970352865838369	0.023869022658929366
5.984115950603199	0.023673243152767566
5.997910762555095	0.023478835535888677
6.011737374832782	0.023285795658591193
6.025595860743578	0.023094119218836223
6.0394862937638	0.022903801760481384
6.0534087475391365	0.022714838671499298
6.067363295885055	0.02252722518217971
6.08135001278718	0.02234095636331593
6.095368972401694	0.022156027124374644
6.109420249055721	0.021972432211649844
6.123503917247737	0.02179016620639961
6.137620051647943	0.02160922352296709
6.151768727098683	0.02142959840688398
6.165950018614822	0.021251284932957668
6.180164001384161	0.021074277003340955
6.1944107507678146	0.020898568345585056
6.208690342300634	0.02072415251067475
6.223002851691596	0.020551022871046612
6.237348354824191	0.020379172618589566
6.251726927756859	0.020208594762627298
6.266138646723353	0.020039282127883553
6.2805835881331795	0.019871227352428734
6.295061828571975	0.019704422885608884
6.309573444801933	0.01953886098595602
6.324118513762193	0.019374533719080392
6.33869711256927	0.019211432955543707
6.353309318517436	0.019049550368714235
6.367955209079159	0.01888887743260237
6.382634861905486	0.01872940541967783
6.397348354826482	0.01857112539866707
6.412095765851615	0.01841402823233199
6.4268771731701975	0.018258104575228504
6.441692655151772	0.018103344871446176
6.456542290346556	0.01794973935232737
6.471426157485831	0.017796757970174354
6.486344335482385	0.017641872024954295
6.501296903430906	0.017488094852088007
6.516283940608428	0.01733542436946026
6.531305526474723	0.017183858389698835
6.546361740672751	0.017033394618919912
6.561452663029053	0.01688403065546271
6.576578373554206	0.016735763988612155
6.591738952443213	0.0165885919973105
6.606934480075961	0.016442511948856833
6.622165037017619	0.016297520997595297
6.637430704019089	0.016153616183591058
6.652731562017413	0.016010794431294786
6.668067692136222	0.01586905254819471
6.6834391756861455	0.015728387223456913
6.698846094165265	0.01558879502655314
6.714288529259523	0.015450272405876545
6.729766562843179	0.015312815687344739
6.745280276979219	0.015176421072990713
6.760829753919819	0.015041084639540698
6.77641507610675	0.014906802336979852
6.792036326171846	0.014773569987104529
6.807693586937414	0.014641383282062284
6.823386941416698	0.014510237782878235
6.839116472814292	0.014380128917968893
6.8548822645266165	0.014251051981642213
6.870684400142321	0.014123002132584845
6.886522963442762	0.01399597439233547
6.902398038402419	0.013869963643745008
6.918309709189366	0.013744964629422797
6.934258060165691	0.013620971950169394
6.9502431758879695	0.0134979800633951
6.966265141107686	0.013375983281524957
6.982324040771715	0.013254975770389104
6.998419960022734	0.013134951547599591
7.014552984199714	0.013015904480912171
7.030723198838334	0.01289782828657433
7.046930689671471	0.012780716527658147
7.06317554262962	0.012664562612379077
7.07945784384138	0.012549359792399437
7.095777679633888	0.012435101161117429
7.112135136533292	0.012321779651940767
7.128530301265195	0.012209388036545556
7.1449632607551345	0.01209791892311951
7.16143410212902	0.011987364754590219
7.177942912713619	0.011877717806837476
7.194489780036995	0.011768970186890451
7.211074791828998	0.01166111383110865
7.227698036021702	0.011554140503347451
7.2443596007499025	0.011448041793107239
7.261059574351547	0.011342367922517414
7.277798045368242	0.011234973583045395
7.294575102545687	0.01112841500355717
7.311390834834176	0.011022690319719029
7.3282453313890406	0.010917797584462458
7.345138681571151	0.010813734767008669
7.362070974947361	0.010710499751884886
7.379042301291012	0.010608090337931269
7.396052750582378	0.010506504237299343
7.413102413009177	0.010405739074440971
7.430191378967014	0.010305792385088724
7.447319739059893	0.010206661615226608
7.464487584100665	0.010108344120051998
7.481695005111545	0.010010837162927874
7.498942093324558	0.009914137914326089
7.516228940182057	0.009818243450760744
7.533555637337174	0.009723150753712467
7.550922276654341	0.009628856708542667
7.568328950209744	0.009535358103398513
7.58577575029184	0.009442651628107764
7.603262769401819	0.009350733873064145
7.620790100254123	0.009259601328102404
7.638357835776907	0.00916925038136376
7.655966069112566	0.009079677318150946
7.67361489361819	0.008990878319773386
7.691304402866098	0.008902849462381832
7.709034690644301	0.008815586715792998
7.726805850957025	0.008729085942303481
7.744617978025188	0.008643342895493504
7.76247116628692	0.008558353219019783
7.78036551039804	0.008474112445398032
7.798301105232589	0.008390615994774468
7.816278045883297	0.008307859173686746
7.83429642766212	0.00822583717381372
7.852356346100718	0.008144545070714479
7.870457896950989	0.008063977822556034
7.888601176185544	0.007984130268830108
7.906786279998253	0.007904997129058362
7.925013304804718	0.007826573001486588
7.943282347242818	0.007748852361767177
7.961593504173188	0.007671829561630295
7.979946872679768	0.007595498827543218
7.9983425500702845	0.00751985425935818
8.016780633876794	0.00744488982894817
8.035261221856173	0.007370599378831094
8.05378441199067	0.007296976620781657
8.072350302488383	0.007224015134431457
8.090958991783825	0.0071517083658565765
8.109610578538408	0.007080049626153201
8.128305161640995	0.007009032090000593
8.147042840208396	0.0069382887065608505
8.165823713585926	0.006866068587194399
8.1846478813479	0.006794458110297621
8.203515443298185	0.006723455817639749
8.222426499470712	0.006653060189728901
8.241381150130026	0.006583269645093758
8.260379495771788	0.006514082539559044
8.279421637123345	0.006445497165514194
8.298507675144226	0.006377511751175759
8.317637711026709	0.006310124459842921
8.336811846196344	0.0062433333891464896
8.356030182312479	0.0061771365702911665
8.375292821268827	0.006111531967290885
8.394599865193973	0.006046517476197552
8.413951416451951	0.005982090924322615
8.433347577642753	0.0059182500694519346
8.452788451602899	0.00585499259905347
8.472274141405963	0.005792316129478041
8.491804750363139	0.005730218205152838
8.511380382023763	0.005668696297767922
8.531001140175896	0.005607747805455283
8.550667128846833	0.005547370051960881
8.570378452303697	0.005487560285809051
8.590135215053957	0.0054283156794597345
8.609937521846007	0.005369633328458099
8.629785477669701	0.005311510250576745
8.649679187756934	0.00525394338495019
8.669618757582166	0.005196929591201922
8.689604292863018	0.0051404656485634585
8.709635899560805	0.005084548254985943
8.729713683881117	0.0050291740262436565
8.74983775227436	0.00497433949502985
8.770008211436348	0.0049200411100444276
8.790225168308842	0.004866275235073808
8.810488730080142	0.0048130381480625045
8.830799004185627	0.0047603260401767634
8.851156098308357	0.0047081350148598065
8.871560120379607	0.004656461086878978
8.892011178579486	0.004605300181364344
8.912509381337454	0.004554648132839138
8.933054837332953	0.004504500684241461
8.953647655495937	0.0044548534859377015
8.974287945007486	0.004405702094727119
8.994975815300352	0.004357041972837954
9.01571137605957	0.004308868486914607
9.036494737223014	0.004261176906996176
9.057326008982002	0.004213962405485959
9.078205301781857	0.00416722005611213
9.099132726322518	0.004120944832879283
9.120108393559097	0.004075131609011006
9.141132414702504	0.004029509100688557
9.162204901219997	0.003982783558515633
9.183325964835811	0.003936496445117173
9.204495717531712	0.003890646599348974
9.225714271547634	0.0038452328148370976
9.246981739382225	0.0038002538394518236
9.268298233793494	0.003755708374776632
9.289663867799362	0.0037115950755727102
9.311078754678306	0.0036679125492383724
9.33254300796991	0.003624659355263921
9.354056741475521	0.0035818340046813533
9.375620069258803	0.0035394349595094157
9.39723310564638	0.003497460632193488
9.418895965228414	0.0034559093850406192
9.440608762859236	0.0034147795296494273
9.462371613657929	0.003374069326335039
9.484184633008974	0.0033337769835487456
9.506047936562814	0.00329390065729271
9.527961640236521	0.0032544384505292638
9.549925860214358	0.003215388412585169
9.571940712948447	0.003176748538550394
9.594006315159332	0.0031385167686717765
9.616122783836648	0.0031006909877411295
9.638290236239705	0.00306326902447807
9.660508789898136	0.0030262486509073224
9.68277856261249	0.002989627581730607
9.7050996724549	0.0029534034736928565
9.727472237769652	0.0029175739249430147
9.749896377173872	0.002882136474389056
9.772372209558107	0.002847088601047451
9.79489985408699	0.0028124277233868237
9.817479430199844	0.0027781511986659326
9.84011105761134	0.002744256322265746
9.862794856312105	0.0027107403270157696
9.885530946569391	0.002677600382514367
9.908319448927676	0.0026448335944432334
9.93116048420934	0.002612437003875774
9.954054173515269	0.002580407586579547
9.977000638225535	0.0025487422523125043
10.	0.002517437844113199
10.023052380778994	0.0024864911375847244
10.046157902783957	0.002455898840172449
10.069316688518045	0.002425657590435511
10.092528860766844	0.0023957639573118695
10.115794542598982	0.002366214439377068
10.1391138573668	0.002337005464096514
10.16248692870696	0.0023081333870713324
10.18591388054117	0.0022795944912775623
10.209394837076797	0.0022513849862988815
10.232929922807546	0.0022235010075526275
10.256519262514079	0.0021957531720041635
10.280162981264736	0.002167239422454324
10.303861204416158	0.002139033872785791
10.32761405761398	0.0021111354064488014
10.351421666793442	0.0020835428712582655
10.375284158180126	0.002056255078988234
10.39920165829059	0.0020292708049628474
10.423174293933046	0.0020025887876436222
10.447202192208003	0.0019762077282130894
10.471285480508996	0.001950126290154649
10.495424286523221	0.0019243430988288084
10.519618738232236	0.0018988567410455918
10.543868963912592	0.0018736657646332199
10.568175092136585	0.0018487686780028802
10.592537251772887	0.001824163949709754
10.616955571987253	0.0017998500080100874
10.641430182243164	0.001775825240414436
10.665961212302578	0.0017520879932368478
10.690548792226577	0.0017286365711401844
10.71519305237607	0.0017054692366773852
10.739894123412451	0.0016825842098287455
10.76465213629835	0.0016599796675350327
10.789467222298287	0.0016376537432265979
10.814339512979387	0.001615604526348309
10.83926914021204	0.0015938300618803555
10.864256236170656	0.0015723283498547825
10.889300933334333	0.001551097344867872
10.91440336448757	0.0015301349555882097
10.939563662720943	0.0015094390442605067
10.964781961431852	0.001489007426205003
10.990058394325208	0.0014688378693125837
11.015393095414156	0.0014489280935354486
11.040786199020735	0.001429275770373391
11.066237839776663	0.0014098785223555289
11.091748152624008	0.0013907339225176024
11.117317272815919	0.0013718394938746885
11.142945335917304	0.0013531927088893797
11.168632477805613	0.0013347909889352683
11.194378834671515	0.001316631703755864
11.220184543019629	0.0012987121709187794
11.24604973966927	0.0012810296552651877
11.271974561755105	0.001263581368354574
11.297959146727976	0.0012463644679045823
11.324003632355566	0.0012293760572261272
11.350108156723154	0.001212613184653574
11.37627285823431	0.0011960728429700443
11.402497875611685	0.001179751968827707
11.428783347897712	0.0011636474421631382
11.45512941445536	0.001147756085607619
11.481536214968829	0.001132074663892402
11.508003889444357	0.001116441621708677
11.534532578210918	0.0011000871975683816
11.561122421920993	0.0010839281431705098
11.587773561551263	0.0010679635907277461
11.614486138403427	0.0010521926477737606
11.641260294104908	0.0010366143968866444
11.66809617060963	0.0010212278954098482
11.694993910198711	0.001006032175170702
11.721953655481304	0.0009910262421963631
11.748975549395292	0.0009762090764273462
11.776059735208078	0.0009615796314284604
11.803206356517299	0.0009471368340972542
11.830415557251646	0.0009328795843698262
11.857687481671597	0.0009188067549241008
11.88502227437019	0.0009049171908804652
11.91242008027375	0.0008912097094998149
11.93988104464273	0.0008776830998788752
11.967405313072431	0.0008643361226429242
11.994993031493793	0.0008511675096357843
12.02264434617413	0.0008381759636071208
12.050359403717973	0.0008253601578969647
12.078138351067798	0.0008127187361175231
12.10598133550483	0.000800250311832182
12.133888504649775	0.0007879534682317336
12.161860006463678	0.00077582675780773
12.189895989248662	0.0007638687020230429
12.217996601648723	0.000752077790979527
12.246161992650489	0.000740452483082813
12.274392311584071	0.0007289912047041407
12.30268770812381	0.0007176923498393082
12.331048332289097	0.0007065542797646251
12.359474334445107	0.0006955753226899138
12.387965865303691	0.0006847537734084487
12.416523075924106	0.0006740878929439258
12.445146117713856	0.0006635759081943292
12.473835142429433	0.0006532160115727629
12.5025903021772	0.000643006360645125
12.531411749414156	0.0006329450777646978
12.560299636948754	0.0006230302497035631
12.589254117941675	0.0006132599272808614
12.618275345906707	0.0006036321249878085
12.64736347471151	0.000594144820609527
12.67651865857846	0.0005847959548435944
12.705741052085418	0.0005755834309153424
12.735030810166617	0.0005665051141898104
12.764388088113435	0.0005575588317804042
12.793813041575252	0.0005487423721541806
12.823305826560219	0.0005400534847337628
12.852866599436155	0.0005314898794958207
12.882495516931336	0.0005230492265661415
12.912192736135347	0.0005146136800817247
12.941958414499863	0.0005056216182395695
12.971792709839558	0.000496741988164955
13.001695780332899	0.0004879741972989188
13.031667784523	0.00047931763762056783
13.061708881318419	0.0004707716854759341
13.09181922999407	0.00046233570140527693
13.121998990192028	0.00045400902996890356
13.15224832192239	0.0004457909995714392
13.182567385564074	0.00043768092228456965
13.212956341865752	0.0004296780936681924
13.243415351946643	0.0004217817925900327
13.273944577297401	0.00041399128104366046
13.304544179780914	0.0004063058039649277
13.33521432163324	0.00039872458904677033
13.365955165464419	0.0003912468465524199
13.396766874259358	0.0003838717691269637
13.427649611378643	0.0003765985316072812
13.458603540559483	0.00036942629083028635
13.489628825916533	0.0003623541854395308
13.52072563194278	0.00035538133569010423
13.551894123510364	0.0003485068432518552
13.583134465871542	0.00034172979101086605
13.614446824659497	0.0003350492428692384
13.645831365889252	0.00032846424354311785
13.677288255958494	0.0003219738183589822
13.708817661648537	0.00031557697304814025
13.740419750125149	0.00030927269353947154
13.772094688939474	0.0003030599457503603
13.803842646028853	0.00029693767537583365
13.83566378971781	0.000290904807675851
13.867558288718882	0.00028496024726078315
13.89952631213354	0.0002791028778750241
13.931568029453036	0.0002733315621787501
13.963683610559377	0.0002676451415277742
13.995873225726179	0.00026204243575152865
14.028137045619589	0.00025652224292912345
14.060475241299143	0.00025108333916349057
14.092887984218748	0.00024572447835356597
14.12537544622754	0.0002404443919645391
14.157937799570824	0.00023524178879611428
14.190575216890926	0.0002301153547488013
14.223287871228198	0.00022506375258817866
14.25607593602188	0.00022008562170716342
14.288939585111036	0.00021517957788623124
14.321878992735439	0.00021034421305159961
14.35489433353656	0.00020557809503132451
14.387985782558452	0.00020087976730933478
14.421153515248696	0.00019624774877735659
14.45439770745928	0.0001916805334847316
14.487718535447618	0.00018717659038608916
14.52111617587742	0.00018273436308688298
14.554590805819668	0.00017835226958675665
14.58814260275349	0.00017402870202073542
14.621771744567184	0.00016976202639820042
14.655478409559112	0.0001655505823396658
14.689262776438676	0.00016139268281131061
14.723125024327194	0.00015728661385727043
14.757065332758946	0.00015323063432964255
14.791083881682072	0.00014922297561622237
14.825180851459544	0.00014526184136592468
14.859356422870075	0.00014134540721189435
14.893610777109155	0.00013747182049225835
14.92794409578996	0.00013363919996853567
14.962356560944343	0.00012984563554166288
14.99684835502374	0.0001260891879656307
15.031419660900225	0.00012236788855869314
15.066070661867418	0.00011867973891215833
15.100801541641477	0.00011502271059671988
15.135612484362087	0.00011139474486631728
15.170503674593368	0.00010779375235951506
15.205475297324954	0.00010421761279835566
15.240527537972907	0.0001006641746846989
15.275660582380732	0.0000971312549940056
15.310874616820303	0.00009361663886655965
15.346169827992941	0.00009011807929608767
15.381546403030342	0.0000866332968157862
15.4170045294956	0.00008315997918170903
15.452544395384141	0.00007969578105351836
15.488166189124811	0.00007623832367254695
15.523870099580817	0.00007278519453718905
15.55965631605075	0.00006933394707556853
15.595525028269538	0.00006588210031548604
15.631476426409538	0.0000624271385515968
15.667510701081484	0.00005896651100982896
15.70362804333553	0.00005549763150899793
15.739828644662197	0.00005201787811961208
15.776112696993485	0.000048524592819822526
15.812480392703826	0.00004501508114852878
15.848931924611142	0.00004148661185559056
15.88546748597779	0.00003793641654914478
15.9220872705117	0.00003436168933997614
15.95879147236732	0.00003075958648295627
15.995580286146694	0.00002712722601549683
16.032453906900418	0.000023461687393017325
16.069412530128773	0.000019760011121378284
16.106456351782697	0.000016019198386285695
16.143585568264868	0.000012236210679619756
16.18080037643066	8.407969422686037e-6
16.218100973589298	4.531355586334455e-6