0.1	13.684149414116735
0.10023052380778996	13.669747444111088
0.10046157902783952	13.655340922779743
0.10069316688518042	13.640929872358507
0.10092528860766845	13.626514314595777
0.10115794542598985	13.61209427074409
0.10139113857366794	13.597669761551696
0.10162486928706957	13.583240807253976
0.1018591388054117	13.568807427564778
0.102093948370768	13.554369641667698
0.10232929922807542	13.539927468207242
0.10256519262514076	13.525480925279915
0.10280162981264736	13.511030030425184
0.10303861204416162	13.49657480061641
0.10327614057613975	13.482115252251655
0.10351421666793438	13.467651401144359
0.10375284158180126	13.453183262514008
0.10399201658290592	13.438710850976626
0.10423174293933042	13.424234180535224
0.10447202192208001	13.40975326457014
0.10471285480508996	13.395268115829246
0.10495424286523224	13.380778746418134
0.1051961873823223	13.366285167790107
0.1054386896391259	13.351787390736181
0.10568175092136585	13.337285425374866
0.10592537251772889	13.322779281141948
0.10616955571987247	13.308268966780119
0.10641430182243161	13.293754490328519
0.10665961212302578	13.27922426256308
0.1069054879222658	13.264688228092997
0.10715193052376065	13.25014801957663
0.10739894123412448	13.235603674238275
0.1076465213629835	13.221055228990405
0.10789467222298288	13.206502720426911
0.1081433951297938	13.191946184816155
0.10839269140212036	13.177385658094058
0.10864256236170655	13.162821175857044
0.10889300933334335	13.148252773354946
0.10914403364487565	13.133680485483834
0.10939563662720939	13.119104346778723
0.1096478196143185	13.104524391406288
0.10990058394325211	13.08994065315739
0.11015393095414151	13.07535316543964
0.11040786199020733	13.06076196126978
0.11066237839776664	13.046167073266066
0.11091748152624012	13.031568533640524
0.11117317272815914	13.016966374191131
0.11142945335917301	13.002360626293928
0.11168632477805612	12.987751320895036
0.11194378834671516	12.97313848850259
0.11220184543019636	12.95852215917862
0.11246049739669266	12.943902362530782
0.11271974561755105	12.929279127704064
0.11297959146727979	12.91465248337238
0.11324003632355571	12.900022457730083
0.11350108156723152	12.885389078483389
0.1137627285823431	12.870752372841682
0.11402497875611688	12.85611236750882
0.11428783347897718	12.84146908867421
0.11455129414455358	12.826822562003953
0.1148153621496883	12.812172812631742
0.11508003889444356	12.79751986514981
0.11534532578210924	12.782863743599643
0.11561122421920987	12.768204471462742
0.11587773561551262	12.753542071651161
0.11614486138403426	12.73887656649807
0.11641260294104915	12.724207977748108
0.11668096170609624	12.709536326547697
0.11694993910198712	12.694861633435277
0.11721953655481303	12.68018391833142
0.11748975549395298	12.665503200528777
0.11776059735208072	12.650819498682097
0.11803206356517298	12.636132830797926
0.11830415557251646	12.621443214224376
0.118576874816716	12.606750665640721
0.11885022274370183	12.59205520104689
0.11912420080273747	12.577356835752841
0.1193988104464273	12.5626555843679
0.11967405313072434	12.547937552687497
0.11994993031493788	12.533214672850688
0.12022644346174129	12.518488908363793
0.12050359403717974	12.503760309430074
0.120781383510678	12.489028926031411
0.12105981335504823	12.4742948079221
0.12133888504649772	12.459558004622538
0.12161860006463679	12.444818565412868
0.12189895989248664	12.430076539326564
0.12217996601648717	12.415331975143925
0.12246161992650487	12.40058492138547
0.12274392311584072	12.38583542630531
0.12302687708123815	12.37108353788445
0.1233104833228909	12.356329303823939
0.12359474334445104	12.34157277153805
0.1238796586530369	12.326813988147313
0.1241652307592411	12.312053000471476
0.1244514611771385	12.29728985502245
0.12473835142429429	12.282524597997105
0.125025903021772	12.267757275270013
0.1253141174941416	12.25298793238613
0.1256029963694875	12.238216614553389
0.12589254117941673	12.223443366635191
0.12618275345906707	12.208668233142843
0.12647363474711512	12.19389125822792
0.12676518658578456	12.1791124856745
0.12705741052085415	12.164331958891381
0.12735030810166617	12.149549720904133
0.12764388088113438	12.134765814347174
0.12793813041575247	12.119980281455641
0.12823305826560213	12.10519316405728
0.12852866599436155	12.090404503564171
0.1288249551693134	12.07561434096441
0.12912192736135342	12.060822716813703
0.1294195841449986	12.04602967122684
0.12971792709839558	12.03123524386912
0.13001695780332903	12.016439473947635
0.13031667784522993	12.001642400202524
0.13061708881318415	11.986844060898088
0.1309181922999407	11.972044493813844
0.13121998990192033	11.957243736235434
0.13152248321922383	11.942441824945526
0.1318256738556407	11.927638796214538
0.1321295634186575	11.912834685791294
0.13243415351946647	11.89802952889361
0.13273944577297395	11.883223360198746
0.1330454417978091	11.868416213833783
0.1333521432163324	11.85360812336587
0.13365955165464422	11.83879912179242
0.1339676687425935	11.82398924153115
0.1342764961137864	11.809172252499097
0.13458603540559483	11.79435355225601
0.13489628825916536	11.779534049856965
0.13520725631942773	11.76471379263627
0.1355189412351036	11.749892827537996
0.1358313446587154	11.735071201107727
0.136144468246595	11.720248959484236
0.13645831365889247	11.705426148391062
0.13677288255958492	11.69060281312801
0.13708817661648537	11.675778998562546
0.13740419750125152	11.66095474912113
0.13772094688939465	11.646130108780422
0.1380384264602885	11.63130512105841
0.1383566378971781	11.616479829005462
0.13867558288718884	11.60165427519526
0.13899526312133534	11.586828501715637
0.13931568029453031	11.572002550159343
0.13963683610559377	11.557176461614704
0.13995873225726183	11.542350276656162
0.14028137045619582	11.527524035334759
0.1406047524129914	11.51269777716846
0.14092887984218747	11.497871541132469
0.14125375446227545	11.483045365649332
0.14157937799570816	11.468219288579046
0.14190575216890922	11.453393347208966
0.142232878712282	11.438567578243704
0.14256075936021884	11.423742017794856
0.1428893958511103	11.408916701370634
0.14321878992735435	11.394091663865442
0.1435489433353656	11.37926693954925
0.14387985782558455	11.36444256205698
0.14421153515248689	11.349618564377666
0.14454397707459277	11.334794978843593
0.14487718535447616	11.319971837119281
0.14521116175877424	11.305149170190356
0.14554590805819662	11.290327008352357
0.14588142602753484	11.275505381199327
0.14621771744567183	11.260684317612426
0.14655478409559117	11.245863845748318
0.1468926277643867	11.231043993027475
0.1472312502432719	11.216224786122416
0.14757065332758945	11.201406250945709
0.14791083881682077	11.18658841263801
0.14825180851459538	11.17177129555583
0.1485935642287007	11.15695492325928
0.14893610777109154	11.142139318499657
0.14927944095789963	11.127324503206923
0.14962356560944334	11.112510498477016
0.1499684835502373	11.09769732455912
0.15031419660900225	11.0828850008427
0.15066070661867417	11.06806654659204
0.15100801541641484	11.053247977656381
0.1513561248436208	11.038430292640523
0.1517050367459337	11.023613526741597
0.15205475297324955	11.008797714499522
0.15240527537972914	10.993982889785933
0.15275660582380723	10.97916908579293
0.15310874616820302	10.96435633502179
0.15346169827992942	10.949544669271488
0.1538154640303035	10.934734119627151
0.15417004529495593	10.919924716448401
0.1545254439538414	10.905116489357525
0.1548816618912481	10.890309467227615
0.15523870099580825	10.875503678170478
0.15559656316050743	10.860699149524542
0.15595525028269538	10.845895907842545
0.15631476426409538	10.831093978879146
0.15667510701081494	10.816293387578408
0.15703628043335524	10.8014941580612
0.15739828644662196	10.786696313612325
0.15776112696993486	10.771899876667726
0.15812480392703834	10.757104868801411
0.15848931924611134	10.74231131071231
0.15885467485977792	10.727519222210976
0.159220872705117	10.712728622206216
0.15958791472367329	10.697939528691492
0.15995580286146688	10.68315195873129
0.16032453906900418	10.668365928447248
0.1606941253012877	10.653581453004266
0.16106456351782708	10.63879854659638
0.16143585568264862	10.624017222432558
0.16180800376430657	10.609237492722322
0.16218100973589297	10.594459368661267
0.16255487557504839	10.579682860416378
0.16292960326397224	10.564907977111282
0.16330519478943342	10.550134726811306
0.16368165214278085	10.535363116508382
0.16405897731995392	10.52059315210585
0.16443717232149316	10.505824838403067
0.1648162391525508	10.491058179079904
0.1651961798229015	10.476293176681075
0.1655769963469528	10.461529832600322
0.16595869074375605	10.446768147064427
0.16634126503701693	10.432008119117105
0.16672472125510626	10.417249746602707
0.16710906143107074	10.40249302614982
0.16749428760264373	10.387737953154621
0.16788040181225602	10.372984521764169
0.16826740610704674	10.358232724859468
0.16865530253887412	10.343482554038399
0.16904409316432642	10.32871337121385
0.16943378004473283	10.313942843475763
0.16982436524617442	10.299173852271425
0.17021585083949506	10.284406441003833
0.17060823890031235	10.269640652497737
0.17100153150902875	10.254876528989204
0.17139573075084252	10.240114112115076
0.17179083871575881	10.225353442902325
0.1721868574986007	10.210594561757274
0.17258378919902034	10.1958375084547
0.17298163592151014	10.181082322126882
0.17338039977541378	10.166329041252496
0.17378008287493754	10.15157770364538
0.17418068733916142	10.136828346443217
0.17458221529205037	10.1220810060961
0.1749846688624657	10.107335718354959
0.1753880501841761	10.092592518259911
0.17579236139586926	10.077851440128427
0.1761976046411629	10.063112517543468
0.17660378206861643	10.048375783341399
0.17701089583174212	10.033641269599876
0.17741894808901656	10.018909007625561
0.1778279410038923	10.004179027941701
0.17823787674480895	9.989451360275638
0.17864875748520506	9.97472603354613
0.17906058540352943	9.960003075850594
0.17947336268325265	9.945282514452206
0.1798870915128788	9.930564375766853
0.1803017740859569	9.915848685349982
0.1807174126010927	9.901135467883323
0.18113400926196024	9.88642474716144
0.18155156627731356	9.871716546078193
0.18197008586099836	9.857010886613043
0.18238957023196378	9.842307789817228
0.1828100216142743	9.827607275799801
0.18323144223712115	9.812909363713542
0.18365383433483465	9.798214071740691
0.18407720014689558	9.783521417078623
0.18450154191794738	9.768831415925273
0.18492686189780783	9.754144083464519
0.18535316234148114	9.73945943385136
0.18578044550916986	9.724777480196975
0.18620871366628675	9.710098234553632
0.186637969083467	9.695421707899431
0.18706821403658005	9.680747910122955
0.18749945080674188	9.66607685000769
0.18793168168032684	9.651408535216364
0.18836490894898006	9.636742972275101
0.18879913490962935	9.622080166557431
0.18923436186449755	9.607420122268127
0.18967059212111465	9.592742388149729
0.19010782799233	9.578064494924066
0.19054607179632474	9.563389312569855
0.1909853258566238	9.54871689708187
0.19142559250210858	9.534047303989084
0.19186687406702896	9.5193805883451
0.19230917289101584	9.504716804718587
0.1927524913190936	9.490056007183458
0.1931968317016924	9.475398249309102
0.19364219639466074	9.460743584150388
0.19408858775927784	9.446092064237659
0.19453600816226624	9.431443741566556
0.19498445997580455	9.416798667587768
0.19543394557753943	9.40215689319667
0.195884467350599	9.387518468722831
0.19633602768360464	9.37288344391947
0.1967886289706845	9.35825186795273
0.19724227361148533	9.343623789390891
0.19769696401118608	9.328999256193448
0.1981527025805098	9.314378315700118
0.19860949173573716	9.299761014619634
0.19906733389871864	9.285147399018584
0.19952623149688797	9.27053751430994
0.1999861869632744	9.255931405241663
0.20044720273651614	9.241329115885039
0.2009092812608728	9.226730689622988
0.20137242498623883	9.212136169138207
0.20183663636815607	9.197545596401238
0.2023019178678272	9.18295901265833
0.20276827195212818	9.168376458419303
0.20323570109362218	9.153797973445162
0.2037042077705718	9.139223596735675
0.20417379446695297	9.124653366516798
0.20464446367246739	9.110087320227935
0.20511621788255657	9.095525494509129
0.20558905959841414	9.080967925188135
0.20606299132700007	9.06641464726725
0.20653801558105292	9.05186569491015
0.20701413487910425	9.037321101428514
0.20749135174549097	9.022780899268549
0.2079696687103696	9.008245119997328
0.20844908830972886	8.993713794289103
0.20892961308540398	8.979186951911323
0.20941124558508925	8.964664621710673
0.20989398836235246	8.950146831598872
0.21037784397664752	8.935633608538357
0.21086281499332898	8.921124978527839
0.21134890398366465	8.906620966587704
0.2118361135248502	8.892121596745273
0.21232444620002192	8.87762689201993
0.21281390459827124	8.86312169220811
0.21330449131465762	8.84861902910764
0.21379620895022325	8.834121052421322
0.21428906011200585	8.819627823018283
0.21478304741305343	8.805139401266485
0.21527817347243727	8.790655847022581
0.21577444091526668	8.776177219621617
0.21627185237270202	8.761703577866687
0.21677041048196952	8.747234980018414
0.21727011788637443	8.732771483784365
0.2177709772353159	8.71831314630834
0.21827299118430013	8.703860024159562
0.2187761623949553	8.689412173321724
0.21928049353504486	8.67496964918196
0.21978598727848253	8.660532506519681
0.2202926463053456	8.646100799495295
0.22080047330189004	8.631674581638803
0.22130947096056375	8.617253905838329
0.22181964198002194	8.60283882432842
0.2223309890651403	8.588429388678387
0.22284351492703042	8.574025649780358
0.22335722228305316	8.559627657837332
0.223872113856834	8.545235462351052
0.22438819237827662	8.530849112109767
0.2249054605835781	8.516468655175874
0.22542392121524293	8.502094138873426
0.22594357702209775	8.487725609775532
0.22646443075930595	8.473363113691589
0.2269864851883822	8.459006695654443
0.22750974307720706	8.444656399907362
0.2280342072000418	8.43031226989092
0.22855988033754301	8.415974348229712
0.2290867652767773	8.401642676718987
0.2296148648112362	8.387317296311089
0.23014418174085083	8.372998247101801
0.2306747188720069	8.358685568316533
0.23120647901755947	8.344379298296385
0.23173946499684786	8.330079474484066
0.2322736796357107	8.315786133409658
0.23280912576650079	8.301499310676276
0.23334580622810028	8.287219040945532
0.23388372386593548	8.272945357922902
0.2344228815319922	8.258678294342936
0.23496328208483072	8.244417881954291
0.23550492838960096	8.230164151504669
0.2360478233180577	8.215917132725561
0.23659196974857583	8.201676854316862
0.23713737056616552	8.187443343931326
0.23768402866248767	8.173216628158894
0.23823194693586902	8.158996732510815
0.23878112829131776	8.144770212413196
0.23933157564053875	8.130548633825331
0.23988329190194904	8.11633390839044
0.24043628000069334	8.102126094433629
0.24099054286865948	8.087925249637335
0.24154608344449405	8.073731431029517
0.2421029046736178	8.059544694971711
0.24266100950824154	8.045365097146972
0.24322040090738153	8.031192692547675
0.24378108183687525	8.017027535463244
0.2443430552693972	8.00286967946767
0.24490632418447456	7.988719177406983
0.24547089156850305	7.974576081386553
0.24603676041476275	7.960440442758259
0.24660393372343392	7.946312312107549
0.24717241450161304	7.9321917392403725
0.24774220576332856	7.918078773169939
0.24831331052955705	7.903973462103387
0.2488857318282391	7.889875853428311
0.24945947269429547	7.875785993699124
0.25003453616964316	7.861703928623314
0.2506109253032114	7.8476297030475575
0.251188643150958	7.833563360943665
0.25176769277588557	7.819504945394434
0.25234807724805747	7.805454498579318
0.2529297996446145	7.791412061759977
0.25351286304979076	7.777377675265672
0.25409727055493053	7.763351378478516
0.2546830252585041	7.749333209818581
0.2552701302661247	7.735323206728867
0.2558585886905646	7.721321405660097
0.25644840365177174	7.707327842055382
0.2570395782768864	7.693342550334734
0.25763211570025757	7.679365563879409
0.25822601906345966	7.665396915016122
0.2588212915153092	7.65143663500107
0.2594179362118814	7.6374847540038555
0.2600159563165272	7.623541301091179
0.2606153549998896	7.60960630421043
0.26121613543992067	7.595679790173098
0.2618183008218985	7.581761784638016
0.26242185433844417	7.5678523120944465
0.26302679918953814	7.553951395845001
0.263633138582538	7.540059057988386
0.2642408757321946	7.526175319402012
0.2648500138606701	7.51230019972438
0.2654605561975539	7.498433717337358
0.26607250597988097	7.484575889348235
0.2666858664521479	7.470726731571628
0.26730064086633115	7.456886258511216
0.2679168324819031	7.443036078482657
0.26853444456585074	7.429191975905377
0.26915348039269155	7.415356543119728
0.26977394324449205	7.401529840154905
0.2703958364108843	7.387711926342398
0.2710191631890843	7.373902860303451
0.2716439268839082	7.360102699936392
0.2722701308077913	7.346311502403819
0.272897778280804	7.332529324119688
0.27352687263067127	7.318756220736217
0.27415741719278824	7.3049922471307305
0.2747894153102397	7.291237457392291
0.2754228703338166	7.277491904808239
0.27605778562203465	7.263755641850618
0.27669416454115114	7.250028720162398
0.2773320104651841	7.2363111905436135
0.27797132677592884	7.222603102937349
0.2786121168629771	7.208904506415561
0.27925438412373377	7.195215449164809
0.2798981319634363	7.181535978471765
0.2805433637951713	7.167866140708671
0.28119008303989407	7.154205981318557
0.28183829312644537	7.140555544800402
0.2824879974915708	7.126914874694068
0.2831391995799379	7.113284013565143
0.2837919028441557	7.099663002989591
0.28444611074479154	7.086051883538289
0.285101826750391	7.072450694761367
0.28575905433749466	7.05885947517244
0.2864177969906581	7.045278262232638
0.28707805820246907	7.0317070923345195
0.28773984147356696	7.0181460007858
0.28840315031266056	7.004595021792929
0.2890679882365476	6.991054188444508
0.28973435877013226	6.97752353269455
0.2904022654464451	6.9640030853455395
0.2910717118066605	6.950492876031403
0.29174270140011677	6.936992933200224
0.29241523778433354	6.923503284096865
0.2930893245250321	6.910023954745348
0.2937649651961531	6.896554969931148
0.29444216337987617	6.883096353183241
0.29512092266663853	6.869648126756016
0.29580124665515467	6.856210311610984
0.2964831389524342	6.84278292739837
0.29716660317380267	6.829365992438438
0.29785164294291894	6.8159595237027215
0.298538261891796	6.802563536795006
0.2992264636608189	6.789178045932183
0.29991625189876514	6.775803063924876
0.30060763026282306	6.762416595992559
0.3013006024186122	6.749037510915013
0.3019951720402016	6.735668904247553
0.30269134281013055	6.7223108439045784
0.30338911841942706	6.70896339714031
0.3040885025676279	6.695626630536425
0.3047894989627983	6.682300609989574
0.3054921113215513	6.6689854006988005
0.3061963433690677	6.655681067152761
0.30690219883911574	6.642387673116886
0.3076096814740708	6.629105281620363
0.3083187950249354	6.615833954943012
0.30902954325135906	6.602573754602008
0.309741929921658	6.589324741338483
0.31045595881283555	6.576086975103983
0.31117163371060175	6.562860515046801
0.3118889584093937	6.549645419498137
0.3126079367123955	6.536441745958171
0.31332857243155854	6.523249551081942
0.3140508693876217	6.510068890665118
0.3147748314101316	6.496899819629624
0.31550046233746265	6.483742392009089
0.31622776601683794	6.470596660934193
0.3169567463043491	6.457462678617842
0.31768740706497706	6.444340496340199
0.3184197521726125	6.431408738412507
0.31915378551007617	6.420062221447309
0.3198895109691398	6.4087268320706565
0.3206269324505466	6.3974025637503935
0.3213660538640317	6.386089408374753
0.32210687912834346	6.374787356231689
0.32284941217126356	6.3634963959879896
0.32359365692962827	6.352216514668224
0.32433961734934924	6.340947697633464
0.3250872973854344	6.329689928559822
0.3258367010020088	6.318443189416797
0.32658783217233583	6.307207460445387
0.3273406948788382	6.2959827201360214
0.328095293113119	6.284768945206299
0.32885163087598307	6.273566110578479
0.32960971217745777	6.262374189356804
0.3303695410368148	6.251193152804576
0.3311311214825911	6.240022970321065
0.3318944575526104	6.228863609418147
0.33265955329400454	6.217715035696774
0.333426412763235	6.2065772128231975
0.3341950400261143	6.195450102504991
0.33496543915782767	6.184333664466842
0.3357376142429547	6.173227856426099
0.33651156937549076	6.162132634068148
0.3372873086588689	6.151012971134102
0.3380648362059816	6.139898796229494
0.33884415613920255	6.128794965862126
0.3396252725904084	6.117701524183402
0.3404081897010009	6.106618514530256
0.34119291162192855	6.095545979412045
0.3419794425137089	6.084483960497315
0.3427677865464504	6.073432498600428
0.34355794789987465	6.062391633668064
0.34434993076333853	6.051361404765567
0.3451437393358563	6.040341850063204
0.345939377826122	6.029333006822226
0.34673685045253166	6.018334911380848
0.34753616144320587	6.007347599140047
0.34833731503601184	5.99637110454925
0.34914031547858615	5.985405461091871
0.3499451670283573	5.9744507012706904
0.350751873952568	5.963506856593126
0.35156044052829816	5.952573957556325
0.35237087104248715	5.941652033632133
0.353183169791957	5.930741113251906
0.3539973410834347	5.9198412237911695
0.35481338923357547	5.908952391554151
0.3556313185689854	5.8980746417581305
0.3564511334262443	5.887207998517668
0.35727283815192895	5.876352484828658
0.35809643710263606	5.865508122552231
0.35892193464500527	5.854674932398523
0.35974933515574237	5.843852933910252
0.36057864302164244	5.8330421454461705
0.36140986263961333	5.822242584164331
0.36224299841669866	5.811454266005209
0.3630780547701014	5.800677205674643
0.36391503612720716	5.789911416626661
0.36475394692560786	5.779156911046061
0.36559479161312497	5.768413699830903
0.36643757464783333	5.757681792574792
0.3672823004980847	5.746961197548995
0.3681289736425315	5.736251921684402
0.3689775985701504	5.7255539705533
0.3698281797802663	5.714867348350993
0.37068072178257605	5.704192057877217
0.37153522909717257	5.693528100517416
0.3723917062545686	5.682875476223805
0.3732501577957206	5.672234183496286
0.3741105882720534	5.661604219363156
0.3749730022454836	5.650985579361647
0.3758374042884442	5.640378257518286
0.37670379898390893	5.629782246329066
0.377572190925416	5.619197536739423
0.37844258471709324	5.6085905605619075
0.3793149849736819	5.597990063734902
0.38018939632056115	5.587400739971303
0.381065823393773	5.576822666717595
0.3819442708400465	5.566255921056335
0.38282474331682265	5.555700579697415
0.38370724549227875	5.545156718969199
0.38459178204535355	5.534624414809574
0.38547835766577176	5.524103742756916
0.38636697705406914	5.513594777940953
0.3872576449216172	5.5030975950735135
0.3881503659906482	5.492612268439216
0.38904514499428056	5.482138871886009
0.3899419866765434	5.471677478815658
0.390840895792402	5.461228162174103
0.3917418771077831	5.4507909944417126
0.3926449353995998	5.440366047623461
0.3935500754557774	5.429953393238968
0.3944573020752784	5.419553102312465
0.3953666200681279	5.409165245362633
0.39627803425543945	5.398789892392348
0.3971915494694403	5.388427112878312
0.3981071705534972	5.378076975760576
0.39902490236214205	5.367739549431956
0.39994474976109745	5.357414901727347
0.4008667176273028	5.347103099912905
0.4017908108489399	5.336804210675141
0.4027170343254591	5.326518300109886
0.40364539296760493	5.316245433711144
0.4045758916974427	5.305985676359835
0.40550853544838383	5.295739092312429
0.40644332916521275	5.285505745189445
0.40738027780411273	5.275285697963847
0.4083193863326921	5.26507901294931
0.40926065973001086	5.254885751788376
0.4102041029866068	5.244705975440491
0.41114972110452225	5.234539744169904
0.4120975190973302	5.224387117533463
0.4130475019901614	5.2142481543682715
0.41399967481973043	5.204122912779227
0.4149540426343629	5.194011450126441
0.41591061049402206	5.183913823012508
0.4168693834703354	5.173830087269672
0.41783036664662176	5.163760297946865
0.4187935651179184	5.153704509296568
0.41975898399100753	5.143662774761624
0.4207266283844441	5.133635146961827
0.4216965034285822	5.123621677680444
0.422668614265603	5.113622417850586
0.4236429660495411	5.103637417541411
0.4246195639463129	5.09367319007556
0.4255984131337431	5.083724244122097
0.42657951880159267	5.0737897202693985
0.4275628861515862	5.063869647093843
0.4285485203974395	5.05396405198853
0.4295364267648873	5.04407296114626
0.43052661049171065	5.034196399542389
0.43151907682776525	5.024334390917474
0.43251383103500873	5.014486957759787
0.4335108783875289	5.0046541212876425
0.43451022417157154	4.994835901431569
0.4355118736855686	4.985032316816282
0.436515832240166	4.975243384742527
0.4375221051582521	4.965469121168708
0.4385306977749857	4.9557095406923635
0.4395416154378245	4.94596465653146
0.4405548635065533	4.936234480505512
0.4415704473533125	4.926519023016508
0.44258837236262655	4.916818293029673
0.44360864393143257	4.907132298054036
0.4446312674691087	4.897461044122826
0.4456562483975033	4.887804535773665
0.44668359215096315	4.8781627760285815
0.44771330417636257	4.868535766373848
0.4487453899331322	4.85892350673961
0.449779854893288	4.849325995479325
0.45081670454146017	4.839743229349027
0.4518559443749224	4.8301752034863705
0.4528975799036208	4.820621911389488
0.4539416166502032	4.811083344895665
0.4549880601500486	4.801559494159786
0.4560369159512962	4.792050347632602
0.4570881896148751	4.7825558920387845
0.4581418867145335	4.7730761123547785
0.4591980128368686	4.763610991786442
0.4602565735813561	4.75416051174649
0.4613175745603794	4.744724651831722
0.46238102139926035	4.735303389800023
0.46344691973628804	4.72589670154719
0.46451527522274944	4.716504561083493
0.465586093522959	4.707126940510064
0.46665938031428866	4.697763809995041
0.46773514128719823	4.688415137749497
0.46881338214526524	4.6790808900031555
0.46989410860521547	4.669761030979869
0.47097732639695294	4.660455522872882
0.47206304126359055	4.651164325819856
0.4731512589614805	4.641887397877688
0.4742419852602447	4.632624694997059
0.47533522594280536	4.62337617099679
0.47643098680541573	4.614122251390688
0.47752927365769093	4.604879619170817
0.4786300923226384	4.59565096078221
0.47973344863668915	4.586436275314801
0.4808393484497286	4.577235560345143
0.4819477976251274	4.568048811916522
0.4830588020397727	4.558876024518897
0.48417236758409943	4.549717191068641
0.4852885001621211	4.540572302888094
0.4864072056914617	4.531441349684929
0.4875284901033864	4.522324319531318
0.48865235934283363	4.513221198842915
0.48977881936844625	4.504131972357632
0.4909078761526032	4.495056623114215
0.492039535681451	4.485995132430638
0.49317380395493593	4.476947479882277
0.4943106869868355	4.467913643279887
0.4954501908047903	4.458893598647386
0.49659232145033616	4.4498873201994105
0.49773708497893604	4.4408947803186924
0.4988844874600123	4.431915949533196
0.5000345349769786	4.422950796493069
0.5011872336272724	4.413999287947361
0.5023425895223872	4.405061388720545
0.5035006087879049	4.3961370616888145
0.5046612975635284	4.387226267756155
0.505824662003114	4.378328965830213
0.5069907082747043	4.369445112797929
0.5081594425605604	4.360574663500947
0.5093308710571953	4.351717570710815
0.5105049999754062	4.342873785103938
0.5116818355403077	4.3340432552363195
0.5128613839913648	4.325225927518058
0.514043651582426	4.316421746187618
0.5152286445817564	4.307630653285867
0.5164163692720709	4.298852588629881
0.5176068319505677	4.29008748978649
0.5188000389289611	4.281335292045623
0.5199959965335159	4.27259592839336
0.5211947111050804	4.263869329484788
0.5223961889991198	4.255155423616581
0.5236004365857502	4.246454136699342
0.5248074602497725	4.237765392229691
0.5260172663907061	4.229089111262113
0.5272298614228227	4.220425212380527
0.5284452517751804	4.2117736116696305
0.5296634438916578	4.203134222685967
0.5308844442309884	4.1945069564287225
0.5321082592667942	4.185891721310291
0.5333348954876209	4.177288423126548
0.5345643593969717	4.168650848157606
0.5357966575133416	4.160018418104214
0.5370317963702527	4.151397500124739
0.5382697825162883	4.142788116925277
0.5395106225151276	4.134190290214994
0.5407543229455808	4.125604040691826
0.5420008904016238	4.117029388028055
0.5432503314924332	4.108466350855741
0.5445026528424212	4.099914946752008
0.5457578610912709	4.091375192224193
0.5470159628939716	4.0828471026948625
0.5482769649208538	4.07433069248666
0.5495408738576245	4.065825974807043
0.5508076964054034	4.057332961732841
0.5520774392807574	4.048851664194685
0.5533501092157367	4.040382091961286
0.5546257129579107	4.031924253623561
0.5559042572704036	4.023478156578608
0.5571857489319298	4.01504380701353
0.5584701947368308	4.006621209889106
0.5597576014951101	3.9982103689233033
0.5610479760324705	3.989811286574641
0.5623413251903491	3.98142396402539
0.5636376558259545	3.9730484011646188
0.5649369748123025	3.9646845965710726
0.5662392890382533	3.956332547495899
0.5675446054085471	3.9479922498452074
0.5688529308438415	3.939663698162465
0.5701642722807475	3.931346885610728
0.571478636671867	3.9230418039547
0.5727960309858292	3.9147484435426403
0.5741164622073276	3.9064667932880797
0.5754399373371569	3.8981968406513823
0.5767664633922508	3.889938571621124
0.5780960474057181	3.881691970695313
0.5794286964268811	3.8734570208624146
0.580764417521312	3.8652337035822164
0.5821032177708715	3.8570219987665073
0.5834451042737447	3.848821884759585
0.5847900841444807	3.840633338318568
0.5861381645140288	3.8324563345935405
0.5874893525297767	3.824290847107512
0.588843655355589	3.8161368477361752
0.5902010801718444	3.807994306687505
0.591561634175474	3.7998631924811437
0.5929253245799998	3.7917434719276053
0.5942921586155727	3.783635110107299
0.5956621435290105	3.7755380703493433
0.5970352865838369	3.7674523142101934
0.5984115950603197	3.75937780145208
0.5997910762555094	3.75128385690425
0.6011737374832781	3.7431966886392467
0.6025595860743578	3.735120548197637
0.6039486293763798	3.727055472755677
0.6053408747539136	3.719001498761745
0.6067363295885054	3.710958661924886
0.6081350012787179	3.702926997203254
0.6095368972401692	3.69490653879243
0.610942024905572	3.6868973201136357
0.6123503917247736	3.67889937380183
0.6137620051647943	3.670912731693672
0.6151768727098682	3.662937424815388
0.6165950018614822	3.6549734833705134
0.618016400138416	3.6470209367275017
0.6194410750767815	3.6390798134072266
0.6208690342300636	3.631150141070357
0.6223002851691596	3.623231946504613
0.6237348354824193	3.6153252556118907
0.6251726927756859	3.6074300933952634
0.6266138646723355	3.5995464839458644
0.628058358813318	3.5916744504296365
0.6295061828571976	3.583814015073945
0.6309573444801934	3.5759651991540826
0.6324118513762195	3.568128022979627
0.633869711256927	3.5603025058806663
0.6353309318517437	3.5524886661939012
0.6367955209079159	3.5446865212486127
0.6382634861905487	3.536896087352485
0.6397348354826482	3.529117379777304
0.6412095765851616	3.5213504127445123
0.6426877173170197	3.513595199410628
0.6441692655151774	3.505851751852524
0.6456542290346556	3.498120081052566
0.6471426157485832	3.490400196883612
0.6486344335482385	3.4826921080938615
0.6501296903430908	3.474995822291574
0.6516283940608427	3.4673113459296236
0.6531305526474724	3.4596386842899296
0.654636174067275	3.4519778414677202
0.6561452663029055	3.4443288203556555
0.6576578373554206	3.436691622627805
0.6591738952443215	3.429066248723462
0.6606934480075961	3.4214526978308166
0.662216503701762	3.4138509678704754
0.6637430704019089	3.406261055478807
0.6652731562017414	3.3986829559911635
0.6668067692136223	3.391116663424917
0.6683439175686147	3.3835621704623473
0.6698846094165265	3.3760194684333706
0.6714288529259524	3.3684885472981065
0.6729766562843179	3.360957988201651
0.6745280276979221	3.353437554247298
0.6760829753919819	3.3459288314428166
0.6776415076106752	3.338431835674039
0.6792036326171846	3.330946581805731
0.6807693586937414	3.323473083667384
0.6823386941416696	3.3160113540388636
0.6839116472814293	3.3085614046359204
0.6854882264526615	3.301123246095585
0.6870684400142321	3.2936968879613846
0.688652296344276	3.2862823386684528
0.6902398038402419	3.278879605528484
0.6918309709189364	3.271488694714542
0.6934258060165691	3.264109611245737
0.6950243175887968	3.2567423589717412
0.6966265141107687	3.249386940557175
0.6982324040771714	3.2420433574658305
0.6998419960022735	3.234711609944758
0.7014552984199712	3.227391697008197
0.7030723198838335	3.2200836164213538
0.7046930689671469	3.2127873646840355
0.7063175542629619	3.205502937014117
0.7079457843841379	3.198230327330865
0.7095777679633888	3.1909695282381083
0.711213513653329	3.183720531007228
0.7128530301265195	3.17648332556002
0.7144963260755133	3.169257900451374
0.716143410212902	3.1620442428518003
0.7177942912713617	3.154842338529796
0.7194489780036994	3.147652171834042
0.7211074791828996	3.1404737256754367
0.7227698036021702	3.133306981508964
0.72443596007499	3.12615191931539
0.7261059574351547	3.1190085175827993
0.727779804536824	3.1118767532879437
0.7294575102545687	3.104756601877436
0.7311390834834174	3.0976480372487645
0.732824533138904	3.0905510317311213
0.734513868157115	3.0834655560660735
0.7362070974947361	3.0763915793880456
0.737904230129101	3.0693290692046156
0.7396052750582378	3.0622779913766496
0.7413102413009175	3.0552383100982334
0.7430191378967014	3.048209987876437
0.744731973905989	3.0411929855108832
0.7464487584100665	3.0341872620731336
0.7481695005111544	3.0271927748858865
0.7498942093324559	3.020209479501983
0.7516228940182055	3.0132373296832258
0.7533555637337174	3.006276277378998
0.7550922276654339	2.999298521590015
0.7568328950209744	2.9923277927222687
0.7585775750291838	2.9853679301554163
0.7603262769401818	2.978418955203024
0.762079010025412	2.971480888322845
0.7638357835776907	2.9645537491045224
0.7655966069112563	2.9576375562571573
0.7673614893618189	2.950732327596781
0.7691304402866096	2.943838080033677
0.7709034690644301	2.93695482955961
0.7726805850957024	2.9300825912349158
0.7744617978025188	2.923221379175463
0.7762471166286917	2.916371206539512
0.7780365510398041	2.909532085514423
0.7798301105232588	2.9027040273032534
0.7816278045883297	2.895887042111223
0.7834296427662119	2.8890811391320446
0.7852356346100718	2.8822863265341367
0.7870457896950986	2.875502611446694
0.7888601176185545	2.868729999945629
0.7906786279998251	2.8619684970393866
0.7925013304804718	2.8552181066546125
0.7943282347242815	2.848478831621697
0.7961593504173188	2.841750673660176
0.7979946872679766	2.8350336333639983
0.7998342550070284	2.8283277101866537
0.8016780633876791	2.821632902426152
0.8035261221856173	2.8149492072098785
0.8053784411990667	2.808276620479289
0.8072350302488382	2.801615136974476
0.8090958991783823	2.7949647502185826
0.8109610578538409	2.7883254525020664
0.8128305161640993	2.7816972348668303
0.8147042840208396	2.775080087090194
0.8165823713585925	2.7684739976687145
0.81846478813479	2.7618789538018684
0.8203515443298183	2.755294941375568
0.8222426499470712	2.7487219449455345
0.8241381150130024	2.7421599477205136
0.8260379495771788	2.735608931545331
0.8279421637123342	2.7290688768837987
0.8298507675144225	2.72253976280146
0.8317637711026711	2.716021566948173
0.8336811846196344	2.7095142655405358
0.835603018231248	2.703017833344146
0.8375292821268826	2.6965322436557084
0.8394599865193975	2.6900574682849596
0.8413951416451951	2.6835934775364403
0.8433347577642755	2.677140240191098
0.84527884516029	2.6706977234877165
0.8472274141405965	2.6642425602791273
0.8491804750363139	2.657794710424532
0.8511380382023765	2.651357409611821
0.8531001140175896	2.6449306833211135
0.8550667128846834	2.638514556291599
0.8570378452303697	2.6321090525105575
0.8590135215053958	2.6257141952022702
0.8609937521846007	2.6193300068168273
0.8629785477669704	2.6129565090188285
0.8649679187756933	2.606593722675965
0.8669618757582167	2.6002416678475035
0.8689604292863019	2.59390036377265
0.8709635899560808	2.587569828858801
0.8729713683881117	2.5812500806696903
0.8749837752274362	2.5749411359134142
0.8770008211436349	2.568643010430338
0.8790225168308845	2.5623557191809003
0.8810488730080143	2.5560792762332856
0.8830799004185629	2.5498136947509886
0.8851156098308356	2.5435589869802553
0.887156012037961	2.537315164237403
0.8892011178579485	2.531082236896029
0.8912509381337457	2.524860214374078
0.8933054837332954	2.5186491051208084
0.895364765549594	2.512448916603626
0.8974287945007486	2.50625965529478
0.8994975815300353	2.5000813266579573
0.9015711376059571	2.4939139351347315
0.9036494737223016	2.487757484130889
0.9057326008982003	2.481611976002628
0.9078205301781859	2.4754774120426286
0.9099132726322517	2.4693537924659816
0.9120108393559097	2.4632411163960013
0.9141132414702502	2.457139381849889
0.9162204901219997	2.451048585724272
0.9183325964835808	2.4449687237806055
0.9204495717531712	2.438899790630432
0.9225714271547631	2.4328417797205097
0.9246981739382225	2.4267946833178033
0.9268298233793492	2.420758492494323
0.9289663867799363	2.414733197111832
0.9311078754678302	2.4087187858064176
0.933254300796991	2.4027152459728995
0.9354056741475518	2.396722563749114
0.9375620069258802	2.3907407240000347
0.9397233105646378	2.3847697103017613
0.9418895965228413	2.378809504925351
0.9440608762859233	2.3728600888205
0.946237161365793	2.3669214415990782
0.9484184633008971	2.3609935415185137
0.9506047936562815	2.355058563109655
0.9527961640236519	2.3491317381305605
0.9549925860214359	2.343215538034262
0.9571940712948444	2.337309984778609
0.9594006315159331	2.331415099565705
0.9616122783836646	2.3255309028309443
0.9638290236239705	2.3196574142319255
0.9660508789898133	2.3137946526372732
0.9682778562612491	2.3079426361153406
0.9705099672454897	2.302101381922805
0.9727472237769651	2.2962709064931643
0.9749896377173869	2.290451225425105
0.9772372209558107	2.284642353470774
0.9794899854086988	2.278844304523934
0.9817479430199844	2.2730570916079986
0.9840111057611337	2.2672807268639614
0.9862794856312105	2.261515221538207
0.9885530946569389	2.2557605859702092
0.9908319448927676	2.2500168295800984
0.9931160484209338	2.2442839608561345
0.995405417351527	2.238561987342037
0.9977000638225533	2.232850915624211
1.	2.2271507513188458
1.0023052380778998	2.2214614990588895
1.0046157902783952	2.2157831624809075
1.0069316688518044	2.21011574421181
1.0092528860766845	2.2044592458554577
1.0115794542598988	2.198813667979141
1.0139113857366795	2.1931790100999367
1.016248692870696	2.187555270670918
1.0185913880541169	2.1819424470672697
1.0209394837076802	2.176340535572232
1.023292992280754	2.170749531362948
1.0256519262514079	2.1651694284961565
1.0280162981264735	2.1596002198937643
1.0303861204416165	2.154041897328269
1.0327614057613974	2.148494451408071
1.0351421666793441	2.142957871562615
1.0375284158180127	2.1374321460274297
1.0399201658290596	2.1319172618289954
1.0423174293933042	2.1264132047694986
1.0447202192208003	2.1209199594114208
1.0471285480508996	2.115437509062013
1.0495424286523225	2.1099658357575923
1.051961873823223	2.10450492024773
1.0543868963912593	2.0990547419792605
1.0568175092136585	2.0936152790801694
1.0592537251772887	2.0881865083433153
1.0616955571987248	2.0827684052100093
1.064143018224316	2.0773609437534506
1.066596121230258	2.071948721346667
1.0690548792226577	2.066544885611856
1.0715193052376064	2.061151563305669
1.0739894123412446	2.055768765428038
1.076465213629835	2.050396502116458
1.0789467222298286	2.04503478263418
1.081433951297938	2.039683615358274
1.0839269140212033	2.0343430077675984
1.0864256236170655	2.0290129664306344
1.0889300933334332	2.023693496993217
1.0914403364487566	2.0183846041661524
1.0939563662720937	2.0130862917127077
1.096478196143185	2.0077985624359886
1.0990058394325208	2.002521418166208
1.101539309541415	1.9972548597478064
1.104078619902073	1.9919988870264909
1.1066237839776665	1.9867534988361129
1.1091748152624008	1.981518692985456
1.1117317272815914	1.976294466244871
1.1142945335917298	1.9710808143328127
1.1168632477805611	1.9658777319022285
1.1194378834671515	1.9606852125268366
1.1220184543019636	1.9555032486872632
1.1246049739669264	1.9503318317570617
1.1271974561755105	1.9451709519885911
1.1297959146727976	1.9400205984987757
1.1324003632355573	1.934880759254717
1.1350108156723149	1.9297514210591893
1.137627285823431	1.924632569535985
1.1402497875611686	1.9195241891151362
1.1428783347897717	1.914426263017993
1.1455129414455354	1.9093387732421674
1.1481536214968828	1.9042617005463336
1.1508003889444356	1.8991950244348996
1.1534532578210923	1.894138723142519
1.1561122421920986	1.8890927736184804
1.1587773561551262	1.8840571515109377
1.1614486138403426	1.8790318311510086
1.1641260294104914	1.8740167855367111
1.1668096170609623	1.869011986316778
1.1694993910198712	1.8640174037742891
1.1721953655481303	1.8590330068101928
1.1748975549395297	1.8540587629266394
1.1776059735208073	1.8490946382101947
1.1803206356517297	1.844140597314875
1.1830415557251646	1.83919660344505
1.1857687481671602	1.8342626183381678
1.1885022274370183	1.8293386022473472
1.1912420080273751	1.8244245139237867
1.193988104464273	1.8195203105990387
1.1967405313072437	1.814603164865803
1.1994993031493788	1.809692555521413
1.2022644346174132	1.8047916312024634
1.2050359403717974	1.7999004059584167
1.2078138351067804	1.7950188931034776
1.2105981335504823	1.7901471052063105
1.2133888504649775	1.7852850540796366
1.2161860006463678	1.7804327507697508
1.2189895989248667	1.7755902055459198
1.2217996601648717	1.7707574278896991
1.2246161992650488	1.7659344264841277
1.2274392311584073	1.761121209202841
1.2302687708123818	1.7563177830990593
1.233104833228909	1.7515241543944926
1.2359474334445106	1.7467403284681207
1.238796586530369	1.7419663098448859
1.2416523075924113	1.737202102184259
1.244514611771385	1.732447708268719
1.2473835142429432	1.7277031299921048
1.2502590302177201	1.7229683683478716
1.2531411749414163	1.7182434234172237
1.2560299636948749	1.7135282943571535
1.2589254117941675	1.708822979388348
1.2618275345906707	1.7041274757829974
1.2647363474711515	1.6994417798524817
1.2676518658578455	1.6947658869349473
1.270574105208542	1.6900997913827622
1.2735030810166617	1.6854434865498593
1.276438808811344	1.6807969647789558
1.2793813041575246	1.6761602173886632
1.2823305826560218	1.671533234660464
1.2852866599436155	1.6669160058255839
1.2882495516931343	1.662308519051724
1.2912192736135342	1.6577107614296884
1.2941958414499863	1.6531227189598723
1.297179270983956	1.6485443765386383
1.3001695780332907	1.643975717944553
1.3031667784522993	1.6394167258245134
1.3061708881318417	1.6348673816797281
1.309181922999407	1.6303276658515837
1.3121998990192034	1.6257975575073724
1.3152248321922384	1.621277034625894
1.3182567385564075	1.616766073982919
1.3212956341865751	1.6122646511365288
1.324341535194665	1.6077727404123086
1.3273944577297394	1.60329031488842
1.3304544179780915	1.5988173463805204
1.333521432163324	1.5943538054265636
1.3365955165464425	1.5898996612714396
1.3396766874259352	1.5854548818514989
1.3427649611378643	1.5810006777549328
1.3458603540559484	1.5765530877887624
1.348962882591654	1.5721147070126347
1.3520725631942772	1.5676855498987932
1.3551894123510364	1.563265630252123
1.3583134465871542	1.5588549612007467
1.3614446824659503	1.5544535551865126
1.3645831365889245	1.550061423955407
1.3677288255958495	1.545678578547859
1.3708817661648536	1.541305029288972
1.3740419750125157	1.536940785778641
1.3772094688939465	1.5325858568815949
1.3803842646028852	1.528240250717326
1.383566378971781	1.5239039746499468
1.3867558288718889	1.5195770352779197
1.3899526312133532	1.5152594384237232
1.3931568029453036	1.5109511891233918
1.3963683610559376	1.506652291615978
1.3995873225726185	1.502362749332897
1.4028137045619582	1.4980825648871878
1.4060475241299144	1.493811740062658
1.4092887984218747	1.4895502758029415
1.4125375446227548	1.4852981722004366
1.4157937799570817	1.481055428485157
1.4190575216890926	1.4768220430134646
1.4223287871228198	1.4725980132567076
1.425607593602188	1.4683833357897418
1.428893958511103	1.4641780062793541
1.432187899273543	1.4599820194725752
1.435489433353656	1.455795369184877
1.4387985782558452	1.4516180482882723
1.4421153515248688	1.44745004869929
1.4454397707459272	1.4432913613668508
1.4487718535447618	1.4391419762600208
1.452111617587742	1.4350018823556627
1.455459080581966	1.4308710676259553
1.4588142602753482	1.4267495190258201
1.4621771744567182	1.4226372224802097
1.4655478409559113	1.418534162871296
1.468926277643867	1.4144403240255277
1.4723125024327186	1.4103556887005813
1.4757065332758947	1.4062802385721764
1.4791083881682072	1.402213954220786
1.4825180851459536	1.398156815118213
1.4859356422870067	1.3941087996140487
1.4893610777109154	1.3900698849220054
1.492794409578996	1.386040047106131
1.4962356560944337	1.3820192610668804
1.4996848355023733	1.378007500527083
1.5031419660900225	1.37400473801776
1.5066070661867417	1.3699970368411043
1.5100801541641484	1.3659962859968515
1.513561248436208	1.3620044054074765
1.5170503674593367	1.3580214011981069
1.5205475297324955	1.3540472787637157
1.5240527537972914	1.3500820427592921
1.5275660582380723	1.34612569708994
1.5310874616820302	1.342178244900859
1.5346169827992941	1.3382396885672598
1.5381546403030348	1.334310029684155
1.5417004529495593	1.3303892690560772
1.545254439538414	1.3264774066866865
1.5488166189124812	1.3225744417682896
1.5523870099580825	1.31868037267125
1.5559656316050743	1.3147951969333131
1.559552502826954	1.3109189112488175
1.5631476426409538	1.3070515114578176
1.5667510701081493	1.3031929925350936
1.5703628043335522	1.2993433485790693
1.5739828644662197	1.2955025728006189
1.5776112696993485	1.2916706575117751
1.5812480392703834	1.2878475941143293
1.5848931924611134	1.2840333730883278
1.5885467485977791	1.2802279839804573
1.59220872705117	1.2764314153923342
1.5958791472367329	1.2726436549686662
1.5995580286146687	1.2688646893853286
1.6032453906900417	1.2650945043373054
1.6069412530128773	1.2613330845265442
1.6106456351782708	1.2575804136496782
1.6143585568264862	1.2538364743856487
1.6180800376430662	1.2501012483832064
1.6218100973589298	1.2463747162483056
1.6255487557504842	1.2426568575313717
1.6292960326397223	1.238947650714466
1.6330519478943346	1.2352470731983205
1.6368165214278085	1.2315551012892618
1.6405897731995396	1.2278717101860124
1.6443717232149315	1.224196873966375
1.6481623915255086	1.220530565573789
1.651961798229015	1.216872756803774
1.6557699634695284	1.2132234182902393
1.6595869074375604	1.20958251949168
1.6634126503701698	1.205950028677238
1.6672472125510627	1.2023259129126456
1.6710906143107078	1.1987101380460319
1.6749428760264373	1.195102668693613
1.6788040181225607	1.1915034682252388
1.6826740610704674	1.187912498749825
1.6865530253887415	1.1843297211006363
1.690440931643264	1.1807349683791046
1.6943378004473288	1.1771454467774214
1.6982436524617444	1.1735639366012889
1.7021585083949509	1.1699904491535582
1.7060823890031234	1.1664249951593184
1.710015315090288	1.1628675847578196
1.7139573075084253	1.1593182274943223
1.7179083871575884	1.1557769323118654
1.721868574986007	1.1522437075429592
1.725837891990204	1.1487185609011952
1.7298163592151015	1.1452014994727833
1.7338039977541384	1.141692529707997
1.7378008287493754	1.1381916574125528
1.7418068733916146	1.1346988877388917
1.7458221529205038	1.1312142251773922
1.7498466886246573	1.1277376735474893
1.7538805018417611	1.1242692359887194
1.7579236139586931	1.1208089149516705
1.7619760464116292	1.1173567121888586
1.7660378206861649	1.1139126287455068
1.770108958317421	1.110476664950248
1.7741894808901661	1.1070488204057298
1.7782794100389228	1.1036290939791458
1.78237876744809	1.1002174837926608
1.7864875748520508	1.0968139872137619
1.7906058540352947	1.093418600845509
1.7947336268325265	1.090031320516701
1.7988709151287883	1.0866521412719454
1.803017740859569	1.0832810573616416
1.8071741260109275	1.0799180622318607
1.8113400926196026	1.0765631485141465
1.8155156627731361	1.0732163080152046
1.8197008586099834	1.0698775317065123
1.8238957023196385	1.0665468097138187
1.8281002161427427	1.0632241313065585
1.832314422371212	1.0599094848871586
1.8365383433483464	1.0566028579802564
1.8407720014689564	1.053304237221807
1.8450154191794736	1.0500136083481018
1.8492686189780787	1.0467309561846756
1.8535316234148114	1.0434562646351206
1.857804455091699	1.0401895166697912
1.8620871366628675	1.0369306943144112
1.8663796908346704	1.033679778638568
1.8706821403658007	1.0304367497441145
1.8749945080674193	1.0272015867534492
1.8793168168032686	1.0239742677977055
1.883649089489801	1.0207547700048187
1.8879913490962936	1.017543069487497
1.892343618644976	1.0143391413310705
1.8967059212111463	1.011130021395283
1.9010782799233006	1.0079267704386219
1.9054607179632472	1.0047311753923216
1.9098532585662378	1.0015432429291138
1.914255925021086	0.9983629791291557
1.9186687406702891	0.9951903894719978
1.9230917289101586	0.9920254788284655
1.9275249131909356	0.9888682514524798
1.9319683170169242	0.9857187109727842
1.936421963946607	0.9825768603846065
1.9408858775927782	0.9794427020412338
1.9453600816226624	0.9763162376455146
1.9498445997580456	0.9731974682412733
1.9543394557753944	0.9700863942046534
1.95884467350599	0.9669830152353693
1.9633602768360463	0.9638873303478872
1.967886289706845	0.9607993378625118
1.9724227361148534	0.9577190353964015
1.976969640111861	0.9546464198544885
1.9815270258050979	0.9515814874203243
1.9860949173573716	0.9485242335468305
1.9906733389871865	0.9454746529469727
1.9952623149688797	0.9424327395843409
1.9998618696327437	0.9393984866636454
2.0044720273651615	0.9363718866211226
2.0090928126087277	0.9333529311148578
2.0137242498623884	0.9303416110150076
2.0183663636815607	0.9273379163939441
2.023019178678272	0.9243418365162986
2.0276827195212817	0.9213533598289207
2.032357010936222	0.9183724739507375
2.037042077705718	0.9153991656625273
2.0417379446695296	0.9124334208965917
2.046444636724674	0.9094752247263411
2.0511621788255656	0.9065245613557759
2.0558905959841414	0.9035814141088782
2.0606299132700006	0.900645765418902
2.065380155810529	0.8977175968175704
2.0701413487910423	0.8947968889241671
2.0749135174549096	0.8918836214345354
2.079696687103696	0.8889777731099704
2.084490883097289	0.8860793217660182
2.0892961308540396	0.8831882442611632
2.0941124558508926	0.8803045164854216
2.0989398836235242	0.877428113348825
2.1037784397664754	0.8745590087698047
2.1086281499332897	0.8716971756634644
2.1134890398366464	0.8688425859297549
2.1183611352485023	0.8659952104415322
2.123244462000219	0.8631550190325192
2.1281390459827123	0.8603104677158417
2.133044913146576	0.857471390421796
2.1379620895022327	0.8546393688342165
2.1428906011200586	0.8518144003818134
2.1478304741305343	0.8489964818347051
2.1527817347243725	0.8461856092959731
2.157744409152667	0.8433817781931235
2.16271852372702	0.8405849832694873
2.167704104819695	0.8377952185755188
2.1727011788637443	0.8350124774600347
2.1777097723531593	0.832236752561355
2.1827299118430012	0.829468035798375
2.187761623949553	0.826706318361543
2.1928049353504484	0.8239515907037669
2.197859872784825	0.8212038425312234
2.202926463053456	0.8184630627940966
2.2080047330189	0.8157292396772194
2.2130947096056377	0.8130023605906365
2.2181964198002193	0.8102824121600753
2.223309890651403	0.8075693802173365
2.2284351492703043	0.8048632497905861
2.2335722228305315	0.8021640050945715
2.23872113856834	0.7994716295207343
2.2438819237827663	0.7967861056272447
2.2490546058357817	0.7941074151289379
2.254239212152429	0.7914355388871602
2.259435770220978	0.7887704568995224
2.2646443075930596	0.7861121482895642
2.2698648518838223	0.783460591296316
2.2750974307720706	0.7808157632637746
2.2803420720004186	0.7781776406302773
2.28559880337543	0.7755461989177848
2.2908676527677736	0.7729214127210599
2.296148648112362	0.7703032556967582
2.301441817408509	0.767691700552409
2.306747188720069	0.7650867190353078
2.312064790175595	0.7624882819212974
2.3173946499684783	0.7598963590034598
2.3227367963571073	0.757310919080694
2.328091257665008	0.7547319299462029
2.3334580622810033	0.7521593583758658
2.338837238659355	0.7495931701165158
2.344228815319923	0.7470333298741058
2.3496328208483073	0.7444798013017708
2.35504928389601	0.7419325469877828
2.360478233180577	0.7393915284434003
2.365919697485759	0.7368567060906039
2.371373705661655	0.7343280392497298
2.3768402866248772	0.7318054861269826
2.38231946935869	0.7292890038018512
2.3878112829131783	0.7267615774475391
2.3933157564053875	0.7242377054572594
2.3988329190194912	0.721719722156476
2.4043628000069335	0.7192076269747566
2.4099054286865957	0.7167014188024485
2.41546083444494	0.7142010959836815
2.421029046736179	0.7117066563092956
2.4266100950824154	0.7092180970097137
2.432204009073816	0.7067354147477355
2.4378108183687526	0.7042586056112762
2.4434305526939726	0.7017876651060277
2.4490632418447453	0.6993225881480608
2.454708915685031	0.6968633690563475
2.4603676041476272	0.6944100015452271
2.46603933723434	0.6919624787167914
2.4717241450161302	0.6895207930532058
2.4774220576332864	0.687084936408957
2.4831331052955705	0.6846549000030303
2.4888573182823914	0.6822306744110129
2.494594726942955	0.6798122495571276
2.500345361696432	0.677399614706188
2.506109253032114	0.6749927584554891
2.511886431509581	0.6725916687266099
2.5176769277588558	0.6701963327571547
2.5234807724805757	0.6678067370924079
2.529297996446145	0.6654228675769209
2.5351286304979084	0.6630447093460137
2.540972705549305	0.6606722468172075
2.5468302525850417	0.6583054636815714
2.552701302661247	0.655944342894996
2.5585858869056453	0.6535888666693843
2.5644840365177175	0.6512390164637624
2.5703957827688635	0.648894772975314
2.5763211570025755	0.6465561161303242
2.582260190634596	0.6442230250750531
2.588212915153092	0.6418954781665153
2.5941793621188136	0.6395734529631852
2.6001595631652723	0.6372569262156095
2.6061535499988953	0.6349458738569453
2.6121613543992064	0.6326402709934026
2.6181830082189848	0.6303400918946068
2.624218543384442	0.6280453099838716
2.6302679918953813	0.6257558978283879
2.6363313858253803	0.6234718271293186
2.642408757321946	0.6211930687118113
2.648500138606701	0.6189195925149145
2.654605561975539	0.6166513675814099
2.6607250597988097	0.6143883620475474
2.666858664521479	0.6121305431326952
2.6730064086633116	0.6098778771288889
2.6791683248190314	0.6076136574434025
2.6853444456585076	0.6053521360045994
2.691534803926915	0.6030956150424972
2.6977394324449206	0.6008441031912979
2.703958364108843	0.5985976087449092
2.7101916318908432	0.5963561396520879
2.7164392688390824	0.5941197035115486
2.7227013080779128	0.5918883075670125
2.7289777828080406	0.5896619587022199
2.7352687263067126	0.587440663435886
2.741574171927882	0.5852244279166169
2.7478941531023975	0.5830132579177686
2.7542287033381663	0.5808071588322645
2.7605778562203462	0.5786061356673574
2.7669416454115114	0.5764101930393465
2.773320104651841	0.5742193351682412
2.7797132677592886	0.5720335658723753
2.7861211686297707	0.5698528885629701
2.792543841237338	0.5676773062386463
2.798981319634363	0.565506821479883
2.805433637951713	0.5633414364434266
2.811900830398941	0.5611811528566428
2.8183829312644537	0.5590259720118219
2.8248799749157074	0.556875894760423
2.831391995799379	0.5547309215072702
2.8379190284415565	0.5525910522046908
2.8444611074479154	0.5504562863466005
2.85101826750391	0.5483266229625313
2.8575905433749464	0.5462020606116065
2.8641779699065815	0.5440825973764546
2.8707805820246906	0.5419682308570734
2.8773984147356697	0.539858958164628
2.8840315031266055	0.5377547759152016
2.8906798823654762	0.5356556802234762
2.897343587701323	0.5335616666963672
2.904022654464451	0.5314727304265873
2.910717118066605	0.52938886598616
2.9174270140011673	0.5273100674198662
2.924152377843335	0.5252363282386358
2.9308932452503216	0.5231676414128724
2.9376496519615305	0.5211039993657242
2.9444216337987617	0.5190453939662816
2.9512092266663856	0.5169918165227261
2.9580124665515464	0.5149432577754027
2.9648313895243423	0.5128997078898394
2.971666031738027	0.5108611564496942
2.9785164294291895	0.5088275924496449
2.9853826189179604	0.5067990042882066
2.992264636608189	0.5047753797604903
2.9991625189876516	0.5027567060508887
3.0060763026282307	0.5007336389376552
3.013006024186122	0.4987141606589749
3.019951720402016	0.49669956546949917
3.0269134281013064	0.49468986386945163
3.0338911841942706	0.49268506606934354
3.04088502567628	0.49068518198570166
3.047894989627983	0.48869022123676126
3.054921113215514	0.4867001931381116
3.061963433690677	0.48471510669830536
3.069021988391158	0.4827349706144191
3.076096814740708	0.4807597932675773
3.083187950249355	0.4787895827184271
3.0902954325135905	0.47682434670257623
3.097419299216581	0.47486409262598056
3.1045595881283554	0.4729088275602927
3.1117163371060186	0.47095855823816074
3.118889584093937	0.46901329104848977
3.126079367123956	0.4670730320316487
3.1332857243155856	0.46513778687464
3.1405086938762183	0.4632075609062152
3.1477483141013156	0.4612823590919533
3.1550046233746274	0.45936218602928247
3.1622776601683795	0.45744704594246355
3.169567463043492	0.45553694267751743
3.1768740706497707	0.45363187969711355
3.1841975217261256	0.4517318600754
3.1915378551007616	0.44983688649279524
3.198895109691399	0.44794696123072053
3.206269324505466	0.4460620861662917
3.213660538640318	0.4441822627669542
3.2210687912834346	0.44230749208507186
3.2284941217126364	0.44043777475246204
3.2359365692962827	0.4385731109748829
3.2433961734934935	0.43671350052646357
3.250872973854344	0.43485894274409015
3.2583670100200885	0.4330094365217303
3.265878321723358	0.4311649803047125
3.273406948788383	0.4293255720839458
3.2809529311311905	0.4274912093900918
3.2885163087598315	0.4256618892876758
3.2960971217745776	0.4238376083691502
3.303695410368149	0.4220183627488954
3.311311214825911	0.4202041480571726
3.3189445755261047	0.41839495943401367
3.326595532940045	0.4165907915230602
3.3342641276323506	0.4147916384653408
3.3419504002611427	0.41299749389299606
3.3496543915782775	0.41120835092293906
3.3573761424295467	0.4094242021504654
3.365115693754908	0.40764503964279614
3.372873086588689	0.4058632479797492
3.380648362059817	0.40408533715816036
3.3884415613920256	0.4023123647446255
3.3962527259040853	0.4005443416889051
3.404081897010009	0.3987812786718484
3.4119291162192864	0.39702318610138865
3.4197944251370886	0.39527007410850384
3.4276778654645046	0.3935219525431332
3.4355794789987466	0.39177883097005917
3.443499307633384	0.390040718664746
3.451437393358563	0.38830762460913876
3.459393778261219	0.386579557487425
3.4673685045253166	0.3848565256817491
3.4753616144320576	0.3831385372678937
3.483373150360118	0.3814256000109107
3.4914031547858606	0.37971772136071863
3.499451670283573	0.3780149084476513
3.5075187395256795	0.3763171680779691
3.5156044052829816	0.374624506729322
3.523708710424871	0.3729369305461749
3.53183169791957	0.37125444533518387
3.5399734108343464	0.369577056560534
3.548133892335755	0.36790476933922667
3.5563131856898527	0.36623758843632886
3.5645113342624426	0.3645755182601702
3.5727283815192883	0.36291856285750174
3.5809643710263606	0.3612667259086018
3.5892193464500517	0.359620010722343
3.5974933515574232	0.35797842023120474
3.6057864302164235	0.3563419569862462
3.6140986263961334	0.35471062315202584
3.6224299841669856	0.35308442050147804
3.630780547701014	0.35146335041073684
3.639150361272071	0.34984741385391666
3.6475394692560785	0.34823661139783796
3.6559479161312485	0.3466309431967089
3.664375746478333	0.34503040898675325
3.672823004980846	0.34343500808079164
3.681289736425315	0.34184473936276816
3.6897759857015027	0.3402596012822309
3.6982817978026628	0.338679591848755
3.7068072178257596	0.3371047086263217
3.715352290971726	0.3355349487276358
3.7239170625456848	0.3339703088083998
3.732501577957206	0.3324107850615271
3.741105882720533	0.33085637321130723
3.7497300224548358	0.3293070685075134
3.758374042884441	0.32776286571945906
3.767037989839089	0.3262237591299951
3.77572190925416	0.32468974252945715
3.7844258471709336	0.323155345495827
3.793149849736819	0.32162524310863466
3.801893963205613	0.32010019410758356
3.81065823393773	0.31858020537806225
3.8194427084004663	0.3170652834917814
3.8282474331682264	0.3155554347024002
3.8370724549227884	0.31405066494110523
3.8459178204535354	0.3125509798121548
3.8547835766577188	0.3110563845883718
3.8636697705406915	0.30956688420660317
3.8725764492161727	0.30808248326312765
3.8815036599064823	0.30660318600902725
3.8904514499428067	0.30512899634550955
3.899419866765434	0.3036599178191894
3.908408957924021	0.3021959536173228
3.9174187710778305	0.30073710656300057
3.926449353995999	0.29928337911029007
3.9355007545577743	0.29783477333933855
3.944573020752785	0.29639129095142425
3.953666200681279	0.2949529332639657
3.9627803425543955	0.29351970120548027
3.971915494694403	0.2920915953105001
3.981071705534973	0.29066861571443464
3.9902490236214203	0.2892507621483919
3.9994474976109755	0.2878380339339448
4.008667176273028	0.2864304299778544
4.0179081084894	0.2850279487667394
4.027170343254591	0.28363058836170024
4.036453929676051	0.28223834639288853
4.045758916974426	0.28085122005403235
4.055085354483839	0.2794692060969028
4.0644332916521275	0.27809230082573777
4.073802778041128	0.27672050009160704
4.083193863326921	0.2753537992867314
4.09260659730011	0.2739921933387426
4.1020410298660686	0.2726356767048977
4.111497211045223	0.2712842433662343
4.120975190973302	0.2699378868216753
4.130475019901614	0.2685966000820776
4.139996748197304	0.26726037566422867
4.149540426343631	0.2659292055847844
4.1591061049402205	0.26460308135415544
4.168693834703355	0.2632819939703338
4.178303666466218	0.2619659339126667
4.187935651179185	0.2606548911355701
4.1975898399100755	0.25934885506218847
4.207266283844442	0.2580478145779919
4.216965034285822	0.2567517580243216
4.226686142656031	0.2554606731918693
4.2364296604954115	0.2541745473141048
4.24619563946313	0.2528873604931887
4.2559841313374305	0.25160424633550044
4.265795188015928	0.2503260329795089
4.275628861515862	0.24905272199256398
4.285485203974396	0.24778431458182879
4.295364267648873	0.24652081158956232
4.3052661049171075	0.24526221348835342
4.3151907682776525	0.24400852037631382
4.325138310350088	0.24275973197222325
4.335108783875289	0.24151584761063183
4.345102241715717	0.2402768662369147
4.355118736855686	0.2390427864022827
4.365158322401661	0.23781360625874437
4.375221051582521	0.23658932355402404
4.385306977749858	0.23536993562642952
4.395416154378245	0.23415543939967573
4.405548635065534	0.2329458313776568
4.4157044735331255	0.231741107639174
4.425883723626267	0.23054126383261025
4.436086439314326	0.22934629517056065
4.446312674691089	0.22815619642440843
4.456562483975033	0.2269709619188559
4.466835921509633	0.22579058552640055
4.477133041763626	0.22461506066176443
4.487453899331323	0.22344438027626945
4.49779854893288	0.22227853685216328
4.508167045414603	0.22111752239689136
4.518559443749224	0.21996132843731891
4.528975799036209	0.21880994601389703
4.539416166502032	0.21766336567477945
4.549880601500488	0.21652157746988165
4.560369159512962	0.2153845709448898
4.570881896148752	0.2142523351352107
4.581418867145335	0.21312485855987207
4.591980128368688	0.21200212921536243
4.6025657358135605	0.21088413456941882
4.613175745603796	0.20977086155475538
4.623810213992603	0.2086622965627385
4.634469197362879	0.20755842543700065
4.645152752227495	0.20645923346699993
4.6558609352295885	0.20536470538152096
4.666593803142887	0.20427482534211433
4.677351412871981	0.20318957693648176
4.688133821452653	0.20210894317179645
4.698941086052153	0.2010329064679687
4.709773263969529	0.19996144865084564
4.720630412635905	0.19889455094535521
4.731512589614805	0.19783219396858415
4.7424198526024455	0.1967743577227974
4.753352259428054	0.19572102158839239
4.7643098680541565	0.19466403054898815
4.775292736576909	0.19361033319505022
4.786300923226383	0.19256104802434207
4.797334486366892	0.19151617437717028
4.808393484497285	0.19047571124836774
4.819477976251274	0.1894396572828703
4.830588020397726	0.18840801077125552
4.841723675840994	0.18738076964523753
4.8528850016212095	0.18635793147312216
4.864072056914616	0.18533949345521758
4.875284901033862	0.18432545241920614
4.886523593428336	0.1833158048154689
4.897788193684462	0.18231054671237173
4.909078761526032	0.1813096737915041
4.920395356814509	0.18031318134287685
4.9317380395493595	0.1793210642600733
4.943106869868354	0.178333317035359
4.954501908047903	0.17734993375474262
4.96592321450336	0.17637090809299596
4.97737084978936	0.1753962333086242
4.9888448746001215	0.17442590223879373
5.000345349769786	0.17345990729421065
5.011872336272722	0.1724982404539553
5.0234258952238715	0.17154089326026647
5.035006087879047	0.1705878568132822
5.046612975635284	0.1696391217657282
5.05824662003114	0.16869467831756219
5.0699070827470445	0.16775451621056578
5.081594425605605	0.1668186247228915
5.093308710571955	0.16588699266355555
5.105049999754062	0.1649596083668854
5.116818355403078	0.16403645968691327
5.1286138399136485	0.1631175339917224
5.140436515824262	0.16220281815773893
5.152286445817564	0.16129229856397523
5.16416369272071	0.16038596108621897
5.176068319505676	0.15948379109117242
5.188000389289612	0.15858577343053565
5.199959965335159	0.157691892435041
5.211947111050805	0.15680213190842912
5.223961889991197	0.15591647512137533
5.236004365857504	0.15503490480535825
5.248074602497725	0.15415740314647647
5.2601726639070625	0.15328395177920653
5.2722986142282275	0.152414531780109
5.284452517751805	0.15154912366147485
5.296634438916578	0.15068770736491796
5.308844442309884	0.149830262254908
5.321082592667942	0.14897676711224853
5.333348954876211	0.14812720012749403
5.345643593969716	0.14727273051352657
5.357966575133418	0.14642088386535
5.370317963702527	0.14557287222500856
5.382697825162884	0.14472869574189018
5.3951062251512765	0.14388835427983612
5.4075432294558095	0.1430518474134573
5.420008904016238	0.14221917442442034
5.432503314924333	0.1413903342976959
5.445026528424211	0.1405653257177748
5.4575786109127105	0.1397441470648465
5.470159628939716	0.13892679641094494
5.482769649208539	0.13811327151605582
5.495408738576246	0.13730356982419092
5.508076964054036	0.13649768845942317
5.520774392807573	0.13569562422188777
5.533501092157368	0.13489737358374462
5.546257129579107	0.13410293268510484
5.559042572704037	0.13331229732991867
5.5718574893192985	0.13252546298182716
5.584701947368309	0.13174242475997383
5.597576014951102	0.13096317743478011
5.610479760324706	0.1301877154236801
5.623413251903491	0.12941603278681812
5.6363765582595455	0.1286481232227051
5.649369748123025	0.12788398006383764
5.6623928903825345	0.1271235962722742
5.675446054085471	0.12636696443517464
5.688529308438416	0.1256140767602951
5.701642722807475	0.12486492507144561
5.714786366718672	0.1241195008039039
5.727960309858292	0.1233777949997893
5.741164622073277	0.12263979830339328
5.7543993733715695	0.12190550095646922
5.767664633922509	0.12117489279347794
5.780960474057181	0.12044796323679217
5.794286964268812	0.11972470129185567
5.807644175213121	0.11900509554230077
5.821032177708716	0.11828913414501974
5.834451042737448	0.11757680482519425
5.847900841444809	0.11686809487127775
5.861381645140288	0.11616299112993474
5.874893525297769	0.11546148000093295
5.88843655355589	0.11476354743199164
5.902010801718445	0.1140691789135812
5.91561634175474	0.11337835947367936
5.9292532458	0.11269107367247709
5.942921586155727	0.11200730559704074
5.956621435290106	0.11132703885592286
5.970352865838369	0.11065025657372866
5.984115950603199	0.10997694138563087
5.997910762555095	0.10930082500402043
6.011737374832782	0.10862724555931018
6.025595860743578	0.10795706101107336
6.0394862937638	0.10729026928582316
6.0534087475391365	0.10662686803267814
6.067363295885055	0.10596685461989012
6.08135001278718	0.10531022613134294
6.095368972401694	0.10465697936301623
6.109420249055721	0.10400711081941894
6.123503917247737	0.10336061670998825
6.137620051647943	0.10271749294545747
6.151768727098683	0.10207773513418822
6.165950018614822	0.10144133857847154
6.180164001384161	0.10080829827079302
6.1944107507678146	0.1001786088900658
6.208690342300634	0.09955226479782694
6.223002851691596	0.09892926003440117
6.237348354824191	0.09830958831502916
6.251726927756859	0.09769324302595916
6.266138646723353	0.09708021722050551
6.2805835881331795	0.09647050361506897
6.295061828571975	0.09586409458512314
6.309573444801933	0.09526098216116252
6.324118513762193	0.0946611580246157
6.33869711256927	0.09406461350371963
6.353309318517436	0.09347133956935902
6.367955209079159	0.09288132683086571
6.382634861905486	0.09229456553178209
6.397348354826482	0.091711045545585
6.412095765851615	0.09113075637137255
6.4268771731701975	0.09055368712951008
6.441692655151772	0.0899798265572397
6.456542290346556	0.08940916300424781
6.471426157485831	0.08884168442819507
6.486344335482385	0.0882773783902042
6.501296903430906	0.08771623205030972
6.516283940608428	0.08715823216286475
6.531305526474723	0.08660336507190874
6.546361740672751	0.08605161670649213
6.561452663029053	0.08550297257596093
6.576578373554206	0.08495741776519769
6.591738952443213	0.08441493692982194
6.606934480075961	0.08387551429134561
6.622165037017619	0.08333913363228837
6.637430704019089	0.08280577829124633
6.652731562017413	0.08227543115791991
6.668067692136222	0.08174807466809564
6.6834391756861455	0.08122369079858473
6.698846094165265	0.080702261062116
6.714288529259523	0.08018376650218466
6.729766562843179	0.07966205357477027
6.745280276979219	0.07914235918062926
6.760829753919819	0.0786255234333455
6.77641507610675	0.0781115424299049
6.792036326171846	0.07760041200733592
6.807693586937414	0.07709212773954902
6.823386941416698	0.07658668493414533
6.839116472814292	0.07608407862919837
6.8548822645266165	0.07558430359000401
6.870684400142321	0.07508735430580354
6.886522963442762	0.07459322498647437
6.902398038402419	0.07410190955919314
6.918309709189366	0.073613401665066
6.934258060165691	0.0731276946557311
6.9502431758879695	0.07264478158992778
6.966265141107686	0.0721646552300368
6.982324040771715	0.07168730803858758
6.998419960022734	0.07121273217473563
7.014552984199714	0.07074091949070647
7.030723198838334	0.07027186152820927
7.046930689671471	0.06980554951481646
7.06317554262962	0.06934197436031254
7.07945784384138	0.06888112665300838
7.095777679633888	0.06842299665602408
7.112135136533292	0.06796757430353706
7.128530301265195	0.06751484919699782
7.1449632607551345	0.06706481060131063
7.16143410212902	0.06661744744098123
7.177942912713619	0.06617274829622898
7.194489780036995	0.06573070139906563
7.211074791828998	0.06529129462933757
7.227698036021702	0.06485451551073447
7.2443596007499025	0.06442035120676078
7.261059574351547	0.0639887885166731
7.277798045368242	0.06355981387137966
7.294575102545687	0.06313341332930522
7.311390834834176	0.06270957257221746
7.3282453313890406	0.062288276901018354
7.345138681571151	0.061869511231496255
7.362070974947361	0.061453260090042316
7.379042301291012	0.0610395076093274
7.396052750582378	0.06062823752394229
7.413102413009177	0.060219433165997975
7.430191378967014	0.05981307746068868
7.447319739059893	0.05940915292181429
7.464487584100665	0.05900764164726494
7.481695005111545	0.05860852531446416
7.498942093324558	0.05821178517577389
7.516228940182057	0.057817402053857325
7.533555637337174	0.05742535633700278
7.550922276654341	0.05702884469571995
7.568328950209744	0.05663365976856339
7.58577575029184	0.05624073218800031
7.603262769401819	0.05585005933735833
7.620790100254123	0.055461638402255514
7.638357835776907	0.05507546636818208
7.655966069112566	0.05469154001805867
7.67361489361819	0.05430985592977376
7.691304402866098	0.05393041047369705
7.709034690644301	0.05355319981017161
7.726805850957025	0.05317821988698222
7.744617978025188	0.05280546643680138
7.76247116628692	0.052434934974611186
7.78036551039804	0.05206662079510327
7.798301105232589	0.05170051897005321
7.816278045883297	0.05133662434567336
7.83429642766212	0.05097493153993955
7.852356346100718	0.05061543493989553
7.870457896950989	0.0502581286989315
7.888601176185544	0.049903006734039454
7.906786279998253	0.04955006272304227
7.925013304804718	0.04919929010179966
7.943282347242818	0.048850682061387075
7.961593504173188	0.04850423154525096
7.979946872679768	0.048159931246337016
7.9983425500702845	0.04781777360419394
8.016780633876794	0.0474777508020501
8.035261221856173	0.04713985476386509
8.05378441199067	0.0468040771513537
8.072350302488383	0.0464704093609848
8.090958991783825	0.046138842520951774
8.109610578538408	0.04580936748811722
8.128305161640995	0.04548197484492968
8.147042840208396	0.045156654896313354
8.165823713585926	0.044833397666529606
8.1846478813479	0.044512192896011306
8.203515443298185	0.04419303003816835
8.222426499470712	0.04387589825616518
8.241381150130026	0.043560786419669616
8.260379495771788	0.04324768310157318
8.279421637123345	0.04293657657468181
8.298507675144226	0.042627454808377985
8.317637711026709	0.04232030546525266
8.336811846196344	0.04201511589770807
8.356030182312479	0.04171187314453042
8.375292821268827	0.04141056392743185
8.394599865193973	0.04111117464756299
8.413951416451951	0.040813691381993436
8.433347577642753	0.040518099880162875
8.452788451602899	0.040224385560299565
8.472274141405963	0.03992770102328474
8.491804750363139	0.03963217235424829
8.511380382023763	0.03933846186906043
8.531001140175896	0.039046567003838746
8.550667128846833	0.038756485030814795
8.570378452303697	0.03846821305634782
8.590135215053957	0.038181748018921075
8.609937521846007	0.03789708668711942
8.629785477669701	0.037614225657588915
8.649679187756934	0.037333161352977345
8.669618757582166	0.0370538900198569
8.689604292863018	0.03677640772662704
8.709635899560805	0.036500710361399125
8.729713683881117	0.03622679362986147
8.74983775227436	0.035954653053125556
8.770008211436348	0.03568428396555202
8.790225168308842	0.03541568151255803
8.810488730080142	0.03514884064840394
8.830799004185627	0.03488375613396092
8.851156098308357	0.0346204225344575
8.871560120379607	0.03435883421720705
8.892011178579486	0.03409898534931347
8.912509381337454	0.033840869895357874
8.933054837332953	0.03358448161506301
8.953647655495937	0.033329814060937955
8.974287945007486	0.03307686057590091
8.994975815300352	0.032825614290881516
9.01571137605957	0.03257606812240096
9.036494737223014	0.032328214770131154
9.057326008982002	0.03208204671443175
9.078205301781857	0.03183755621386549
9.099132726322518	0.03159473530269123
9.120108393559097	0.031353575788334975
9.141132414702504	0.031114069248837934
9.162204901219997	0.030876207030282682
9.183325964835811	0.03063998024419575
9.204495717531712	0.03040537976492786
9.225714271547634	0.030172396227010283
9.246981739382225	0.029941020022488753
9.268298233793494	0.02971124129823266
9.289663867799362	0.029483049953221756
9.311078754678306	0.029256435635807727
9.33254300796991	0.02903138774095276
9.354056741475521	0.028807895407442736
9.375620069258803	0.028585947515076857
9.39723310564638	0.028365532681831795
9.418895965228414	0.028146639261001614
9.440608762859236	0.02792925533831193
9.462371613657929	0.027713368729009456
9.484184633008974	0.027498966974925317
9.506047936562814	0.027282055794531312
9.527961640236521	0.027066034279487873
9.549925860214358	0.026851447675154343
9.571940712948447	0.02663829342310147
9.594006315159332	0.026426568829419197
9.616122783836648	0.026216271063095153
9.638290236239705	0.026007397154379417
9.660508789898136	0.025799943993133644
9.68277856261249	0.025593908327165998
9.7050996724549	0.025389286760550214
9.727472237769652	0.025186075751930357
9.749896377173872	0.02498427161280938
9.772372209558107	0.024783870505823122
9.79489985408699	0.024584868442997936
9.817479430199844	0.024387261283993388
9.84011105761134	0.024191044734328575
9.862794856312105	0.023996214343592857
9.885530946569391	0.023802765503640223
9.908319448927676	0.023610693446768007
9.93116048420934	0.023419993243878553
9.954054173515269	0.023230659802625106
9.977000638225535	0.023042687865540597
10.	0.02285607200815025
10.023052380778994	0.022670806637066724
10.046157902783957	0.022486885988068743
10.069316688518045	0.02230430412416268
10.092528860766844	0.022123054933626183
10.115794542598982	0.02194313212803526
10.1391138573668	0.021764529240273275
10.16248692870696	0.021587239622522802
10.18591388054117	0.021411256444238806
10.209394837076797	0.02123657269010476
10.232929922807546	0.021063181157970075
10.256519262514079	0.020891074456769874
10.280162981264736	0.02072024500442551
10.303861204416158	0.02055068502572741
10.32761405761398	0.020382386550198597
10.351421666793442	0.020215341409940128
10.375284158180126	0.020049541237456503
10.39920165829059	0.019884977463462877
10.423174293933046	0.019721641314672477
10.447202192208003	0.01955952381156502
10.471285480508996	0.01939861576613483
10.495424286523221	0.01923890777961993
10.519618738232236	0.019080390240210767
10.543868963912592	0.018923053320739344
10.568175092136585	0.01876688697634738
10.592537251772887	0.018611880942134847
10.616955571987253	0.018458024730787524
10.641430182243164	0.018305307630184186
10.665961212302578	0.01815027116876429
10.690548792226577	0.017995858643204077
10.71519305237607	0.017842542281078438
10.739894123412451	0.017690319991499285
10.76465213629835	0.01753918957897359
10.789467222298287	0.01738914874215801
10.814339512979387	0.017240195072601872
10.83926914021204	0.017092326053479056
10.864256236170656	0.0169455390583079
10.889300933334333	0.01679983134966011
10.91440336448757	0.01665520007785774
10.939563662720943	0.01651164227965863
10.964781961431852	0.01636915487692962
10.990058394325208	0.016227734675308216
11.015393095414156	0.0160873783628521
11.040786199020735	0.015948082508676634
11.066237839776663	0.015809843561579755
11.091748152624008	0.015672657848655045
11.117317272815919	0.015536521573892039
11.142945335917304	0.01540143081676436
11.168632477805613	0.015267381530804697
11.194378834671515	0.01513436954216763
11.220184543019629	0.015002390548179293
11.24604973966927	0.014871440115874192
11.271974561755105	0.014741513680519267
11.297959146727976	0.014612606544124196
11.324003632355566	0.014484713873939098
11.350108156723154	0.014357830700938566
11.37627285823431	0.014231951918292464
11.402497875611685	0.014107072279822837
11.428783347897712	0.01398318639844746
11.45512941445536	0.013860288744609496
11.481536214968829	0.013738373644693451
11.508003889444357	0.013617435279426703
11.534532578210918	0.013497467682267403
11.561122421920993	0.013378464737777832
11.587773561551263	0.013260420179983804
11.614486138403427	0.01314332759071909
11.641260294104908	0.013027180397955692
11.66809617060963	0.012911971874119346
11.694993910198711	0.012797695134390328
11.721953655481304	0.012684343134988993
11.748975549395292	0.012571908671446712
11.776059735208078	0.01246038437686142
11.803206356517299	0.012349762720138109
11.830415557251646	0.012240036004213578
11.857687481671597	0.01213119636426602
11.88502227437019	0.012023235765908802
11.91242008027375	0.011916146003368685
11.93988104464273	0.01180991869764777
11.967405313072431	0.011701960341514814
11.994993031493793	0.01159447745673597
12.02264434617413	0.011487823757328593
12.050359403717973	0.011381997309378515
12.078138351067798	0.011276996095651654
12.10598133550483	0.011172818014614169
12.133888504649775	0.011069460879444196
12.161860006463678	0.010966922417034064
12.189895989248662	0.010865200266984136
12.217996601648723	0.010764291980587277
12.246161992650489	0.01066419501980443
12.274392311584071	0.010564906756230657
12.30268770812381	0.010466424470052244
12.331048332289097	0.010368745348994285
12.359474334445107	0.010271866487259121
12.387965865303691	0.010175784884454737
12.416523075924106	0.010080497444514211
12.445146117713856	0.00998600097460508
12.473835142429433	0.009892292184029376
12.5025903021772	0.009799367683113364
12.531411749414156	0.009707223982087869
12.560299636948754	0.009615857489958402
12.589254117941675	0.009525264513365406
12.618275345906707	0.009435441255434142
12.64736347471151	0.00934638381461463
12.67651865857846	0.009258088183511192
12.705741052085418	0.009170550247701754
12.735030810166617	0.009083765784546463
12.764388088113435	0.00899773046198602
12.793813041575252	0.008912439837329303
12.823305826560219	0.008827889356030396
12.852866599436155	0.0087440743504546
12.882495516931336	0.008660990038633862
12.912192736135347	0.008578631523011032
12.941958414499863	0.008496993789173374
12.971792709839558	0.008416071704574517
13.001695780332899	0.008335860017245593
13.031667784523	0.008256353354494823
13.061708881318419	0.008177546221595996
13.09181922999407	0.008099433000465025
13.121998990192028	0.008022007948325322
13.15224832192239	0.007945265196361323
13.182567385564074	0.007869198748360414
13.212956341865752	0.007793802479342709
13.243415351946643	0.007719070134179183
13.273944577297401	0.007644995326197609
13.304544179780914	0.007571571535776503
13.33521432163324	0.007498792108926573
13.365955165464419	0.007426650255860114
13.396766874259358	0.00735513904954782
13.427649611378643	0.007282114571936666
13.458603540559483	0.007209400856540472
13.489628825916533	0.007137290318960388
13.52072563194278	0.00706578138459091
13.551894123510364	0.0069948724162958685
13.583134465871542	0.006924561713678786
13.614446824659497	0.006854847512347035
13.645831365889252	0.0067857279831691625
13.677288255958494	0.006717201231525749
13.708817661648537	0.0066492652965532495
13.740419750125149	0.006581918150381389
13.772094688939474	0.0065151576973634965
13.803842646028853	0.006448981773300228
13.83566378971781	0.00638338814465596
13.867558288718882	0.006318374507768573
13.89952631213354	0.006253938488051982
13.931568029453036	0.00619007763919172
13.963683610559377	0.006126789442333117
13.995873225726179	0.006064071305262519
14.028137045619589	0.006001920561581094
14.060475241299143	0.005940334469871421
14.092887984218748	0.005879310212856492
14.12537544622754	0.005818844896551474
14.157937799570824	0.00575893554940783
14.190575216890926	0.005699579121450033
14.223287871228198	0.005640772483404374
14.25607593602188	0.0055825124258203586
14.288939585111036	0.00552479565818421
14.321878992735439	0.0054676188080246615
14.35489433353656	0.00541097842001069
14.387985782558452	0.005354870955041524
14.421153515248696	0.0052992927893285085
14.45439770745928	0.005244240213469058
14.487718535447618	0.005189709431512252
14.52111617587742	0.0051356965600164554
14.554590805819668	0.005082197627098556
14.58814260275349	0.005029208571475025
14.621771744567184	0.004976725241494344
14.655478409559112	0.004924743394161219
14.689262776438676	0.0048732586941521265
14.723125024327194	0.004822266712822415
14.757065332758946	0.004771762927204521
14.791083881682072	0.004721742718997686
14.825180851459544	0.004672201373548741
14.859356422870075	0.004623134078824165
14.893610777109155	0.004574535924372987
14.92794409578996	0.004526401900280898
14.962356560944343	0.004478726896115165
14.99684835502374	0.0044315056998605286
15.031419660900225	0.004384732996845646
15.066070661867418	0.0043367450231438275
15.100801541641477	0.004288957424221536
15.135612484362087	0.004241597207879431
15.170503674593368	0.0041946632291841165
15.205475297324954	0.004148154298766129
15.240527537972907	0.0041020691823031264
15.275660582380732	0.004056406599998243
15.310874616820303	0.004011165226053965
15.346169827992941	0.0039663436881410205
15.381546403030342	0.0039219405668627595
15.4170045294956	0.0038779543952146105
15.452544395384141	0.003834383658038808
15.488166189124811	0.0037912267914741045
15.523870099580817	0.003748482182400693
15.55965631605075	0.003706148167880158
15.595525028269538	0.003664223034590472
15.631476426409538	0.003622705018255827
15.667510701081484	0.00358159230307157
15.70362804333553	0.0035408830211239276
15.739828644662197	0.003500575251804681
15.776112696993485	0.003460667021220479
15.812480392703826	0.003421156301597105
15.848931924611142	0.003382041010678355
15.88546748597779	0.0033433190111197006
15.9220872705117	0.003304988109876458
15.95879147236732	0.003267046057586679
15.995580286146694	0.003229490547948539
16.032453906900418	0.0031923192170923236
16.069412530128773	0.0031555296429467174
16.106456351782697	0.0031191193445996913
16.143585568264868	0.0030830857816536634
16.18080037643066	0.003047426353575119
16.218100973589298	0.0030121383990383407
16.255487557504836	0.002977219195263546
16.292960326397232	0.0029426659573491497
16.330519478943348	0.002908475837598258
16.368165214278086	0.002874645924839131
16.40589773199539	0.0028411732437398545
16.443717232149325	0.0028080547541169234
16.481623915255085	0.002775287350237935
16.51961798229015	0.002742867860117966
16.557699634695275	0.002710793044810075
16.595869074375614	0.0026790595976894527
16.634126503701697	0.002647664143731475
16.672472125510627	0.0026166032387833506
16.71090614310707	0.002585873368829553
16.749428760264383	0.0025554709492508227
16.788040181225607	0.0025253923240768153
16.82674061070467	0.0024956337652321395
16.865530253887407	0.0024661914717760075
16.90440931643265	0.0024358985145615845
16.94337800447329	0.0024057476589544324
16.982436524617444	0.0023758980370756798
17.0215850839495	0.0023463487688107597
17.060823890031244	0.0023170989419725586
17.10015315090288	0.0022881476119310006
17.139573075084254	0.0022594938012391553
17.179083871575877	0.0022311364992561433
17.21868574986008	0.0022030746617665983
17.25837891990204	0.002175307210596797
17.298163592151013	0.002147833033227254
17.338039977541374	0.0021206509824019666
17.378008287493763	0.0020937598757341308
17.418068733916144	0.002067158495308408
17.458221529205037	0.0020408455872795266
17.498466886246565	0.002014819861467466
17.53880501841762	0.0019890799909489574
17.579236139586932	0.001963624611645428
17.619760464116293	0.0019384523219072047
17.66037820686164	0.0019135616820941215
17.70108958317422	0.0018889512141523773
17.741894808901662	0.001864619401187713
17.78279410038923	0.001840564687034701
17.82378767448089	0.0018167854758223611
17.864875748520518	0.0017932801315358692
17.906058540352948	0.0017700469775744961
17.947336268325266	0.0017470842963055084
17.988709151287875	0.0017243903286143036
18.030177408595698	0.0017019632734504963
18.071741260109274	0.0016798012873700887
18.113400926196025	0.0016579024840735496
18.15515662773135	0.0016362649339399147
18.197008586099845	0.0016148866635567647
18.238957023196384	0.0015937656552461599
18.281002161427427	0.0015728998465863145
18.323144223712113	0.0015522871299292035
18.365383433483473	0.0015319253519139138
18.407720014689563	0.0015118123129757748
18.450154191794738	0.0014919457668511591
18.492686189780777	0.0014723234200780476
18.535316234148123	0.0014529429314921855
18.57804455091699	0.001433801911718931
18.620871366628677	0.0014148979226605988
18.663796908346693	0.0013962284769794418
18.706821403658015	0.0013777910375760872
18.74994508067419	0.0013595830170635272
18.793168168032686	0.0013416017772364469
18.836490894898002	0.0013238446285360733
18.879913490962945	0.0013063088295103224
18.92343618644976	0.001288991586269345
18.967059212111465	0.0012711003649838117
19.010782799232995	0.0012533090110492969
19.054607179632484	0.0012357253492649779
19.098532585662387	0.0012183485567718306
19.14255925021086	0.0012011777858259361
19.18668740670289	0.0011842121635173368
19.230917289101594	0.001167450791486361
19.275249131909366	0.001150892745637453
19.31968317016924	0.0011345370758504153
19.364219639466068	0.0011183828056891575
19.408858775927794	0.001102428932107814
19.453600816226633	0.0010866744251543275
19.498445997580454	0.001071118227671319
19.543394557753942	0.001055759254994411
19.58844673505991	0.0010405963946478276
19.633602768360475	0.001025628506037373
19.67886289706845	0.0010108544201406166
19.724227361148536	0.0009962729391944421
19.76969640111862	0.0009818828363797982
19.81527025805099	0.0009676828555037201
19.860949173573715	0.0009536717106785014
19.906733389871864	0.0009398480859981109
19.952623149688808	0.0009262106352117448
19.998618696327448	0.0009127579813945482
20.044720273651613	0.0008994887166154035
20.090928126087277	0.0008864014016018775
20.137242498623895	0.0008734945654021976
20.183663636815616	0.000860766705044323
20.23019178678272	0.0008482162851919795
20.276827195212817	0.0008358417377977624
20.32357010936221	0.0008236414617531847
20.37042077705719	0.0008116138225356835
20.417379446695296	0.0007997571518525918
20.46444636724674	0.0007880697472819543
20.511621788255646	0.0007765498719102879
20.558905959841425	0.0007651957539671696
20.606299132700006	0.0007540055864566839
20.65380155810529	0.0007429775267856368
20.701413487910415	0.000732109696388595
20.749135174549107	0.0007214001803496658
20.79696687103696	0.0007108470270210242
20.844908830972887	0.0007004482476381151
20.892961308540386	0.0006902018159315753
20.941124558508935	0.000680105667735781
20.989398836235246	0.0006701577005940659
21.03778439766475	0.0006603557733604772
21.086281499332888	0.0006506977057981651
21.134890398366476	0.0006411812781742957
21.183611352485023	0.0006318042308515015
21.23244462000219	0.0006225642638757959
21.28139045982711	0.0006127929472893273
21.330449131465773	0.0006030587243447363
21.379620895022324	0.0005934526123463512
21.428906011200585	0.0005839739900117878
21.47830474130533	0.0005746222192250759
21.527817347243737	0.0005653966448493227
21.57744409152667	0.0005562965945377525
21.6271852372702	0.0005473213785430341
21.67704104819694	0.0005384702895249681
21.727011788637455	0.0005297426023564621
21.77709772353159	0.0005211375739278146
21.827299118430012	0.000512654442949242
21.87761623949552	0.0005042924297517117
21.9280493535045	0.0004960507360860022
21.978598727848254	0.0004879285449200209
22.02926463053456	0.00047992502023431257
22.080047330188993	0.00047203930681580936
22.13094709605639	0.0004642705300497655
22.181964198002195	0.0004566177957098757
22.23309890651403	0.00044908018974654387
22.28435149270303	0.0004416567780733253
22.335722228305325	0.00043434660635149663
22.3872113856834	0.0004271486997727577
22.438819237827662	0.00042006206284001706
22.490546058357804	0.0004130856791463001
22.542392121524305	0.000406218511151713
22.59435770220978	0.00039945949995849275
22.646443075930595	0.0003928075650840705
22.698648518838212	0.00038626160423219845
22.750974307720718	0.0003798204930620763
22.803420720004187	0.0003734830849554934
22.8559880337543	0.00036724821078192954
22.908676527677724	0.00036111467866165004
22.961486481123632	0.0003550812737267426
23.01441817408509	0.0003491467578801021
23.06747188720069	0.0003433098695523114
23.12064790175594	0.00033756932345645305
23.173946499684796	0.00033192381034079466
23.227367963571073	0.0003263719967393561
23.280912576650078	0.00032091252472031187
23.33458062281002	0.00031554401163225187
23.38837238659356	0.0003102650498482497
23.442288153199225	0.00030507420650774923
23.49632820848307	0.00029997002325621075
23.55049283896009	0.00029495101598255496
23.604782331805783	0.0002900156745543391
23.65919697485759	0.0002851624625506827
23.71373705661655	0.00028038981699288776
23.76840286624876	0.0002756961480727762
23.823194693586913	0.00027107983887869874
23.878112829131783	0.00026606698676906297
23.933157564053875	0.0002610606356883304
23.9883291901949	0.0002561253353628861
24.043628000069347	0.0002512606651712011
24.099054286865954	0.0002464661941311359
24.154608344449404	0.0002417414807862998
24.210290467361776	0.00023708607309143594
24.266100950824168	0.00023249950829678397
24.32204009073816	0.00022798131283144552
24.378108183687527	0.00022353100218570405
24.434305526939713	0.000219148080792338
24.49063241844747	0.00021483204190688178
24.547089156850312	0.00021058236748685424
24.603676041476273	0.0002063985280699107
24.660393372343385	0.00020227998265095318
24.717241450161318	0.00019822617855815825
24.774220576332862	0.00019423655132793489
24.831331052955704	0.0001903105245787756
24.888573182823905	0.00018644750988403092
24.94594726942956	0.00018264690664356463
25.003453616964322	0.00017890810195430695
25.06109253032114	0.00017523047047966772
25.118864315095795	0.0001716133743178328
25.17676927758857	0.00016805616286891115
25.234807724805755	0.00016455817270094074
25.29297996446145	0.00016111872741472014
25.35128630497907	0.00015773713750748692
25.409727055493065	0.00015441270023541038
25.46830252585042	0.00015114469947490552
25.527013026612472	0.00014793240558273735
25.58585886905645	0.00014477507525493413
25.64484036517719	0.00014167195138447574
25.703957827688647	0.00013862226291776883
25.763211570025756	0.00013562522470987075
25.82260190634596	0.00013268003737848609
25.88212915153093	0.00012978588715670074
25.94179362118815	0.00012694194574445862
26.001595631652723	0.00012414737015875626
26.06153549998895	0.00012140130258256279
26.12161354399208	0.0001187028702124404
26.18183008218986	0.00011605118510487017
26.24218543384442	0.00011344534402124961
26.302679918953814	0.00011088442827157993
26.363313858253814	0.00010836750355681117
26.424087573219474	0.00010589361980984926
26.485001386067008	0.00010346181103519636
26.54605561975539	0.00010107109514723709
26.607250597988113	0.00009872047380714058
26.668586645214805	0.0000964089322583819
26.730064086633117	0.00009413543916085451
26.791683248190314	0.0000918989464235851
26.85344445658509	0.00008969838903601919
26.915348039269166	0.0000875326848978849
26.977394324449207	0.00008540073464760153
27.039583641088434	0.00008330142148924624
27.101916318908415	0.00008123361101804942
27.164392688390837	0.00007919615104441346
27.227013080779127	0.00007718787141645027
27.289777828080403	0.00007520758384100667
27.35268726306711	0.00007325408170319052
27.415741719278834	0.00007132613988436688
27.478941531023974	0.00006942251457862437
27.542287033381662	0.00006754194310768728
27.605778562203447	0.00006568314373427558
27.669416454115126	0.00006384481547389046
27.73320104651841	0.00006202563790502041
27.797132677592884	0.00006022427097774414
27.861211686297693	0.00005843935482073357
27.925438412373392	0.000056669509546631325
27.98981319634363	0.000054913335055800136
28.05433637951713	0.000053169410838418744
28.119008303989396	0.00005143629577492699
28.18382931264455	0.000049712527934795145
28.248799749157076	0.00004799662437361285
28.31391995799379	0.00004628708092847395
28.37919028441555	0.00004458237201165825
28.44461107447917	0.00004288095040258387
28.510182675039097	0.000041181247038029055
28.575905433749465	0.00003948167080059367
28.641779699065797	0.000037780608305405614
28.70780582024692	0.000036076423685044566
28.773984147356696	0.00003436745837267843
28.84031503126606	0.00003265203088338699
28.906798823654746	0.000030928436593674224
28.973435877013245	0.00002919494751914174
29.04022654464451	0.000027449812090320674
29.10717118066605	0.00002569125492663243
29.17427014001166	0.00002391747660848231
29.24152377843337	0.000022126653447457136
29.308932452503214	0.000020316937254622258
29.376496519615305	0.00001848645510689098
29.4442163379876	0.000016633309111467195
29.51209226666387	0.000014755576168333298
29.580124665515466	0.000012851307730778374
29.648313895243422	0.000010918529563938673
29.716660317380253	8.955241501350271e-6
29.78516429429191	6.959417199487545e-6
29.853826189179603	4.929003890279794e-6
29.92264636608189	2.8619221315788106e-6
29.9916251898765	7.560655555764316e-7