0.1	9.933608404687146
0.10023052380778996	9.922048064276758
0.10046157902783952	9.910486506382092
0.10069316688518042	9.89892375111622
0.10092528860766845	9.88735981808954
0.10115794542598985	9.875794726401562
0.10139113857366794	9.864228494632572
0.10162486928706957	9.852661140835252
0.1018591388054117	9.841092682526188
0.102093948370768	9.829523136677299
0.10232929922807542	9.81795251970718
0.10256519262514076	9.806380847472381
0.10280162981264736	9.794808135258553
0.10303861204416162	9.783234397771537
0.10327614057613975	9.771659649128374
0.10351421666793438	9.760083902848192
0.10375284158180126	9.74850717184303
0.10399201658290592	9.736929468408558
0.10423174293933042	9.725350804214704
0.10447202192208001	9.713771190296201
0.10471285480508996	9.70219063704303
0.10495424286523224	9.690609154190765
0.1051961873823223	9.679026750810833
0.1054386896391259	9.667443435300667
0.10568175092136585	9.655859215373791
0.10592537251772889	9.644274098049756
0.10616955571987247	9.632688089644024
0.10641430182243161	9.621101195757738
0.10665961212302578	9.609513421267385
0.1069054879222658	9.597924770314359
0.10715193052376065	9.586335246294437
0.10739894123412448	9.574744851847145
0.1076465213629835	9.563153588844994
0.10789467222298288	9.551561458382665
0.1081433951297938	9.53996846076605
0.10839269140212036	9.528374595501182
0.10864256236170655	9.5167798612831
0.10889300933334335	9.505184255984554
0.10914403364487565	9.493587776644647
0.10939563662720939	9.481990419457329
0.1096478196143185	9.470392179759813
0.10990058394325211	9.458793052020857
0.11015393095414151	9.44719302982895
0.11040786199020733	9.43559210588037
0.11066237839776664	9.423990271967133
0.11091748152624012	9.412387518964842
0.11117317272815914	9.400783836820388
0.11142945335917301	9.389179214539565
0.11168632477805612	9.377559576025938
0.11194378834671516	9.365936259424386
0.11220184543019636	9.35431192226009
0.11246049739669266	9.342686590270274
0.11271974561755105	9.331060288751209
0.11297959146727979	9.319433042550529
0.11324003632355571	9.307804876059468
0.11350108156723152	9.296175813204995
0.1137627285823431	9.2845458774419
0.11402497875611688	9.272915091744766
0.11428783347897718	9.261283478599884
0.11455129414455358	9.249651059997081
0.1148153621496883	9.238017857421456
0.11508003889444356	9.226383891845042
0.11534532578210924	9.214749183718377
0.11561122421920987	9.203113752961997
0.11587773561551262	9.19147761895783
0.11614486138403426	9.179840800540529
0.11641260294104915	9.168203315988675
0.11668096170609624	9.156565183015953
0.11694993910198712	9.14492641876217
0.11721953655481303	9.133287039784246
0.11748975549395298	9.121647062047064
0.11776059735208072	9.110006500914272
0.11803206356517298	9.098365371138957
0.11830415557251646	9.086723686854256
0.118576874816716	9.075081461563839
0.11885022274370183	9.063438708132349
0.11912420080273747	9.051795438775688
0.1193988104464273	9.040151665051262
0.11967405313072434	9.028507397848085
0.11994993031493788	9.01686264737681
0.12022644346174129	9.005217423159655
0.12050359403717974	8.993571734020245
0.120781383510678	8.98192558807332
0.12105981335504823	8.970278992714373
0.12133888504649772	8.958631954609183
0.12161860006463679	8.946984479683227
0.12189895989248664	8.935336573111003
0.12217996601648717	8.923688239305262
0.12246161992650487	8.912039481906097
0.12274392311584072	8.900390303769967
0.12302687708123815	8.888740706958588
0.1233104833228909	8.877090692727727
0.12359474334445104	8.865440261515888
0.1238796586530369	8.853789412932885
0.1241652307592411	8.842138145748304
0.1244514611771385	8.830486457879852
0.12473835142429429	8.818834346381612
0.125025903021772	8.807181807432153
0.1253141174941416	8.795512950302983
0.1256029963694875	8.783840590861635
0.12589254117941673	8.772167740061775
0.12618275345906707	8.760494436343302
0.12647363474711512	8.748820717846495
0.12676518658578456	8.73714662240558
0.12705741052085415	8.725472187542227
0.12735030810166617	8.713797450458959
0.12764388088113438	8.702122448032512
0.12793813041575247	8.690447216807113
0.12823305826560213	8.6787717929877
0.12852866599436155	8.667096212433037
0.1288249551693134	8.655420510648812
0.12912192736135342	8.643744722780598
0.1294195841449986	8.632068883606792
0.12971792709839558	8.620393027531454
0.13001695780332903	8.608717188577076
0.13031667784522993	8.597041400377279
0.13061708881318415	8.585365696169417
0.1309181922999407	8.573690108787146
0.13121998990192033	8.562014670652848
0.13152248321922383	8.550339413770063
0.1318256738556407	8.538664369715741
0.1321295634186575	8.526989569632518
0.13243415351946647	8.515315044220825
0.13273944577297395	8.50364082373098
0.1330454417978091	8.491966937955144
0.1333521432163324	8.48029341621925
0.13365955165464422	8.468620287374799
0.1339676687425935	8.456947579790604
0.1342764961137864	8.445275321344432
0.13458603540559483	8.433603539414582
0.13489628825916536	8.421932260871342
0.13520725631942773	8.410261512068397
0.1355189412351036	8.398591318834129
0.1358313446587154	8.386921706462825
0.136144468246595	8.375252699705818
0.13645831365889247	8.363584322762506
0.13677288255958492	8.351916599271313
0.13708817661648537	8.34024955230054
0.13740419750125152	8.328583204339118
0.13772094688939465	8.316917577287297
0.1380384264602885	8.30525269244721
0.1383566378971781	8.293588570513354
0.13867558288718884	8.281925231562989
0.13899526312133534	8.270262695046414
0.13931568029453031	8.258600979777176
0.13963683610559377	8.246940103922157
0.13995873225726183	8.235280084991572
0.14028137045619582	8.22362093982888
0.1406047524129914	8.211951076889257
0.14092887984218747	8.200279880140481
0.14125375446227545	8.188609569193751
0.14157937799570816	8.176940191649567
0.14190575216890922	8.165271794855073
0.142232878712282	8.153604425897822
0.14256075936021884	8.141938131599483
0.1428893958511103	8.13027295850947
0.14321878992735435	8.118608952898496
0.1435489433353656	8.106946160752061
0.14387985782558455	8.095284627763885
0.14421153515248689	8.08362439932923
0.14454397707459277	8.071965520538216
0.14487718535447616	8.060308036168985
0.14521116175877424	8.048651990680865
0.14554590805819662	8.036997428207409
0.14588142602753484	8.025344392549382
0.14621771744567183	8.013692927167682
0.14655478409559117	8.002043075176159
0.1468926277643867	7.99039487933438
0.1472312502432719	7.978748382040309
0.14757065332758945	7.967103625322913
0.14791083881682077	7.955460650834676
0.14825180851459538	7.943819499844067
0.1485935642287007	7.932180213227883
0.14893610777109154	7.920542831463556
0.14927944095789963	7.908907394621341
0.14962356560944334	7.897273942356459
0.1499684835502373	7.885642513901128
0.15031419660900225	7.874013148056516
0.15066070661867417	7.8623858831846425
0.15100801541641484	7.850760757200136
0.1513561248436208	7.839137807561962
0.1517050367459337	7.827517071265042
0.15205475297324955	7.815898584831786
0.15240527537972914	7.804282384303523
0.15275660582380723	7.792668505231892
0.15310874616820302	7.781056982670071
0.15346169827992942	7.7694478511639975
0.1538154640303035	7.757841144743429
0.15417004529495593	7.746236896912953
0.1545254439538414	7.734635140642895
0.1548816618912481	7.723035908360131
0.15523870099580825	7.711439231938797
0.15559656316050743	7.6998451426909424
0.15595525028269538	7.688253671357028
0.15631476426409538	7.676664848096388
0.15667510701081494	7.6650787024775475
0.15703628043335524	7.653495263468489
0.15739828644662196	7.641914559426765
0.15776112696993486	7.630330644580258
0.15812480392703834	7.618748367206076
0.15848931924611134	7.607168888410133
0.15885467485977792	7.59559225126134
0.159220872705117	7.584018498406924
0.15958791472367329	7.572447672064269
0.15995580286146688	7.560879814012674
0.16032453906900418	7.549314965585013
0.1606941253012877	7.537753167659328
0.16106456351782708	7.5261944606503155
0.16143585568264862	7.514638884500745
0.16180800376430657	7.503086478672768
0.16218100973589297	7.4915372821391495
0.16255487557504839	7.479991333374407
0.16292960326397224	7.468448670345858
0.16330519478943342	7.456909330504579
0.16368165214278085	7.445373350776261
0.16405897731995392	7.433840767551982
0.16443717232149316	7.422311616678884
0.1648162391525508	7.410785933450751
0.1651961798229015	7.399263752598494
0.1655769963469528	7.387745108280533
0.16595869074375605	7.376230034073095
0.16634126503701693	7.364718562960398
0.16672472125510626	7.353210727324746
0.16710906143107074	7.3417065589365205
0.16749428760264373	7.330206088944072
0.16788040181225602	7.318709347863509
0.16826740610704674	7.307216365568378
0.16865530253887412	7.29572717127926
0.16904409316432642	7.284241793553241
0.16943378004473283	7.272760260273278
0.16982436524617442	7.261282598637481
0.17021585083949506	7.2498088351482615
0.17060823890031235	7.238338995601393
0.17100153150902875	7.226873105074946
0.17139573075084252	7.215411187918127
0.17179083871575881	7.203953267740003
0.1721868574986007	7.1924993673981055
0.17258378919902034	7.1810495089869315
0.17298163592151014	7.169603713826336
0.17338039977541378	7.158162002449788
0.17378008287493754	7.1467243945925425
0.17418068733916142	7.135290909179661
0.17458221529205037	7.123861564313954
0.1749846688624657	7.112436377263759
0.1753880501841761	7.101015364450644
0.17579236139586926	7.089598541436963
0.1761976046411629	7.078185922913298
0.17660378206861643	7.066777522685773
0.17701089583174212	7.055361937817789
0.17741894808901656	7.043948393943245
0.1778279410038923	7.0325390705232325
0.17823787674480895	7.021134010669726
0.17864875748520506	7.009733257002713
0.17906058540352943	6.998336851641161
0.17947336268325265	6.9869448361939
0.1798870915128788	6.975557251750402
0.1803017740859569	6.964174138871462
0.1807174126010927	6.9527955375797985
0.18113400926196024	6.941421487350548
0.18155156627731356	6.930052027101657
0.18197008586099836	6.918687195184192
0.18238957023196378	6.907327029372528
0.1828100216142743	6.895971566854464
0.18323144223712115	6.8846208442212165
0.18365383433483465	6.873274897457322
0.18407720014689558	6.861933761930435
0.18450154191794738	6.850597472381021
0.18492686189780783	6.839266062911951
0.18535316234148114	6.827939566977985
0.18578044550916986	6.816618017375152
0.18620871366628675	6.805301446230028
0.186637969083467	6.793989884988893
0.18706821403658005	6.782683364406803
0.18749945080674188	6.771381914536525
0.18793168168032684	6.760085564717382
0.18836490894898006	6.748794343563979
0.18879913490962935	6.737508278954821
0.18923436186449755	6.726227398020806
0.18967059212111465	6.7149517271336245
0.19010782799233	6.703681291894021
0.19054607179632474	6.692416117119963
0.1909853258566238	6.6811562268346725
0.19142559250210858	6.669901644254547
0.19186687406702896	6.658652391776966
0.19230917289101584	6.647408490967982
0.1927524913190936	6.636169962549866
0.1931968317016924	6.624936826388563
0.19364219639466074	6.613709101481003
0.19408858775927784	6.6024868059422905
0.19453600816226624	6.591269956992787
0.19498445997580455	6.580058570945036
0.19543394557753943	6.5688526631905955
0.195884467350599	6.5576522481867086
0.19633602768360464	6.546457339442878
0.1967886289706845	6.535267949507275
0.19724227361148533	6.524084089953062
0.19769696401118608	6.512905771364525
0.1981527025805098	6.501733003323132
0.19860949173573716	6.490551882028035
0.19906733389871864	6.47937364356853
0.19952623149688797	6.468200937020167
0.1999861869632744	6.457033807994448
0.20044720273651614	6.445872301585997
0.2009092812608728	6.4347164623631405
0.20137242498623883	6.423566334358373
0.20183663636815607	6.412421961058758
0.2023019178678272	6.401283385396179
0.20276827195212818	6.390150649737555
0.20323570109362218	6.379023795874888
0.2037042077705718	6.367902865015274
0.20417379446695297	6.3567878977707615
0.20464446367246739	6.345678934148137
0.20511621788255657	6.3345760135385865
0.20558905959841414	6.323479174707279
0.20606299132700007	6.312388455782807
0.20653801558105292	6.301303894246571
0.20701413487910425	6.290225526921988
0.20749135174549097	6.279153389963671
0.2079696687103696	6.26808751884643
0.20844908830972886	6.257027948354223
0.20892961308540398	6.245974712568921
0.20941124558508925	6.234927844859057
0.20989398836235246	6.2238873778683725
0.21037784397664752	6.212853343504312
0.21086281499332898	6.201825772926359
0.21134890398366465	6.190804696534302
0.2118361135248502	6.17979014395633
0.21232444620002192	6.168782144037067
0.21281390459827124	6.157780724825433
0.21330449131465762	6.14678591356244
0.21379620895022325	6.135797736668808
0.21428906011200585	6.124816219732521
0.21478304741305343	6.113841387496207
0.21527817347243727	6.102873263844429
0.21577444091526668	6.0919118717908365
0.21627185237270202	6.0809572334651945
0.21677041048196952	6.070009370100283
0.21727011788637443	6.059068302018673
0.2177709772353159	6.048134048619372
0.21827299118430013	6.037206628364335
0.2187761623949553	6.02628605876485
0.21928049353504486	6.015372356367792
0.21978598727848253	6.004465536741736
0.2202926463053456	5.993565614462946
0.22080047330189004	5.982672603101208
0.22130947096056375	5.971786515205569
0.22181964198002194	5.960907362289879
0.2223309890651403	5.950035154818248
0.22284351492703042	5.939156030448975
0.22335722228305316	5.9282811932710375
0.223872113856834	5.917413285381896
0.22438819237827662	5.90655235296462
0.2249054605835781	5.895698441633778
0.22542392121524293	5.884851596425388
0.22594357702209775	5.874011861786734
0.22646443075930595	5.863179281566088
0.2269864851883822	5.852353899002333
0.22750974307720706	5.841535756714471
0.2280342072000418	5.830724896691035
0.22855988033754301	5.819921360279379
0.2290867652767773	5.809125188174876
0.2296148648112362	5.798336420409997
0.23014418174085083	5.787555096343287
0.2306747188720069	5.776781254648219
0.23120647901755947	5.766014933301946
0.23173946499684786	5.7552561695739435
0.2322736796357107	5.74450500001452
0.23280912576650079	5.733761460443237
0.23334580622810028	5.723025585937188
0.23388372386593548	5.712297410819191
0.2344228815319922	5.7015769686458295
0.23496328208483072	5.6908642921954
0.23550492838960096	5.680159413455733
0.2360478233180577	5.66946236361189
0.23659196974857583	5.658773173033738
0.23713737056616552	5.6480918712634045
0.23768402866248767	5.6374184870026145
0.23823194693586902	5.626753048099893
0.23878112829131776	5.61609558153764
0.23933157564053875	5.605446113419092
0.23988329190194904	5.594804668955145
0.24043628000069334	5.58417127245105
0.24099054286865948	5.573545947292978
0.24154608344449405	5.562928715934461
0.2421029046736178	5.5523195998826935
0.24266100950824154	5.541718619684694
0.24322040090738153	5.531125794913355
0.24378108183687525	5.520541144153324
0.2443430552693972	5.509964684986793
0.24490632418447456	5.499396433979095
0.24547089156850305	5.48883640666421
0.24603676041476275	5.478284617530103
0.24660393372343392	5.467741080003931
0.24717241450161304	5.457205806437102
0.24774220576332856	5.446678808090203
0.24831331052955705	5.436160095117759
0.2488857318282391	5.425649676552876
0.24945947269429547	5.415147560291707
0.25003453616964316	5.404638446670851
0.2506109253032114	5.39413469494087
0.251188643150958	5.383639216871803
0.25176769277588557	5.373152059864082
0.25234807724805747	5.362673270715087
0.2529297996446145	5.3522028956086185
0.25351286304979076	5.3417409801042774
0.25409727055493053	5.331287569126717
0.2546830252585041	5.320842706954813
0.2552701302661247	5.310406437210683
0.2558585886905646	5.299978802848654
0.25644840365177174	5.289559846144057
0.2570395782768864	5.27914960868195
0.25763211570025757	5.268748131345715
0.25822601906345966	5.258355454305533
0.2588212915153092	5.247971617006761
0.2594179362118814	5.23759665815818
0.2600159563165272	5.227230615720117
0.2606153549998896	5.216873526892476
0.26121613543992067	5.206525428102627
0.2618183008218985	5.19618635499318
0.26242185433844417	5.185856342409639
0.26302679918953814	5.17553542438794
0.263633138582538	5.165223634141852
0.2642408757321946	5.154921004050267
0.2648500138606701	5.1446275656443445
0.2654605561975539	5.13434334959458
0.26607250597988097	5.124068385697654
0.2666858664521479	5.113802702863263
0.26730064086633115	5.103546329100722
0.2679168324819031	5.09329929150552
0.26853444456585074	5.08306161624566
0.26915348039269155	5.07283332854795
0.26977394324449205	5.06261445268409
0.2703958364108843	5.052405011956674
0.2710191631890843	5.042205028685015
0.2716439268839082	5.032014524190877
0.2722701308077913	5.021833518784013
0.272897778280804	5.011662031747626
0.27352687263067127	5.0015000813236306
0.27415741719278824	4.991347684697818
0.2747894153102397	4.981204857984842
0.2754228703338166	4.971071616213095
0.27605778562203465	4.960947973309401
0.27669416454115114	4.9508339420836
0.2773320104651841	4.940729534212945
0.27797132677592884	4.930634760226394
0.2786121168629771	4.920549629488702
0.27925438412373377	4.91047415018441
0.2798981319634363	4.90040832930163
0.2805433637951713	4.890334140591197
0.28119008303989407	4.880266142098267
0.28183829312644537	4.8702077622205024
0.2824879974915708	4.860159055078164
0.2831391995799379	4.850120074234864
0.2837919028441557	4.840090872687366
0.28444611074479154	4.830071502855331
0.285101826750391	4.820062016570918
0.28575905433749466	4.8100624650683015
0.2864177969906581	4.800072898973074
0.28707805820246907	4.79009336829154
0.28773984147356696	4.780123922399902
0.28840315031266056	4.770164610033338
0.2890679882365476	4.760215479274968
0.28973435877013226	4.750276577544711
0.2904022654464451	4.740347951588022
0.2910717118066605	4.730429647464521
0.29174270140011677	4.7205217105365085
0.29241523778433354	4.7106241854573705
0.2930893245250321	4.700737116159844
0.2937649651961531	4.690860545844198
0.29444216337987617	4.680994516966266
0.29512092266663853	4.671139071225387
0.29580124665515467	4.661294249552197
0.2964831389524342	4.652016757450784
0.29716660317380267	4.643159332990583
0.29785164294291894	4.634312225104921
0.298538261891796	4.625475442101341
0.2992264636608189	4.616648991144487
0.29991625189876514	4.607832878240517
0.30060763026282306	4.599027108221427
0.3013006024186122	4.590231684729163
0.3019951720402016	4.581446610199647
0.30269134281013055	4.572671885846586
0.30338911841942706	4.563907511645194
0.3040885025676279	4.55515348631571
0.3047894989627983	4.546409807306777
0.3054921113215513	4.537676470778673
0.3061963433690677	4.5289534715863695
0.30690219883911574	4.520240803262445
0.3076096814740708	4.511538457999823
0.3083187950249354	4.502846426634364
0.30902954325135906	4.494164698627278
0.309741929921658	4.4854932620473855
0.31045595881283555	4.476832103553207
0.31117163371060175	4.4681812083748795
0.3118889584093937	4.459540560295923
0.3126079367123955	4.450910141634815
0.31332857243155854	4.442289933226407
0.3140508693876217	4.433679914403161
0.3147748314101316	4.4250602273734385
0.31550046233746265	4.416446857560198
0.31622776601683794	4.407843547353007
0.3169567463043491	4.399250327175817
0.31768740706497706	4.390667226649101
0.3184197521726125	4.382094274577679
0.31915378551007617	4.373531498938434
0.3198895109691398	4.364978926867894
0.3206269324505466	4.356436584649699
0.3213660538640317	4.347904497701955
0.32210687912834346	4.339382690564446
0.32284941217126356	4.3308711868857355
0.32359365692962827	4.322370009410141
0.32433961734934924	4.313879179964576
0.3250872973854344	4.305398719445268
0.3258367010020088	4.296928647804355
0.32658783217233583	4.288468984036336
0.3273406948788382	4.280019746164408
0.328095293113119	4.271580951226659
0.32885163087598307	4.2631526152621335
0.32960971217745777	4.25473475329677
0.3303695410368148	4.246327379329185
0.3311311214825911	4.237930506316343
0.3318944575526104	4.229544146159071
0.33265955329400454	4.221168309687454
0.333426412763235	4.21280300664606
0.3341950400261143	4.204448245679062
0.33496543915782767	4.196104034315189
0.3357376142429547	4.18777037895255
0.33651156937549076	4.179447284843302
0.3372873086588689	4.171134756078185
0.3380648362059816	4.162832795570901
0.33884415613920255	4.154541405042343
0.3396252725904084	4.146260585004691
0.3404081897010009	4.137990334745339
0.34119291162192855	4.129730652310676
0.3419794425137089	4.1214815344897255
0.3427677865464504	4.113242976797613
0.34355794789987465	4.105014973458885
0.34434993076333853	4.0967975173906845
0.3451437393358563	4.08859060018575
0.345939377826122	4.080394212095258
0.34673685045253166	4.072208342011518
0.34753616144320587	4.064032977450495
0.34833731503601184	4.055868104534168
0.34914031547858615	4.047713707972729
0.3499451670283573	4.039569771046614
0.350751873952568	4.0314362755883675
0.35156044052829816	4.023313201964338
0.35237087104248715	4.015200529056201
0.353183169791957	4.007073728068184
0.3539973410834347	3.998952553588578
0.35481338923357547	3.9908416347639126
0.3556313185689854	3.982741015131368
0.3564511334262443	3.9746507376311184
0.35727283815192895	3.966570844596256
0.35809643710263606	3.9585013777426243
0.35892193464500527	3.9504423781585523
0.35974933515574237	3.942393886294483
0.36057864302164244	3.934355941952493
0.36140986263961333	3.926328584275717
0.36224299841669866	3.9183118517376565
0.3630780547701014	3.910305782131392
0.36391503612720716	3.902310412558681
0.36475394692560786	3.8943257794189496
0.36559479161312497	3.886351918398176
0.36643757464783333	3.8783888644576607
0.3672823004980847	3.870436651822691
0.3681289736425315	3.8624953139710874
0.3689775985701504	3.8545648836216424
0.3698281797802663	3.846645392722445
0.37068072178257605	3.8387368724390822
0.37153522909717257	3.830839353142738
0.3723917062545686	3.8229528643981645
0.3732501577957206	3.815077434951541
0.3741105882720534	3.8072130927182144
0.3749730022454836	3.799359864770317
0.3758374042884442	3.7915177773242643
0.37670379898390893	3.783686855728134
0.377572190925416	3.775867124448919
0.37844258471709324	3.7680586070596584
0.3793149849736819	3.760261326226442
0.38018939632056115	3.7524753036952943
0.381065823393773	3.7447005602789205
0.3819442708400465	3.7369371158433378
0.38282474331682265	3.7291849892943727
0.38370724549227875	3.7214441985640176
0.38459178204535355	3.71371476059668
0.38547835766577176	3.7059966913352698
0.38636697705406914	3.6982900057071832
0.3872576449216172	3.690594717610129
0.3881503659906482	3.682910839897831
0.38904514499428056	3.6752383843655902
0.3899419866765434	3.667577361735711
0.390840895792402	3.659927781642788
0.3917418771077831	3.6522896526188493
0.3926449353995998	3.6446629820783656
0.3935500754557774	3.637047776303109
0.3944573020752784	3.629444040426875
0.3953666200681279	3.621851778420056
0.39627803425543945	3.6142599064936802
0.3971915494694403	3.6066773741325355
0.3981071705534972	3.5991062875660913
0.39902490236214205	3.5915466779758423
0.39994474976109745	3.5839985757450856
0.4008667176273028	3.576462010446865
0.4017908108489399	3.568937010831824
0.4027170343254591	3.561423604815924
0.40364539296760493	3.553921819468047
0.4045758916974427	3.5464316809974785
0.40550853544838383	3.5389532147412726
0.40644332916521275	3.531486445151482
0.40738027780411273	3.524031395782278
0.4083193863326921	3.5165880892769383
0.40926065973001086	3.509156547354713
0.4102041029866068	3.501736790797556
0.41114972110452225	3.4943288394367418
0.4120975190973302	3.4869327121393368
0.4130475019901614	3.4795484267945573
0.41399967481973043	3.472176000299983
0.4149540426343629	3.4648154485476463
0.41591061049402206	3.457466786409986
0.4168693834703354	3.4501300277256637
0.41783036664662176	3.44280518528525
0.4187935651179184	3.43549227081677
0.41975898399100753	3.428191294971114
0.4207266283844441	3.4209022673073046
0.4216965034285822	3.413625196277629
0.422668614265603	3.406360089212631
0.4236429660495411	3.399106952305949
0.4246195639463129	3.3918657905990304
0.4255984131337431	3.3846366079656787
0.42657951880159267	3.3774194070964745
0.4275628861515862	3.3702141894830375
0.4285485203974395	3.3630209554021424
0.4295364267648873	3.355839703899686
0.43052661049171065	3.34867043277451
0.43151907682776525	3.3415131385620556
0.43251383103500873	3.3343678165178843
0.4335108783875289	3.3272344606010296
0.43451022417157154	3.320113063457198
0.4355118736855686	3.3130036164018155
0.436515832240166	3.3059061094029096
0.4375221051582521	3.2988205310638437
0.4385306977749857	3.291746868605868
0.4395416154378245	3.284685107850537
0.4405548635065533	3.277635233201939
0.4415704473533125	3.270597227628773
0.44258837236262655	3.26357107264626
0.44360864393143257	3.256556748297877
0.4446312674691087	3.2495422675987777
0.4456562483975033	3.2425372648811708
0.44668359215096315	3.235543988459217
0.44771330417636257	3.22856244686409
0.4487453899331322	3.221592647541137
0.449779854893288	3.214634596835214
0.45081670454146017	3.2076882999758656
0.4518559443749224	3.2007537610623715
0.4528975799036208	3.1938309830486444
0.4539416166502032	3.186919967727996
0.4549880601500486	3.180020715717753
0.4560369159512962	3.1731332264437224
0.4570881896148751	3.166257498124526
0.4581418867145335	3.1593935277557708
0.4591980128368686	3.152541311094086
0.4602565735813561	3.1457008426409976
0.4613175745603794	3.138872115626666
0.46238102139926035	3.132055121993448
0.46344691973628804	3.1252498523793393
0.46451527522274944	3.1184562961012303
0.465586093522959	3.111674441138025
0.46665938031428866	3.1049042741135957
0.46773514128719823	3.0981457802795833
0.46881338214526524	3.09139894349803
0.46989410860521547	3.08466374622386
0.47097732639695294	3.0779401694871953
0.47206304126359055	3.0712281928755036
0.4731512589614805	3.064527794515583
0.4742419852602447	3.0578389510553863
0.47533522594280536	3.051161637645668
0.47643098680541573	3.0444958279214682
0.47752927365769093	3.0378414939834246
0.4786300923226384	3.031198606378917
0.47973344863668915	3.0245671340830262
0.4808393484497286	3.0179470444793295
0.4819477976251274	3.011338303340521
0.4830588020397727	3.0047408748088453
0.48417236758409943	2.9981547213763586
0.4852885001621211	2.991579803865009
0.4864072056914617	2.985016081406532
0.4875284901033864	2.978463511422167
0.48865235934283363	2.9719220496021825
0.48977881936844625	2.9653916498852246
0.4909078761526032	2.958872264437466
0.492039535681451	2.952363843631577
0.49317380395493593	2.9458663360254977
0.4943106869868355	2.9393796883410173
0.4954501908047903	2.9329038454421705
0.49659232145033616	2.926438750313423
0.49773708497893604	2.9199843440376703
0.4988844874600123	2.9135118004888096
0.5000345349769786	2.9070442731054658
0.5011872336272724	2.9005871609611558
0.5023425895223872	2.894140480392632
0.5035006087879049	2.8877042468754475
0.5046612975635284	2.8812784750118356
0.505824662003114	2.8748631785184724
0.5069907082747043	2.8684583702141278
0.5081594425605604	2.862064062007192
0.5093308710571953	2.8556802648830883
0.5105049999754062	2.849306988891561
0.5116818355403077	2.842944243133844
0.5128613839913648	2.8365920357497063
0.514043651582426	2.8302503739043816
0.5152286445817564	2.8239192637753616
0.5164163692720709	2.8175987105390723
0.5176068319505677	2.811288718357423
0.5188000389289611	2.8049892903642295
0.5199959965335159	2.7987004286514985
0.5211947111050804	2.792422134255603
0.5223961889991198	2.7861544071433064
0.5236004365857502	2.779897246197668
0.5248074602497725	2.773650649203809
0.5260172663907061	2.767414612834554
0.5272298614228227	2.7611891326359235
0.5284452517751804	2.754974203012507
0.5296634438916578	2.7487698172126875
0.5308844442309884	2.742575967313728
0.5321082592667942	2.7363926442067283
0.5333348954876209	2.7302198375814317
0.5345643593969717	2.724057535910896
0.5357966575133416	2.717905726436019
0.5370317963702527	2.71176439514992
0.5382697825162883	2.705633526782179
0.5395106225151276	2.6995131047829273
0.5407543229455808	2.693403111306793
0.5420008904016238	2.6873035271966934
0.5432503314924332	2.6812143319674857
0.5445026528424212	2.675135503789456
0.5457578610912709	2.6690670194716657
0.5470159628939716	2.663008854445141
0.5482769649208538	2.6569609827459035
0.5495408738576245	2.6509233769978557
0.5508076964054034	2.644896008395493
0.5520774392807574	2.6388788466864725
0.5533501092157367	2.6328718601540184
0.5546257129579107	2.6268750155991563
0.5559042572704036	2.620888278322797
0.5571857489319298	2.6149116121076545
0.5584701947368308	2.608944979199991
0.5597576014951101	2.602964470283769
0.5610479760324705	2.596989309764085
0.5623413251903491	2.591023989161273
0.5636376558259545	2.585068533334876
0.5649369748123025	2.5791229664713335
0.5662392890382533	2.5731873120739324
0.5675446054085471	2.5672615929526494
0.5688529308438415	2.561345831213905
0.5701642722807475	2.555440048250201
0.571478636671867	2.5495442647296773
0.5727960309858292	2.543658500585554
0.5741164622073276	2.537782775005474
0.5754399373371569	2.531917106420748
0.5767664633922508	2.5260615124954877
0.5780960474057181	2.5202160101156403
0.5794286964268811	2.514380615377914
0.580764417521312	2.5085553435785983
0.5821032177708715	2.5027402092022792
0.5834451042737447	2.4969352259104394
0.5847900841444807	2.4911404065299565
0.5861381645140288	2.4853557630414906
0.5874893525297767	2.4795813065677543
0.588843655355589	2.473817047361678
0.5902010801718444	2.4680629947944577
0.591561634175474	2.4623191573434924
0.5929253245799998	2.456585542580207
0.5942921586155727	2.450862157157754
0.5956621435290105	2.4451490067986064
0.5970352865838369	2.4394460962820257
0.5984115950603197	2.4337534294314196
0.5997910762555094	2.42807100910157
0.6011737374832781	2.4223988371657508
0.6025595860743578	2.4167369145027178
0.6039486293763798	2.411085240983577
0.6053408747539136	2.4054438154585327
0.6067363295885054	2.399812635743504
0.6081350012787179	2.394191698606628
0.6095368972401692	2.38858099975462
0.610942024905572	2.3829805338190244
0.6123503917247736	2.3773902943423195
0.6137620051647943	2.3718102737639093
0.6151768727098682	2.3662404634059655
0.6165950018614822	2.3606808534591575
0.618016400138416	2.3551314329682387
0.6194410750767815	2.349592189817494
0.6208690342300636	2.3440631107160685
0.6223002851691596	2.3385441811831424
0.6237348354824193	2.3330353855329813
0.6251726927756859	2.3275367068598385
0.6266138646723355	2.3220481270227302
0.628058358813318	2.316557288687594
0.6295061828571976	2.3110741290488215
0.6309573444801934	2.305600969700489
0.6324118513762195	2.300137823041773
0.633869711256927	2.2946847006530247
0.6353309318517437	2.2892416132844478
0.6367955209079159	2.283808570844651
0.6382634861905487	2.2783855823891024
0.6397348354826482	2.272972656108466
0.6412095765851616	2.267569799316836
0.6426877173170197	2.262177018439857
0.6441692655151774	2.2567943190027235
0.6456542290346556	2.251421705618079
0.6471426157485832	2.246059181973792
0.6486344335482385	2.2407067508206127
0.6501296903430908	2.2353644139597306
0.6516283940608427	2.230032172230193
0.6531305526474724	2.2247100254962193
0.654636174067275	2.2193979726343946
0.6561452663029055	2.2140960115207413
0.6576578373554206	2.2088041390176594
0.6591738952443215	2.2035223509607684
0.6606934480075961	2.1982506421456014
0.662216503701762	2.1929890063141886
0.6637430704019089	2.1877374361415125
0.6652731562017414	2.1824959232218384
0.6668067692136223	2.177264458054912
0.6683439175686147	2.1720430300320337
0.6698846094165265	2.1668316274220056
0.6714288529259524	2.1616302373569405
0.6729766562843179	2.1564388458179446
0.6745280276979221	2.1512574376206697
0.6760829753919819	2.146085996400723
0.6776415076106752	2.140924504598955
0.6792036326171846	2.135772943446597
0.6807693586937414	2.1306312929502753
0.6823386941416696	2.125499531876875
0.6839116472814293	2.1203776377382777
0.6854882264526615	2.1152655867759456
0.6870684400142321	2.1101633539453735
0.688652296344276	2.105070912900393
0.6902398038402419	2.0999882359773396
0.6918309709189364	2.094915294179063
0.6934258060165691	2.089852057158805
0.6950243175887968	2.0847984932039187
0.6966265141107687	2.079754569219449
0.6982324040771714	2.074720250711553
0.6998419960022735	2.0696955017707794
0.7014552984199712	2.0646802850551893
0.7030723198838335	2.0596745617733254
0.7046930689671469	2.0546582497102888
0.7063175542629619	2.049647482822711
0.7079457843841379	2.044646024741376
0.7095777679633888	2.039653888591504
0.711213513653329	2.034671086764926
0.7128530301265195	2.0296976309098413
0.7144963260755133	2.0247335319204756
0.716143410212902	2.0197787999266463
0.7177942912713617	2.014833444283217
0.7194489780036994	2.0098974735594686
0.7211074791828996	2.004970895528348
0.7227698036021702	2.000053717155637
0.72443596007499	1.995145944588999
0.7261059574351547	1.9902475831469346
0.727779804536824	1.9853586373076286
0.7294575102545687	1.980479110697688
0.7311390834834174	1.9756090060807818
0.732824533138904	1.9707483253461637
0.734513868157115	1.965897069497096
0.7362070974947361	1.961055238639159
0.737904230129101	1.9562228319684514
0.7396052750582378	1.9513998477596795
0.7413102413009175	1.9465862833541394
0.7430191378967014	1.9417821351475792
0.744731973905989	1.9369873985779538
0.7464487584100665	1.9322020681130603
0.7481695005111544	1.9274261372380637
0.7498942093324559	1.922659598442902
0.7516228940182055	1.9179024432095748
0.7533555637337174	1.913154661999313
0.7550922276654339	1.9084162442396333
0.7568328950209744	1.9036871783112674
0.7585775750291838	1.8989674515349741
0.7603262769401818	1.894257050158226
0.762079010025412	1.8895559593417743
0.7638357835776907	1.884864163146091
0.7655966069112563	1.8801816445176829
0.7673614893618189	1.875508385275285
0.7691304402866096	1.8708443660959169
0.7709034690644301	1.8661895665008237
0.7726805850957024	1.8615439648412757
0.7744617978025188	1.8569075382842437
0.7762471166286917	1.8522802627979469
0.7780365510398041	1.847662113137256
0.7798301105232588	1.8430530628289779
0.7816278045883297	1.8384530841569933
0.7834296427662119	1.833862148147266
0.7852356346100718	1.8292802245527116
0.7870457896950986	1.824707281837932
0.7888601176185545	1.8201432871638052
0.7906786279998251	1.8155697395117631
0.7925013304804718	1.811001507839785
0.7943282347242815	1.806442062996151
0.7961593504173188	1.801891420108702
0.7979946872679766	1.7973495936628652
0.7998342550070284	1.7928165974925176
0.8016780633876791	1.7882924447707598
0.8035261221856173	1.7837771480006022
0.8053784411990667	1.7792707190055619
0.8072350302488382	1.7747731689201676
0.8090958991783823	1.7702845081803784
0.8109610578538409	1.765804746513904
0.8128305161640993	1.7613338929304412
0.8147042840208396	1.7568719557118109
0.8165823713585925	1.752418942402001
0.81846478813479	1.7479748597971212
0.8203515443298183	1.7435397139352569
0.8222426499470712	1.739113510086225
0.8241381150130024	1.7346962527412417
0.8260379495771788	1.730287945602484
0.8279421637123342	1.7258885915725546
0.8298507675144225	1.7214981927438495
0.8317637711026711	1.7171167503878269
0.8336811846196344	1.7127442649441695
0.835603018231248	1.7083807360098482
0.8375292821268826	1.7040261623280855
0.8394599865193975	1.6996805417772116
0.8413951416451951	1.6953438713594162
0.8433347577642755	1.6910161471893985
0.84527884516029	1.6866973644829102
0.8472274141405965	1.6823875175451866
0.8491804750363139	1.6780865997592775
0.8511380382023765	1.6737946035742626
0.8531001140175896	1.669511520493364
0.8550667128846834	1.665237341061941
0.8570378452303697	1.6609720548553792
0.8590135215053958	1.6567156504668668
0.8609937521846007	1.6524681154950518
0.8629785477669704	1.6482294365315941
0.8649679187756933	1.6439995991485954
0.8669618757582167	1.6397785878859168
0.8689604292863019	1.635566386238377
0.8709635899560808	1.6313629766428346
0.8729713683881117	1.6271683404651536
0.8749837752274362	1.622982457987041
0.8770008211436349	1.6188053083927743
0.8790225168308845	1.6146368697557985
0.8810488730080143	1.6104771190252054
0.8830799004185629	1.6063260320120871
0.8851156098308356	1.6021835833757654
0.887156012037961	1.5980349489852899
0.8892011178579485	1.5938920441960267
0.8912509381337457	1.5897576508666393
0.8933054837332954	1.585631781649833
0.895364765549594	1.5815144485691262
0.8974287945007486	1.5774056630100175
0.8994975815300353	1.5733054357110723
0.9015711376059571	1.5692137767549246
0.9036494737223016	1.5651306955591893
0.9057326008982003	1.5610562008672908
0.9078205301781859	1.5569903007392063
0.9099132726322517	1.5529330025421133
0.9120108393559097	1.5488843129409593
0.9141132414702502	1.5448442378889293
0.9162204901219997	1.5408127826178357
0.9183325964835808	1.5367899516284094
0.9204495717531712	1.5327757486804994
0.9225714271547631	1.5287701767831832
0.9246981739382225	1.5247732381847827
0.9268298233793492	1.5207849343627837
0.9289663867799363	1.516805266013665
0.9311078754678302	1.5128342330426279
0.933254300796991	1.5088718345532302
0.9354056741475518	1.5049180688369268
0.9375620069258802	1.5009729333625066
0.9397233105646378	1.4970364247654326
0.9418895965228413	1.4931085388370873
0.9440608762859233	1.48918927051391
0.946237161365793	1.4852786138664364
0.9484184633008971	1.4813765620882398
0.9506047936562815	1.4774831074847619
0.9527961640236519	1.4735982414620457
0.9549925860214359	1.4697219545153635
0.9571940712948444	1.465854236217735
0.9594006315159331	1.4619950752083437
0.9616122783836646	1.4581444591808463
0.9638290236239705	1.454302374871571
0.9660508789898133	1.4504688080476065
0.9682778562612491	1.4466437434947859
0.9705099672454897	1.4428271650055575
0.9727472237769651	1.4390190553667415
0.9749896377173869	1.4352193963471767
0.9772372209558107	1.431428168685256
0.9794899854086988	1.4276453520763432
0.9817479430199844	1.4238709251600754
0.9840111057611337	1.4201048655075534
0.9862794856312105	1.4163471496084106
0.9885530946569389	1.4125977528577638
0.9908319448927676	1.408856649543048
0.9931160484209338	1.4051238128307295
0.995405417351527	1.4013863986334683
0.9977000638225533	1.3976547216202804
1.	1.3939311858748276
1.0023052380778998	1.3902157969618243
1.0046157902783952	1.3865085597706372
1.0069316688518044	1.382809478506205
1.0092528860766845	1.3791185566798712
1.0115794542598988	1.3754357971001294
1.0139113857366795	1.3717612018632868
1.016248692870696	1.3680947723440298
1.0185913880541169	1.364436509185912
1.0209394837076802	1.3607864122917421
1.023292992280754	1.3571444808138948
1.0256519262514079	1.3535107131445154
1.0280162981264735	1.349885106905647
1.0303861204416165	1.3462676589392533
1.0327614057613974	1.3426583652971587
1.0351421666793441	1.3390572212308858
1.0375284158180127	1.3354642211814074
1.0399201658290596	1.3318793587687907
1.0423174293933042	1.3283026267817615
1.0447202192208003	1.3247340171671511
1.0471285480508996	1.32117352101927
1.0495424286523225	1.3176211285691581
1.051961873823223	1.3140768291737543
1.0543868963912593	1.3105406113049551
1.0568175092136585	1.3070124625385813
1.0592537251772887	1.3034923695432281
1.0616955571987248	1.2999803180690315
1.064143018224316	1.2964762929363167
1.066596121230258	1.2929802780241464
1.0690548792226577	1.2894922562587712
1.0715193052376064	1.2860122096019566
1.0739894123412446	1.2825401190392252
1.076465213629835	1.2790759645679708
1.0789467222298286	1.2756197251854804
1.081433951297938	1.272171378876832
1.0839269140212033	1.2687309026026956
1.0864256236170655	1.2652982722870134
1.0889300933334332	1.2618734628045705
1.0914403364487566	1.2584564479684537
1.0939563662720937	1.2550472005173983
1.096478196143185	1.25164569210301
1.0990058394325208	1.2482518932768873
1.101539309541415	1.2448657734776096
1.104078619902073	1.2414873010176217
1.1066237839776665	1.2381164430699896
1.1091748152624008	1.2347531656550463
1.1117317272815914	1.2313974336269025
1.1142945335917298	1.2280492106598553
1.1168632477805611	1.2246918864080587
1.1194378834671515	1.2213387979372357
1.1220184543019636	1.217993053229109
1.1246049739669264	1.2146546589683198
1.1271974561755105	1.2113236212543423
1.1297959146727976	1.2079999455935337
1.1324003632355573	1.204683636891094
1.1350108156723149	1.2013746994429688
1.137627285823431	1.1980731369276536
1.1402497875611686	1.1947789523979424
1.1428783347897717	1.1914921482725795
1.1455129414455354	1.1882127263278481
1.1481536214968828	1.184940687689067
1.1508003889444356	1.1816760328220193
1.1534532578210923	1.178418761524288
1.1561122421920986	1.1751688729165228
1.1587773561551262	1.1719263654336147
1.1614486138403426	1.168691236815797
1.1641260294104914	1.1654634840996527
1.1668096170609623	1.1622431036090501
1.1694993910198712	1.1590300909459836
1.1721953655481303	1.1558244409813359
1.1748975549395297	1.1526261478455477
1.1776059735208073	1.1494352049192111
1.1803206356517297	1.1462516048235625
1.1830415557251646	1.143075339410899
1.1857687481671602	1.1399063997548977
1.1885022274370183	1.1367447761408522
1.1912420080273751	1.1335904580558116
1.193988104464273	1.130443434178637
1.1967405313072437	1.1273036923699569
1.1994993031493788	1.1241712196620397
1.2022644346174132	1.121046002248564
1.2050359403717974	1.1179280254743018
1.2078138351067804	1.1148172738247026
1.2105981335504823	1.111713730915386
1.2133888504649775	1.1086173794815315
1.2161860006463678	1.1055282013671803
1.2189895989248667	1.1024461775144294
1.2217996601648717	1.0993712879525368
1.2246161992650488	1.0963035117869173
1.2274392311584073	1.0932428271880477
1.2302687708123818	1.0901892113802618
1.233104833228909	1.0871426406304538
1.2359474334445106	1.0841030902366655
1.238796586530369	1.0810705345165856
1.2416523075924113	1.07804494679593
1.244514611771385	1.0750262993967288
1.2473835142429432	1.072014563625497
1.2502590302177201	1.069009709761308
1.2531411749414163	1.065997407148039
1.2560299636948749	1.0629891653021448
1.2589254117941675	1.0599876675449906
1.2618275345906707	1.0569929212274818
1.2647363474711515	1.054004933185169
1.2676518658578455	1.0510237097311832
1.270574105208542	1.04804925664909
1.2735030810166617	1.0450815791856884
1.276438808811344	1.0421206820437283
1.2793813041575246	1.0391665693745717
1.2823305826560218	1.0362192447707734
1.2852866599436155	1.0332787112586024
1.2882495516931343	1.0303449712904809
1.2912192736135342	1.027418026737364
1.2941958414499863	1.024497878881038
1.297179270983956	1.0215845284063523
1.3001695780332907	1.0186779753933748
1.3031667784522993	1.0157782193094775
1.3061708881318417	1.0128852590013422
1.309181922999407	1.0099990926868982
1.3121998990192034	1.0071197179471798
1.3152248321922384	1.0042471317181094
1.3182567385564075	1.0013813302822026
1.3212956341865751	0.9985223092602006
1.324341535194665	0.9956700636026175
1.3273944577297394	0.9928245875812165
1.3304544179780915	0.9899858747803992
1.333521432163324	0.9871539180885259
1.3365955165464425	0.9843287096891402
1.3396766874259352	0.981510241052129
1.3427649611378643	0.9786985029247879
1.3458603540559484	0.9758934853228126
1.348962882591654	0.9730951775211989
1.3520725631942772	0.9703035680450703
1.3551894123510364	0.9675186446604073
1.3583134465871542	0.9647403943647052
1.3614446824659503	0.9619688033775349
1.3645831365889245	0.9592038571310253
1.3677288255958495	0.9564455402602512
1.3708817661648536	0.9536938365935421
1.3740419750125157	0.9509487291426911
1.3772094688939465	0.948210200093088
1.3803842646028852	0.9454782307937463
1.383566378971781	0.9427528017472562
1.3867558288718889	0.9400338925996304
1.3899526312133532	0.937321482130072
1.3931568029453036	0.9346155482406351
1.3963683610559376	0.9319160679458052
1.3995873225726185	0.9292230173619731
1.4028137045619582	0.9265363716968236
1.4060475241299144	0.9238452151523089
1.4092887984218747	0.9211583103857691
1.4125375446227548	0.9184776983342906
1.4157937799570817	0.9158033819170008
1.4190575216890926	0.913135363526439
1.4223287871228198	0.9104736450215609
1.425607593602188	0.9078182277206668
1.428893958511103	0.9051691123942691
1.432187899273543	0.9025262992578937
1.435489433353656	0.8998897879648056
1.4387985782558452	0.8972595775986799
1.4421153515248688	0.8946356666661899
1.4454397707459272	0.8920180530895372
1.4487718535447618	0.8894067341989034
1.452111617587742	0.8868017067248406
1.455459080581966	0.8842029667905793
1.4588142602753482	0.8816105099042786
1.4621771744567182	0.8790243309511903
1.4655478409559113	0.876444424185762
1.468926277643867	0.8738707832236589
1.4723125024327186	0.871303401033717
1.4757065332758947	0.8687422699298164
1.4791083881682072	0.8661873815626879
1.4825180851459536	0.863638726911632
1.4859356422870067	0.8610962962761749
1.4893610777109154	0.8585600792676356
1.492794409578996	0.8560300648006246
1.4962356560944337	0.8535062410844579
1.4996848355023733	0.8509885956144972
1.5031419660900225	0.8484771151634051
1.5066070661867417	0.8459717857723275
1.5100801541641484	0.843472592741987
1.513561248436208	0.8409795206237025
1.5170503674593367	0.8384925532103201
1.5205475297324955	0.8360116735270671
1.5240527537972914	0.8335368638223173
1.5275660582380723	0.8310681055582769
1.5310874616820302	0.8286053794015815
1.5346169827992941	0.826148665213812
1.5381546403030348	0.8236979420419193
1.5417004529495593	0.8212531881085666
1.545254439538414	0.8188143808023818
1.5488166189124812	0.8163814966681228
1.5523870099580825	0.8139545113967511
1.5559656316050743	0.8115333998154219
1.559552502826954	0.8091181358773747
1.5631476426409538	0.8067086926517425
1.5667510701081493	0.8043050423132613
1.5703628043335522	0.8019071561318923
1.5739828644662197	0.7995150044623456
1.5776112696993485	0.7971150132861733
1.5812480392703834	0.7947180819010151
1.5848931924611134	0.7923267503655722
1.5885467485977791	0.789941024385134
1.59220872705117	0.7875609092390021
1.5958791472367329	0.7851864097746651
1.5995580286146687	0.7828175304019231
1.6032453906900417	0.7804542750869525
1.6069412530128773	0.7780966473463173
1.6106456351782708	0.7757446502409223
1.6143585568264862	0.7733982863699115
1.6180800376430662	0.7710575578645021
1.6218100973589298	0.7687224663817728
1.6255487557504842	0.7663930130983791
1.6292960326397223	0.7640691987042224
1.6330519478943346	0.761751023396049
1.6368165214278085	0.7594384868709986
1.6405897731995396	0.7571315883200839
1.6443717232149315	0.7548303264216158
1.6481623915255086	0.7525346993345625
1.651961798229015	0.7502447046918505
1.6557699634695284	0.747960339593598
1.6595869074375604	0.7456816006002932
1.6634126503701698	0.7434084837258982
1.6672472125510627	0.7411409844309019
1.6710906143107078	0.7388790976152949
1.6749428760264373	0.7366228176114908
1.6788040181225607	0.734372138177174
1.6826740610704674	0.7321270524880864
1.6865530253887415	0.7298875531307429
1.690440931643264	0.7276536320950857
1.6943378004473288	0.7254252807670625
1.6982436524617444	0.7232024899211462
1.7021585083949509	0.720985249712776
1.7060823890031234	0.7187735496707374
1.710015315090288	0.7165673786894659
1.7139573075084253	0.7143667250212848
1.7179083871575884	0.7121715762685675
1.721868574986007	0.7099819193758332
1.725837891990204	0.7077977406217638
1.7298163592151015	0.7056190256111556
1.7338039977541384	0.7034457592667895
1.7378008287493754	0.7012779258212352
1.7418068733916146	0.6991155088085721
1.7458221529205038	0.6969584910560441
1.7498466886246573	0.6948068546756296
1.7538805018417611	0.6926605810555425
1.7579236139586931	0.6905196508516505
1.7619760464116292	0.6883840439788201
1.7660378206861649	0.6862537396021793
1.770108958317421	0.6841193374419199
1.7741894808901661	0.6819883845979972
1.7782794100389228	0.6798626393700711
1.78237876744809	0.6777421049242918
1.7864875748520508	0.6756267840082567
1.7906058540352947	0.6735166789454069
1.7947336268325265	0.6714117916293783
1.7988709151287883	0.6693121235182918
1.803017740859569	0.6672176756289999
1.8071741260109275	0.6651284485312665
1.8113400926196026	0.6630444423419048
1.8155156627731361	0.6609656567188495
1.8197008586099834	0.6588920908551827
1.8238957023196385	0.6568237434730957
1.8281002161427427	0.6547606128178015
1.832314422371212	0.6527026966513837
1.8365383433483464	0.650649992246596
1.8407720014689564	0.648602496380595
1.8450154191794736	0.646560205328624
1.8492686189780787	0.6445231148576285
1.8535316234148114	0.6424912202198214
1.857804455091699	0.6404645161461822
1.8620871366628675	0.6384429968399006
1.8663796908346704	0.6364266559697539
1.8706821403658007	0.6344154866634303
1.8749945080674193	0.6324094815007841
1.8793168168032686	0.6304086325070335
1.883649089489801	0.6284129311458908
1.8879913490962936	0.6264223683126372
1.892343618644976	0.6244369343271234
1.8967059212111463	0.6224566189267167
1.9010782799233006	0.6204814112591751
1.9054607179632472	0.6185112998754614
1.9098532585662378	0.6165462727224877
1.914255925021086	0.6145863171357975
1.9186687406702891	0.6126314198321785
1.9230917289101586	0.610681566902207
1.9275249131909356	0.6087367438027276
1.9319683170169242	0.606796935349261
1.936421963946607	0.6048621257083476
1.9408858775927782	0.602932298389814
1.9453600816226624	0.6010074362389766
1.9498445997580456	0.5990875214287711
1.9543394557753944	0.5971725354518114
1.95884467350599	0.5952624591123749
1.9633602768360463	0.5933572725183189
1.967886289706845	0.5914569550729208
1.9724227361148534	0.589561485466647
1.976969640111861	0.5876708416688439
1.9815270258050979	0.5857850009193608
1.9860949173573716	0.5838956103430896
1.9906733389871865	0.5820093682672659
1.9952623149688797	0.580127831817808
1.9998618696327437	0.5782509992893838
2.0044720273651615	0.5763788685380953
2.0090928126087277	0.5745114369758522
2.0137242498623884	0.5726487015646886
2.0183663636815607	0.570790658811033
2.023019178678272	0.5689373047599176
2.0276827195212817	0.567088634989142
2.032357010936222	0.5652446446033743
2.037042077705718	0.5634053282282072
2.0417379446695296	0.5615706800041481
2.046444636724674	0.5597406935805648
2.0511621788255656	0.5579153621095664
2.0558905959841414	0.5560946782398336
2.0606299132700006	0.5542786341103886
2.065380155810529	0.5524672213443109
2.0701413487910423	0.550660431042391
2.0749135174549096	0.5488582537767327
2.079696687103696	0.547060679584287
2.084490883097289	0.5452676979603381
2.0892961308540396	0.5434792978519203
2.0941124558508926	0.5416954676511788
2.0989398836235242	0.5399161951886716
2.1037784397664754	0.5381414677266066
2.1086281499332897	0.5363712719520188
2.1134890398366464	0.534605593969887
2.1183611352485023	0.5328444192961834
2.123244462000219	0.531087732850867
2.1281390459827123	0.5293355189508044
2.133044913146576	0.5275877613026373
2.1379620895022327	0.525844442995573
2.1428906011200586	0.5241055464941223
2.1478304741305343	0.5223710536307611
2.1527817347243725	0.5206409455985339
2.157744409152667	0.5189152029435828
2.16271852372702	0.5171938055576181
2.167704104819695	0.5154767326703115
2.1727011788637443	0.5137639628416308
2.1777097723531593	0.5120554739540956
2.1827299118430012	0.5103512432049727
2.187761623949553	0.5086512470983937
2.1928049353504484	0.5069554614374088
2.197859872784825	0.5052638613159631
2.202926463053456	0.5035764211108078
2.2080047330189	0.5018931144733316
2.2130947096056377	0.5002139143213259
2.2181964198002193	0.4985387928306728
2.223309890651403	0.49686772142696034
2.2284351492703043	0.4951897419804128
2.2335722228305315	0.49351364493264455
2.23872113856834	0.4918414752803263
2.2438819237827663	0.4901732329286931
2.2490546058357817	0.48850891742783936
2.254239212152429	0.48684852796809774
2.259435770220978	0.48519206337536813
2.2646443075930596	0.48353952210640944
2.2698648518838223	0.481890902244082
2.2750974307720706	0.4802462014925497
2.2803420720004186	0.47860541717243454
2.28559880337543	0.47696854621592877
2.2908676527677736	0.4753355851618576
2.296148648112362	0.47370653015070247
2.301441817408509	0.4720813769195707
2.306747188720069	0.470460120797125
2.312064790175595	0.4688427566984611
2.3173946499684783	0.4672292791199433
2.3227367963571073	0.46561968213398536
2.328091257665008	0.4640139593837917
2.3334580622810033	0.46241210407804234
2.338837238659355	0.46081410898553427
2.344228815319923	0.45921996642977014
2.3496328208483073	0.45762966828350177
2.35504928389601	0.45604320596321657
2.360478233180577	0.4544605704235812
2.365919697485759	0.4528817521518287
2.371373705661655	0.4513067411620975
2.3768402866248772	0.44973552698971625
2.38231946935869	0.4481680986854405
2.3878112829131783	0.4466044448096299
2.3933157564053875	0.44504455342638227
2.3988329190194912	0.443488412097603
2.4043628000069335	0.44193600787703213
2.4099054286865957	0.4403873273042059
2.41546083444494	0.43884235639837366
2.421029046736179	0.4373010806523516
2.4266100950824154	0.43576348502632734
2.432204009073816	0.4342295539416028
2.4378108183687526	0.4326992712742858
2.4434305526939726	0.43117262034891973
2.4490632418447453	0.42964958393206126
2.454708915685031	0.42813014422579326
2.4603676041476272	0.42661428286118797
2.46603933723434	0.4251019808917023
2.4717241450161302	0.42359321878652223
2.4774220576332864	0.42208797642383966
2.4831331052955705	0.42058623308407717
2.4888573182823914	0.41908796744304383
2.494594726942955	0.417593157565036
2.500345361696432	0.41609152164398433
2.506109253032114	0.414591316658228
2.511886431509581	0.4130944674916828
2.5176769277588558	0.4116009793246368
2.5234807724805757	0.410110857101787
2.529297996446145	0.40862410552892303
2.5351286304979084	0.40714072906957305
2.540972705549305	0.4056607319416218
2.5468302525850417	0.4041841181138932
2.552701302661247	0.4027108913027043
2.5585858869056453	0.40124105496838147
2.5644840365177175	0.3997746123117469
2.5703957827688635	0.39831156627057196
2.5763211570025755	0.39685191951599325
2.582260190634596	0.39539567444889984
2.588212915153092	0.3939428331962808
2.5941793621188136	0.3924933976075437
2.6001595631652723	0.3910473692507928
2.6061535499988953	0.3896047494090778
2.6121613543992064	0.38816553907660145
2.6181830082189848	0.3867297389548967
2.624218543384442	0.38529734944896366
2.6302679918953813	0.3838683706633742
2.6363313858253803	0.3824428023983358
2.642408757321946	0.38102064414572295
2.648500138606701	0.37960189508506664
2.654605561975539	0.3781865540795119
2.6607250597988097	0.3767746196717315
2.666858664521479	0.375366090079807
2.6730064086633116	0.37396096319306754
2.6791683248190314	0.37255923656789297
2.6853444456585076	0.37116090742347463
2.691534803926915	0.3697659726375405
2.6977394324449206	0.3683744287420364
2.703958364108843	0.3669862719187729
2.7101916318908432	0.36560149799502445
2.7164392688390824	0.3642201024390965
2.7227013080779128	0.3628420803558434
2.7289777828080406	0.3614674264821513
2.7352687263067126	0.360096135182375
2.741574171927882	0.3587282004437369
2.7478941531023975	0.35736361587167864
2.7542287033381663	0.35600237468517615
2.7605778562203462	0.3546444697120051
2.7669416454115114	0.35328989338396916
2.773320104651841	0.3519386377320795
2.7797132677592886	0.3505906943816941
2.7861211686297707	0.34924605454760943
2.792543841237338	0.34790470902911064
2.798981319634363	0.34656664820497274
2.805433637951713	0.3452258104030323
2.811900830398941	0.3438870693630696
2.8183829312644537	0.34255156364940714
2.8248799749157074	0.34121929938710693
2.831391995799379	0.339890282497702
2.8379190284415565	0.33856451869625404
2.8444611074479154	0.3372420134883883
2.85101826750391	0.33592277216729405
2.8575905433749464	0.3346067998107014
2.8641779699065815	0.33329410127782416
2.8707805820246906	0.33198468120627883
2.8773984147356697	0.330678544008968
2.8840315031266055	0.32937569387094034
2.8906798823654762	0.32807613474621383
2.897343587701323	0.3267798703545761
2.904022654464451	0.32548690417834664
2.910717118066605	0.32419723945911477
2.9174270140011673	0.3229108791944418
2.924152377843335	0.32162782613453544
2.9308932452503216	0.32034808277888965
2.9376496519615305	0.3190716513728955
2.9444216337987617	0.317798533904417
2.9512092266663856	0.3165287321003379
2.9580124665515464	0.31526224742307246
2.9648313895243423	0.31399908106704655
2.971666031738027	0.3127392339551429
2.9785164294291895	0.31148270673511524
2.9853826189179604	0.31022949977596626
2.992264636608189	0.308979613164295
2.9991625189876516	0.3077330467006055
3.0060763026282307	0.3064897998955863
3.013006024186122	0.3052498719663493
3.019951720402016	0.30401326183263944
3.0269134281013064	0.3027799681130034
3.0338911841942706	0.30154998912092784
3.04088502567628	0.3003233228609366
3.047894989627983	0.2990999670246566
3.054921113215514	0.2978799189868427
3.061963433690677	0.29666317580137
3.069021988391158	0.2954497341971844
3.076096814740708	0.2942395905742207
3.083187950249355	0.2930327409992777
3.0902954325135905	0.29182918120186035
3.097419299216581	0.2906289065699793
3.1045595881283554	0.2894319121459151
3.1117163371060186	0.2882381926219397
3.118889584093937	0.2870477423360038
3.126079367123956	0.28586055526737847
3.1332857243155856	0.28467662503226265
3.1405086938762183	0.2834959448793451
3.1477483141013156	0.28231341113803765
3.1550046233746274	0.281133129690044
3.1622776601683795	0.27995606071946705
3.169567463043492	0.27878221068039494
3.1768740706497707	0.277611585840971
3.1841975217261256	0.2764441922806754
3.1915378551007616	0.27528003588758254
3.198895109691399	0.2741191223555904
3.206269324505466	0.27296145718162507
3.213660538640318	0.27180704566281527
3.2210687912834346	0.2706558928936438
3.2284941217126364	0.26950800376306683
3.2359365692962827	0.2683633829516118
3.2433961734934935	0.26722203492843943
3.250872973854344	0.26608396394838646
3.2583670100200885	0.2649491740489721
3.265878321723358	0.2638176690473828
3.273406948788383	0.2626894525374218
3.2809529311311905	0.26156452788643647
3.2885163087598315	0.2604428982322096
3.2960971217745776	0.25932456647982716
3.303695410368149	0.2582095352985114
3.311311214825911	0.2570978071184286
3.3189445755261047	0.25598938412746186
3.326595532940045	0.25488426826795824
3.3342641276323506	0.2537824612334402
3.3419504002611427	0.25268396446529134
3.3496543915782775	0.2515887791494061
3.3573761424295467	0.25049690621281123
3.365115693754908	0.24940834632025388
3.372873086588689	0.2483230998707592
3.380648362059817	0.24724116699415274
3.3884415613920256	0.24616254754755484
3.3962527259040853	0.24508724111183722
3.404081897010009	0.24401524698805133
3.4119291162192864	0.24294656419381871
3.4197944251370886	0.24188119145969192
3.4276778654645046	0.24081912722547863
3.4355794789987466	0.23976036963653322
3.443499307633384	0.23870491654001327
3.451437393358563	0.23765276548110084
3.459393778261219	0.23660391369919098
3.4673685045253166	0.2355583581240411
3.4753616144320576	0.2345160953718895
3.483373150360118	0.23347712174153298
3.4914031547858606	0.23244143321037367
3.499451670283573	0.23140902543042347
3.5075187395256795	0.2303798937242785
3.5156044052829816	0.22935403308104968
3.523708710424871	0.22833143815226162
3.53183169791957	0.2273083264749861
3.5399734108343464	0.22628774021538756
3.548133892335755	0.22527039036727595
3.5563131856898527	0.22425628109867154
3.5645113342624426	0.2232454163703556
3.5727283815192883	0.2222377999329963
3.5809643710263606	0.22123343532424233
3.5892193464500517	0.22023232586579394
3.5974933515574232	0.2192344746604416
3.6057864302164235	0.21823988458908034
3.6140986263961334	0.2172485583076927
3.6224299841669856	0.21626049824430596
3.630780547701014	0.2152757065959176
3.639150361272071	0.21429418532539504
3.6475394692560785	0.21331593615834277
3.6559479161312485	0.21234096057994317
3.664375746478333	0.21136925983176447
3.672823004980846	0.21040083490854217
3.681289736425315	0.2094356865549265
3.6897759857015027	0.20847381526220315
3.6982817978026628	0.20751522126497934
3.7068072178257596	0.20655990453784367
3.715352290971726	0.20560786479198936
3.7239170625456848	0.20465910147181074
3.732501577957206	0.20371361375146493
3.741105882720533	0.2027714005314032
3.7497300224548358	0.20183246043486877
3.758374042884441	0.20089679180436407
3.767037989839089	0.19996439269808183
3.77572190925416	0.1990352608863077
3.7844258471709336	0.19810939384778486
3.793149849736819	0.19718678876604895
3.801893963205613	0.19626744252572575
3.81065823393773	0.19535135170879828
3.8194427084004663	0.1944385125908355
3.8282474331682264	0.19352892113719022
3.8370724549227884	0.19262257299915866
3.8459178204535354	0.19171946351010763
3.8547835766577188	0.19081958768156354
3.8636697705406915	0.1899229401992678
3.8725764492161727	0.18902951541919405
3.8815036599064823	0.18813930736353127
3.8904514499428067	0.18725230971662757
3.899419866765434	0.18636851582089936
3.908408957924021	0.1854879186727012
3.9174187710778305	0.18461051091816005
3.926449353995999	0.1837362848489689
3.9355007545577743	0.1828652323981456
3.944573020752785	0.1819973451357494
3.953666200681279	0.18113261426456256
3.9627803425543955	0.18026704232129906
3.971915494694403	0.1794038386807759
3.981071705534973	0.17854375097521505
3.9902490236214203	0.17768678041388003
3.9994474976109755	0.17683292797647807
4.008667176273028	0.1759821944101414
4.0179081084894	0.1751345802263759
4.027170343254591	0.17429008569798513
4.036453929676051	0.1734487108559618
4.045758916974426	0.17261045548635426
4.055085354483839	0.17177531912709917
4.0644332916521275	0.17094330106482958
4.073802778041128	0.17011440033164887
4.083193863326921	0.1692886157018782
4.09260659730011	0.1684659456887708
4.1020410298660686	0.16764638854119907
4.111497211045223	0.16682994224030717
4.120975190973302	0.16601660449613626
4.130475019901614	0.1652063727442155
4.139996748197304	0.16439924414212473
4.149540426343631	0.1635952155660217
4.1591061049402205	0.16279428360714127
4.168693834703355	0.1619964445682586
4.178303666466218	0.16120169446012342
4.187935651179185	0.16041002899785803
4.1975898399100755	0.15962144359732588
4.207266283844442	0.15883593337146318
4.216965034285822	0.15805349312658035
4.226686142656031	0.15727411735862648
4.2364296604954115	0.1564978002494232
4.24619563946313	0.1557245356628599
4.2559841313374305	0.15495431714105873
4.265795188015928	0.1541871379005008
4.275628861515862	0.15342299082812022
4.285485203974396	0.15266186847736013
4.295364267648873	0.15190376306419487
4.3052661049171075	0.15114866646311478
4.3151907682776525	0.15039657020307537
4.325138310350088	0.149647465463409
4.335108783875289	0.1489013430697012
4.345102241715717	0.14815819348962708
4.355118736855686	0.14741800682875328
4.365158322401661	0.1466807728262991
4.375221051582521	0.14594648085086223
4.385306977749858	0.14521511989610322
4.395416154378245	0.14448667857639344
4.405548635065534	0.14376114512242272
4.4157044735331255	0.14303850737676788
4.425883723626267	0.1423187527894217
4.436086439314326	0.14160186841328135
4.446312674691089	0.14088278012817754
4.456562483975033	0.1401655586862088
4.466835921509633	0.13945115119101623
4.477133041763626	0.1387395576784642
4.487453899331323	0.1380307779670745
4.49779854893288	0.13732481165522267
4.508167045414603	0.13662165811830534
4.518559443749224	0.13592131650588318
4.528975799036209	0.13522378573879593
4.539416166502032	0.13452906450625207
4.549880601500488	0.1338371512628899
4.560369159512962	0.1331480442258134
4.570881896148752	0.13246174137159789
4.581418867145335	0.13177824043327166
4.591980128368688	0.13109753889726594
4.6025657358135605	0.1304196340003399
4.613175745603796	0.12974452272647496
4.623810213992603	0.12907220180374285
4.634469197362879	0.128402667701142
4.645152752227495	0.12773591662540784
4.6558609352295885	0.1270719445177923
4.666593803142887	0.12641074705081315
4.677351412871981	0.12575231962497582
4.688133821452653	0.1250966573654626
4.698941086052153	0.12444375511879407
4.709773263969529	0.12379360744945796
4.720630412635905	0.12314620863650898
4.731512589614805	0.12250155267013652
4.7424198526024455	0.1218596332482019
4.753352259428054	0.1212204437727434
4.7643098680541565	0.12058397734645072
4.775292736576909	0.119950226769106
4.786300923226383	0.1193191845339939
4.797334486366892	0.11869084282427844
4.808393484497285	0.11806519350934756
4.819477976251274	0.11744222814112372
4.830588020397726	0.116821937950343
4.841723675840994	0.11620431384279842
4.8528850016212095	0.1155893463955516
4.864072056914616	0.1149770258531083
4.875284901033862	0.11436734212356173
4.886523593428336	0.1137602847746988
4.897788193684462	0.113155843030074
4.909078761526032	0.1125540057650457
4.920395356814509	0.111954761502779
4.9317380395493595	0.11135809841021105
4.943106869868354	0.11076400429398195
4.954501908047903	0.11017246659632773
4.96592321450336	0.10958347239093827
4.97737084978936	0.10899700837877652
4.9888448746001215	0.10840779318426956
5.000345349769786	0.10782006426735784
5.011872336272722	0.10723480775990073
5.0234258952238715	0.10665202404436293
5.035006087879047	0.10607171332023974
5.046612975635284	0.10549387560168037
5.05824662003114	0.10491851071509317
5.0699070827470445	0.10434561829672473
5.081594425605605	0.10377519779021961
5.093308710571955	0.10320724844415478
5.105049999754062	0.10264176930955342
5.116818355403078	0.10207875923737365
5.1286138399136485	0.10151821687597615
5.140436515824262	0.10096014066856573
5.152286445817564	0.10040452885061231
5.16416369272071	0.09985137944724494
5.176068319505676	0.09930069027062464
5.188000389289612	0.09875245891729068
5.199959965335159	0.09820668276548446
5.211947111050805	0.09766335897244686
5.223961889991197	0.09712248447169283
5.236004365857504	0.09658405597025858
5.248074602497725	0.0960480699459263
5.2601726639070625	0.09551452264442069
5.2722986142282275	0.09498341007658233
5.284452517751805	0.0944547280155133
5.296634438916578	0.093928471993698
5.308844442309884	0.09340463730009695
5.321082592667942	0.09288321897721503
5.333348954876211	0.09236421181814157
5.345643593969716	0.09184761036356562
5.357966575133418	0.09133340889876149
5.370317963702527	0.09082160145055007
5.382697825162884	0.09031218178422935
5.3951062251512765	0.08980514340048006
5.4075432294558095	0.08930047953224106
5.420008904016238	0.08879818314155818
5.432503314924333	0.08829824691640326
5.445026528424211	0.08780066326746595
5.4575786109127105	0.08730542432491481
5.470159628939716	0.08681252193513127
5.482769649208539	0.0863219476574124
5.495408738576246	0.08583369276064545
5.508076964054036	0.0853477482199516
5.520774392807573	0.08486410471330035
5.533501092157368	0.0843827526180926
5.546257129579107	0.08390368200771472
5.559042572704037	0.08342688264805995
5.5718574893192985	0.08295234399402035
5.584701947368309	0.08248005518594606
5.597576014951102	0.08200611224410334
5.610479760324706	0.08153364551754215
5.623413251903491	0.08106338260068312
5.6363765582595455	0.08059532258344501
5.649369748123025	0.08012946437911644
5.6623928903825345	0.07966580672212445
5.675446054085471	0.07920434816578384
5.688529308438416	0.07874508708002377
5.701642722807475	0.07828802164909542
5.714786366718672	0.07783314986925687
5.727960309858292	0.07738046954643808
5.741164622073277	0.07692997829388303
5.7543993733715695	0.07648167352977149
5.767664633922509	0.07603555247481796
5.780960474057181	0.0755916121498493
5.794286964268812	0.07514984937335978
5.807644175213121	0.07471026075904408
5.821032177708716	0.07427284271330724
5.834451042737448	0.07383759143275281
5.847900841444809	0.07340450290164678
5.861381645140288	0.07297357288935993
5.874893525297769	0.07254479694778553
5.88843655355589	0.0721181704087347
5.902010801718445	0.07169368838130694
5.91561634175474	0.07127134574923835
5.9292532458	0.07085113716822414
5.942921586155727	0.07043305706321831
5.956621435290106	0.07001709962570767
5.970352865838369	0.06960325881096274
5.984115950603199	0.06919152833526208
5.997910762555095	0.06878190167309313
6.011737374832782	0.06837437205432675
6.025595860743578	0.06796893246136712
6.0394862937638	0.06756557562627526
6.0534087475391365	0.06716429402786762
6.067363295885055	0.06676507988878756
6.08135001278718	0.06636792517255163
6.095368972401694	0.06597282158056844
6.109420249055721	0.06557976054913181
6.123503917247737	0.06518873324638592
6.137620051647943	0.06479973056926462
6.151768727098683	0.06441274314040213
6.165950018614822	0.06402776130501742
6.180164001384161	0.06364477512776966
6.1944107507678146	0.06326377438958684
6.208690342300634	0.06288474858446512
6.223002851691596	0.06250768691624038
6.237348354824191	0.062132578295331344
6.251726927756859	0.06175941133545268
6.266138646723353	0.06138817435030059
6.2805835881331795	0.06101507424246307
6.295061828571975	0.06064315041657064
6.309573444801933	0.06027310846954032
6.324118513762193	0.05990494640240797
6.33869711256927	0.05953866205078047
6.353309318517436	0.059174253082800755
6.367955209079159	0.058811716997092596
6.382634861905486	0.05845105112068839
6.397348354826482	0.05809225260693631
6.412095765851615	0.0577353184333898
6.4268771731701975	0.057380245399676504
6.441692655151772	0.05702703012534903
6.456542290346556	0.056675669047714886
6.471426157485831	0.05632615841964793
6.486344335482385	0.055978494307378744
6.501296903430906	0.055632672588266104
6.516283940608428	0.055288688948546924
6.531305526474723	0.05494653888106742
6.546361740672751	0.054606217682992016
6.561452663029053	0.05426772045349307
6.576578373554206	0.053931042091418406
6.591738952443213	0.05359617729293919
6.606934480075961	0.053263120549174994
6.622165037017619	0.05293186614379907
6.637430704019089	0.05260240815062075
6.652731562017413	0.05227474043114709
6.668067692136222	0.05194885663212199
6.6834391756861455	0.05162475018304349
6.698846094165265	0.051302414293658685
6.714288529259523	0.05098184195143663
6.729766562843179	0.05066302591901772
6.745280276979219	0.05034595873164142
6.760829753919819	0.05003063269454995
6.77641507610675	0.04971703988036975
6.792036326171846	0.04940517212646863
6.807693586937414	0.049095021032290395
6.823386941416698	0.04878657795666471
6.839116472814292	0.048479834015094286
6.8548822645266165	0.048174780077016345
6.870684400142321	0.04787140676304162
6.886522963442762	0.04756970444216717
6.902398038402419	0.047269663228965926
6.918309709189366	0.04697127298075004
6.934258060165691	0.04667452329471051
6.9502431758879695	0.046379403505030156
6.966265141107686	0.04608590267997243
6.982324040771715	0.04579400961894318
6.998419960022734	0.045503712849527964
7.014552984199714	0.04521500062450187
7.030723198838334	0.04492786091881427
7.046930689671471	0.04463820359834899
7.06317554262962	0.04434930725492789
7.07945784384138	0.04406193357576621
7.095777679633888	0.043776081172008326
7.112135136533292	0.04349174852500043
7.128530301265195	0.04320893398468658
7.1449632607551345	0.0429276357679893
7.16143410212902	0.042647851957176075
7.177942912713619	0.04236958049821001
7.194489780036995	0.04209281919908647
7.211074791828998	0.04181756572815332
7.227698036021702	0.041543817612417086
7.2443596007499025	0.04127157223583243
7.261059574351547	0.0410008268375773
7.277798045368242	0.04073157851031113
7.294575102545687	0.04046382419841835
7.311390834834176	0.040197560696235014
7.3282453313890406	0.03993278464626015
7.345138681571151	0.03966949253734998
7.362070974947361	0.0394076807028969
7.379042301291012	0.03914734531899088
7.396052750582378	0.03888848240256521
7.413102413009177	0.03863108780952459
7.430191378967014	0.038375157232857365
7.447319739059893	0.038120686200729684
7.464487584100665	0.03786767007456341
7.481695005111545	0.03761610404709606
7.498942093324558	0.03736598314042395
7.516228940182057	0.03711730220402699
7.533555637337174	0.03687005591277671
7.550922276654341	0.03662423876492551
7.568328950209744	0.03637984508007868
7.58577575029184	0.03613686899714769
7.603262769401819	0.03589530447228575
7.620790100254123	0.03565514527680425
7.638357835776907	0.035416384995071486
7.655966069112566	0.035179017022391755
7.67361489361819	0.0349430345628664
7.691304402866098	0.03470843062723511
7.709034690644301	0.03447519803069864
7.726805850957025	0.0342433293907217
7.744617978025188	0.034012817124816845
7.76247116628692	0.03378365344830819
7.78036551039804	0.033555830372075914
7.798301105232589	0.033329339700280076
7.816278045883297	0.03310417302806526
7.83429642766212	0.03288032173924392
7.852356346100718	0.03265777700396015
7.870457896950989	0.0324365297763322
7.888601176185544	0.032216570792074885
7.906786279998253	0.03199485706286518
7.925013304804718	0.0317738271959632
7.943282347242818	0.03155404745693163
7.961593504173188	0.03133551644548576
7.979946872679768	0.031118232652364602
7.9983425500702845	0.030902194457996027
8.016780633876794	0.030687400131148762
8.035261221856173	0.030473847827572956
8.05378441199067	0.03026153558862752
8.072350302488383	0.030050461339895734
8.090958991783825	0.02984062288978749
8.109610578538408	0.029632017928129462
8.128305161640995	0.029424644024741972
8.147042840208396	0.029218498628003357
8.165823713585926	0.029013579063400775
8.1846478813479	0.028809882532068554
8.203515443298185	0.028607406109312672
8.222426499470712	0.02840614674312234
8.241381150130026	0.028206101252667756
8.260379495771788	0.02800726632678477
8.279421637123345	0.02780963852244532
8.298507675144226	0.027613214263214694
8.317637711026709	0.027417989837694234
8.336811846196344	0.0272239613979506
8.356030182312479	0.027031124957930804
8.375292821268827	0.026839476391862606
8.394599865193973	0.02664901143264126
8.413951416451951	0.02645972567020102
8.433347577642753	0.026271614549872858
8.452788451602899	0.026084673370726816
8.472274141405963	0.025898897283900033
8.491804750363139	0.02571428129090955
8.511380382023763	0.025530820241950244
8.531001140175896	0.025348508834177413
8.550667128846833	0.025167341609974397
8.570378452303697	0.024987312955204316
8.590135215053957	0.024808417097446713
8.609937521846007	0.02463064810421832
8.629785477669701	0.024453999881178076
8.649679187756934	0.02427846617031612
8.669618757582166	0.024104040548127235
8.689604292863018	0.023930716423767266
8.709635899560805	0.02375848703719414
8.729713683881117	0.02358734545729183
8.74983775227436	0.023417284579978215
8.770008211436348	0.02324829712629576
8.790225168308842	0.02308037564048593
8.810488730080142	0.022913512488046184
8.830799004185627	0.022747699853770263
8.851156098308357	0.02258292973977085
8.871560120379607	0.022416667774226143
8.892011178579486	0.022250944454509126
8.912509381337454	0.02208623106030878
8.933054837332953	0.02192252613940961
8.953647655495937	0.021759828148059487
8.974287945007486	0.021598135449860938
8.994975815300352	0.02143744631465283
9.01571137605957	0.021277758917381474
9.036494737223014	0.021119071336961927
9.057326008982002	0.020961381555128354
9.078205301781857	0.02080468745527473
9.099132726322518	0.020648986821284118
9.120108393559097	0.020494277336348298
9.141132414702504	0.02034055658177586
9.162204901219997	0.02018782203579026
9.183325964835811	0.0200360710723164
9.204495717531712	0.019885300959756803
9.225714271547634	0.019735508859756216
9.246981739382225	0.01958669182595576
9.268298233793494	0.0194388468027351
9.289663867799362	0.019291970623944072
9.311078754678306	0.01914606001162228
9.33254300796991	0.019001111574707723
9.354056741475521	0.018857121807733458
9.375620069258803	0.01871408708951288
9.39723310564638	0.018572003681813047
9.418895965228414	0.018430867728016342
9.440608762859236	0.018290675251769927
9.462371613657929	0.018151422155623535
9.484184633008974	0.018013104219654564
9.506047936562814	0.017875717100081675
9.527961640236521	0.01773925632786526
9.549925860214358	0.01760371730729617
9.571940712948447	0.01746909531457133
9.594006315159332	0.017335385496357294
9.616122783836648	0.017202582868340487
9.638290236239705	0.017070682313765066
9.660508789898136	0.01693967858195758
9.68277856261249	0.01680956628683881
9.7050996724549	0.0166803399054221
9.727472237769652	0.01655199377629896
9.749896377173872	0.016424522098110742
9.772372209558107	0.016297918928007412
9.79489985408699	0.016172178180092187
9.817479430199844	0.016047293623853088
9.84011105761134	0.01592325888258018
9.862794856312105	0.01580006743176929
9.885530946569391	0.015677712597511443
9.908319448927676	0.015556187554868484
9.93116048420934	0.015435485326234124
9.954054173515269	0.01531339213133683
9.977000638225535	0.01519168165003294
10.	0.015070765579111713
10.023052380778994	0.014950642687188816
10.046157902783957	0.014831311670280775
10.069316688518045	0.014712771150930249
10.092528860766844	0.01459501967732283
10.115794542598982	0.014478055722396386
10.1391138573668	0.014361877682941882
10.16248692870696	0.014246483878696582
10.18591388054117	0.014131872551428315
10.209394837076797	0.01401804186401204
10.232929922807546	0.013904989899497795
10.256519262514079	0.013792714660170503
10.280162981264736	0.013681214066600795
10.303861204416158	0.01357048595668777
10.32761405761398	0.013460528084692818
10.351421666793442	0.013351338120265148
10.375284158180126	0.013242913647457936
10.39920165829059	0.01313525216373617
10.423174293933046	0.013028351078975422
10.447202192208003	0.012922207714451716
10.471285480508996	0.012816819301822055
10.495424286523221	0.01271218298209625
10.519618738232236	0.012608295804599257
10.543868963912592	0.01250515472592453
10.568175092136585	0.012402756608877588
10.592537251772887	0.012301098221410647
10.616955571987253	0.012200176235547455
10.641430182243164	0.01209998722629886
10.665961212302578	0.01200052767056826
10.690548792226577	0.0119017939460478
10.71519305237607	0.011803782330104533
10.739894123412451	0.011706488998656929
10.76465213629835	0.011609910025040984
10.789467222298287	0.011514041378866819
10.814339512979387	0.011418878924864793
10.83926914021204	0.011324418421721764
10.864256236170656	0.011230655520906607
10.889300933334333	0.011137585765485852
10.91440336448757	0.011045204588928537
10.939563662720943	0.010953507313900898
10.964781961431852	0.010862489151049981
10.990058394325208	0.010772145197776983
11.015393095414156	0.010682470436999554
11.040786199020735	0.010593459735903563
11.066237839776663	0.010505107844683403
11.091748152624008	0.010417409395271754
11.117317272815919	0.010330358900057963
11.142945335917304	0.010243950750595393
11.168632477805613	0.010156478074104993
11.194378834671515	0.010069307994449456
11.220184543019629	0.009982757656686657
11.24604973966927	0.009896825869362948
11.271974561755105	0.009811511381764615
11.297959146727976	0.009726812883212211
11.324003632355566	0.009642729002348992
11.350108156723154	0.009559258306422644
11.37627285823431	0.00947639930056072
11.402497875611685	0.009394150427039276
11.428783347897712	0.009312510064545112
11.45512941445536	0.009231476527431302
11.481536214968829	0.009151048064966154
11.508003889444357	0.009071222860575082
11.534532578210918	0.008991999031076022
11.561122421920993	0.008913374625907775
11.587773561551263	0.008835347626351646
11.614486138403427	0.008757915944745755
11.641260294104908	0.00868107742369266
11.66809617060963	0.008604829835259687
11.694993910198711	0.008529170880172346
11.721953655481304	0.008454098187000162
11.748975549395292	0.00837960931133566
11.776059735208078	0.008305701734965736
11.803206356517299	0.008232372865035907
11.830415557251646	0.00815962003320684
11.857687481671597	0.008087440494803595
11.88502227437019	0.008015831427957277
11.91242008027375	0.007944789932739116
11.93988104464273	0.00787431303028664
11.967405313072431	0.007804397661922446
11.994993031493793	0.007735040688264917
12.02264434617413	0.007666238888331309
12.050359403717973	0.007597988958632602
12.078138351067798	0.007530287512260668
12.10598133550483	0.007463131077967228
12.133888504649775	0.007396516099234845
12.161860006463678	0.007330438933339456
12.189895989248662	0.007264895850404953
12.217996601648723	0.00719988303244932
12.246161992650489	0.0071353965724225005
12.274392311584071	0.007071432473235591
12.30268770812381	0.007007986646781788
12.331048332289097	0.006945054912948613
12.359474334445107	0.006882632998621639
12.387965865303691	0.0068207165366792255
12.416523075924106	0.006759301064978795
12.445146117713856	0.00669838202533402
12.473835142429433	0.006637954762483328
12.5025903021772	0.006578014523049104
12.531411749414156	0.006517143562137962
12.560299636948754	0.006456477260804849
12.589254117941675	0.006396278937183362
12.618275345906707	0.006336547515769569
12.64736347471151	0.006277281874255998
12.67651865857846	0.006218480842980776
12.705741052085418	0.006160143204371992
12.735030810166617	0.006102267692386753
12.764388088113435	0.0060448529919454805
12.793813041575252	0.00598789773836095
12.823305826560219	0.005931400516762352
12.852866599436155	0.005875359861513967
12.882495516931336	0.005819774255628823
12.912192736135347	0.005764642130177002
12.941958414499863	0.005709961863688787
12.971792709839558	0.0056557317815522
13.001695780332899	0.005601950155405451
13.031667784523	0.005548615202523761
13.061708881318419	0.0054957250852009365
13.09181922999407	0.005443277910125129
13.121998990192028	0.005391271727749299
13.15224832192239	0.0053397045316559665
13.182567385564074	0.005288574257916419
13.212956341865752	0.005237878784444037
13.243415351946643	0.005187615930342075
13.273944577297401	0.005137783455245566
13.304544179780914	0.005088379058657505
13.33521432163324	0.005039400379278961
13.365955165464419	0.004990844994333484
13.396766874259358	0.0049427104188854015
13.427649611378643	0.004894994105152243
13.458603540559483	0.0048476934418109
13.489628825916533	0.004800805753297861
13.52072563194278	0.004754328299103192
13.551894123510364	0.004708258273058419
13.583134465871542	0.004662592802617929
13.614446824659497	0.004617328948134328
13.645831365889252	0.004572463702127252
13.677288255958494	0.004527993988545939
13.708817661648537	0.004483916662025112
13.740419750125149	0.004440228507134599
13.772094688939474	0.004396926237622205
13.803842646028853	0.004354006495650163
13.83566378971781	0.004311465851024663
13.867558288718882	0.0042693008004188885
13.89952631213354	0.004227507766589187
13.931568029453036	0.004186083097584472
13.963683610559377	0.004145023065948613
13.995873225726179	0.0041043238679160515
14.028137045619589	0.004063981622600334
14.060475241299143	0.004022824146131841
14.092887984218748	0.003981790265767155
14.12537544622754	0.0039410977631184245
14.157937799570824	0.0039007458148011542
14.190575216890926	0.003860733562988523
14.223287871228198	0.003821060115007587
14.25607593602188	0.0037817245429320446
14.288939585111036	0.00374272588317124
14.321878992735439	0.0037040631360555337
14.35489433353656	0.003665735265417838
14.387985782558452	0.0036277411981715116
14.421153515248696	0.003590079823884444
14.45439770745928	0.003552749994349339
14.487718535447618	0.003515750523150062
14.52111617587742	0.0034790801852242516
14.554590805819668	0.003442737716421912
14.58814260275349	0.00340672181306019
14.621771744567184	0.0033710311314740127
14.655478409559112	0.0033356642875628974
14.689262776438676	0.0033006198563336107
14.723125024327194	0.0032658963714388787
14.757065332758946	0.0032314923247118476
14.791083881682072	0.003197406165696542
14.825180851459544	0.003163636301174108
14.859356422870075	0.003130181094684915
14.893610777109155	0.0030970388660463213
14.92794409578996	0.0030642078908662746
14.962356560944343	0.0030316864000525657
14.99684835502374	0.0029994725793178367
15.031419660900225	0.002967564568680053
15.066070661867418	0.0029359604619587586
15.100801541641477	0.0029046583062667837
15.135612484362087	0.00287365610149751
15.170503674593368	0.0028429517998077034
15.205475297324954	0.0028125433050956404
15.240527537972907	0.002782428472474817
15.275660582380732	0.002752605107742956
15.310874616820303	0.002723070966846443
15.346169827992941	0.0026938237553399444
15.381546403030342	0.002664861127841431
15.4170045294956	0.0026361806874823576
15.452544395384141	0.002607779985353132
15.488166189124811	0.0025796565199436017
15.523870099580817	0.0025518077365788107
15.55965631605075	0.0025242310268497516
15.595525028269538	0.0024969237280392373
15.631476426409538	0.0024698831225426726
15.667510701081484	0.002443106437283907
15.70362804333553	0.0024165908431259308
15.739828644662197	0.0023903334542765544
15.776112696993485	0.002363479145574281
15.812480392703826	0.002336712705304947
15.848931924611142	0.0023101929420393168
15.88546748597779	0.0022839191987161687
15.9220872705117	0.0022578907927390582
15.95879147236732	0.00223210701567935
15.995580286146694	0.002206567132976496
16.032453906900418	0.002181270383635716
16.069412530128773	0.002156215979922826
16.106456351782697	0.002131403107056483
16.143585568264868	0.002106830922897573
16.18080037643066	0.002082498557635924
16.218100973589298	0.002058405113474094
16.255487557504836	0.0020345496643084486
16.292960326397232	0.0020109312554073373
16.330519478943348	0.0019875489030864602
16.368165214278086	0.0019644015943812605
16.40589773199539	0.0019414882867164807
16.443717232149325	0.001918807907572753
16.481623915255085	0.0018963593541502723
16.51961798229015	0.0018741414930293972
16.557699634695275	0.001852153159828344
16.595869074375614	0.0018303931588577866
16.634126503701697	0.0018088602627724692
16.672472125510627	0.00178755321221965
16.71090614310707	0.0017664707154845163
16.749428760264383	0.0017456114481324424
16.788040181225607	0.0017249740526481395
16.82674061070467	0.0017045571380715292
16.865530253887407	0.0016843592796305193
16.90440931643265	0.0016643790183705038
16.94337800447329	0.0016446148607806301
16.982436524617444	0.0016250652784167467
17.0215850839495	0.001605728707521094
17.060823890031244	0.001586603548638624
17.10015315090288	0.0015676881662300324
17.139573075084254	0.001548980888281287
17.179083871575877	0.0015304800059098647
17.21868574986008	0.0015121837729674694
17.25837891990204	0.0014940904056393622
17.298163592151013	0.0014761980820400887
17.338039977541374	0.001458504941805793
17.378008287493763	0.0014410090856829209
17.418068733916144	0.0014237085751133973
17.458221529205037	0.001406601431816115
17.498466886246565	0.0013896856373648828
17.53880501841762	0.0013729591327626574
17.579236139586932	0.001356419818012116
17.619760464116293	0.0013400655516824635
17.66037820686164	0.0013238941504725434
17.70108958317422	0.001307304662982966
17.741894808901662	0.0012907780475161028
17.78279410038923	0.0012744257176209065
17.82378767448089	0.0012582470473985847
17.864875748520518	0.001242241390845294
17.906058540352948	0.001226408081623213
17.947336268325266	0.00121074643282948
17.988709151287875	0.0011952557367631653
18.030177408595698	0.001179935264690124
18.071741260109274	0.0011647842666057898
18.113400926196025	0.0011498019709958185
18.15515662773135	0.0011349875845946527
18.197008586099845	0.0011203402921419216
18.238957023196384	0.0011058592561367171
18.281002161427427	0.001091543616589638
18.323144223712113	0.0010773924907727006
18.365383433483473	0.0010634049729670073
18.407720014689563	0.0010495801342082234
18.450154191794738	0.0010359170220297525
18.492686189780777	0.001022414660203711
18.535316234148123	0.0010090720484795786
18.57804455091699	0.000995888162320603
18.620871366628677	0.0009828619526378118
18.663796908346693	0.0009699923455217625
18.706821403658015	0.0009572782419718978
18.74994508067419	0.0009447185176235656
18.793168168032686	0.0009323120224725904
18.836490894898002	0.0009200575805974981
18.879913490962945	0.000907953989879267
18.92343618644976	0.0008960000217186753
18.967059212111465	0.000884194420751123
19.010782799232995	0.0008725359045590216
19.054607179632484	0.0008610231633816413
19.098532585662387	0.0008496548598224722
19.14255925021086	0.0008384296285539798
19.18668740670289	0.0008273460760198486
19.230917289101594	0.000816402780134612
19.275249131909366	0.0008055982899806976
19.31968317016924	0.0007949311255028016
19.364219639466068	0.0007843997771996658
19.408858775927794	0.0007740027058131466
19.453600816226633	0.0007637383420146351
19.498445997580454	0.0007536050860887046
19.543394557753942	0.0007436013076140891
19.58844673505991	0.0007337253451418617
19.633602768360475	0.000723975505870879
19.67886289706845	0.0007143500653203738
19.724227361148536	0.000704847266999772
19.76969640111862	0.0006954653220756526
19.81527025805099	0.000686202409035851
19.860949173573715	0.0006765538538999262
19.906733389871864	0.0006669235902318534
19.952623149688808	0.0006574052046061725
19.998618696327448	0.0006479981936966192
20.044720273651613	0.0006387020399364906
20.090928126087277	0.0006295162113591496
20.137242498623895	0.000620440161437087
20.183663636815616	0.0006114733289195903
20.23019178678272	0.0006026151376689331
20.276827195212817	0.000593864996495163
20.32357010936221	0.0005852222989894071
20.37042077705719	0.0005766864233557114
20.417379446695296	0.0005682567322414169
20.46444636724674	0.0005599325725660074
20.511621788255646	0.0005517132753484853
20.558905959841425	0.0005435981555332145
20.606299132700006	0.0005355865118142511
20.65380155810529	0.0005276776264581032
20.701413487910415	0.0005198707651249653
20.749135174549107	0.0005121651766883756
20.79696687103696	0.0005045600930533095
20.844908830972887	0.0004970547289726491
20.892961308540386	0.0004896482818620883
20.941124558508935	0.00048233993161339605
20.989398836235246	0.0004751288404060786
21.03778439766475	0.00046801415251735947
21.086281499332888	0.00046099499413054096
21.134890398366476	0.00045407047314168533
21.183611352485023	0.00044723967896462095
21.23244462000219	0.00044050168233423777
21.28139045982711	0.00043385553510809534
21.330449131465773	0.00042730027006629943
21.379620895022324	0.0004208349007096587
21.428906011200585	0.0004144584210560622
21.47830474130533	0.0004081698054351303
21.527817347243737	0.00040196800828106566
21.57744409152667	0.0003958519639237381
21.6271852372702	0.00038982058637793284
21.67704104819694	0.00038387276913080944
21.727011788637455	0.0003780073849275161
21.77709772353159	0.0003722232855549671
21.827299118430012	0.0003665193016237372
21.87761623949552	0.0003608942423481046
21.9280493535045	0.0003553468953241894
21.978598727848254	0.000349876026306198
22.02926463053456	0.00034448037898072683
22.080047330188993	0.0003391586747391516
22.13094709605639	0.00033390961244805475
22.181964198002195	0.0003287318682176977
22.23309890651403	0.00032362409516848936
22.28435149270303	0.00031820032275183685
22.335722228305325	0.0003127695652622394
22.3872113856834	0.000307403458457692
22.438819237827662	0.0003021016719841642
22.490546058357804	0.0002968638667212951
22.542392121524305	0.0002916896946850828
22.59435770220978	0.0002865787989297319
22.646443075930595	0.00028153081344860806
22.698648518838212	0.00027654536307434734
22.750974307720718	0.00027162206337807206
22.803420720004187	0.0002667605205677311
22.8559880337543	0.0002619603313855287
22.908676527677724	0.0002572210830044718
22.961486481123632	0.00025254235292399945
23.01441817408509	0.0002479237088647094
23.06747188720069	0.0002433647086621403
23.12064790175594	0.00023886490015964784
23.173946499684796	0.00023442382110033208
23.227367963571073	0.00023004099901802966
23.280912576650078	0.00022571595112733873
23.33458062281002	0.0002214481842127012
23.38837238659356	0.0002172371945165101
23.442288153199225	0.00021308246762625035
23.49632820848307	0.00020898347836064207
23.55049283896009	0.00020493969065481113
23.604782331805783	0.0002009505574444509
23.65919697485759	0.00019701552054899116
23.71373705661655	0.0001931340105537335
23.76840286624876	0.0001893054466909838
23.823194693586913	0.000185529236720148
23.878112829131783	0.00018180477680679376
23.933157564053875	0.0001781314514006574
23.9883291901949	0.00017450863311260643
24.043628000069347	0.00017093568259053638
24.099054286865954	0.00016741194839420083
24.154608344449404	0.00016393676686895085
24.210290467361776	0.00016050946201840065
24.266100950824168	0.00015712934537598776
24.32204009073816	0.0001537957158754384
24.378108183687527	0.00015050785972010324
24.434305526939713	0.000147265050251188
24.49063241844747	0.00014406654781484146
24.547089156850312	0.00014091159962811414
24.603676041476273	0.00013779943964375394
24.660393372343385	0.00013472928841385664
24.717241450161318	0.00013170035295234249
24.774220576332862	0.0001287118265962653
24.831331052955704	0.00012576288886592002
24.888573182823905	0.00012285270532377306
24.94594726942956	0.00011998042743217729
25.003453616964322	0.0001171451924098838
25.06109253032114	0.00011434612308731629
25.118864315095795	0.00011158232776062759
25.17676927758857	0.00010885290004450441
25.234807724805755	0.00010615691872372965
25.29297996446145	0.00010349344760346981
25.35128630497907	0.0001008615353583034
25.409727055493065	0.00009826021537996077
25.46830252585042	0.00009568850562378027
25.527013026612472	0.00009314540845384966
25.58585886905645	0.00009062991048685002
25.64484036517719	0.00008814098243456808
25.703957827688647	0.00008567757894508548
25.763211570025756	0.00008323863844261355
25.82260190634596	0.00008082308296598605
25.88212915153093	0.00007842981800578152
25.94179362118815	0.00007605773234007894
26.001595631652723	0.00007370569786881692
26.06153549998895	0.00007137256944676874
26.12161354399208	0.0000690571847151035
26.18183008218986	0.00006675836393153764
26.24218543384442	0.00006447490979904573
26.302679918953814	0.00006220560729314427
26.363313858253814	0.00005994922348771664
26.424087573219474	0.000057704507379383776
26.485001386067008	0.000055470189710389795
26.54605561975539	0.00005324498279001482
26.607250597988113	0.000051027580314483666
26.668586645214805	0.00004881665718537419
26.730064086633117	0.000046610869326494385
26.791683248190314	0.00004440885349924054
26.85344445658509	0.00004220922711640334
26.915348039269166	0.00004001058805442708
26.977394324449207	0.00003781151446409029
27.039583641088434	0.00003561056457961792
27.101916318908415	0.00003340627652619611
27.164392688390837	0.000031197168125883576
27.227013080779127	0.000028981736701911977
27.289777828080403	0.00002675845888134676
27.35268726306711	0.000024525790396116853
27.415741719278834	0.000022282165882385323
27.478941531023974	0.000020025998678256966
27.542287033381662	0.000017755680619799024
27.605778562203447	0.000015469581835376446
27.669416454115126	0.00001316605053827758
27.73320104651841	0.000010843412817625637
27.797132677592884	8.499972427548842e-6
27.861211686297693	6.134010574614404e-6
27.925438412373392	3.743785703497783e-6
27.98981319634363	1.327533280885771e-6