0.1	4.798096690452077
0.10023052380778996	4.793891524292094
0.10046157902783952	4.789685958730065
0.10069316688518042	4.7854799899733225
0.10092528860766845	4.781273613889913
0.10115794542598985	4.777066826004088
0.10139113857366794	4.772859621491758
0.10162486928706957	4.768651995175897
0.1018591388054117	4.7644439415219075
0.102093948370768	4.7602354546329355
0.10232929922807542	4.756026528245152
0.10256519262514076	4.751817155722977
0.10280162981264736	4.7476073300542705
0.10303861204416162	4.743397043845471
0.10327614057613975	4.739186289316685
0.10351421666793438	4.734975058296746
0.10375284158180126	4.730763342218202
0.10399201658290592	4.726551132112284
0.10423174293933042	4.722338418603806
0.10447202192208001	4.718125191906026
0.10471285480508996	4.713911441815459
0.10495424286523224	4.709697157706639
0.1051961873823223	4.705482328526839
0.1054386896391259	4.701266942790726
0.10568175092136585	4.697050988574987
0.10592537251772889	4.6928344535128925
0.10616955571987247	4.688617324788806
0.10641430182243161	4.684399589132654
0.10665961212302578	4.680176135584953
0.1069054879222658	4.6759491600158265
0.10715193052376065	4.67172151121951
0.10739894123412448	4.667493193345732
0.1076465213629835	4.663264210329399
0.10789467222298288	4.659034565887329
0.1081433951297938	4.654804263514952
0.10839269140212036	4.650573306482967
0.10864256236170655	4.64634169783399
0.10889300933334335	4.642109440379142
0.10914403364487565	4.6378765366946215
0.10939563662720939	4.633642989118234
0.1096478196143185	4.629408799745893
0.10990058394325211	4.625173970428087
0.11015393095414151	4.620938502766301
0.11040786199020733	4.616702398109422
0.11066237839776664	4.612465657550088
0.11091748152624012	4.608228281921023
0.11117317272815914	4.603990271791316
0.11142945335917301	4.599751627462677
0.11168632477805612	4.595512348965657
0.11194378834671516	4.591272436055819
0.11220184543019636	4.587031888209886
0.11246049739669266	4.5827907046218455
0.11271974561755105	4.578548884199015
0.11297959146727979	4.5743064255580705
0.11324003632355571	4.570063327021039
0.11350108156723152	4.565819586611252
0.1137627285823431	4.561575202049256
0.11402497875611688	4.557330170748691
0.11428783347897718	4.55308448981212
0.11455129414455358	4.548838156026829
0.1148153621496883	4.544591165860576
0.11508003889444356	4.540343515457313
0.11534532578210924	4.536095200632851
0.11561122421920987	4.531846216870498
0.11587773561551262	4.527596559316645
0.11614486138403426	4.523346222776319
0.11641260294104915	4.5190952017086845
0.11668096170609624	4.514843490222512
0.11694993910198712	4.510591082071595
0.11721953655481303	4.506337970650131
0.11748975549395298	4.502084148988049
0.11776059735208072	4.497829609746311
0.11803206356517298	4.4935743452121395
0.11830415557251646	4.489318347294239
0.118576874816716	4.485061607517932
0.11885022274370183	4.480804117020285
0.11912420080273747	4.476545866545164
0.1193988104464273	4.472286846438252
0.11967405313072434	4.468022521171272
0.11994993031493788	4.46375484244016
0.12022644346174129	4.459486341631239
0.12050359403717974	4.455217024576441
0.120781383510678	4.4509468969219075
0.12105981335504823	4.446675964125004
0.12133888504649772	4.442404231451325
0.12161860006463679	4.438131703971646
0.12189895989248664	4.4338583865588665
0.12217996601648717	4.429584283884907
0.12246161992650487	4.425309400417582
0.12274392311584072	4.421033740417442
0.12302687708123815	4.416757307934577
0.1233104833228909	4.412480106805405
0.12359474334445104	4.408202140649404
0.1238796586530369	4.403923412865837
0.1241652307592411	4.3996439266304215
0.1244514611771385	4.395363684891986
0.12473835142429429	4.391082690369079
0.125025903021772	4.386800945546555
0.1253141174941416	4.382518452672116
0.1256029963694875	4.378235213752833
0.12589254117941673	4.373951230551618
0.12618275345906707	4.369666504583672
0.12647363474711512	4.365381037112899
0.12676518658578456	4.361094829148271
0.12705741052085415	4.356807881440182
0.12735030810166617	4.352520194476737
0.12764388088113438	4.348231768480031
0.12793813041575247	4.343942603402377
0.12823305826560213	4.339652698922502
0.12852866599436155	4.3353620544417
0.1288249551693134	4.331070669079965
0.12912192736135342	4.326778541672064
0.1294195841449986	4.322485670763582
0.12971792709839558	4.3181920546069446
0.13001695780332903	4.313897691157367
0.13031667784522993	4.309602578068801
0.13061708881318415	4.305306712689816
0.1309181922999407	4.3010100920594585
0.13121998990192033	4.29671271290306
0.13152248321922383	4.292414571628008
0.1318256738556407	4.288115664319482
0.1321295634186575	4.283815986736145
0.13243415351946647	4.279515534305789
0.13273944577297395	4.275214302120943
0.1330454417978091	4.270912284934453
0.1333521432163324	4.2666094771549865
0.13365955165464422	4.26230587284253
0.1339676687425935	4.258001465703826
0.1342764961137864	4.253692558180159
0.13458603540559483	4.249380743568282
0.13489628825916536	4.245068087921903
0.13520725631942773	4.240754597459068
0.1355189412351036	4.236440278215226
0.1358313446587154	4.232125136040285
0.136144468246595	4.227809176595615
0.13645831365889247	4.2234924053510445
0.13677288255958492	4.219174827581808
0.13708817661648537	4.214856448365468
0.13740419750125152	4.21053727257881
0.13772094688939465	4.206217304894702
0.1380384264602885	4.201896549778933
0.1383566378971781	4.197575011486999
0.13867558288718884	4.193252694060878
0.13899526312133534	4.188929601325762
0.13931568029453031	4.1846057368867635
0.13963683610559377	4.1802811041255765
0.13995873225726183	4.1759557061971195
0.14028137045619582	4.17162954602614
0.1406047524129914	4.167302626303782
0.14092887984218747	4.162974949484116
0.14125375446227545	4.158646517780655
0.14157937799570816	4.154317333162809
0.14190575216890922	4.149987397352325
0.142232878712282	4.145656711819683
0.14256075936021884	4.1413252777804574
0.1428893958511103	4.1369930961916515
0.14321878992735435	4.132660167747977
0.1435489433353656	4.1283264928781165
0.14387985782558455	4.123992071740947
0.14421153515248689	4.119656904221712
0.14454397707459277	4.11532098992817
0.14487718535447616	4.11098432818671
0.14521116175877424	4.10664691803841
0.14554590805819662	4.102308758235077
0.14588142602753484	4.097969847235237
0.14621771744567183	4.09363018320009
0.14655478409559117	4.089289763989433
0.1468926277643867	4.084948587157527
0.1472312502432719	4.08060664994894
0.14757065332758945	4.076263949294349
0.14791083881682077	4.071920481806285
0.14825180851459538	4.0675762437748615
0.1485935642287007	4.0632312311634475
0.14893610777109154	4.058885439604295
0.14927944095789963	4.054538864394142
0.14962356560944334	4.050191500489755
0.1499684835502373	4.045843342503449
0.15031419660900225	4.041494384698536
0.15066070661867417	4.037140363951912
0.15100801541641484	4.032783119587096
0.1513561248436208	4.028425036258461
0.1517050367459337	4.024066122900794
0.15205475297324955	4.019706388300458
0.15240527537972914	4.015345841092744
0.15275660582380723	4.0109844897592035
0.15310874616820302	4.006622342624954
0.15346169827992942	4.002259407855955
0.1538154640303035	3.997895693456252
0.15417004529495593	3.9935312072652014
0.1545254439538414	3.989165956954657
0.1548816618912481	3.9847999500261375
0.15523870099580825	3.9804331938079547
0.15559656316050743	3.9760656954523257
0.15595525028269538	3.9716974619324388
0.15631476426409538	3.9673285000395078
0.15667510701081494	3.9629588163797793
0.15703628043335524	3.958588417371528
0.15739828644662196	3.9542173092420017
0.15776112696993486	3.9498454980243523
0.15812480392703834	3.9454729895545264
0.15848931924611134	3.9410997894681308
0.15885467485977792	3.936725903197256
0.159220872705117	3.932351335967287
0.15958791472367329	3.9279760927936573
0.15995580286146688	3.923600178478592
0.16032453906900418	3.9192235976078096
0.1606941253012877	3.9148463545471888
0.16106456351782708	3.9104684534394027
0.16143585568264862	3.9060898982005314
0.16180800376430657	3.9017106925166187
0.16218100973589297	3.897330839840217
0.16255487557504839	3.892950343386885
0.16292960326397224	3.888569206131652
0.16330519478943342	3.8841874308054556
0.16368165214278085	3.879805019891533
0.16405897731995392	3.8754219756217845
0.16443717232149316	3.8710382999730992
0.1648162391525508	3.866653994663646
0.1651961798229015	3.8622690611491244
0.1655769963469528	3.8578835006189807
0.16595869074375605	3.8534973139925963
0.16634126503701693	3.849110501915415
0.16672472125510626	3.8447230647550654
0.16710906143107074	3.8403350025974134
0.16749428760264373	3.835946315242603
0.16788040181225602	3.8315570022010395
0.16826740610704674	3.827167062689346
0.16865530253887412	3.8227764956262726
0.16904409316432642	3.81838178171665
0.16943378004473283	3.813984444573647
0.16982436524617442	3.8095864584485133
0.17021585083949506	3.805187834342791
0.17060823890031235	3.800788583124129
0.17100153150902875	3.796388715523736
0.17139573075084252	3.791988242133812
0.17179083871575881	3.787587173404941
0.1721868574986007	3.783185519643467
0.17258378919902034	3.7787832910088373
0.17298163592151014	3.7743804975109176
0.17338039977541378	3.769977149007287
0.17378008287493754	3.765573255200491
0.17418068733916142	3.7611688256352815
0.17458221529205037	3.7567638696958205
0.1749846688624657	3.7523583966028484
0.1753880501841761	3.747952415410843
0.17579236139586926	3.7435459350051232
0.1761976046411629	3.739138964098951
0.17660378206861643	3.734731511230576
0.17701089583174212	3.730323584760276
0.17741894808901656	3.7259151928673435
0.1778279410038923	3.721506343547064
0.17823787674480895	3.717097044607642
0.17864875748520506	3.7126873036671135
0.17906058540352943	3.708277128150222
0.17947336268325265	3.7038665252852514
0.1798870915128788	3.699455502100846
0.1803017740859569	3.6950440654227883
0.1807174126010927	3.6906322218707386
0.18113400926196024	3.686219977854955
0.18155156627731356	3.681807339572973
0.18197008586099836	3.6773943130062494
0.18238957023196378	3.672980903916784
0.1828100216142743	3.6685671178436894
0.18323144223712115	3.6641529600997456
0.18365383433483465	3.6597384357679075
0.18407720014689558	3.6553235496977825
0.18450154191794738	3.650908306502075
0.18492686189780783	3.64649271055299
0.18535316234148114	3.6420767659786075
0.18578044550916986	3.6376604766592155
0.18620871366628675	3.633243846223611
0.186637969083467	3.6288268780453627
0.18706821403658005	3.6244095752390377
0.18749945080674188	3.6199919406563894
0.18793168168032684	3.6155739768825104
0.18836490894898006	3.6111556862319474
0.18879913490962935	3.606737070744775
0.18923436186449755	3.6023181321826354
0.18967059212111465	3.5978957726416168
0.19010782799233	3.593471337150562
0.19054607179632474	3.5890465677465224
0.1909853258566238	3.5846214767687394
0.19142559250210858	3.580196076420631
0.19186687406702896	3.575770378767158
0.19230917289101584	3.57134439573217
0.1927524913190936	3.566918139095717
0.1931968317016924	3.5624916204913397
0.19364219639466074	3.558064851403328
0.19408858775927784	3.553637843163949
0.19453600816226624	3.5492106069506524
0.19498445997580455	3.5447831537832375
0.19543394557753943	3.5403554945210036
0.195884467350599	3.535927639859858
0.19633602768360464	3.5314996003294055
0.1967886289706845	3.527071386289994
0.19724227361148533	3.52264300792975
0.19769696401118608	3.5182144752615607
0.1981527025805098	3.5137857981200438
0.19860949173573716	3.509356986158475
0.19906733389871864	3.5049280488456924
0.19952623149688797	3.5004989954629586
0.1999861869632744	3.4960698351008026
0.20044720273651614	3.4916405766558234
0.2009092812608728	3.4872112288274613
0.20137242498623883	3.482781800114737
0.20183663636815607	3.4783522988129576
0.2023019178678272	3.473922733010393
0.20276827195212818	3.4694931105849127
0.20323570109362218	3.4650634392005912
0.2037042077705718	3.460633726304284
0.20417379446695297	3.4562039791221606
0.20464446367246739	3.451774204656209
0.20511621788255657	3.4473444096807038
0.20558905959841414	3.4429146007386406
0.20606299132700007	3.438484784138126
0.20653801558105292	3.434054965948752
0.20701413487910425	3.429625151997904
0.20749135174549097	3.4251953478670645
0.2079696687103696	3.4207655588880557
0.20844908830972886	3.41633579013926
0.20892961308540398	3.411906046441791
0.20941124558508925	3.4074763323556394
0.20989398836235246	3.4030466521757714
0.21037784397664752	3.398617009928192
0.21086281499332898	3.3941874093659687
0.21134890398366465	3.389757853965223
0.2118361135248502	3.385328346921067
0.21232444620002192	3.3808988911435196
0.21281390459827124	3.376466226794151
0.21330449131465762	3.3720317707432783
0.21379620895022325	3.3675973577664893
0.21428906011200585	3.363163001940676
0.21478304741305343	3.358728717208139
0.21527817347243727	3.3542945173739014
0.21577444091526668	3.3498604161029926
0.21627185237270202	3.345426426917708
0.21677041048196952	3.3409925631948347
0.21727011788637443	3.3365588381628513
0.2177709772353159	3.3321252648990973
0.21827299118430013	3.327691856326913
0.2187761623949553	3.323258625212752
0.21928049353504486	3.3188255841632595
0.21978598727848253	3.3143927456223206
0.2202926463053456	3.309960121868086
0.22080047330189004	3.3055277250099517
0.22130947096056375	3.301095566985528
0.22181964198002194	3.2966636595575545
0.2223309890651403	3.2922320143108004
0.22284351492703042	3.287800642648929
0.22335722228305316	3.2833695557913245
0.223872113856834	3.2789387647698893
0.22438819237827662	3.274508280425817
0.2249054605835781	3.2700781134063135
0.22542392121524293	3.265648274161307
0.22594357702209775	3.2612187729401065
0.22646443075930595	3.256789619788036
0.2269864851883822	3.2523608245430333
0.22750974307720706	3.2479323968322125
0.2280342072000418	3.24350434606839
0.22855988033754301	3.240307640336675
0.2290867652767773	3.2371610850536023
0.2296148648112362	3.234014115307107
0.23014418174085083	3.2308666977205336
0.2306747188720069	3.2277187982470865
0.23120647901755947	3.2245703821624696
0.23173946499684786	3.2214214140574677
0.2322736796357107	3.218271857830453
0.23280912576650079	3.2151216766798343
0.23334580622810028	3.2119708330964363
0.23388372386593548	3.2088192888558087
0.2344228815319922	3.205667005010474
0.23496328208483072	3.2025139418820983
0.23550492838960096	3.1993600590536038
0.2360478233180577	3.196205315361201
0.23659196974857583	3.1930496688863617
0.23713737056616552	3.1898930769477105
0.23768402866248767	3.186735496092855
0.23823194693586902	3.1835768820901396
0.23878112829131776	3.180407526902049
0.23933157564053875	3.1772315744222146
0.23988329190194904	3.174054406407339
0.24043628000069334	3.170876012001088
0.24099054286865948	3.167696380033742
0.24154608344449405	3.164515499018398
0.2421029046736178	3.161333357147141
0.24266100950824154	3.1581499422871784
0.24322040090738153	3.1549652419769414
0.24378108183687525	3.1517792434221468
0.2443430552693972	3.1485919334918244
0.24490632418447456	3.145403298714312
0.24547089156850305	3.142213325273201
0.24603676041476275	3.139021999003267
0.24660393372343392	3.1358293053863355
0.24717241450161304	3.1326352295471347
0.24774220576332856	3.129439756249095
0.24831331052955705	3.126242869890116
0.2488857318282391	3.123044554498296
0.24945947269429547	3.119844793727619
0.25003453616964316	3.1166435708536
0.2506109253032114	3.1134408687689046
0.251188643150958	3.1102366699789106
0.25176769277588557	3.1070309565972423
0.25234807724805747	3.103823710341258
0.2529297996446145	3.1006149125275
0.25351286304979076	3.0974045440671016
0.25409727055493053	3.0941925854611516
0.2546830252585041	3.090979016796022
0.2552701302661247	3.087763817738647
0.2558585886905646	3.084546967531764
0.25644840365177174	3.0813284449891114
0.2570395782768864	3.0781082284905787
0.25763211570025757	3.0748862959773193
0.25822601906345966	3.07166262494682
0.2588212915153092	3.0684371924479152
0.2594179362118814	3.0652099750757684
0.2600159563165272	3.0619809489668066
0.2606153549998896	3.0587500897936057
0.26121613543992067	3.0555173727597302
0.2618183008218985	3.052282772594533
0.26242185433844417	3.049046263547899
0.26302679918953814	3.0458078193849527
0.263633138582538	3.0425674133807092
0.2642408757321946	3.0393250183146865
0.2648500138606701	3.0360806064654575
0.2654605561975539	3.0328341496051716
0.26607250597988097	3.029585618994009
0.2666858664521479	3.026334985374598
0.26730064086633115	3.0230822189663806
0.2679168324819031	3.019811687674447
0.26853444456585074	3.016530125304958
0.26915348039269155	3.01324626506036
0.26977394324449205	3.0099601340655813
0.2703958364108843	3.006671759713963
0.2710191631890843	3.0033811696692045
0.2716439268839082	3.0000883918673495
0.2722701308077913	2.996793454518762
0.272897778280804	2.9934963861101287
0.27352687263067127	2.9901972154064707
0.27415741719278824	2.9868959714531735
0.2747894153102397	2.983592683578022
0.2754228703338166	2.980287381393262
0.27605778562203465	2.9769800947976597
0.27669416454115114	2.973670853978597
0.2773320104651841	2.9703596894141535
0.27797132677592884	2.9670466318752307
0.2786121168629771	2.963731712427668
0.27925438412373377	2.9604149624343923
0.2798981319634363	2.9570964135575624
0.2805433637951713	2.953776097760747
0.28119008303989407	2.950454047311106
0.28183829312644537	2.94713029478159
0.2824879974915708	2.9438048730531525
0.2831391995799379	2.940477815316984
0.2837919028441557	2.9371491550767534
0.28444611074479154	2.933818926150868
0.285101826750391	2.9304871626747504
0.28575905433749466	2.927153899103131
0.2864177969906581	2.9238191702123486
0.28707805820246907	2.9204830111026814
0.28773984147356696	2.9171454572006774
0.28840315031266056	2.913806544261516
0.2890679882365476	2.9104663083713707
0.28973435877013226	2.907124785949803
0.2904022654464451	2.9037820137521577
0.2910717118066605	2.9004380288719913
0.29174270140011677	2.8970928687434983
0.29241523778433354	2.8937465711439723
0.2930893245250321	2.8903991741962667
0.2937649651961531	2.887050716371288
0.29444216337987617	2.883701236490494
0.29512092266663853	2.8803507737284173
0.29580124665515467	2.876999367615199
0.2964831389524342	2.8736470580391464
0.29716660317380267	2.870293885249301
0.29785164294291894	2.866939889858037
0.298538261891796	2.863585112843655
0.2992264636608189	2.860229595553018
0.29991625189876514	2.85687337970419
0.30060763026282306	2.8535225263340758
0.3013006024186122	2.8501744682061534
0.3019951720402016	2.8468258669162734
0.30269134281013055	2.843476742911291
0.30338911841942706	2.840127116706206
0.3040885025676279	2.8367770088838635
0.3047894989627983	2.833426440094654
0.3054921113215513	2.8300754310562026
0.3061963433690677	2.8267240025530613
0.30690219883911574	2.823372175436381
0.3076096814740708	2.8200199706235853
0.3083187950249354	2.816667409098036
0.30902954325135906	2.8133145119086924
0.309741929921658	2.80996130016976
0.31045595881283555	2.806607795060335
0.31117163371060175	2.8032540178240395
0.3118889584093937	2.799899989768654
0.3126079367123955	2.7965457322657383
0.31332857243155854	2.7931912667502417
0.3140508693876217	2.789836614720117
0.3147748314101316	2.786481797735912
0.31550046233746265	2.7831268374203715
0.31622776601683794	2.7797717554580097
0.3169567463043491	2.776416573594695
0.31768740706497706	2.7730613136372146
0.3184197521726125	2.7697059974528355
0.31915378551007617	2.766350646968857
0.3198895109691398	2.7629952841721517
0.3206269324505466	2.759639931108709
0.3213660538640317	2.756284609883155
0.32210687912834346	2.752929342658274
0.32284941217126356	2.7495741516545213
0.32359365692962827	2.7462190591495226
0.32433961734934924	2.7428640874775705
0.3250872973854344	2.739509259029104
0.3258367010020088	2.7361545962501923
0.32658783217233583	2.7328001216419953
0.3273406948788382	2.7294458577602234
0.328095293113119	2.7260918272145886
0.32885163087598307	2.7227380526682414
0.32960971217745777	2.7193845568372037
0.3303695410368148	2.716031362489788
0.3311311214825911	2.7126784924460114
0.3318944575526104	2.709325969576996
0.33265955329400454	2.705973816804362
0.333426412763235	2.7026220570996107
0.3341950400261143	2.699270713483499
0.33496543915782767	2.6959198090253977
0.3357376142429547	2.692569366842652
0.33651156937549076	2.6892194100999176
0.3372873086588689	2.685876751890573
0.3380648362059816	2.6825384715026095
0.33884415613920255	2.6792007778987745
0.3396252725904084	2.67586366872526
0.3404081897010009	2.6725271413150398
0.34119291162192855	2.669191192683708
0.3419794425137089	2.6658558195252846
0.3427677865464504	2.6625210182079755
0.34355794789987465	2.6591867847699007
0.34434993076333853	2.6558531149147724
0.3451437393358563	2.6525200040075387
0.345939377826122	2.6491874470699837
0.34673685045253166	2.6458554387762905
0.34753616144320587	2.642523973448552
0.34833731503601184	2.639193045052255
0.34914031547858615	2.6358626471917064
0.3499451670283573	2.632532773105428
0.350751873952568	2.629203415661501
0.35156044052829816	2.6258745673528727
0.35237087104248715	2.6225462202926146
0.353183169791957	2.619218366209138
0.3539973410834347	2.6158909964413675
0.35481338923357547	2.612564101933865
0.3556313185689854	2.609237673231911
0.3564511334262443	2.605911700476541
0.35727283815192895	2.6025861733995352
0.35809643710263606	2.59926108131836
0.35892193464500527	2.5959364131310645
0.35974933515574237	2.5926121573111307
0.36057864302164244	2.589288301902273
0.36140986263961333	2.5859648345131934
0.36224299841669866	2.5826417423122856
0.3630780547701014	2.5793190120222915
0.36391503612720716	2.575996629914909
0.36475394692560786	2.5726745818053485
0.36559479161312497	2.5693528530468432
0.36643757464783333	2.566031428525103
0.3672823004980847	2.5627102926527257
0.3681289736425315	2.559389429363547
0.3689775985701504	2.5560688221069494
0.3698281797802663	2.552748453842112
0.37068072178257605	2.5494283070322106
0.37153522909717257	2.546108363638563
0.3723917062545686	2.5427886051147257
0.3732501577957206	2.5394690124005295
0.3741105882720534	2.5361495659160687
0.3749730022454836	2.532830245555631
0.3758374042884442	2.5295110306815722
0.37670379898390893	2.526191900118139
0.377572190925416	2.5228728321452323
0.37844258471709324	2.5195451201818866
0.3793149849736819	2.5162125067592265
0.38018939632056115	2.5128798470554297
0.381065823393773	2.509547149981226
0.3819442708400465	2.5062144243276934
0.38282474331682265	2.502881678764077
0.38370724549227875	2.4995489218355798
0.38459178204535355	2.496216161961138
0.38547835766577176	2.492883407431167
0.38636697705406914	2.4895506664052873
0.3872576449216172	2.4862179469100263
0.3881503659906482	2.482885256836497
0.38904514499428056	2.479552603938053
0.3899419866765434	2.4762199958279183
0.390840895792402	2.4728874399767955
0.3917418771077831	2.4695549437104454
0.3926449353995998	2.466222514207247
0.3935500754557774	2.4628901584957297
0.3944573020752784	2.459557883452079
0.3953666200681279	2.456225695797623
0.39627803425543945	2.452893602096286
0.3971915494694403	2.4495616087520236
0.3981071705534972	2.446229722006222
0.39902490236214205	2.4428979479350863
0.39994474976109745	2.439566292446987
0.4008667176273028	2.436234761279791
0.4017908108489399	2.432903359998156
0.4027170343254591	2.4295720939908123
0.40364539296760493	2.4262409684677997
0.4045758916974427	2.422909988457692
0.40550853544838383	2.4195791588047855
0.40644332916521275	2.4162484841662604
0.40738027780411273	2.412917969009319
0.4083193863326921	2.4095876176082904
0.40926065973001086	2.406257434041707
0.4102041029866068	2.402927422189355
0.41114972110452225	2.399597585729294
0.4120975190973302	2.3962679281348476
0.4130475019901614	2.392938452671564
0.41399967481973043	2.389609162394146
0.4149540426343629	2.3862800601433536
0.41591061049402206	2.3829511485428765
0.4168693834703354	2.379622429996169
0.41783036664662176	2.376293906683263
0.4187935651179184	2.3729655805575467
0.41975898399100753	2.36963745334251
0.4207266283844441	2.3663095265284575
0.4216965034285822	2.3629818013691977
0.422668614265603	2.3596542788786863
0.4236429660495411	2.356326959827653
0.4246195639463129	2.3529949124003786
0.4255984131337431	2.3496602754436187
0.42657951880159267	2.346325819809431
0.4275628861515862	2.342991563930958
0.4285485203974395	2.339657526240116
0.4295364267648873	2.3363237251665034
0.43052661049171065	2.3329901791363086
0.43151907682776525	2.329656906571196
0.43251383103500873	2.3263239258871806
0.4335108783875289	2.3229912554934904
0.43451022417157154	2.3196589137914123
0.4355118736855686	2.316326919173123
0.436515832240166	2.31299529002051
0.4375221051582521	2.3096640447039736
0.4385306977749857	2.306333201581215
0.4395416154378245	2.303002778996013
0.4405548635065533	2.299672795276981
0.4415704473533125	2.2963432687363134
0.44258837236262655	2.2930142176685138
0.44360864393143257	2.2896856603491074
0.4446312674691087	2.286357615033344
0.4456562483975033	2.2830300999548756
0.44668359215096315	2.279703133324427
0.44771330417636257	2.276376733328447
0.4487453899331322	2.2730509181277414
0.449779854893288	2.269725705856096
0.45081670454146017	2.266401114618876
0.4518559443749224	2.2630771624916144
0.4528975799036208	2.2597538675185826
0.4539416166502032	2.2564312477113417
0.4549880601500486	2.253109321047279
0.4560369159512962	2.24978810546813
0.4570881896148751	2.2464676188784787
0.4581418867145335	2.2431478791442405
0.4591980128368686	2.2398289040911337
0.4602565735813561	2.2365107115031253
0.4613175745603794	2.233193319120866
0.46238102139926035	2.2298767446401015
0.46344691973628804	2.226561005710071
0.46451527522274944	2.223246119931881
0.465586093522959	2.219932104856869
0.46665938031428866	2.21661897798494
0.46773514128719823	2.213306756762891
0.46881338214526524	2.2099954585827115
0.46989410860521547	2.2066851007798687
0.47097732639695294	2.2033757006315717
0.47206304126359055	2.200067275355016
0.4731512589614805	2.1967598421056076
0.4742419852602447	2.193453417975172
0.47533522594280536	2.1901480199901373
0.47643098680541573	2.1868468447856406
0.47752927365769093	2.183548530602179
0.4786300923226384	2.1802513080180805
0.47973344863668915	2.176955181743982
0.4808393484497286	2.173660156248517
0.4819477976251274	2.170366235754774
0.4830588020397727	2.167073424236708
0.48417236758409943	2.163781725415525
0.4852885001621211	2.1604911427560327
0.4864072056914617	2.1572016794629456
0.4875284901033864	2.1539133384771674
0.48865235934283363	2.1506261224720276
0.48977881936844625	2.1473400338494844
0.4909078761526032	2.144055074736295
0.492039535681451	2.1407712469801434
0.49317380395493593	2.137488552145731
0.4943106869868355	2.134206991510836
0.4954501908047903	2.130926566062326
0.49659232145033616	2.12764727649214
0.49773708497893604	2.1243691231932273
0.4988844874600123	2.1210921062554484
0.5000345349769786	2.1178162254614388
0.5011872336272724	2.1145414802824294
0.5023425895223872	2.1112678698740317
0.5035006087879049	2.107995393071979
0.5046612975635284	2.1047240483878267
0.505824662003114	2.101453834004619
0.5069907082747043	2.098184747772503
0.5081594425605604	2.094916787204308
0.5093308710571953	2.0916499494710883
0.5105049999754062	2.0883842313976095
0.5116818355403077	2.0851196294578056
0.5128613839913648	2.081856139770186
0.514043651582426	2.0785937580932
0.5152286445817564	2.0753324798205632
0.5164163692720709	2.0720722999765306
0.5176068319505677	2.0688132132111328
0.5188000389289611	2.0655552137953648
0.5199959965335159	2.0622982956163307
0.5211947111050804	2.059042452172339
0.5223961889991198	2.0557876765679595
0.5236004365857502	2.0525339615090266
0.5248074602497725	2.0492812992976024
0.5260172663907061	2.046029681826885
0.5272298614228227	2.042779100576078
0.5284452517751804	2.0395295466052077
0.5296634438916578	2.0362810105498914
0.5308844442309884	2.0330334826160597
0.5321082592667942	2.029786952574629
0.5333348954876209	2.0265414097561236
0.5345643593969717	2.0232908216991725
0.5357966575133416	2.0200377875832474
0.5370317963702527	2.0167856779856614
0.5382697825162883	2.0135345032124965
0.5395106225151276	2.010284273418479
0.5407543229455808	2.007034998604346
0.5420008904016238	2.003786688614188
0.5432503314924332	2.000539353132763
0.5445026528424212	1.9972930016827781
0.5457578610912709	1.9940476436221546
0.5470159628939716	1.9908032881412532
0.5482769649208538	1.9875599442600809
0.5495408738576245	1.9843176208254647
0.5508076964054034	1.9810763265081948
0.5520774392807574	1.9778360698001476
0.5533501092157367	1.9745968590113698
0.5546257129579107	1.9713587022671393
0.5559042572704036	1.9681216075049957
0.5571857489319298	1.9648855824717393
0.5584701947368308	1.9616506347204015
0.5597576014951101	1.9584167716071865
0.5610479760324705	1.9551840002883791
0.5623413251903491	1.9519523277172228
0.5636376558259545	1.9487217606407707
0.5649369748123025	1.9454923055966997
0.5662392890382533	1.9422639689100958
0.5675446054085471	1.9390367566902091
0.5688529308438415	1.9358106748271726
0.5701642722807475	1.932585728988694
0.571478636671867	1.9293619246167109
0.5727960309858292	1.9261392669240136
0.5741164622073276	1.922917760890836
0.5754399373371569	1.9196974112614158
0.5767664633922508	1.9164782225405121
0.5780960474057181	1.9132601989899005
0.5794286964268811	1.9100433446248235
0.580764417521312	1.9068276632104166
0.5821032177708715	1.9036131582580882
0.5834451042737447	1.9003998330218757
0.5847900841444807	1.897187690494758
0.5861381645140288	1.8939767334049342
0.5874893525297767	1.8907669642120712
0.588843655355589	1.8875583851035076
0.5902010801718444	1.8843509979904245
0.591561634175474	1.8811448045039831
0.5929253245799998	1.877939805991417
0.5942921586155727	1.8747360035120924
0.5956621435290105	1.8715333978335325
0.5970352865838369	1.8683319894273969
0.5984115950603197	1.8651317784654278
0.5997910762555094	1.8619283912274478
0.6011737374832781	1.8587237235811547
0.6025595860743578	1.8555202317164068
0.6039486293763798	1.8523179311187734
0.6053408747539136	1.849116837183055
0.6067363295885054	1.8459169652112102
0.6081350012787179	1.8427183304102521
0.6095368972401692	1.839520947890124
0.610942024905572	1.8363248326615569
0.6123503917247736	1.8331299996338983
0.6137620051647943	1.829936463612922
0.6151768727098682	1.8267442392986104
0.6165950018614822	1.823553341282918
0.618016400138416	1.820363784047507
0.6194410750767815	1.8171755819614652
0.6208690342300636	1.8139887492789883
0.6223002851691596	1.8108033001370512
0.6237348354824193	1.8076192485530471
0.6251726927756859	1.8044366084224008
0.6266138646723355	1.8012553935161635
0.628058358813318	1.798075617478575
0.6295061828571976	1.7948972938246053
0.6309573444801934	1.79172043593747
0.6324118513762195	1.7885450570661185
0.633869711256927	1.785371170322696
0.6353309318517437	1.782198788679981
0.6367955209079159	1.7790279249687944
0.6382634861905487	1.775858591875383
0.6397348354826482	1.7726908019387764
0.6412095765851616	1.7695245675481146
0.6426877173170197	1.7663599009399495
0.6441692655151774	1.7631968141955212
0.6456542290346556	1.760035319238002
0.6471426157485832	1.7568754278297136
0.6486344335482385	1.7537171515693182
0.6501296903430908	1.7505605018889783
0.6516283940608427	1.747405490051489
0.6531305526474724	1.7442521271473808
0.654636174067275	1.7411004240919938
0.6561452663029055	1.7379503916225199
0.6576578373554206	1.7348020402950175
0.6591738952443215	1.7316553804813979
0.6606934480075961	1.728510422366373
0.662216503701762	1.7253671759443847
0.6637430704019089	1.7222256510164924
0.6652731562017414	1.7190858571872363
0.6668067692136223	1.7159478038614642
0.6683439175686147	1.7128115002411337
0.6698846094165265	1.7096769553220725
0.6714288529259524	1.706544177890716
0.6729766562843179	1.7034113469355636
0.6745280276979221	1.700279264089194
0.6760829753919819	1.6971489652927385
0.6776415076106752	1.6940204653870539
0.6792036326171846	1.6908937790829996
0.6807693586937414	1.6877689209589004
0.6823386941416696	1.6846459054579774
0.6839116472814293	1.6815247468857595
0.6854882264526615	1.6784054594074604
0.6870684400142321	1.675288057045338
0.688652296344276	1.672172553676013
0.6902398038402419	1.6690589630277763
0.6918309709189364	1.6659472986778505
0.6934258060165691	1.6628375740496402
0.6950243175887968	1.6597298024099436
0.6966265141107687	1.656623996866137
0.6982324040771714	1.6535201703633347
0.6998419960022735	1.6504183356815136
0.7014552984199712	1.6473185054326158
0.7030723198838335	1.6442206920576141
0.7046930689671469	1.6411249078235537
0.7063175542629619	1.63803116482056
0.7079457843841379	1.6349394749588182
0.7095777679633888	1.631849849965522
0.711213513653329	1.6287623013817902
0.7128530301265195	1.625676840559553
0.7144963260755133	1.6225934786584093
0.716143410212902	1.6195122266424462
0.7177942912713617	1.6164330952770336
0.7194489780036994	1.6133560951255848
0.7211074791828996	1.6102812365462777
0.7227698036021702	1.6072085296887557
0.72443596007499	1.6041379844907846
0.7261059574351547	1.6010696106748818
0.727779804536824	1.5980034177449112
0.7294575102545687	1.5949394149826432
0.7311390834834174	1.5918776114442823
0.732824533138904	1.5888180159569567
0.734513868157115	1.5857606371151793
0.7362070974947361	1.5827054832772665
0.737904230129101	1.579652562561728
0.7396052750582378	1.5766018828436175
0.7413102413009175	1.5735534517508476
0.7430191378967014	1.5705072766604704
0.744731973905989	1.567463364694921
0.7464487584100665	1.564421722718222
0.7481695005111544	1.5613823573321541
0.7498942093324559	1.5583452748723887
0.7516228940182055	1.5553104814045795
0.7533555637337174	1.5522779827204207
0.7550922276654339	1.5492467738547058
0.7568328950209744	1.5462172981645073
0.7585775750291838	1.543190128250532
0.7603262769401818	1.5401652725932693
0.762079010025412	1.5371427394320911
0.7638357835776907	1.5341225367615852
0.7655966069112563	1.531104672327848
0.7673614893618189	1.5280891536247514
0.7691304402866096	1.5250759878901603
0.7709034690644301	1.5220651821021245
0.7726805850957024	1.5190567429750244
0.7744617978025188	1.5160506769556856
0.7762471166286917	1.5130469902194525
0.7780365510398041	1.5100456886662228
0.7798301105232588	1.507046777916447
0.7816278045883297	1.504050263307085
0.7834296427662119	1.5010561498875281
0.7852356346100718	1.4980644424154743
0.7870457896950986	1.495075145352775
0.7888601176185545	1.4920882628612278
0.7906786279998251	1.4891037987983409
0.7925013304804718	1.4861217567130511
0.7943282347242815	1.4831421398413975
0.7961593504173188	1.4801649511021624
0.7979946872679766	1.4771901930924622
0.7998342550070284	1.4742178680833
0.8016780633876791	1.4712479780150765
0.8035261221856173	1.4682805244930526
0.8053784411990667	1.4653155087827763
0.8072350302488382	1.4623529318054613
0.8090958991783823	1.4593927941333218
0.8109610578538409	1.4564350959848629
0.8128305161640993	1.45347983722013
0.8147042840208396	1.4505270173359077
0.8165823713585925	1.4475766354608768
0.81846478813479	1.4446286903507242
0.8203515443298183	1.4416831803832069
0.8222426499470712	1.4387401035531697
0.8241381150130024	1.4357994574675157
0.8260379495771788	1.4328612393401292
0.8279421637123342	1.4299254459867508
0.8298507675144225	1.426992073819804
0.8317637711026711	1.4240611188431769
0.8336811846196344	1.4211325766469476
0.835603018231248	1.4182064424020675
0.8375292821268826	1.4152827108549928
0.8394599865193975	1.4123613763222624
0.8413951416451951	1.409442432685029
0.8433347577642755	1.4065258733835393
0.84527884516029	1.4036116914115604
0.8472274141405965	1.400694498717272
0.8491804750363139	1.3977766203119573
0.8511380382023765	1.394861070462287
0.8531001140175896	1.3919478606858746
0.8550667128846834	1.389037002308182
0.8570378452303697	1.3861285064593574
0.8590135215053958	1.383222384071036
0.8609937521846007	1.380318645873113
0.8629785477669704	1.3774173023904803
0.8649679187756933	1.3745183639397356
0.8669618757582167	1.3716218406258538
0.8689604292863019	1.3687277423388273
0.8709635899560808	1.3658360787502746
0.8729713683881117	1.3629468593100116
0.8749837752274362	1.360060093242594
0.8770008211436349	1.3571757895438181
0.8790225168308845	1.3542939569771957
0.8810488730080143	1.3514146040703878
0.8830799004185629	1.3485377391116056
0.8851156098308356	1.3456633701459764
0.887156012037961	1.342791504971873
0.8892011178579485	1.3399221511372073
0.8912509381337457	1.3370553159356877
0.8933054837332954	1.334191006403041
0.895364765549594	1.3313292293131944
0.8974287945007486	1.3284699911744238
0.8994975815300353	1.325613298225463
0.9015711376059571	1.3227591564315737
0.9036494737223016	1.319907571480581
0.9057326008982003	1.3170585487788664
0.9078205301781859	1.3142120934473236
0.9099132726322517	1.3113682103172775
0.9120108393559097	1.3085269039263605
0.9141132414702502	1.3056881785143482
0.9162204901219997	1.3028520380189612
0.9183325964835808	1.3000184860716195
0.9204495717531712	1.2971875259931587
0.9225714271547631	1.2943591607895077
0.9246981739382225	1.2915333931473203
0.9268298233793492	1.2887102254295686
0.9289663867799363	1.285889659671093
0.9311078754678302	1.2830716975741085
0.933254300796991	1.2802563405036722
0.9354056741475518	1.2774435894831018
0.9375620069258802	1.2746334451893546
0.9397233105646378	1.2718259079483638
0.9418895965228413	1.2690209777303252
0.9440608762859233	1.266218654144944
0.946237161365793	1.2634189364366348
0.9484184633008971	1.260621823479677
0.9506047936562815	1.257823207036164
0.9527961640236519	1.2550248658318677
0.9549925860214359	1.2522291046354568
0.9571940712948444	1.2494359363360452
0.9594006315159331	1.2466453736436756
0.9616122783836646	1.243857429086268
0.9638290236239705	1.241072115006552
0.9660508789898133	1.2382894435589495
0.9682778562612491	1.2355094267064424
0.9705099672454897	1.2327320762174
0.9727472237769651	1.2299574036623773
0.9749896377173869	1.2271854204108792
0.9772372209558107	1.2244161376280964
0.9794899854086988	1.221649566271604
0.9817479430199844	1.2188857170880307
0.9840111057611337	1.2161246006096929
0.9862794856312105	1.2133662271511956
0.9885530946569389	1.2106106068060016
0.9908319448927676	1.2078577494429632
0.9931160484209338	1.2051076647028216
0.995405417351527	1.2023603619946734
0.9977000638225533	1.1996158504923982
1.	1.1968741391310533
1.0023052380778998	1.194135236603236
1.0046157902783952	1.191399151355403
1.0069316688518044	1.1886658915841588
1.0092528860766845	1.1859354652325083
1.0115794542598988	1.1832078799860697
1.0139113857366795	1.180483143269252
1.016248692870696	1.1777612622413949
1.0185913880541169	1.1750422437928725
1.0209394837076802	1.1723260945411553
1.023292992280754	1.16961282082684
1.0256519262514079	1.1669024287096328
1.0280162981264735	1.1641949239643041
1.0303861204416165	1.1614903120765918
1.0327614057613974	1.1587885982390775
1.0351421666793441	1.1560897873470108
1.0375284158180127	1.1533938839941065
1.0399201658290596	1.1507008924682876
1.0423174293933042	1.148010816747399
1.0447202192208003	1.145323660494872
1.0471285480508996	1.1426394270553528
1.0495424286523225	1.1399581194502841
1.051961873823223	1.1372797403734516
1.0543868963912593	1.134604292186477
1.0568175092136585	1.1319317769142825
1.0592537251772887	1.1292621962404956
1.0616955571987248	1.1265955515028256
1.064143018224316	1.123931843688387
1.066596121230258	1.1212685460131178
1.0690548792226577	1.1186067545902565
1.0715193052376064	1.1159478891484884
1.0739894123412446	1.1132919587916421
1.076465213629835	1.1106389723818277
1.0789467222298286	1.1079889385357733
1.081433951297938	1.1053418656211194
1.0839269140212033	1.1026977617526845
1.0864256236170655	1.100056634788686
1.0889300933334332	1.0974184923269314
1.0914403364487566	1.094783341700968
1.0939563662720937	1.0921511899761966
1.096478196143185	1.0895220439459468
1.0990058394325208	1.086895910127516
1.101539309541415	1.0842727947581658
1.104078619902073	1.0816527037910872
1.1066237839776665	1.079035642891316
1.1091748152624008	1.07642161743162
1.1117317272815914	1.0738106324883372
1.1142945335917298	1.071202692837183
1.1168632477805611	1.0685978029490055
1.1194378834671515	1.065995966985513
1.1220184543019636	1.0633971887949494
1.1246049739669264	1.0608014719077368
1.1271974561755105	1.0582088195320678
1.1297959146727976	1.055619234549466
1.1324003632355573	1.0530327195102924
1.1350108156723149	1.0504492766292213
1.137627285823431	1.0478689077806607
1.1402497875611686	1.0452916144941413
1.1428783347897717	1.0427173979496502
1.1455129414455354	1.0401462589729302
1.1481536214968828	1.0375781980307275
1.1508003889444356	1.035013215225999
1.1534532578210923	1.0324513102930701
1.1561122421920986	1.029892482592753
1.1587773561551262	1.0273367311074093
1.1614486138403426	1.0247840544359803
1.1641260294104914	1.0222344507889525
1.1668096170609623	1.0196879179832934
1.1694993910198712	1.0171444534373268
1.1721953655481303	1.0146040541655696
1.1748975549395297	1.0120667167735093
1.1776059735208073	1.0095324374523482
1.1803206356517297	1.0070012119736798
1.1830415557251646	1.004473035684133
1.1857687481671602	1.001947903499953
1.1885022274370183	0.9994258099015415
1.1912420080273751	0.9969067489279391
1.193988104464273	0.9943907141712619
1.1967405313072437	0.9918718618203785
1.1994993031493788	0.9893527153522299
1.2022644346174132	0.9868365459975034
1.2050359403717974	0.984323367597835
1.2078138351067804	0.9818131938262964
1.2105981335504823	0.9793060381844725
1.2133888504649775	0.976801913999501
1.2161860006463678	0.9743008344210907
1.2189895989248667	0.9718028124184993
1.2217996601648717	0.9693078607774923
1.2246161992650488	0.9668159920972613
1.2274392311584073	0.9643272187873178
1.2302687708123818	0.9618415530643517
1.233104833228909	0.9593590069490635
1.2359474334445106	0.956879592262957
1.238796586530369	0.9544033206251085
1.2416523075924113	0.9519302034488967
1.244514611771385	0.9494602519387072
1.2473835142429432	0.9469934770865944
1.2502590302177201	0.9445298896689222
1.2531411749414163	0.9420695002429599
1.2560299636948749	0.939612319143455
1.2589254117941675	0.9371583564791613
1.2618275345906707	0.9347076221293441
1.2647363474711515	0.9322601257402402
1.2676518658578455	0.9298158767214925
1.270574105208542	0.927374884242541
1.2735030810166617	0.9249371572289872
1.276438808811344	0.9225027043589137
1.2793813041575246	0.9200715340591766
1.2823305826560218	0.9176436545016536
1.2852866599436155	0.9152190735994632
1.2882495516931343	0.9127977990031403
1.2912192736135342	0.9103798380967792
1.2941958414499863	0.907965197994137
1.297179270983956	0.9055538855347005
1.3001695780332907	0.9031459072797119
1.3031667784522993	0.9007412695081627
1.3061708881318417	0.8983399782127391
1.309181922999407	0.8959420390957396
1.3121998990192034	0.8935474575649418
1.3152248321922384	0.8911562387294407
1.3182567385564075	0.8887683873954353
1.3212956341865751	0.8863839080619882
1.324341535194665	0.8840028049167286
1.3273944577297394	0.8816250818315311
1.3304544179780915	0.8792507423581382
1.333521432163324	0.8768797897237535
1.3365955165464425	0.8745122268265813
1.3396766874259352	0.8721480562313345
1.3427649611378643	0.8697848069211436
1.3458603540559484	0.8674235531334569
1.348962882591654	0.8650656857946587
1.3520725631942772	0.8627112154513337
1.3551894123510364	0.8603601524235107
1.3583134465871542	0.8580125068011577
1.3614446824659503	0.8556682884406387
1.3645831365889245	0.8533275069611396
1.3677288255958495	0.8509901717410547
1.3708817661648536	0.8486562919143432
1.3740419750125157	0.846325876366842
1.3772094688939465	0.843998933732554
1.3803842646028852	0.8416754723898865
1.383566378971781	0.8393555004578654
1.3867558288718889	0.8370390257923035
1.3899526312133532	0.8347260559819385
1.3931568029453036	0.832416598344526
1.3963683610559376	0.8301106599229038
1.3995873225726185	0.827808247481008
1.4028137045619582	0.8255093674998604
1.4060475241299144	0.8232140261735076
1.4092887984218747	0.8209222294049319
1.4125375446227548	0.8186339828019096
1.4157937799570817	0.816349291672843
1.4190575216890926	0.8140681610225419
1.4223287871228198	0.8117905955479706
1.425607593602188	0.8095165996339523
1.428893958511103	0.8072461773488302
1.432187899273543	0.8049793324400932
1.435489433353656	0.8027160683299519
1.4387985782558452	0.8004563881108803
1.4421153515248688	0.7982002945411081
1.4454397707459272	0.7959477900400757
1.4487718535447618	0.7936988766838414
1.452111617587742	0.7914535562004513
1.455459080581966	0.7892118299652559
1.4588142602753482	0.786973698996193
1.4621771744567182	0.7847391639490172
1.4655478409559113	0.7825082251124919
1.468926277643867	0.7802808824035273
1.4723125024327186	0.7780571353622825
1.4757065332758947	0.7758369831472133
1.4791083881682072	0.7736204245300787
1.4825180851459536	0.7714074578908963
1.4859356422870067	0.7691980812128554
1.4893610777109154	0.7669922920771783
1.492794409578996	0.7647900876579363
1.4962356560944337	0.7625914647168139
1.4996848355023733	0.7603964195978291
1.5031419660900225	0.758204948221999
1.5066070661867417	0.7560145386450429
1.5100801541641484	0.7538262731047938
1.513561248436208	0.7516415548190997
1.5170503674593367	0.749460387453772
1.5205475297324955	0.7472827743560839
1.5240527537972914	0.7451087185504041
1.5275660582380723	0.7429382227337898
1.5310874616820302	0.7407712892715355
1.5346169827992941	0.7386079201926847
1.5381546403030348	0.7364481171854926
1.5417004529495593	0.7342918815928522
1.545254439538414	0.7321392144076708
1.5488166189124812	0.7299901162682086
1.5523870099580825	0.7278445874533692
1.5559656316050743	0.7257026278779495
1.559552502826954	0.723564237087839
1.5631476426409538	0.7214294142551823
1.5667510701081493	0.7192981581734864
1.5703628043335522	0.7171704672526937
1.5739828644662197	0.7150463395141954
1.5776112696993485	0.7129257725858112
1.5812480392703834	0.7108087636967123
1.5848931924611134	0.7086953096723037
1.5885467485977791	0.7065854069290533
1.59220872705117	0.7044790514692777
1.5958791472367329	0.7023762388758763
1.5995580286146687	0.7002769643070185
1.6032453906900417	0.698181222490778
1.6069412530128773	0.6960890077197237
1.6106456351782708	0.6940003138454531
1.6143585568264862	0.6919151342730823
1.6180800376430662	0.6898334619556775
1.6218100973589298	0.6877552893886434
1.6255487557504842	0.685680608604052
1.6292960326397223	0.6836094111649254
1.6330519478943346	0.6815416881594609
1.6368165214278085	0.6794774301952089
1.6405897731995396	0.6774166273931896
1.6443717232149315	0.675359269381964
1.6481623915255086	0.6733053452916437
1.651961798229015	0.6712548437478514
1.6557699634695284	0.6692077528656205
1.6595869074375604	0.6671640602432455
1.6634126503701698	0.6651237529560693
1.6672472125510627	0.663086817550221
1.6710906143107078	0.6610532400362895
1.6749428760264373	0.6590230058829466
1.6788040181225607	0.6569961000105051
1.6826740610704674	0.654972506784426
1.6865530253887415	0.6529522100087578
1.690440931643264	0.6509290071630027
1.6943378004473288	0.6489055629399227
1.6982436524617444	0.6468853343806925
1.7021585083949509	0.6448683263911865
1.7060823890031234	0.642854543607512
1.710015315090288	0.6408439903922205
1.7139573075084253	0.6388366708304859
1.7179083871575884	0.6368325887262418
1.721868574986007	0.6348317475982862
1.725837891990204	0.6328341506763459
1.7298163592151015	0.6308398008971061
1.7338039977541384	0.6288487009001987
1.7378008287493754	0.6268608530241567
1.7418068733916146	0.6248762593023252
1.7458221529205038	0.6228949214587398
1.7498466886246573	0.6209168409039593
1.7538805018417611	0.6189420187308645
1.7579236139586931	0.6169704557104123
1.7619760464116292	0.6150021522873564
1.7660378206861649	0.6130371085759198
1.770108958317421	0.6110753243554321
1.7741894808901661	0.6091167990659232
1.7782794100389228	0.6071615318036788
1.78237876744809	0.605209521316748
1.7864875748520508	0.6032607660004167
1.7906058540352947	0.6013152638926306
1.7947336268325265	0.5993730126693834
1.7988709151287883	0.5974340096400537
1.803017740859569	0.5954982517427067
1.8071741260109275	0.5935657355393441
1.8113400926196026	0.591636457211117
1.8155156627731361	0.5897104125534883
1.8197008586099834	0.5877875969713551
1.8238957023196385	0.5858680054741215
1.8281002161427427	0.5839516326707294
1.832314422371212	0.5820384727646405
1.8365383433483464	0.5801285195487744
1.8407720014689564	0.5782217664003969
1.8450154191794736	0.5763182062759653
1.8492686189780787	0.5744178317059206
1.8535316234148114	0.5725206347894385
1.857804455091699	0.5706266071891247
1.8620871366628675	0.5687357401256693
1.8663796908346704	0.5668480243724446
1.8706821403658007	0.5649634502500598
1.8749945080674193	0.5630820076208596
1.8793168168032686	0.5612036858833803
1.883649089489801	0.5593284739667459
1.8879913490962936	0.5574563603250215
1.892343618644976	0.5555873329315095
1.8967059212111463	0.553714745200943
1.9010782799233006	0.5518414605406778
1.9054607179632472	0.5499711922576896
1.9098532585662378	0.5481039514553419
1.914255925021086	0.5462397490758383
1.9186687406702891	0.5443785958975644
1.9230917289101586	0.5425205025323955
1.9275249131909356	0.5406654794229874
1.9319683170169242	0.5388135368400301
1.936421963946607	0.536964684879484
1.9408858775927782	0.5351189334597802
1.9453600816226624	0.5332762923189989
1.9498445997580456	0.5314367710120158
1.9543394557753944	0.5296003789076247
1.95884467350599	0.527767125185626
1.9633602768360463	0.5259370188338923
1.967886289706845	0.5241100686454004
1.9724227361148534	0.5222862832152378
1.976969640111861	0.5204656709375763
1.9815270258050979	0.5186482400026202
1.9860949173573716	0.5168339983935188
1.9906733389871865	0.5150229538832564
1.9952623149688797	0.5132151140315031
1.9998618696327437	0.5114104861814439
2.0044720273651615	0.5096090774565676
2.0090928126087277	0.5078108947574351
2.0137242498623884	0.5060159447584051
2.0183663636815607	0.5042242339043372
2.023019178678272	0.5024357684072578
2.0276827195212817	0.5006505542429965
2.032357010936222	0.4988685971477868
2.037042077705718	0.49708990261483976
2.0417379446695296	0.49531447589087674
2.046444636724674	0.4935423219726371
2.0511621788255656	0.49177344560334507
2.0558905959841414	0.49000785126914864
2.0606299132700006	0.4882455431955196
2.065380155810529	0.48648652534362335
2.0701413487910423	0.48473080140664954
2.0749135174549096	0.4829783748061129
2.079696687103696	0.4812292486881126
2.084490883097289	0.4794834259195634
2.0892961308540396	0.47774090908438305
2.0941124558508926	0.47600170047965046
2.0989398836235242	0.4742658021117222
2.1037784397664754	0.4725332156923162
2.1086281499332897	0.4708039426345553
2.1134890398366464	0.46907798404897555
2.1183611352485023	0.46735534073949464
2.123244462000219	0.4656360131993466
2.1281390459827123	0.463916679227406
2.133044913146576	0.46219877920648417
2.1379620895022327	0.4604841790801379
2.1428906011200586	0.4587728906332186
2.1478304741305343	0.45706492549369926
2.1527817347243725	0.4553602951300574
2.157744409152667	0.45365901084862476
2.16271852372702	0.45196108379091793
2.167704104819695	0.4502665249309337
2.1727011788637443	0.44857534507242736
2.1777097723531593	0.4468875548461544
2.1827299118430012	0.4452031647070921
2.187761623949553	0.44352218493162865
2.1928049353504484	0.4418446256147284
2.197859872784825	0.44017049666706487
2.202926463053456	0.43849980781212916
2.2080047330189	0.43683256858330793
2.2130947096056377	0.4351687883209335
2.2181964198002193	0.43350847616930277
2.223309890651403	0.4318516410736711
2.2284351492703043	0.43019829177721125
2.2335722228305315	0.4285484368179491
2.23872113856834	0.4269020845256615
2.2438819237827663	0.42525924301875184
2.2490546058357817	0.4236199202010892
2.254239212152429	0.4219841237588205
2.259435770220978	0.4203518611571476
2.2646443075930596	0.41872313963707963
2.2698648518838223	0.4170979662121455
2.2750974307720706	0.4154763476650821
2.2803420720004186	0.4138582905444854
2.28559880337543	0.41224380116143283
2.2908676527677736	0.4106328855860689
2.296148648112362	0.4090255496441631
2.301441817408509	0.4074217989136298
2.306747188720069	0.4058216387210184
2.312064790175595	0.40422507413796743
2.3173946499684783	0.4026321099776261
2.3227367963571073	0.40104275079104035
2.328091257665008	0.3994570008635064
2.3334580622810033	0.39787486421088625
2.338837238659355	0.39629634457589263
2.344228815319923	0.39472144542433274
2.3496328208483073	0.393150169941323
2.35504928389601	0.3915825210274606
2.360478233180577	0.3900185012949663
2.365919697485759	0.38845811306378353
2.371373705661655	0.3869013583576468
2.3768402866248772	0.3853482389001071
2.38231946935869	0.38379875611052655
2.3878112829131783	0.3822499304432363
2.3933157564053875	0.38070305505556906
2.3988329190194912	0.37915980486806594
2.4043628000069335	0.3776201913248024
2.4099054286865957	0.37608422570180167
2.41546083444494	0.374551919104306
2.421029046736179	0.37302328246401545
2.4266100950824154	0.3714983265363048
2.432204009073816	0.3699770618974072
2.4378108183687526	0.36845949894157587
2.4434305526939726	0.3669456478782116
2.4490632418447453	0.36543551872896823
2.454708915685031	0.3639291213248231
2.4603676041476272	0.36242646530312544
2.46603933723434	0.36092756010460936
2.4717241450161302	0.359432414970383
2.4774220576332864	0.3579410389388832
2.4831331052955705	0.35645344084280634
2.4888573182823914	0.35496962930600207
2.494594726942955	0.3534896127403433
2.500345361696432	0.35201339934256115
2.506109253032114	0.3505409970910528
2.511886431509581	0.3490724137426537
2.5176769277588558	0.3476076568293843
2.5234807724805757	0.34614673365515913
2.529297996446145	0.3446896512924701
2.5351286304979084	0.34323641657903214
2.540972705549305	0.3417870361144008
2.5468302525850417	0.34034151625655473
2.552701302661247	0.33889986311844694
2.5585858869056453	0.3374620825645214
2.5644840365177175	0.33602818020719677
2.5703957827688635	0.3345981614033181
2.5763211570025755	0.3331720312505708
2.582260190634596	0.3317497945838655
2.588212915153092	0.33033145597168223
2.5941793621188136	0.32891701971238635
2.6001595631652723	0.32750648983050296
2.6061535499988953	0.3260998700729623
2.6121613543992064	0.3246971639053031
2.6181830082189848	0.32329837450784576
2.624218543384442	0.32190350477182395
2.6302679918953813	0.32051255729548517
2.6363313858253803	0.31912553438014823
2.642408757321946	0.3177424380262303
2.648500138606701	0.3163632699292294
2.654605561975539	0.31498803147567617
2.6607250597988097	0.31361672373904076
2.666858664521479	0.31224934747560773
2.6730064086633116	0.3108859031203058
2.6791683248190314	0.30952408498113343
2.6853444456585076	0.3081648925911592
2.691534803926915	0.3068096207217341
2.6977394324449206	0.3054582772077935
2.703958364108843	0.30411086966275946
2.7101916318908432	0.3027674054752999
2.7164392688390824	0.30142789180606033
2.7227013080779128	0.3000923355843609
2.7289777828080406	0.2987607435048644
2.7352687263067126	0.29743312202420924
2.741574171927882	0.2961094773576141
2.7478941531023975	0.2947898154754442
2.7542287033381663	0.29347414209975164
2.7605778562203462	0.2921624627007753
2.7669416454115114	0.2908547824934143
2.773320104651841	0.28955110643366155
2.7797132677592886	0.2882514392150088
2.7861211686297707	0.2869557852648118
2.792543841237338	0.28566414874062646
2.798981319634363	0.2843765335265058
2.805433637951713	0.2830929432292652
2.811900830398941	0.28181338117470794
2.8183829312644537	0.28053785040382057
2.8248799749157074	0.2792663536689276
2.831391995799379	0.27799889342981177
2.8379190284415565	0.2767354718497979
2.8444611074479154	0.27547609079179974
2.85101826750391	0.2742207518143283
2.8575905433749464	0.2729694561674656
2.8641779699065815	0.2717222047887962
2.8707805820246906	0.27047899829930605
2.8773984147356697	0.2692398369992373
2.8840315031266055	0.26800472086390914
2.8906798823654762	0.26677364953949567
2.897343587701323	0.2655466223387682
2.904022654464451	0.26432363823679367
2.910717118066605	0.26310469586659696
2.9174270140011673	0.2618897935147792
2.924152377843335	0.2606789291170998
2.9308932452503216	0.2594721002540114
2.9376496519615305	0.258269304146161
2.9444216337987617	0.257070537649841
2.9512092266663856	0.25587579725240617
2.9580124665515464	0.2546850790676421
2.9648313895243423	0.2534983788310949
2.971666031738027	0.25231569189535485
2.9785164294291895	0.25113701322529997
2.9853826189179604	0.24996233739329168
2.992264636608189	0.24879165857433083
2.9991625189876516	0.24762497054116442
3.0060763026282307	0.2464593470049309
3.013006024186122	0.24529604682803519
3.019951720402016	0.24413670271567087
3.0269134281013064	0.24298131783318921
3.0338911841942706	0.24182989507210684
3.04088502567628	0.24068243704641618
3.047894989627983	0.23953894608886545
3.054921113215514	0.23839942424720012
3.061963433690677	0.23726387328037224
3.069021988391158	0.2361322946547104
3.076096814740708	0.23500468954005793
3.083187950249355	0.23388105880587076
3.0902954325135905	0.23276140301728224
3.097419299216581	0.23164572243112805
3.1045595881283554	0.23053401699193732
3.1117163371060186	0.22942628632788217
3.118889584093937	0.2283225297466942
3.126079367123956	0.2272227462315382
3.1332857243155856	0.22612693443685197
3.1405086938762183	0.225035092684143
3.1477483141013156	0.22394721895775077
3.1550046233746274	0.22286331090056513
3.1622776601683795	0.22178336580970917
3.169567463043492	0.22070738063217882
3.1768740706497707	0.2196353519604446
3.1841975217261256	0.21856727602801077
3.1915378551007616	0.21750314870493573
3.198895109691399	0.21644296549330821
3.206269324505466	0.21538672152268556
3.213660538640318	0.214334411545486
3.2210687912834346	0.2132860299323423
3.2284941217126364	0.21224157066740973
3.2359365692962827	0.21120102734363416
3.2433961734934935	0.2101643931579728
3.250872973854344	0.20913166090657603
3.2583670100200885	0.20810282297992067
3.265878321723358	0.2070778713579024
3.273406948788383	0.20605679760488038
3.2809529311311905	0.20503959286468035
3.2885163087598315	0.2040262478555477
3.2960971217745776	0.20301675286505966
3.303695410368149	0.2020110977449867
3.311311214825911	0.20100927190611095
3.3189445755261047	0.20001126431299487
3.326595532940045	0.19901706347870496
3.3342641276323506	0.1980266574594856
3.3419504002611427	0.19704003384938676
3.3496543915782775	0.19605717977484075
3.3573761424295467	0.19507808188919362
3.365115693754908	0.19410272636718276
3.372873086588689	0.19312664783991593
3.380648362059817	0.1921517614065191
3.3884415613920256	0.19118055223592945
3.3962527259040853	0.19021302138032664
3.404081897010009	0.18924916961902127
3.4119291162192864	0.18828899745488178
3.4197944251370886	0.18733250511073285
3.4276778654645046	0.186379692525716
3.4355794789987466	0.1854305593516198
3.443499307633384	0.1844851049491732
3.451437393358563	0.18354332838430518
3.459393778261219	0.18260522842437144
3.4673685045253166	0.18167080353434203
3.4753616144320576	0.1807400518729585
3.483373150360118	0.17981297128885057
3.4914031547858606	0.17888955931662162
3.499451670283573	0.1779698131728932
3.5075187395256795	0.17705372975231776
3.5156044052829816	0.17614130562354993
3.523708710424871	0.17523253702518518
3.53183169791957	0.17432741986165684
3.5399734108343464	0.17342594969909936
3.548133892335755	0.17252812176116977
3.5563131856898527	0.1716339309248343
3.5645113342624426	0.17074337171611345
3.5727283815192883	0.16985643830579045
3.5809643710263606	0.168973124505078
3.5892193464500517	0.16809342376124867
3.5974933515574232	0.16721732915322168
3.6057864302164235	0.16634483338711253
3.6140986263961334	0.16547592879173992
3.6224299841669856	0.16461060731409374
3.630780547701014	0.16374886051475943
3.639150361272071	0.1628906795633037
3.6475394692560785	0.16203605523361506
3.6559479161312485	0.1611849778992059
3.664375746478333	0.16033743752846782
3.672823004980846	0.15949342367988797
3.681289736425315	0.15865292549721918
3.6897759857015027	0.1578159317046089
3.6982817978026628	0.15698243060168113
3.7068072178257596	0.15615241005857824
3.715352290971726	0.15532585751095335
3.7239170625456848	0.15450275995492196
3.732501577957206	0.15368310394196533
3.741105882720533	0.1528668755737895
3.7497300224548358	0.1520540604971374
3.758374042884441	0.15124464389855583
3.767037989839089	0.15043861049911292
3.77572190925416	0.14963594454907217
3.7844258471709336	0.14883163365446467
3.793149849736819	0.1480278273552952
3.801893963205613	0.14722731514527498
3.81065823393773	0.14643009824861253
3.8194427084004663	0.14563617765410622
3.8282474331682264	0.1448455541120556
3.8370724549227884	0.1440582281311415
3.8459178204535354	0.14327419997527926
3.8547835766577188	0.1424934696604402
3.8636697705406915	0.14171603695144583
3.8725764492161727	0.14094190135873
3.8815036599064823	0.14017106213507322
3.8904514499428067	0.1394035182723036
3.899419866765434	0.13863926849797104
3.908408957924021	0.13787831127198671
3.9174187710778305	0.13712064478323432
3.926449353995999	0.13636626694614806
3.9355007545577743	0.13561517539726056
3.944573020752785	0.1348673674917172
3.953666200681279	0.1341228402997606
3.9627803425543955	0.1333815906031795
3.971915494694403	0.1326436148917288
3.981071705534973	0.13190890935951288
3.9902490236214203	0.13117746990133927
3.9994474976109755	0.1304492921090355
4.008667176273028	0.1297243712677353
4.0179081084894	0.12900270235212796
4.027170343254591	0.12828428002267603
4.036453929676051	0.12756909862179622
4.045758916974426	0.12685715217000743
4.055085354483839	0.12614843436204115
4.0644332916521275	0.12544293856291983
4.073802778041128	0.12474065780399608
4.083193863326921	0.12404158477895878
4.09260659730011	0.12334571183980038
4.1020410298660686	0.1226530309927501
4.111497211045223	0.12196353389416796
4.120975190973302	0.12127721184640373
4.130475019901614	0.12059405579361634
4.139996748197304	0.11991405631755779
4.149540426343631	0.11923720363331675
4.1591061049402205	0.11856348758502583
4.168693834703355	0.11789289764152806
4.178303666466218	0.11722542289200674
4.187935651179185	0.11656105204157369
4.1975898399100755	0.11589977340681985
4.207266283844442	0.11524157491132393
4.216965034285822	0.11458644408112321
4.226686142656031	0.11393436804014105
4.2364296604954115	0.1132853335055763
4.24619563946313	0.11263561987642179
4.2559841313374305	0.11198682028975271
4.265795188015928	0.11134100263686642
4.275628861515862	0.11069816599242917
4.285485203974396	0.11005830919564982
4.295364267648873	0.10942143084729322
4.3052661049171075	0.10878752930666433
4.3151907682776525	0.10815660268856576
4.325138310350088	0.10752864886022599
4.335108783875289	0.10690366543820039
4.345102241715717	0.1062816497852428
4.355118736855686	0.10566259900714897
4.365158322401661	0.10504650994957015
4.375221051582521	0.1044333791947987
4.385306977749858	0.10382320305852254
4.395416154378245	0.10321597758655154
4.405548635065534	0.1026116985515125
4.4157044735331255	0.10201036144951504
4.425883723626267	0.10141196149678597
4.436086439314326	0.10081649362627412
4.446312674691089	0.10022395248422283
4.456562483975033	0.09963433242671267
4.466835921509633	0.09904762751617126
4.477133041763626	0.09846383151785283
4.487453899331323	0.09788293789628423
4.49779854893288	0.09730493981168023
4.508167045414603	0.09672983011632502
4.518559443749224	0.09615760135092223
4.528975799036209	0.09558824574091017
4.539416166502032	0.09502175519274607
4.549880601500488	0.09445812129015418
4.560369159512962	0.09389733529034294
4.570881896148752	0.09333938812018466
4.581418867145335	0.09278427037236445
4.591980128368688	0.09223197230149117
4.6025657358135605	0.09168248382017612
4.613175745603796	0.09113579449507435
4.623810213992603	0.09059189354289256
4.634469197362879	0.09005076982635905
4.645152752227495	0.08951241185015928
4.6558609352295885	0.08897680775683482
4.666593803142887	0.08844394532264421
4.677351412871981	0.08791381195338939
4.688133821452653	0.08738639468020194
4.698941086052153	0.08686168015529493
4.709773263969529	0.08633965464767371
4.720630412635905	0.08582030403881155
4.731512589614805	0.08530361381828448
4.7424198526024455	0.0847895690793691
4.753352259428054	0.08427815451459966
4.7643098680541565	0.08376553031408987
4.775292736576909	0.08325333841434672
4.786300923226383	0.0827437105348165
4.797334486366892	0.08223664419475923
4.808393484497285	0.08173213669100356
4.819477976251274	0.0812301850951991
4.830588020397726	0.08073078625104536
4.841723675840994	0.08023393677149354
4.8528850016212095	0.0797396330359244
4.864072056914616	0.07924787118729869
4.875284901033862	0.07875864712928311
4.886523593428336	0.07827195652334848
4.897788193684462	0.07778779478584316
4.909078761526032	0.077306157085038
4.920395356814509	0.07682703833814626
4.9317380395493595	0.0763504332083145
4.943106869868354	0.07587633610158823
4.954501908047903	0.07540474116384792
4.96592321450336	0.07493564227771934
4.97737084978936	0.07446903305945392
4.9888448746001215	0.07400490685578263
5.000345349769786	0.07354325674074012
5.011872336272722	0.07308407551246131
5.0234258952238715	0.07262735568994774
5.035006087879047	0.07217308950980668
5.046612975635284	0.07172126892295849
5.05824662003114	0.0712718855913171
5.0699070827470445	0.07082493088443781
5.081594425605605	0.0703803958761378
5.093308710571955	0.06993827134108388
5.105049999754062	0.06949854775135163
5.116818355403078	0.0690612152729522
5.1286138399136485	0.06862626376232941
5.140436515824262	0.06819368276282436
5.152286445817564	0.06776346150110954
5.16416369272071	0.06733558888358995
5.176068319505676	0.0669100534927738
5.188000389289612	0.0664868435836089
5.199959965335159	0.06606594707978851
5.211947111050805	0.06564735157002258
5.223961889991197	0.06523104430427737
5.236004365857504	0.06481701218998039
5.248074602497725	0.06440524178819318
5.2601726639070625	0.06399571930974833
5.2722986142282275	0.06358843061135455
5.284452517751805	0.06318336119166522
5.296634438916578	0.06278049618731381
5.308844442309884	0.06237982036891313
5.321082592667942	0.06198131813702051
5.333348954876211	0.06158497351806599
5.345643593969716	0.06118659108804069
5.357966575133418	0.060787966082406636
5.370317963702527	0.060391429050281935
5.382697825162884	0.05999697829870851
5.3951062251512765	0.05960461195948947
5.4075432294558095	0.05921432798701398
5.420008904016238	0.05882612415606371
5.432503314924333	0.058439998059597736
5.445026528424211	0.058055947106518485
5.4575786109127105	0.05767396851941593
5.470159628939716	0.05729405933229243
5.482769649208539	0.05691621638826549
5.495408738576246	0.0565404363372508
5.508076964054036	0.05616671563362299
5.520774392807573	0.055795050533856104
5.533501092157368	0.0554254370941416
5.546257129579107	0.05505787116798591
5.559042572704037	0.0546923484037847
5.5718574893192985	0.054328864242376526
5.584701947368309	0.05396741391457334
5.597576014951102	0.05360799243866922
5.610479760324706	0.05325059461792596
5.623413251903491	0.052895215038036875
5.6363765582595455	0.052541848064566535
5.649369748123025	0.05219048784036851
5.6623928903825345	0.05184112828297882
5.675446054085471	0.05149376308198708
5.688529308438416	0.051148385696382664
5.701642722807475	0.05080498935187844
5.714786366718672	0.05046356703820893
5.727960309858292	0.05012411150640593
5.741164622073277	0.04978661526604813
5.7543993733715695	0.04945107058248735
5.767664633922509	0.04911746947404901
5.780960474057181	0.04878580370920851
5.794286964268812	0.04845606480374137
5.807644175213121	0.04812824401784908
5.821032177708716	0.04780233235325813
5.834451042737448	0.047478320550294516
5.847900841444809	0.04715619908493079
5.861381645140288	0.046835958165808406
5.874893525297769	0.04651758773123209
5.88843655355589	0.04620107744613898
5.902010801718445	0.04588641669903949
5.91561634175474	0.04557359459893264
5.9292532458	0.04526259997219238
5.942921586155727	0.04495342135942801
5.956621435290106	0.044646047012315546
5.970352865838369	0.04434046489040219
5.984115950603199	0.044036662657881614
5.997910762555095	0.04373153838109613
6.011737374832782	0.043426418587669074
6.025595860743578	0.04312302550616821
6.0394862937638	0.042821357280121534
6.0534087475391365	0.042521411903624795
6.067363295885055	0.04222318721950705
6.08135001278718	0.041926680917480544
6.095368972401694	0.0416318905322728
6.109420249055721	0.04133881344174227
6.123503917247737	0.04104744686497615
6.137620051647943	0.04075778786037165
6.151768727098683	0.040469833323699
6.165950018614822	0.04018357998614755
6.180164001384161	0.03989902441235333
6.1944107507678146	0.03961616299840979
6.208690342300634	0.03933499196985922
6.223002851691596	0.03905550737966689
6.237348354824191	0.03877770510617693
6.251726927756859	0.03850158085104862
6.266138646723353	0.038227130137175616
6.2805835881331795	0.03795434830658494
6.295061828571975	0.03768323051831819
6.309573444801933	0.037413771746292686
6.324118513762193	0.037145966777144365
6.33869711256927	0.03687981020805014
6.353309318517436	0.036615296444532014
6.367955209079159	0.03635241969824017
6.382634861905486	0.03609117398471734
6.397348354826482	0.03583155312114221
6.412095765851615	0.03557355072405345
6.4268771731701975	0.03531716020705263
6.441692655151772	0.03506237477848738
6.456542290346556	0.034809187439113126
6.471426157485831	0.034557590979734785
6.486344335482385	0.03430757797882652
6.501296903430906	0.03405914080013132
6.516283940608428	0.033812271590238314
6.531305526474723	0.033566962276139416
6.546361740672751	0.0333232045627634
6.561452663029053	0.03308098993048906
6.576578373554206	0.03284030963263534
6.591738952443213	0.03260115469293025
6.606934480075961	0.032363515902956504
6.622165037017619	0.032127383819575375
6.637430704019089	0.03189274876232697
6.652731562017413	0.03165960081080849
6.668067692136222	0.03142792980202857
6.6834391756861455	0.031197725327738863
6.698846094165265	0.030968976731741853
6.714288529259523	0.03074167310717525
6.729766562843179	0.030513169084535254
6.745280276979219	0.03028459539256513
6.760829753919819	0.030057420170844597
6.77641507610675	0.02983164145317673
6.792036326171846	0.02960725714729742
6.807693586937414	0.029384265033347914
6.823386941416698	0.029162662762332453
6.839116472814292	0.028942447854562757
6.8548822645266165	0.028723617698087584
6.870684400142321	0.028506169547108696
6.886522963442762	0.02829010052038191
6.902398038402419	0.028075407599604075
6.918309709189366	0.027862087627784988
6.934258060165691	0.027650137307605252
6.9502431758879695	0.027439553199758365
6.966265141107686	0.027230331721278898
6.982324040771715	0.027022469143854498
6.998419960022734	0.02681596159212376
7.014552984199714	0.026610805041957737
7.030723198838334	0.026406995318726922
7.046930689671471	0.02620452809555187
7.06317554262962	0.02600339889153876
7.07945784384138	0.025803603069998585
7.095777679633888	0.025605135836650857
7.112135136533292	0.025407992237810765
7.128530301265195	0.025212167158560648
7.1449632607551345	0.02501765532090453
7.16143410212902	0.024824451281906756
7.177942912713619	0.024632549431813477
7.194489780036995	0.024441943992158016
7.211074791828998	0.024252629013848562
7.227698036021702	0.02406459837523978
7.2443596007499025	0.02387784578018637
7.261059574351547	0.023692364756080154
7.277798045368242	0.023508148651868996
7.294575102545687	0.023325190636058885
7.311390834834176	0.023143483694697604
7.3282453313890406	0.022963020629341295
7.345138681571151	0.022783794055002297
7.362070974947361	0.022605796398079546
7.379042301291012	0.02242901989427007
7.396052750582378	0.022253456586462744
7.413102413009177	0.022079098322612664
7.430191378967014	0.02190593675359777
7.447319739059893	0.021733963331055612
7.464487584100665	0.021563169305202065
7.481695005111545	0.02139354572262994
7.498942093324558	0.021225083424089245
7.516228940182057	0.02105777304224705
7.533555637337174	0.020891604999428527
7.550922276654341	0.0207242480193286
7.568328950209744	0.02055669865080978
7.58577575029184	0.02039025080842385
7.603262769401819	0.020224902837384665
7.620790100254123	0.02006065298305912
7.638357835776907	0.019897499389762565
7.655966069112566	0.01973544009954264
7.67361489361819	0.019574473050952647
7.691304402866098	0.01941459607781319
7.709034690644301	0.019255806907963188
7.726805850957025	0.019098103161998968
7.744617978025188	0.018941482352002586
7.76247116628692	0.01878594188025797
7.78036551039804	0.01863147903795612
7.798301105232589	0.018478091003888007
7.816278045883297	0.018325774843126284
7.83429642766212	0.01817452750569455
7.852356346100718	0.01802434582522517
7.870457896950989	0.017875226517604544
7.888601176185544	0.017727166179606645
7.906786279998253	0.017580161287513857
7.925013304804718	0.017434208195725942
7.943282347242818	0.017289303135356045
7.961593504173188	0.017145442212814565
7.979946872679768	0.017002621408379985
7.9983425500702845	0.016860836574757333
8.016780633876794	0.016720083435623354
8.035261221856173	0.01658035758415918
8.05378441199067	0.01644165448156938
8.072350302488383	0.01630396945558846
8.090958991783825	0.016167297698973414
8.109610578538408	0.01603163426798353
8.128305161640995	0.015896974080846126
8.147042840208396	0.015763311916209177
8.165823713585926	0.01563064241157979
8.1846478813479	0.015498960061749268
8.203515443298185	0.01536825921720387
8.222426499470712	0.015238534082521843
8.241381150130026	0.015109778714756003
8.260379495771788	0.014981987021802395
8.279421637123345	0.014855152760754138
8.298507675144226	0.014729269536241266
8.317637711026709	0.014604330798755494
8.336811846196344	0.014480329842960564
8.356030182312479	0.014357259805987713
8.375292821268827	0.014235113665715936
8.394599865193973	0.01411388423903758
8.413951416451951	0.013993564180108253
8.433347577642753	0.013874145978581874
8.452788451602899	0.013755621957829938
8.472274141405963	0.01363621589071442
8.491804750363139	0.013516686501072451
8.511380382023763	0.01339801902359667
8.531001140175896	0.013280211792059748
8.550667128846833	0.013163263057815915
8.570378452303697	0.013047170988820212
8.590135215053957	0.012931933668639334
8.609937521846007	0.012817549095453202
8.629785477669701	0.012704015181047738
8.649679187756934	0.01259132974979833
8.669618757582166	0.012479490537644453
8.689604292863018	0.01236849519105461
8.709635899560805	0.012258341265982436
8.729713683881117	0.012149026226813
8.74983775227436	0.012040547445300018
8.770008211436348	0.011932902199493133
8.790225168308842	0.011826087672656008
8.810488730080142	0.011720100952174298
8.830799004185627	0.011614939028454258
8.851156098308357	0.011510598793811135
8.871560120379607	0.011407077041347987
8.892011178579486	0.011304370463824088
8.912509381337454	0.011202475652513732
8.933054837332953	0.011101389096054374
8.953647655495937	0.011001107179284965
8.974287945007486	0.010901626182073566
8.994975815300352	0.010802942278134912
9.01571137605957	0.010705051533837141
9.036494737223014	0.01060794990699824
9.057326008982002	0.010511633245671585
9.078205301781857	0.01041609728692093
9.099132726322518	0.010321337655584366
9.120108393559097	0.01022734986302759
9.141132414702504	0.010134129305885878
9.162204901219997	0.010041671264795306
9.183325964835811	0.009949970903112405
9.204495717531712	0.009859023265622916
9.225714271547634	0.009768823277238832
9.246981739382225	0.009679365741684348
9.268298233793494	0.009590645340169856
9.289663867799362	0.009502656630054755
9.311078754678306	0.009415394043498062
9.33254300796991	0.009328851886097684
9.354056741475521	0.009243024335517285
9.375620069258803	0.009157905440101595
9.39723310564638	0.009073489117479249
9.418895965228414	0.008989769153153688
9.440608762859236	0.00890673919908156
9.462371613657929	0.008824392772238926
9.484184633008974	0.00874272325317472
9.506047936562814	0.008660220928005138
9.527961640236521	0.008577530554637768
9.549925860214358	0.008495489408723682
9.571940712948447	0.008414095999350894
9.594006315159332	0.008333348770801123
9.616122783836648	0.008253246101787116
9.638290236239705	0.008173786304683446
9.660508789898136	0.00809496762475014
9.68277856261249	0.008016788239349537
9.7050996724549	0.007939246257155837
9.727472237769652	0.007862339717357883
9.749896377173872	0.007786066588854441
9.772372209558107	0.0077104247694425865
9.79489985408699	0.007635412084998536
9.817479430199844	0.00756102628865143
9.84011105761134	0.007487265059949459
9.862794856312105	0.00741412600401878
9.885530946569391	0.007341606650714711
9.908319448927676	0.0072697044537655955
9.93116048420934	0.0071984167899087756
9.954054173515269	0.0071277409580191445
9.977000638225535	0.007057674178229711
10.	0.006988213591044572
10.023052380778994	0.006919356256443805
10.046157902783957	0.00685109915298055
10.069316688518045	0.006783439176870177
10.092528860766844	0.006716373141071102
10.115794542598982	0.006649897774357754
10.1391138573668	0.006584009720385205
10.16248692870696	0.006518705536745718
10.18591388054117	0.00645398169401664
10.209394837076797	0.006389834574800231
10.232929922807546	0.006326260472754861
10.256519262514079	0.006263255591617831
10.280162981264736	0.006200816044219361
10.303861204416158	0.006138937851488166
10.32761405761398	0.006077616941448123
10.351421666793442	0.0060168491482063685
10.375284158180126	0.005956630210932186
10.39920165829059	0.005896955772827254
10.423174293933046	0.0058378213800867555
10.447202192208003	0.005779222480851511
10.471285480508996	0.00572115442415071
10.495424286523221	0.005663612458835733
10.519618738232236	0.005606591732504444
10.543868963912592	0.005550087290416309
10.568175092136585	0.005494094074397801
10.592537251772887	0.005438606921738551
10.616955571987253	0.005383620564077743
10.641430182243164	0.005329129626280969
10.665961212302578	0.005273899808541834
10.690548792226577	0.005218458311352763
10.71519305237607	0.00516348974259859
10.739894123412451	0.005108992939917437
10.76465213629835	0.0050549666930357765
10.789467222298287	0.005001409743207792
10.814339512979387	0.004948320782649625
10.83926914021204	0.004895698453968621
10.864256236170656	0.004843541349587256
10.889300933334333	0.004791848011162114
10.91440336448757	0.004740616928997527
10.939563662720943	0.00468984654145406
10.964781961431852	0.004639535234351555
10.990058394325208	0.004589681340366988
11.015393095414156	0.004540283138426855
11.040786199020735	0.004491338853094256
11.066237839776663	0.004442846653950324
11.091748152624008	0.004394804654970302
11.117317272815919	0.004347210913894023
11.142945335917304	0.004300063431590831
11.168632477805613	0.004253360151418724
11.194378834671515	0.004207098958577987
11.220184543019629	0.004161277679458986
11.24604973966927	0.004115894080984196
11.271974561755105	0.004070945869944503
11.297959146727976	0.004026430692329448
11.324003632355566	0.0039823461326517155
11.350108156723154	0.003938689713265598
11.37627285823431	0.003895458893679513
11.402497875611685	0.0038526510698622916
11.428783347897712	0.003810263573543564
11.45512941445536	0.003768293671507837
11.481536214968829	0.00372673856488253
11.508003889444357	0.0036855953884195156
11.534532578210918	0.003644861209770593
11.561122421920993	0.003604533028756464
11.587773561551263	0.0035646077766294166
11.614486138403427	0.0035250823153293925
11.641260294104908	0.0034859534367337104
11.66809617060963	0.0034472178619001205
11.694993910198711	0.0034088722403033812
11.721953655481304	0.0033709131490649628
11.748975549395292	0.003333337092176249
11.776059735208078	0.0032961404997148202
11.803206356517299	0.0032593197270540594
11.830415557251646	0.003222871054065705
11.857687481671597	0.003186790684315612
11.88502227437019	0.0031510747442524685
11.91242008027375	0.003115719282389542
11.93988104464273	0.0030807202684791776
11.967405313072431	0.0030451692285107072
11.994993031493793	0.003009454088052891
12.02264434617413	0.002974078618579372
12.050359403717973	0.00293904188958439
12.078138351067798	0.0029043429351282156
12.10598133550483	0.002869980753425882
12.133888504649775	0.002835954306432276
12.161860006463678	0.0028022625194233904
12.189895989248662	0.0027689042805739616
12.217996601648723	0.002735878440531242
12.246161992650489	0.002703183811985069
12.274392311584071	0.0026708191692339125
12.30268770812381	0.002638783247747238
12.331048332289097	0.002607074743723854
12.359474334445107	0.0025756923136464357
12.387965865303691	0.002544634573831913
12.416523075924106	0.002513900099978038
12.445146117713856	0.00248348742670582
12.473835142429433	0.002453395047097988
12.5025903021772	0.002423621412233236
12.531411749414156	0.002394164930716457
12.560299636948754	0.0023650239682047633
12.589254117941675	0.002336196846929385
12.618275345906707	0.0023076818452132056
12.64736347471151	0.0022794771969841957
12.67651865857846	0.0022515810912844374
12.705741052085418	0.002223991671774948
12.735030810166617	0.002196707036235972
12.764388088113435	0.002169725236063046
12.793813041575252	0.002143044275758519
12.823305826560219	0.0021166621124187107
12.852866599436155	0.002090576655216443
12.882495516931336	0.0020647857648791418
12.912192736135347	0.0020392872531623104
12.941958414499863	0.0020140788823184625
12.971792709839558	0.0019891583645612883
13.001695780332899	0.001964523361525256
13.031667784523	0.0019401714837204358
13.061708881318419	0.0019161002899826217
13.09181922999407	0.001892307286918558
13.121998990192028	0.0018687899283464308
13.15224832192239	0.0018455456147314533
13.182567385564074	0.001822571692616571
13.212956341865752	0.0017998654540481356
13.243415351946643	0.0017774241359966997
13.273944577297401	0.0017552449197727105
13.304544179780914	0.0017333249304372015
13.33521432163324	0.001711661236207293
13.365955165464419	0.0016902508478566305
13.396766874259358	0.0016690907181105797
13.427649611378643	0.0016475435588153822
13.458603540559483	0.0016258811746323917
13.489628825916533	0.0016044566038631836
13.52072563194278	0.0015832689613824312
13.551894123510364	0.001562317334266345
13.583134465871542	0.0015416007814769521
13.614446824659497	0.0015211183335436652
13.645831365889252	0.0015008689922419627
13.677288255958494	0.001480851730269265
13.708817661648537	0.0014610654909178473
13.740419750125149	0.0014415091877449527
13.772094688939474	0.00142218170423991
13.803842646028853	0.0014030818934883742
13.83566378971781	0.001384208577833497
13.867558288718882	0.0013655605485342053
13.89952631213354	0.001347136565420407
13.931568029453036	0.0013289353565451906
13.963683610559377	0.001310955617833901
13.995873225726179	0.0012931960127301914
14.028137045619589	0.001275655171838917
14.060475241299143	0.00125833169256594
14.092887984218748	0.0012412241387546883
14.12537544622754	0.001224331040319604
14.157937799570824	0.0012076508928763302
14.190575216890926	0.0011911821573687127
14.223287871228198	0.001174923259692443
14.25607593602188	0.001158872590315501
14.288939585111036	0.0011430285038952304
14.321878992735439	0.0011273893188921097
14.35489433353656	0.001111953317180084
14.387985782558452	0.0010967187436535753
14.421153515248696	0.0010816838058310201
14.45439770745928	0.0010668466734549996
14.487718535447618	0.0010522054780888232
14.52111617587742	0.0010377583127096789
14.554590805819668	0.0010235032312981977
14.58814260275349	0.0010094382484245094
14.621771744567184	0.0009955613388306372
14.655478409559112	0.0009818704370093416
14.689262776438676	0.0009683634367792721
14.723125024327194	0.00095503819085649
14.757065332758946	0.000941892510422226
14.791083881682072	0.0009289241646869556
14.825180851459544	0.0009161308804506858
14.859356422870075	0.0009035103416594776
14.893610777109155	0.0008910601889580938
14.92794409578996	0.000878778019238847
14.962356560944343	0.0008666613851865342
14.99684835502374	0.0008547077948194896
15.031419660900225	0.0008429147110266395
15.066070661867418	0.0008307420522393888
15.100801541641477	0.0008184202394060897
15.135612484362087	0.0008062485469757508
15.170503674593368	0.0007942262871418539
15.205475297324954	0.0007823527528618052
15.240527537972907	0.0007706272176418714
15.275660582380732	0.0007590489353201834
15.310874616820303	0.000747617139847854
15.346169827992941	0.0007363310450681057
15.381546403030342	0.0007251898444935127
15.4170045294956	0.000714192711081234
15.452544395384141	0.0007033387970063086
15.488166189124811	0.0006926272334329004
15.523870099580817	0.0006820571302835779
15.55965631605075	0.0006716275760065464
15.595525028269538	0.0006613376373408577
15.631476426409538	0.0006511863590795138
15.667510701081484	0.0006411727638305451
15.70362804333553	0.0006312958517759664
15.739828644662197	0.0006215546004286494
15.776112696993485	0.0006119479643870263
15.812480392703826	0.0006024748750876974
15.848931924611142	0.0005931342405558467
15.88546748597779	0.0005839249451535127
15.9220872705117	0.000574845849325619
15.95879147236732	0.0005658957893438373
15.995580286146694	0.0005570735770481974
16.032453906900418	0.0005483779995864706
16.069412530128773	0.0005398078191512562
16.106456351782697	0.0005313617727148202
16.143585568264868	0.0005230385717616103
16.18080037643066	0.000514836902018477
16.218100973589298	0.0005067554231825245
16.255487557504836	0.0004987927686466349
16.292960326397232	0.0004909475452226061
16.330519478943348	0.0004832183328619095
16.368165214278086	0.00047560368437401076
16.40589773199539	0.00046810212514228913
16.443717232149325	0.0004607121528374892
16.481623915255085	0.000453432237128723
16.51961798229015	0.00044626081939195075
16.557699634695275	0.0004391963124159913
16.595869074375614	0.0004322371001059788
16.634126503701697	0.00042538153718429657
16.672472125510627	0.00041862794888891013
16.71090614310707	0.0004119746306691459
16.749428760264383	0.0004054198478788413
16.788040181225607	0.0003989618354668868
16.82674061070467	0.0003925987976650893
16.865530253887407	0.0003863289076733927
16.90440931643265	0.0003797579451922818
16.94337800447329	0.00037305414148948365
16.982436524617444	0.00036643599133086004
17.0215850839495	0.00035990302574917494
17.060823890031244	0.0003534547637657157
17.10015315090288	0.0003470907122577221
17.139573075084254	0.00034081036582461337
17.179083871575877	0.00033461320665307404
17.21868574986008	0.00032849870438092944
17.25837891990204	0.0003224663159598491
17.298163592151013	0.0003165154855168153
17.338039977541374	0.0003106456442144037
17.378008287493763	0.0003048562101098256
17.418068733916144	0.00029914658801275066
17.458221529205037	0.00029351616934186146
17.498466886246565	0.0002879643319801804
17.53880501841762	0.00028249044012911706
17.579236139586932	0.00027709384416125783
17.619760464116293	0.00027177388047184956
17.66037820686164	0.00026652987132900867
17.70108958317422	0.0002613611247226195
17.741894808901662	0.00025626693421192516
17.78279410038923	0.000251246578771778
17.82378767448089	0.0002462993226375722
17.864875748520518	0.00024142441514882
17.906058540352948	0.00023662109059138683
17.947336268325266	0.00023188856803833281
17.988709151287875	0.0002272260511894036
18.030177408595698	0.00022263272820911744
18.071741260109274	0.0002181077715634651
18.113400926196025	0.00021365033785518016
18.15515662773135	0.00020925956765760674
18.197008586099845	0.00020493458534712444
18.238957023196384	0.00020067449893413887
18.281002161427427	0.00019647839989259816
18.323144223712113	0.00019234536298806304
18.365383433483473	0.00018827444610428705
18.407720014689563	0.00018426469006831402
18.450154191794738	0.00018031511847406287
18.492686189780777	0.00017642473750441098
18.535316234148123	0.00017259253575174313
18.57804455091699	0.0001688174840369751
18.620871366628677	0.0001650985352270092
18.663796908346693	0.00016143462405064662
18.706821403658015	0.00015782466691291312
18.74994508067419	0.00015426756170781248
18.793168168032686	0.00015076218762946202
18.836490894898002	0.00014730740498163517
18.879913490962945	0.00014390205498566956
18.92343618644976	0.00014054495958674794
18.967059212111465	0.00013723492125851657
19.010782799232995	0.00013397072280605483
19.054607179632484	0.00013075112716716023
19.098532585662387	0.00012757487721195743
19.14255925021086	0.00012444069554078702
19.18668740670289	0.00012134728428039743
19.230917289101594	0.00011829332487839955
19.275249131909366	0.00011527747789598628
19.31968317016924	0.0001122983827988861
19.364219639466068	0.00010935465774655969
19.408858775927794	0.00010644489937960626
19.453600816226633	0.00010356768260538196
19.498445997580454	0.00010072156038179374
19.543394557753942	0.00009790506349928292
19.58844673505991	0.00009511670036096078
19.633602768360475	0.00009235495676090099
19.67886289706845	0.00008961829566054853
19.724227361148536	0.00008690515696326228
19.76969640111862	0.00008421395728695309
19.81527025805099	0.00008154308973481527
19.860949173573715	0.0000788909236641236
19.906733389871864	0.00007625580445309682
19.952623149688808	0.00007363605326580263
19.998618696327448	0.00007102996681509371
20.044720273651613	0.00006843581712354818
20.090928126087277	0.00006585185128241843
20.137242498623895	0.00006327629120855588
20.183663636815616	0.00006070733339930847
20.23019178678272	0.000058143148685358326
20.276827195212817	0.000055581881981506385
20.32357010936221	0.00005302165203536826
20.37042077705719	0.00005046055117397576
20.417379446695296	0.00004789664504826906
20.46444636724674	0.00004532797237544795
20.511621788255646	0.00004275254467918927
20.558905959841425	0.00004016834602769348
20.606299132700006	0.00003757333276956023
20.65380155810529	0.000034965433267455
20.701413487910415	0.000032342547629573677
20.749135174549107	0.00002970254743887175
20.79696687103696	0.000027043275480050625
20.844908830972887	0.00002436254546426931
20.892961308540386	0.00002165814175158359
20.941124558508935	0.000018927819071079685
20.989398836235246	0.000016169302238696815
21.03778439766475	0.000013380285872702318
21.086281499332888	0.00001055843410682399
21.134890398366476	7.701380301005986e-6
21.183611352485023	4.806726749778726e-6
21.23244462000219	1.8720443882125169e-6