0.1	9.867578026432048
0.10023052380778996	9.85626770552658
0.10046157902783952	9.84495637935766
0.10069316688518042	9.833644042545979
0.10092528860766845	9.822330688862412
0.10115794542598985	9.81101631121651
0.10139113857366794	9.799700901644844
0.10162486928706957	9.788384451299263
0.1018591388054117	9.77706695043502
0.102093948370768	9.765748388398789
0.10232929922807542	9.754428753616601
0.10256519262514076	9.7431080335816
0.10280162981264736	9.731786214841751
0.10303861204416162	9.720453795084289
0.10327614057613975	9.709113909100633
0.10351421666793438	9.697772829789413
0.10375284158180126	9.686430578019854
0.10399201658290592	9.675087174183824
0.10423174293933042	9.663742638187939
0.10447202192208001	9.652396989445526
0.10471285480508996	9.641050246868547
0.10495424286523224	9.62970242885945
0.1051961873823223	9.618353553302901
0.1054386896391259	9.607003637557455
0.10568175092136585	9.595652698447148
0.10592537251772889	9.584300752252998
0.10616955571987247	9.572947814704403
0.10641430182243161	9.561593900970491
0.10665961212302578	9.550239025651344
0.1069054879222658	9.538883202769167
0.10715193052376065	9.527526445759351
0.10739894123412448	9.516168767461446
0.1076465213629835	9.504810180110054
0.10789467222298288	9.493450695325635
0.1081433951297938	9.482090324105192
0.10839269140212036	9.470729076812914
0.10864256236170655	9.459366963170675
0.10889300933334335	9.44800399224848
0.10914403364487565	9.436640172454801
0.10939563662720939	9.425275511526792
0.1096478196143185	9.413910016520465
0.10990058394325211	9.40254369380073
0.11015393095414151	9.391176549031325
0.11040786199020733	9.379808587164703
0.11066237839776664	9.368439812431754
0.11091748152624012	9.357070228331478
0.11117317272815914	9.345699837620524
0.11142945335917301	9.334328642302662
0.11168632477805612	9.322956643618102
0.11194378834671516	9.311583842032777
0.11220184543019636	9.300210237227452
0.11246049739669266	9.288835828086773
0.11271974561755105	9.27746061268821
0.11297959146727979	9.266084588290859
0.11324003632355571	9.254707751324178
0.11350108156723152	9.243330097376584
0.1137627285823431	9.231951621183958
0.11402497875611688	9.22057231661803
0.11428783347897718	9.209192176674657
0.11455129414455358	9.197811193461995
0.1148153621496883	9.186429358188537
0.11508003889444356	9.175046661151063
0.11534532578210924	9.163663091722464
0.11561122421920987	9.15226880876267
0.11587773561551262	9.140867063373472
0.11614486138403426	9.12946435782899
0.11641260294104915	9.118060717286676
0.11668096170609624	9.106656166467822
0.11694993910198712	9.095250729649944
0.11721953655481303	9.083844430659141
0.11748975549395298	9.072437292862343
0.11776059735208072	9.061029339159484
0.11803206356517298	9.049620591975591
0.11830415557251646	9.03821107325284
0.118576874816716	9.026800804442441
0.11885022274370183	9.015389806496525
0.11912420080273747	9.003978099859912
0.1193988104464273	8.992565704461795
0.11967405313072434	8.981152639707334
0.11994993031493788	8.969738924469205
0.12022644346174129	8.958324577079006
0.12050359403717974	8.946909615318628
0.120781383510678	8.9354940564115
0.12105981335504823	8.924077917013772
0.12133888504649772	8.912661213205412
0.12161860006463679	8.901243960481182
0.12189895989248664	8.889826173741568
0.12217996601648717	8.878407867283578
0.12246161992650487	8.866989054791487
0.12274392311584072	8.85556974932745
0.12302687708123815	8.844149963322073
0.1233104833228909	8.83272970856483
0.12359474334445104	8.821308996194439
0.1238796586530369	8.809887836689109
0.1241652307592411	8.79846623985671
0.1244514611771385	8.787044214824828
0.12473835142429429	8.775621770030755
0.125025903021772	8.764198913211334
0.1253141174941416	8.75277565139274
0.1256029963694875	8.741351990880158
0.12589254117941673	8.729927937247346
0.12618275345906707	8.71850349532611
0.12647363474711512	8.707078669195646
0.12676518658578456	8.695653462171839
0.12705741052085415	8.684227876796392
0.12735030810166617	8.672801914825893
0.12764388088113438	8.661375577220765
0.12793813041575247	8.649948864134085
0.12823305826560213	8.638521774900342
0.12852866599436155	8.627094308024043
0.1288249551693134	8.615666461168244
0.12912192736135342	8.604238231142928
0.1294195841449986	8.592809613893316
0.12971792709839558	8.581369277065543
0.13001695780332903	8.569920975767781
0.13031667784522993	8.558472211906079
0.13061708881318415	8.547023023486444
0.1309181922999407	8.535573448224097
0.13121998990192033	8.524123523537181
0.13152248321922383	8.512673286540407
0.1318256738556407	8.501222774038624
0.1321295634186575	8.489772022520329
0.13243415351946647	8.478321068151107
0.13273944577297395	8.466869946766993
0.1330454417978091	8.455418693867772
0.1333521432163324	8.443967344610206
0.13365955165464422	8.43251593380118
0.1339676687425935	8.42106449589081
0.1342764961137864	8.409613064965425
0.13458603540559483	8.398161674740514
0.13489628825916536	8.386710358553598
0.13520725631942773	8.375259149357
0.1355189412351036	8.363808079710582
0.1358313446587154	8.352357181774359
0.136144468246595	8.340906487301073
0.13645831365889247	8.329456027628673
0.13677288255958492	8.318005833672718
0.13708817661648537	8.306555935918709
0.13740419750125152	8.295106364414334
0.13772094688939465	8.283657148761629
0.1380384264602885	8.272208318109083
0.1383566378971781	8.260759901143626
0.13867558288718884	8.249311926082557
0.13899526312133534	8.237864420665398
0.13931568029453031	8.226417412145631
0.13963683610559377	8.214970927282392
0.13995873225726183	8.203524992332046
0.14028137045619582	8.192079633039697
0.1406047524129914	8.1806348746306
0.14092887984218747	8.169190741801504
0.14125375446227545	8.15774725871187
0.14157937799570816	8.14630444897506
0.14190575216890922	8.134862335649371
0.142232878712282	8.123420941229016
0.14256075936021884	8.111980287635026
0.1428893958511103	8.100540396206023
0.14321878992735435	8.089101287688926
0.1435489433353656	8.077662982229562
0.14387985782558455	8.066225499363178
0.14421153515248689	8.054788858004853
0.14454397707459277	8.043353076439832
0.14487718535447616	8.031918172313748
0.14521116175877424	8.020484162622749
0.14554590805819662	8.009042789710135
0.14588142602753484	7.997596816372367
0.14621771744567183	7.986151742192042
0.14655478409559117	7.974707614803364
0.1468926277643867	7.963264481603484
0.1472312502432719	7.9518223897464795
0.14757065332758945	7.940381386137292
0.14791083881682077	7.928941517425583
0.14825180851459538	7.917502829999521
0.1485935642287007	7.906065369979506
0.14893610777109154	7.894629183211824
0.14927944095789963	7.883194315262239
0.14962356560944334	7.871760811409507
0.1499684835502373	7.860328716638819
0.15031419660900225	7.8488980756351845
0.15066070661867417	7.837468932776732
0.15100801541641484	7.826041332127941
0.1513561248436208	7.8146153174328195
0.1517050367459337	7.803190932107965
0.15205475297324955	7.791768219235601
0.15240527537972914	7.780347221556503
0.15275660582380723	7.768927981462881
0.15310874616820302	7.7575105409911425
0.15346169827992942	7.746094941814634
0.1538154640303035	7.7346812252362565
0.15417004529495593	7.723269432181036
0.1545254439538414	7.711859603188588
0.1548816618912481	7.700451778405547
0.15523870099580825	7.689045997577857
0.15559656316050743	7.677642300043033
0.15595525028269538	7.666240724722309
0.15631476426409538	7.654841310112733
0.15667510701081494	7.643444094279138
0.15703628043335524	7.6320491148460805
0.15739828644662196	7.620656408989652
0.15776112696993486	7.609266013429232
0.15812480392703834	7.597877964419144
0.15848931924611134	7.586492297740231
0.15885467485977792	7.575109048691334
0.159220872705117	7.563728252080708
0.15958791472367329	7.55234994221731
0.15995580286146688	7.540974152902041
0.16032453906900418	7.529600917418859
0.1606941253012877	7.518230268525846
0.16106456351782708	7.506862238446126
0.16143585568264862	7.495496858858749
0.16180800376430657	7.48413416088944
0.16218100973589297	7.472774175101283
0.16255487557504839	7.461416931485284
0.16292960326397224	7.450062459450866
0.16330519478943342	7.438706833191089
0.16368165214278085	7.427351393936936
0.16405897731995392	7.415998790703626
0.16443717232149316	7.404649066410646
0.1648162391525508	7.393302263568255
0.1651961798229015	7.381958424269527
0.1655769963469528	7.370617590182278
0.16595869074375605	7.359279802540937
0.16634126503701693	7.347945102138301
0.16672472125510626	7.336613529317234
0.16710906143107074	7.325285123962271
0.16749428760264373	7.313959925491122
0.16788040181225602	7.3026379728461
0.16826740610704674	7.291319304485466
0.16865530253887412	7.28000395837467
0.16904409316432642	7.268691971977514
0.16943378004473283	7.257383382247211
0.16982436524617442	7.246078225617379
0.17021585083949506	7.2347765379929
0.17060823890031235	7.22347835474074
0.17100153150902875	7.212183710680615
0.17139573075084252	7.200892640075617
0.17179083871575881	7.189605176622715
0.1721868574986007	7.178321353443151
0.17258378919902034	7.167041203072776
0.17298163592151014	7.155764757452248
0.17338039977541378	7.144492047917156
0.17378008287493754	7.1332231051880335
0.17418068733916142	7.121957959360278
0.17458221529205037	7.110696639893965
0.1749846688624657	7.09943917560356
0.1753880501841761	7.08818559464753
0.17579236139586926	7.076935924517843
0.1761976046411629	7.065690192029381
0.17660378206861643	7.054448423309224
0.17701089583174212	7.043210643785847
0.17741894808901656	7.031976878178195
0.1778279410038923	7.0207471504846595
0.17823787674480895	7.009521483971943
0.17864875748520506	6.99829990116381
0.17906058540352943	6.987082423829732
0.17947336268325265	6.975869072973413
0.1798870915128788	6.964659868821214
0.1803017740859569	6.9534548308104505
0.1807174126010927	6.942253977577584
0.18113400926196024	6.931057326946289
0.18155156627731356	6.91986489591542
0.18197008586099836	6.908676700646836
0.18238957023196378	6.89749275645313
0.1828100216142743	6.886313077785225
0.18323144223712115	6.875129828295436
0.18365383433483465	6.863945627003649
0.18407720014689558	6.8527656891919815
0.18450154191794738	6.841590057366275
0.18492686189780783	6.83041877354638
0.18535316234148114	6.819251879257254
0.18578044550916986	6.808089415519949
0.18620871366628675	6.796931422842531
0.186637969083467	6.785777941210882
0.18706821403658005	6.774629010079428
0.18749945080674188	6.763484668361746
0.18793168168032684	6.752344954421121
0.18836490894898006	6.741209906060945
0.18879913490962935	6.730079560515079
0.18923436186449755	6.718953954438066
0.18967059212111465	6.707833123895287
0.19010782799233	6.696717104352981
0.19054607179632474	6.685605930668194
0.1909853258566238	6.674499637078604
0.19142559250210858	6.66339825719226
0.19186687406702896	6.652301823977207
0.19230917289101584	6.641210369751011
0.1927524913190936	6.630123926170174
0.1931968317016924	6.619042524219457
0.19364219639466074	6.6079661942010715
0.19408858775927784	6.596894965723796
0.19453600816226624	6.585828867691951
0.19498445997580455	6.574767928294279
0.19543394557753943	6.563712174992731
0.195884467350599	6.552661634511102
0.19633602768360464	6.541616332823594
0.1967886289706845	6.53057629514323
0.19724227361148533	6.5195415459102
0.19769696401118608	6.508512108780029
0.1981527025805098	6.497488006611694
0.19860949173573716	6.486469261455566
0.19906733389871864	6.475455894541289
0.19952623149688797	6.464447926265484
0.1999861869632744	6.453445376179384
0.20044720273651614	6.442448262976298
0.2009092812608728	6.431456604479013
0.20137242498623883	6.420470417627005
0.20183663636815607	6.40948971846358
0.2023019178678272	6.3985145221228565
0.20276827195212818	6.387544842816655
0.20323570109362218	6.376580693821205
0.2037042077705718	6.365622087463791
0.20417379446695297	6.3546690351092145
0.20464446367246739	6.34372154714616
0.20511621788255657	6.332779632973404
0.20558905959841414	6.321833495242524
0.20606299132700007	6.310886397031153
0.20653801558105292	6.299944844633007
0.20701413487910425	6.2890088828549935
0.20749135174549097	6.278078555992241
0.2079696687103696	6.267153907818781
0.20844908830972886	6.256234981578142
0.20892961308540398	6.245321819973857
0.20941124558508925	6.234414465159873
0.20989398836235246	6.22351295873084
0.21037784397664752	6.212617341712334
0.21086281499332898	6.201727654550948
0.21134890398366465	6.1908439371043205
0.2118361135248502	6.179966228631011
0.21232444620002192	6.169094567780339
0.21281390459827124	6.158228992582037
0.21330449131465762	6.147369540435897
0.21379620895022325	6.136516248101217
0.21428906011200585	6.125669151686215
0.21478304741305343	6.1148282866372865
0.21527817347243727	6.103993687728193
0.21577444091526668	6.0931653890490995
0.21627185237270202	6.082343423995555
0.21677041048196952	6.071527825257311
0.21727011788637443	6.0607186248070635
0.2177709772353159	6.049915853889061
0.21827299118430013	6.039119543007627
0.2187761623949553	6.028329721915528
0.21928049353504486	6.017546419602264
0.21978598727848253	6.006769664282226
0.2202926463053456	5.995999483382731
0.22080047330189004	5.985235903531948
0.22130947096056375	5.974478950546717
0.22181964198002194	5.963728649420207
0.2223309890651403	5.952985024309509
0.22284351492703042	5.942248098523049
0.22335722228305316	5.931517894507936
0.223872113856834	5.920794433837129
0.22438819237827662	5.910077737196526
0.2249054605835781	5.899367824371901
0.22542392121524293	5.888664714235712
0.22594357702209775	5.8779684247337975
0.22646443075930595	5.867278972871933
0.2269864851883822	5.856596374702257
0.22750974307720706	5.845920645309566
0.2280342072000418	5.83525179879748
0.22855988033754301	5.82458984827447
0.2290867652767773	5.813934805839751
0.2296148648112362	5.803286682569043
0.23014418174085083	5.792645488500195
0.2306747188720069	5.782001374656057
0.23120647901755947	5.771357621993379
0.23173946499684786	5.760720771912007
0.2322736796357107	5.750090869870332
0.23280912576650079	5.739467960766817
0.23334580622810028	5.728852088930105
0.23388372386593548	5.718243298108993
0.2344228815319922	5.707641631462322
0.23496328208483072	5.697047131548764
0.23550492838960096	5.6864598403164885
0.2360478233180577	5.6758797990927485
0.23659196974857583	5.665307048573339
0.23713737056616552	5.654741628811968
0.23768402866248767	5.644183579209504
0.23823194693586902	5.633632938503127
0.23878112829131776	5.623089744755359
0.23933157564053875	5.612554035343004
0.23988329190194904	5.602025846945952
0.24043628000069334	5.591505215535885
0.24099054286865948	5.5809921763648775
0.24154608344449405	5.570486763953866
0.2421029046736178	5.559989012081013
0.24266100950824154	5.549498953769954
0.24322040090738153	5.539016621277932
0.24378108183687525	5.528542046083804
0.2443430552693972	5.51807525887594
0.24490632418447456	5.507616289539993
0.24547089156850305	5.497165167146559
0.24603676041476275	5.486721919938704
0.24660393372343392	5.476286575319372
0.24717241450161304	5.465859159838671
0.24774220576332856	5.455439699181038
0.24831331052955705	5.445028218152272
0.2488857318282391	5.434624740666435
0.24945947269429547	5.424229289732648
0.25003453616964316	5.413841887441715
0.2506109253032114	5.403462554952675
0.251188643150958	5.393091312479168
0.25176769277588557	5.382728179275702
0.25234807724805747	5.372373173623779
0.2529297996446145	5.362026312817874
0.25351286304979076	5.351687613151303
0.25409727055493053	5.3413570899019245
0.2546830252585041	5.331034757317734
0.2552701302661247	5.320720628602287
0.2558585886905646	5.310414715900017
0.25644840365177174	5.30011703028138
0.2570395782768864	5.289827581727875
0.25763211570025757	5.2795463791169155
0.25822601906345966	5.269273430206561
0.2588212915153092	5.258997937968468
0.2594179362118814	5.248723494901359
0.2600159563165272	5.238457266745776
0.2606153549998896	5.228199300155542
0.26121613543992067	5.2179496411914545
0.2618183008218985	5.20770833531092
0.26242185433844417	5.1974754273575074
0.26302679918953814	5.187250961550408
0.263633138582538	5.177034981473758
0.2642408757321946	5.166827530065877
0.2648500138606701	5.1566286496083835
0.2654605561975539	5.146438381715219
0.26607250597988097	5.1362567673215285
0.2666858664521479	5.126083846672477
0.26730064086633115	5.1159196593119
0.2679168324819031	5.105764244070896
0.26853444456585074	5.0956176390562415
0.26915348039269155	5.085479881638767
0.26977394324449205	5.075351008441535
0.2703958364108843	5.065231055327972
0.2710191631890843	5.055120057389829
0.2716439268839082	5.045018048935065
0.2722701308077913	5.03492506347557
0.272897778280804	5.024841133714807
0.27352687263067127	5.0147662915352855
0.27415741719278824	5.004700567985978
0.2747894153102397	4.994643993269523
0.2754228703338166	4.984596596729395
0.27605778562203465	4.974558406836874
0.27669416454115114	4.964529451177942
0.2773320104651841	4.9545097564400065
0.27797132677592884	4.944499348398531
0.2786121168629771	4.934498251903506
0.27925438412373377	4.924506490865816
0.2798981319634363	4.914524088243439
0.2805433637951713	4.904551066027554
0.28119008303989407	4.894587445228468
0.28183829312644537	4.884633245861451
0.2824879974915708	4.874688486932396
0.2831391995799379	4.864753186423368
0.2837919028441557	4.854827361277991
0.28444611074479154	4.844911027386719
0.285101826750391	4.835004199571934
0.28575905433749466	4.825106891572937
0.2864177969906581	4.815219116030757
0.28707805820246907	4.805340884472852
0.28773984147356696	4.795472207297621
0.28840315031266056	4.7856130937588155
0.2890679882365476	4.775763551949757
0.28973435877013226	4.765923588787442
0.2904022654464451	4.756080512077546
0.2910717118066605	4.746238542295999
0.29174270140011677	4.736406099823408
0.29241523778433354	4.726583237870291
0.2930893245250321	4.716770009099926
0.2937649651961531	4.706966465618355
0.29444216337987617	4.697172658964282
0.29512092266663853	4.687388640098878
0.29580124665515467	4.677614459395457
0.2964831389524342	4.667850166629086
0.29716660317380267	4.658095810966045
0.29785164294291894	4.648351440953218
0.298538261891796	4.638617104507351
0.2992264636608189	4.62889284890422
0.29991625189876514	4.619178720767667
0.30060763026282306	4.609474766058545
0.3013006024186122	4.599781030063543
0.3019951720402016	4.590097557383905
0.30269134281013055	4.580424391924022
0.30338911841942706	4.570761576879923
0.3040885025676279	4.561109154727648
0.3047894989627983	4.551467167211494
0.3054921113215513	4.541835655332164
0.3061963433690677	4.532214659334777
0.30690219883911574	4.523003772813836
0.3076096814740708	4.514336610133246
0.3083187950249354	4.50567967514576
0.30902954325135906	4.497032976616974
0.309741929921658	4.488396522195148
0.31045595881283555	4.479770318395986
0.31117163371060175	4.471154370587245
0.3118889584093937	4.462548682973209
0.3126079367123955	4.453953258579011
0.31332857243155854	4.445368099234813
0.3140508693876217	4.436793205559826
0.3147748314101316	4.428228576946187
0.31550046233746265	4.4196742115426835
0.31622776601683794	4.411130106238324
0.3169567463043491	4.402596256645746
0.31768740706497706	4.39407265708448
0.3184197521726125	4.3855593005640445
0.31915378551007617	4.377056178766895
0.3198895109691398	4.368563282031203
0.3206269324505466	4.360080599333477
0.3213660538640317	4.351608118271019
0.32210687912834346	4.343145825044225
0.32284941217126356	4.334693704438704
0.32359365692962827	4.326251739807259
0.32433961734934924	4.317819913051658
0.3250872973854344	4.309398204604278
0.3258367010020088	4.300972847320502
0.32658783217233583	4.292548382611243
0.3273406948788382	4.284133898280548
0.328095293113119	4.275729424080236
0.32885163087598307	4.267334988967916
0.32960971217745777	4.258950621094974
0.3303695410368148	4.250576347794444
0.3311311214825911	4.242212195568767
0.3318944575526104	4.233858190077421
0.33265955329400454	4.225514356124436
0.333426412763235	4.217180717645788
0.3341950400261143	4.2088572976966665
0.33496543915782767	4.20054411843862
0.3357376142429547	4.192241201126581
0.33651156937549076	4.183948566095754
0.3372873086588689	4.175666232748395
0.3380648362059816	4.167394219540443
0.33884415613920255	4.159132543968038
0.3396252725904084	4.150881222553898
0.3404081897010009	4.142640270833578
0.34119291162192855	4.1344097033415785
0.3419794425137089	4.126189533597342
0.3427677865464504	4.117979774091097
0.34355794789987465	4.10978043626958
0.34434993076333853	4.101591530521607
0.3451437393358563	4.093413066163526
0.345939377826122	4.085245051424507
0.34673685045253166	4.077087493431719
0.34753616144320587	4.068940398195342
0.34833731503601184	4.060803770593453
0.34914031547858615	4.052677614356756
0.3499451670283573	4.044561932053178
0.350751873952568	4.036456725072315
0.35156044052829816	4.028361993609728
0.35237087104248715	4.020277736651097
0.353183169791957	4.012203951956217
0.3539973410834347	4.004140636042855
0.35481338923357547	3.996087784170442
0.3556313185689854	3.9880453903236193
0.3564511334262443	3.9800134471956357
0.35727283815192895	3.971991946171574
0.35809643710263606	3.963980877311433
0.35892193464500527	3.9559802293330497
0.35974933515574237	3.947989989594852
0.36057864302164244	3.9400101440784687
0.36140986263961333	3.932040677371156
0.36224299841669866	3.9240815726480758
0.3630780547701014	3.916132811654411
0.36391503612720716	3.9081943746872927
0.36475394692560786	3.9002662405775896
0.36559479161312497	3.8923311917897396
0.36643757464783333	3.8843949132071853
0.3672823004980847	3.87646877714945
0.3681289736425315	3.8685528256763844
0.3689775985701504	3.860647100250632
0.3698281797802663	3.8527516417276333
0.37068072178257605	3.8448664903455363
0.37153522909717257	3.836991685715008
0.3723917062545686	3.829127266808938
0.3732501577957206	3.8212732719520424
0.3741105882720534	3.8134297388103633
0.3749730022454836	3.805596704380667
0.3758374042884442	3.7977742049797283
0.37670379898390893	3.789962276233521
0.377572190925416	3.7821609530662865
0.37844258471709324	3.774370269689506
0.3793149849736819	3.766590259590759
0.38018939632056115	3.758820955522472
0.381065823393773	3.751062389490558
0.3819442708400465	3.74331459274294
0.38282474331682265	3.735577595757963
0.38370724549227875	3.7278514282327015
0.38459178204535355	3.720136119071136
0.38547835766577176	3.7124316963722257
0.38636697705406914	3.704738187417864
0.3872576449216172	3.6970556186607073
0.3881503659906482	3.6893840157118993
0.38904514499428056	3.681723403328662
0.3899419866765434	3.6740738054017763
0.390840895792402	3.666435244942936
0.3917418771077831	3.6588077440719773
0.3926449353995998	3.6511913240039915
0.3935500754557774	3.643586005036311
0.3944573020752784	3.6359918065353627
0.3953666200681279	3.6284087469234025
0.39627803425543945	3.6208368436651197
0.3971915494694403	3.613276113254115
0.3981071705534972	3.60572657119924
0.39902490236214205	3.5981882320108185
0.39994474976109745	3.5906611091867244
0.4008667176273028	3.583145215198336
0.4017908108489399	3.575640561476343
0.4027170343254591	3.5681471583964384
0.40364539296760493	3.5606650152648514
0.4045758916974427	3.553194140303759
0.40550853544838383	3.5457345406365506
0.40644332916521275	3.538286222272958
0.40738027780411273	3.530849190094042
0.4083193863326921	3.523423447837032
0.40926065973001086	3.51600899808003
0.4102041029866068	3.508597596699637
0.41114972110452225	3.5011919815870685
0.4120975190973302	3.4937976174752974
0.4130475019901614	3.486414535371975
0.41399967481973043	3.4790427655086122
0.4149540426343629	3.471682337328829
0.41591061049402206	3.464333279476505
0.4168693834703354	3.456995619783811
0.41783036664662176	3.449669385259122
0.4187935651179184	3.4423546020748077
0.41975898399100753	3.4350512955549175
0.4207266283844441	3.4277594901627277
0.4216965034285822	3.420479209488187
0.422668614265603	3.413210476235225
0.4236429660495411	3.405953312208947
0.4246195639463129	3.3987077383026985
0.4255984131337431	3.391473774485016
0.42657951880159267	3.3842514397864343
0.4275628861515862	3.3770407522861863
0.4285485203974395	3.3698417290987592
0.4295364267648873	3.3626543863603326
0.43052661049171065	3.3554787392150796
0.43151907682776525	3.3483148018013402
0.43251383103500873	3.3411625872376614
0.4335108783875289	3.334022107608705
0.43451022417157154	3.3268933739510174
0.4355118736855686	3.3197763962386726
0.436515832240166	3.3126711833687663
0.4375221051582521	3.3055777431467823
0.4385306977749857	3.2984960822718126
0.4395416154378245	3.2914262063216495
0.4405548635065533	3.2843681197377164
0.4415704473533125	3.277321825809877
0.44258837236262655	3.27028732666109
0.44360864393143257	3.2632646232319162
0.4446312674691087	3.2562537152648927
0.4456562483975033	3.2492546012887433
0.44668359215096315	3.242267278602456
0.44771330417636257	3.2352917432591988
0.4487453899331322	3.2283279900500954
0.449779854893288	3.221376012487837
0.45081670454146017	3.2144358027901525
0.4518559443749224	3.2075073518631165
0.4528975799036208	3.200590649284305
0.4539416166502032	3.193685683285795
0.4549880601500486	3.1867924407369954
0.4560369159512962	3.179910907127341
0.4570881896148751	3.173041066548798
0.4581418867145335	3.1661829016782277
0.4591980128368686	3.1593363937595766
0.4602565735813561	3.1524931966713794
0.4613175745603794	3.1456560531057884
0.46238102139926035	3.1388304589116656
0.46344691973628804	3.132016422965762
0.46451527522274944	3.125213953086556
0.465586093522959	3.1184230560199104
0.46665938031428866	3.111643737424621
0.46773514128719823	3.1048760018578068
0.46881338214526524	3.098119852760174
0.46989410860521547	3.0913752924411395
0.47097732639695294	3.084642322063806
0.47206304126359055	3.077920941629808
0.4731512589614805	3.0712111499640065
0.4742419852602447	3.064512944699042
0.47533522594280536	3.05782632225974
0.47643098680541573	3.0511512778473815
0.47752927365769093	3.044487805423808
0.4786300923226384	3.037835897695392
0.47973344863668915	3.031195546096856
0.4808393484497286	3.0245667407749295
0.4819477976251274	3.017949470571871
0.4830588020397727	3.0113437230088236
0.48417236758409943	3.0047494842690154
0.4852885001621211	2.9981667391808173
0.4864072056914617	2.991595471200625
0.4875284901033864	2.985035662395598
0.48865235934283363	2.9784872934262285
0.48977881936844625	2.9719503435287558
0.4909078761526032	2.965424790497414
0.492039535681451	2.9589106106665146
0.49317380395493593	2.952407778892371
0.4943106869868355	2.9459162685350497
0.4954501908047903	2.939436051439956
0.49659232145033616	2.93296709791925
0.49773708497893604	2.9265093767330947
0.4988844874600123	2.920062855070725
0.5000345349769786	2.913627498531353
0.5011872336272724	2.9072032711048887
0.5023425895223872	2.9007901351524956
0.5035006087879049	2.8943880513869558
0.5046612975635284	2.887996978852867
0.505824662003114	2.8816168749066517
0.5069907082747043	2.8752476951963906
0.5081594425605604	2.8688893936414637
0.5093308710571953	2.8625419224120163
0.5105049999754062	2.856205231908235
0.5116818355403077	2.84987927073943
0.5128613839913648	2.843563985702938
0.514043651582426	2.8372593217628235
0.5152286445817564	2.830965222028398
0.5164163692720709	2.8246616270594207
0.5176068319505677	2.818355116809078
0.5188000389289611	2.8120588865694156
0.5199959965335159	2.8057729523964476
0.5211947111050804	2.799497329500901
0.5223961889991198	2.7932320322363244
0.5236004365857502	2.7869770740870816
0.5248074602497725	2.7807324676562275
0.5260172663907061	2.7744982246532746
0.5272298614228227	2.768274355881835
0.5284452517751804	2.762060871227151
0.5296634438916578	2.7558577796435055
0.5308844442309884	2.7496650891415073
0.5321082592667942	2.7434828067752632
0.5333348954876209	2.737310938629423
0.5345643593969717	2.7311494898061057
0.5357966575133416	2.724998464411696
0.5370317963702527	2.7188578655435243
0.5382697825162883	2.712727695276414
0.5395106225151276	2.706607954649104
0.5407543229455808	2.7004986436505445
0.5420008904016238	2.6943997612060606
0.5432503314924332	2.6883113051633916
0.5445026528424212	2.6822332722785958
0.5457578610912709	2.6761656582018176
0.5470159628939716	2.6701084574629337
0.5482769649208538	2.6640616634570526
0.5495408738576245	2.65802526842989
0.5508076964054034	2.651999263462994
0.5520774392807574	2.645983638458847
0.5533501092157367	2.6399783821258205
0.5546257129579107	2.6339834819629893
0.5559042572704036	2.627998924244809
0.5571857489319298	2.622024694005649
0.5584701947368308	2.616060775024183
0.5597576014951101	2.610107149807632
0.5610479760324705	2.604163799575865
0.5623413251903491	2.598230704245353
0.5636376558259545	2.592307842412971
0.5649369748123025	2.5863951913396557
0.5662392890382533	2.5804927269339073
0.5675446054085471	2.574600423735143
0.5688529308438415	2.568718254896899
0.5701642722807475	2.562846192169873
0.571478636671867	2.556984205884816
0.5727960309858292	2.551132264935264
0.5741164622073276	2.545290336760115
0.5754399373371569	2.539458387326043
0.5767664633922508	2.533636381109757
0.5780960474057181	2.527824281080087
0.5794286964268811	2.5220053034848418
0.580764417521312	2.516184967958327
0.5821032177708715	2.510374332750652
0.5834451042737447	2.504573422084681
0.5847900841444807	2.4987822595209557
0.5861381645140288	2.493000867947826
0.5874893525297767	2.4872292695714675
0.588843655355589	2.4814674859058132
0.5902010801718444	2.4757155377623796
0.591561634175474	2.4699734452400013
0.5929253245799998	2.464241227714461
0.5942921586155727	2.458518903828017
0.5956621435290105	2.4528064914788414
0.5970352865838369	2.44710400781034
0.5984115950603197	2.4414114692003808
0.5997910762555094	2.435728891250415
0.6011737374832781	2.4300562887744963
0.6025595860743578	2.4243936757881865
0.6039486293763798	2.418741065497368
0.6053408747539136	2.413098470286934
0.6067363295885054	2.407465901709385
0.6081350012787179	2.401843370473307
0.6095368972401692	2.3962308864317405
0.610942024905572	2.3906284585704465
0.6123503917247736	2.3850360949960456
0.6137620051647943	2.379453802924065
0.6151768727098682	2.3738815886668525
0.6165950018614822	2.368319457621391
0.618016400138416	2.3627674142569832
0.6194410750767815	2.3572254621028352
0.6208690342300636	2.351693603735512
0.6223002851691596	2.3461718407662753
0.6237348354824193	2.3406601738283124
0.6251726927756859	2.3351586025638302
0.6266138646723355	2.329667125611037
0.628058358813318	2.324185740591
0.6295061828571976	2.3187144440943817
0.6309573444801934	2.313253231668046
0.6324118513762195	2.3078020978015488
0.633869711256927	2.302361035913487
0.6353309318517437	2.296930038337742
0.6367955209079159	2.2915090963095723
0.6382634861905487	2.2860981999515904
0.6397348354826482	2.2806973382596087
0.6412095765851616	2.275306499088345
0.6426877173170197	2.2699256691370064
0.6441692655151774	2.26455483393473
0.6456542290346556	2.2591939778259
0.6471426157485832	2.253843083955313
0.6486344335482385	2.2485021342532217
0.6501296903430908	2.2431623560287512
0.6516283940608427	2.2378266350365332
0.6531305526474724	2.2325007518464908
0.654636174067275	2.2271847186464826
0.6561452663029055	2.2218785468230133
0.6576578373554206	2.2165822469501535
0.6591738952443215	2.211295828778334
0.6606934480075961	2.2060193012230536
0.662216503701762	2.2007526723534623
0.6637430704019089	2.1954959493808484
0.6652731562017414	2.190249138647007
0.6668067692136223	2.185012245612507
0.6683439175686147	2.1797852748448383
0.6698846094165265	2.174568230006455
0.6714288529259524	2.1693611138426987
0.6729766562843179	2.1641639281696143
0.6745280276979221	2.1589766738616456
0.6760829753919819	2.1537993508392193
0.6776415076106752	2.1486319580562077
0.6792036326171846	2.143474493487279
0.6807693586937414	2.1383269541151257
0.6823386941416696	2.1331893359175753
0.6839116472814293	2.128061633854577
0.6854882264526615	2.12294384185507
0.6870684400142321	2.117835952803729
0.688652296344276	2.1127379585275876
0.6902398038402419	2.1076498497825287
0.6918309709189364	2.102571616239664
0.6934258060165691	2.0975032464715717
0.6950243175887968	2.0924447279384175
0.6966265141107687	2.0873960469739403
0.6982324040771714	2.0823571887713124
0.6998419960022735	2.077328137368868
0.7014552984199712	2.0723088756356947
0.7030723198838335	2.0672993852571033
0.7046930689671469	2.0622996467199486
0.7063175542629619	2.057309639297831
0.7079457843841379	2.052329341036149
0.7095777679633888	2.0473587287370196
0.711213513653329	2.042397777944064
0.7128530301265195	2.0374464629270452
0.7144963260755133	2.0325047566663725
0.716143410212902	2.02757263083746
0.7177942912713617	2.022650055794944
0.7194489780036994	2.017737000556756
0.7211074791828996	2.0128334327880473
0.7227698036021702	2.0079393187849734
0.72443596007499	2.003054623458326
0.7261059574351547	1.9981793103170145
0.727779804536824	1.9933133414514053
0.7294575102545687	1.9884426510376985
0.7311390834834174	1.983571855346644
0.732824533138904	1.978710209865673
0.734513868157115	1.9738577273551943
0.7362070974947361	1.969014419856794
0.737904230129101	1.9641802986832047
0.7396052750582378	1.9593553744081769
0.7413102413009175	1.9545396568562559
0.7430191378967014	1.9497331550924628
0.744731973905989	1.9449358774118768
0.7464487584100665	1.9401478313291112
0.7481695005111544	1.9353690235677021
0.7498942093324559	1.930599460049386
0.7516228940182055	1.9258391458832806
0.7533555637337174	1.9210880853549606
0.7550922276654339	1.9163462819154342
0.7568328950209744	1.9116137381700118
0.7585775750291838	1.9068904558670714
0.7603262769401818	1.9021764358867157
0.762079010025412	1.8974716782293295
0.7638357835776907	1.8927761820040192
0.7655966069112563	1.8880899454169529
0.7673614893618189	1.8834129657595873
0.7691304402866096	1.8787452393967823
0.7709034690644301	1.8740867617548098
0.7726805850957024	1.8694375273092467
0.7744617978025188	1.8647975295727541
0.7762471166286917	1.860166761082747
0.7780365510398041	1.8555452133889443
0.7798301105232588	1.8509328770408051
0.7816278045883297	1.8463297415748523
0.7834296427662119	1.8417357955018685
0.7852356346100718	1.8371510262939847
0.7870457896950986	1.8325754203716422
0.7888601176185545	1.8280089630904348
0.7906786279998251	1.8234516387278341
0.7925013304804718	1.8189034304697835
0.7943282347242815	1.8143643203971795
0.7961593504173188	1.80983428947222
0.7979946872679766	1.8053133175246299
0.7998342550070284	1.800801383237761
0.8016780633876791	1.7962984641345638
0.8035261221856173	1.7918045365634299
0.8053784411990667	1.7873195756839044
0.8072350302488382	1.7828435554522706
0.8090958991783823	1.7783764486070002
0.8109610578538409	1.773918226654069
0.8128305161640993	1.7694688598521433
0.8147042840208396	1.7650283171976282
0.8165823713585925	1.7605965664095802
0.81846478813479	1.756160625448988
0.8203515443298183	1.7517247585807652
0.8222426499470712	1.7472975127698498
0.8241381150130024	1.7428789026427913
0.8260379495771788	1.7384689421962616
0.8279421637123342	1.7340676447881065
0.8298507675144225	1.7296750231283156
0.8317637711026711	1.7252910892699005
0.8336811846196344	1.7209158545996883
0.835603018231248	1.716549329829029
0.8375292821268826	1.7121915249844077
0.8394599865193975	1.7078424493979734
0.8413951416451951	1.7035021116979747
0.8433347577642755	1.699170519799107
0.84527884516029	1.6948476808927617
0.8472274141405965	1.690533601437191
0.8491804750363139	1.6862282871475753
0.8511380382023765	1.6819317429859926
0.8531001140175896	1.6776439731513015
0.8550667128846834	1.673364981068923
0.8570378452303697	1.6690947693805258
0.8590135215053958	1.664833339933617
0.8609937521846007	1.6605806937710332
0.8629785477669704	1.6563368311203308
0.8649679187756933	1.652101751383083
0.8669618757582167	1.6478754531240678
0.8689604292863019	1.6436579340603628
0.8709635899560808	1.6394491910503306
0.8729713683881117	1.6352492200825084
0.8749837752274362	1.6310580162643873
0.8770008211436349	1.626875573811091
0.8790225168308845	1.622701886033948
0.8810488730080143	1.6185369453289575
0.8830799004185629	1.6143807431651482
0.8851156098308356	1.6102332700728266
0.887156012037961	1.6060945156317208
0.8892011178579485	1.60196446845901
0.8912509381337457	1.597843116197247
0.8933054837332954	1.5937304455021672
0.895364765549594	1.589626442030383
0.8974287945007486	1.5855310904269684
0.8994975815300353	1.581444374312928
0.9015711376059571	1.5773662762725484
0.9036494737223016	1.5732967778406364
0.9057326008982003	1.5692358594896376
0.9078205301781859	1.5651835006166408
0.9099132726322517	1.5611396795302537
0.9120108393559097	1.5571043734373735
0.9141132414702502	1.5530775584298202
0.9162204901219997	1.5490592094708615
0.9183325964835808	1.5450388963661978
0.9204495717531712	1.5410200461197145
0.9225714271547631	1.537009526753062
0.9246981739382225	1.5330073504967026
0.9268298233793492	1.5290135289657965
0.9289663867799363	1.5250280731515735
0.9311078754678302	1.5210509934126253
0.933254300796991	1.517082299466114
0.9354056741475518	1.5131220003788954
0.9375620069258802	1.50917010455856
0.9397233105646378	1.5052266197443864
0.9418895965228413	1.5012915529982092
0.9440608762859233	1.4973649106952045
0.946237161365793	1.4934466985145773
0.9484184633008971	1.4895369214301764
0.9506047936562815	1.4856355837010018
0.9527961640236519	1.4817426888616436
0.9549925860214359	1.4778582397126097
0.9571940712948444	1.4739822383105763
0.9594006315159331	1.4701146859585432
0.9616122783836646	1.4662555831958939
0.9638290236239705	1.4624049297883648
0.9660508789898133	1.4585627247179196
0.9682778562612491	1.4547289661725296
0.9705099672454897	1.4509036515358553
0.9727472237769651	1.4470867773768377
0.9749896377173869	1.4432783394391853
0.9772372209558107	1.4394783326307663
0.9794899854086988	1.4356867510129054
0.9817479430199844	1.431903587789574
0.9840111057611337	1.4281288352964843
0.9862794856312105	1.4243624849900829
0.9885530946569389	1.4206045274364385
0.9908319448927676	1.416854952300031
0.9931160484209338	1.4131137483324328
0.995405417351527	1.40938090336089
0.9977000638225533	1.4056564042767923
1.	1.4019402370240417
1.0023052380778998	1.398232386587312
1.0046157902783952	1.3945328369802021
1.0069316688518044	1.3908415712332736
1.0092528860766845	1.387158571381988
1.0115794542598988	1.3834838184545282
1.0139113857366795	1.3798172924595082
1.016248692870696	1.3761589723735699
1.0185913880541169	1.3725088361288693
1.0209394837076802	1.368866860600446
1.023292992280754	1.365233021593479
1.0256519262514079	1.3616072938304218
1.0280162981264735	1.3579896509380303
1.0303861204416165	1.3543710612545838
1.0327614057613974	1.3507544857415716
1.0351421666793441	1.3471458632744242
1.0375284158180127	1.3435451992435679
1.0399201658290596	1.339952498381188
1.0423174293933042	1.3363677647523842
1.0447202192208003	1.3327910017462357
1.0471285480508996	1.329222212066789
1.0495424286523225	1.3256613977239542
1.051961873823223	1.3221085600243216
1.0543868963912593	1.3185636995618863
1.0568175092136585	1.315026816208692
1.0592537251772887	1.3114979091053787
1.0616955571987248	1.3079769766516502
1.064143018224316	1.304464016496651
1.066596121230258	1.300959025529243
1.0690548792226577	1.2974619998682098
1.0715193052376064	1.2939729348523505
1.0739894123412446	1.2904918250304964
1.076465213629835	1.287018664151424
1.0789467222298286	1.2835534451536832
1.081433951297938	1.2800961601553213
1.0839269140212033	1.276646800443522
1.0864256236170655	1.2732053564641408
1.0889300933334332	1.2697718178111472
1.0914403364487566	1.2663461732159662
1.0939563662720937	1.2629284105367284
1.096478196143185	1.2595185167474094
1.0990058394325208	1.2561164779268823
1.101539309541415	1.2527222792478576
1.104078619902073	1.2493359049657318
1.1066237839776665	1.2459573384073224
1.1091748152624008	1.2425865619595131
1.1117317272815914	1.239223557057781
1.1142945335917298	1.2358683041746303
1.1168632477805611	1.2325207828079103
1.1194378834671515	1.229180971469037
1.1220184543019636	1.2258488476710963
1.1246049739669264	1.2225243879168501
1.1271974561755105	1.219207567686622
1.1297959146727976	1.2158983614260823
1.1324003632355573	1.2125967425339128
1.1350108156723149	1.2093026833493716
1.137627285823431	1.2060161551397293
1.1402497875611686	1.2027371280876091
1.1428783347897717	1.1994655712781954
1.1455129414455354	1.1962014526863405
1.1481536214968828	1.1929447391635442
1.1508003889444356	1.1896953964248238
1.1534532578210923	1.18645338903546
1.1561122421920986	1.183207115711142
1.1587773561551262	1.1799603783818386
1.1614486138403426	1.1767208039849637
1.1641260294104914	1.1734883989470841
1.1668096170609623	1.1702631691244743
1.1694993910198712	1.1670451197953606
1.1721953655481303	1.1638342556521069
1.1748975549395297	1.1606305807933108
1.1776059735208073	1.1574340987158407
1.1803206356517297	1.1542448123067819
1.1830415557251646	1.1510627238353226
1.1857687481671602	1.1478878349445485
1.1885022274370183	1.144720146643174
1.1912420080273751	1.141559659297183
1.193988104464273	1.1384063726214038
1.1967405313072437	1.1352602856709892
1.1994993031493788	1.1321213968328363
1.2022644346174132	1.1289897038169083
1.2050359403717974	1.1258652036474872
1.2078138351067804	1.1227478926543375
1.2105981335504823	1.1196377664637922
1.2133888504649775	1.1165348199897536
1.2161860006463678	1.1134390474246099
1.2189895989248667	1.1103504422300692
1.2217996601648717	1.1072689971279086
1.2246161992650488	1.1041947040906337
1.2274392311584073	1.101127554332058
1.2302687708123818	1.0980675382977871
1.233104833228909	1.0950146456556256
1.2359474334445106	1.0919688652858817
1.238796586530369	1.0889301852715976
1.2416523075924113	1.0858985928886764
1.244514611771385	1.0828740745959293
1.2473835142429432	1.0798566160250205
1.2502590302177201	1.0768462019703315
1.2531411749414163	1.0738428163787204
1.2560299636948749	1.070846442339199
1.2589254117941675	1.067857062072506
1.2618275345906707	1.0648746569205907
1.2647363474711515	1.0618992073359959
1.2676518658578455	1.0589306928711522
1.270574105208542	1.055969092167562
1.2735030810166617	1.0530143829448995
1.276438808811344	1.0500665419899975
1.2793813041575246	1.047125545145748
1.2823305826560218	1.044191367299887
1.2852866599436155	1.041263982373694
1.2882495516931343	1.038343363310573
1.2912192736135342	1.035429482064544
1.2941958414499863	1.0325223095886198
1.297179270983956	1.0296118344205853
1.3001695780332907	1.0267013394989957
1.3031667784522993	1.0237974090911663
1.3061708881318417	1.0209000502437473
1.309181922999407	1.0180092695015595
1.3121998990192034	1.0151250729007129
1.3152248321922384	1.0122474659616618
1.3182567385564075	1.0093764536821912
1.3212956341865751	1.0065120405303405
1.324341535194665	1.0036542304372555
1.3273944577297394	1.0008030267899797
1.3304544179780915	0.9979584324241672
1.333521432163324	0.9951204496167405
1.3365955165464425	0.9922890800784638
1.3396766874259352	0.989464324946461
1.3427649611378643	0.9866461847766513
1.3458603540559484	0.9838346595361239
1.348962882591654	0.9810297485954302
1.3520725631942772	0.9782314507208179
1.3551894123510364	0.9754397640663761
1.3583134465871542	0.9726546861661237
1.3614446824659503	0.9698762139260082
1.3645831365889245	0.9671043436158426
1.3677288255958495	0.9643390708611589
1.3708817661648536	0.9615803906349922
1.3740419750125157	0.9588282972495807
1.3772094688939465	0.9560827843479984
1.3803842646028852	0.9533438448956996
1.383566378971781	0.9506114711719951
1.3867558288718889	0.9478856547614413
1.3899526312133532	0.9451663865451575
1.3931568029453036	0.9424536566920532
1.3963683610559376	0.9397474546499868
1.3995873225726185	0.9370477691368304
1.4028137045619582	0.9343545881314623
1.4060475241299144	0.9316678988646704
1.4092887984218747	0.9289876878099768
1.4125375446227548	0.9263139406743717
1.4157937799570817	0.9236466423889719
1.4190575216890926	0.9209857770995836
1.4223287871228198	0.9183313281571882
1.425607593602188	0.9156832781083314
1.428893958511103	0.9130416086854344
1.432187899273543	0.9104063007970122
1.435489433353656	0.9077773345177992
1.4387985782558452	0.905154689078793
1.4421153515248688	0.9025383428572009
1.4454397707459272	0.8999282733662994
1.4487718535447618	0.8973244572451975
1.452111617587742	0.8947268702485138
1.455459080581966	0.8921278688216491
1.4588142602753482	0.8895299563829439
1.4621771744567182	0.8869381560009907
1.4655478409559113	0.8843524704825557
1.468926277643867	0.8817729021234145
1.4723125024327186	0.8791994527015642
1.4757065332758947	0.8766321234703636
1.4791083881682072	0.874070915151616
1.4825180851459536	0.8715158279285793
1.4859356422870067	0.8689668614389198
1.4893610777109154	0.8664240147675896
1.492794409578996	0.8638872864396485
1.4962356560944337	0.8613566744130073
1.4996848355023733	0.8588321760711146
1.5031419660900225	0.8563137882155639
1.5066070661867417	0.8538015070586449
1.5100801541641484	0.8512953282158107
1.513561248436208	0.8487952466980901
1.5170503674593367	0.8463012569044162
1.5205475297324955	0.8438133526138936
1.5240527537972914	0.8413315269779879
1.5275660582380723	0.8388557725126469
1.5310874616820302	0.8363860810903448
1.5346169827992941	0.8339224439320587
1.5381546403030348	0.8314648515991642
1.5417004529495593	0.8290132939852629
1.545254439538414	0.82656776030793
1.5488166189124812	0.8241282391003885
1.5523870099580825	0.8216947182031049
1.5559656316050743	0.8192671847553121
1.559552502826954	0.8168456251864468
1.5631476426409538	0.8144300252075188
1.5667510701081493	0.8120203698023911
1.5703628043335522	0.8096166432189892
1.5739828644662197	0.8072188289604217
1.5776112696993485	0.804826909776029
1.5812480392703834	0.8024408676523422
1.5848931924611134	0.8000606838039654
1.5885467485977791	0.7976863386643717
1.59220872705117	0.7953178118766185
1.5958791472367329	0.7929550822839754
1.5995580286146687	0.7905981279204712
1.6032453906900417	0.788246926001349
1.6069412530128773	0.7859014529134443
1.6106456351782708	0.7835616842054657
1.6143585568264862	0.7812275945781963
1.6180800376430662	0.778899157874602
1.6218100973589298	0.7765763470698526
1.6255487557504842	0.7742591342612507
1.6292960326397223	0.7719474906580762
1.6330519478943346	0.7696319633121816
1.6368165214278085	0.76731565033416
1.6405897731995396	0.7650047666180524
1.6443717232149315	0.7626993176847495
1.6481623915255086	0.7603993086425427
1.651961798229015	0.7581047441814862
1.6557699634695284	0.7558156285677048
1.6595869074375604	0.7535319656376473
1.6634126503701698	0.7512537587922854
1.6672472125510627	0.7489810109912597
1.6710906143107078	0.746713724746967
1.6749428760264373	0.7444519021185955
1.6788040181225607	0.7421955447060993
1.6826740610704674	0.7399446536441237
1.6865530253887415	0.7376992295958625
1.690440931643264	0.7354592727468698
1.6943378004473288	0.7332247827988017
1.6982436524617444	0.7309957589631114
1.7021585083949509	0.7287721999546733
1.7060823890031234	0.72655410398536
1.710015315090288	0.724341468757546
1.7139573075084253	0.7221342914575632
1.7179083871575884	0.7199325687490865
1.721868574986007	0.7177362967664638
1.725837891990204	0.7155454711079781
1.7298163592151015	0.7133600868290555
1.7338039977541384	0.7111801384353993
1.7378008287493754	0.709005619876072
1.7418068733916146	0.7068365245365024
1.7458221529205038	0.7046728452314388
1.7498466886246573	0.7025145741978261
1.7538805018417611	0.7003617030876288
1.7579236139586931	0.6982142229605754
1.7619760464116292	0.6960721242768493
1.7660378206861649	0.6939353968896995
1.770108958317421	0.6918040300379955
1.7741894808901661	0.6896780123387023
1.7782794100389228	0.6875573317792981
1.78237876744809	0.685441975710112
1.7864875748520508	0.6833319308365997
1.7906058540352947	0.681227183211543
1.7947336268325265	0.6791277182271828
1.7988709151287883	0.677033520607275
1.803017740859569	0.6749445743990815
1.8071741260109275	0.6728608629652787
1.8113400926196026	0.6707823689758026
1.8155156627731361	0.6687090743996114
1.8197008586099834	0.6666409604963796
1.8238957023196385	0.6645780078081115
1.8281002161427427	0.6625201961506848
1.832314422371212	0.6604609861938824
1.8365383433483464	0.6584025205170159
1.8407720014689564	0.6563490975757564
1.8450154191794736	0.6543007204585909
1.8492686189780787	0.652257391849384
1.8535316234148114	0.6502191140219684
1.857804455091699	0.6481858888346753
1.8620871366628675	0.6461577177248222
1.8663796908346704	0.6441346017031395
1.8706821403658007	0.642116541348154
1.8749945080674193	0.6401035368005121
1.8793168168032686	0.6380955877572546
1.883649089489801	0.6360926934660348
1.8879913490962936	0.6340948527192866
1.892343618644976	0.632102063848331
1.8967059212111463	0.6301143247174378
1.9010782799233006	0.6281316327178194
1.9054607179632472	0.6261539847615833
1.9098532585662378	0.6241813772756131
1.914255925021086	0.6222138061954046
1.9186687406702891	0.62025126695884
1.9230917289101586	0.6182937544999018
1.9275249131909356	0.6163412632423353
1.9319683170169242	0.6143937870932443
1.936421963946607	0.6124513194366359
1.9408858775927782	0.6105138531268978
1.9453600816226624	0.608581380482223
1.9498445997580456	0.6066538932779668
1.9543394557753944	0.60473138273995
1.95884467350599	0.6028138395376925
1.9633602768360463	0.6009012537775934
1.967886289706845	0.5989936149960391
1.9724227361148534	0.5970909121524599
1.976969640111861	0.5951931336223103
1.9815270258050979	0.5933002671899954
1.9860949173573716	0.5914123000417264
1.9906733389871865	0.5895292187583153
1.9952623149688797	0.5876510093078996
1.9998618696327437	0.5857776570386054
2.0044720273651615	0.5839091466711384
2.0090928126087277	0.5820454622913146
2.0137242498623884	0.5801865873425145
2.0183663636815607	0.5783325046180787
2.023019178678272	0.5764831962536241
2.0276827195212817	0.574638643719301
2.032357010936222	0.5727988278119708
2.037042077705718	0.5709637286473211
2.0417379446695296	0.5691333256519033
2.046444636724674	0.567307597555103
2.0511621788255656	0.5654865223810336
2.0558905959841414	0.5636642988882442
2.0606299132700006	0.5618428222591718
2.065380155810529	0.56002589879076
2.0701413487910423	0.558213526885835
2.0749135174549096	0.55640570452387
2.079696687103696	0.5546024292555501
2.084490883097289	0.552803698197287
2.0892961308540396	0.5510095080256805
2.0941124558508926	0.5492198549719319
2.0989398836235242	0.5474347348162039
2.1037784397664754	0.5456541428819276
2.1086281499332897	0.5438780740300575
2.1134890398366464	0.5421065226532746
2.1183611352485023	0.540339482670133
2.123244462000219	0.5385769475191564
2.1281390459827123	0.5368189101528753
2.133044913146576	0.5350653630318151
2.1379620895022327	0.5333162981184222
2.1428906011200586	0.531571706870943
2.1478304741305343	0.5298315802372354
2.1527817347243725	0.528095908648536
2.157744409152667	0.5263646820131586
2.16271852372702	0.5246378897101452
2.167704104819695	0.5229155205828505
2.1727011788637443	0.5211975629324743
2.1777097723531593	0.5194840045115298
2.1827299118430012	0.5177748325172578
2.187761623949553	0.5160700335849737
2.1928049353504484	0.5143695937813639
2.197859872784825	0.5126734985977092
2.202926463053456	0.5109817329430585
2.2080047330189	0.5092942811373321
2.2130947096056377	0.5076111269043674
2.2181964198002193	0.5059322533648982
2.223309890651403	0.5042576430294748
2.2284351492703043	0.5025872777913145
2.2335722228305315	0.5009211389190943
2.23872113856834	0.49925920704967125
2.2438819237827663	0.49760146218074475
2.2490546058357817	0.4959478836634463
2.254239212152429	0.49429845019486784
2.259435770220978	0.49265313981051806
2.2646443075930596	0.4910119298767165
2.2698648518838223	0.4893747970829145
2.2750974307720706	0.48774171743395073
2.2803420720004186	0.48611266624223537
2.28559880337543	0.4844876181198661
2.2908676527677736	0.48286654697067216
2.296148648112362	0.48124942598218934
2.301441817408509	0.4796362276175598
2.306747188720069	0.47801936307931575
2.312064790175595	0.47640131360191723
2.3173946499684783	0.4747870610852239
2.3227367963571073	0.4731766054744208
2.328091257665008	0.4715699463720365
2.3334580622810033	0.4699670830334753
2.338837238659355	0.4683680143625156
2.344228815319923	0.46677273890675897
2.3496328208483073	0.4651812548530446
2.35504928389601	0.4635935600228129
2.360478233180577	0.46200965186743215
2.365919697485759	0.4604295274634783
2.371373705661655	0.45885318350797266
2.3768402866248772	0.4572806163135738
2.38231946935869	0.45571182180372705
2.3878112829131783	0.45414679550776543
2.3933157564053875	0.4525855325559717
2.3988329190194912	0.4510280276745856
2.4043628000069335	0.4494742751807751
2.4099054286865957	0.44792426897755216
2.41546083444494	0.44637800254864973
2.421029046736179	0.44483546895334347
2.4266100950824154	0.4432966608212346
2.432204009073816	0.4417615703469762
2.4378108183687526	0.44023018928495916
2.4434305526939726	0.4387025089439425
2.4490632418447453	0.43717852018164
2.454708915685031	0.4356582133992529
2.4603676041476272	0.43414157853595764
2.46603933723434	0.4326286050633369
2.4717241450161302	0.43111928197976684
2.4774220576332864	0.4296135978047472
2.4831331052955705	0.428111540573185
2.4888573182823914	0.4266130978296209
2.494594726942955	0.42511825662240876
2.500345361696432	0.4236270034978376
2.506109253032114	0.42213932449420444
2.511886431509581	0.42065520513582855
2.5176769277588558	0.4191746304270184
2.5234807724805757	0.41769758484597613
2.529297996446145	0.41622405233865445
2.5351286304979084	0.4147540163125521
2.540972705549305	0.41328745963045854
2.5468302525850417	0.4118243646041376
2.552701302661247	0.41036471298795923
2.5585858869056453	0.4089084859724685
2.5644840365177175	0.4074556641779024
2.5703957827688635	0.40600622764764543
2.5763211570025755	0.40456015584162563
2.582260190634596	0.40311742762965574
2.588212915153092	0.40167092795441584
2.5941793621188136	0.4002229896110603
2.6001595631652723	0.3987782916255685
2.6061535499988953	0.3973368390191306
2.6121613543992064	0.39589863658576535
2.6181830082189848	0.39446368888911937
2.624218543384442	0.39303200025923274
2.6302679918953813	0.39160357478927715
2.6363313858253803	0.3901784163322588
2.642408757321946	0.38875652849769365
2.648500138606701	0.3873379146482473
2.654605561975539	0.3859225778963476
2.6607250597988097	0.38451052110075895
2.666858664521479	0.3831017468631311
2.6730064086633116	0.3816962575245073
2.6791683248190314	0.38029405516180864
2.6853444456585076	0.37889514158427495
2.691534803926915	0.37749951832988193
2.6977394324449206	0.37610718666171555
2.703958364108843	0.3747181475643205
2.7101916318908432	0.37333240174000665
2.7164392688390824	0.37194994960512767
2.7227013080779128	0.3705707912863186
2.7289777828080406	0.36919492661670306
2.7352687263067126	0.36782235513206135
2.741574171927882	0.36645307606696587
2.7478941531023975	0.3650870883508764
2.7542287033381663	0.36372439060420375
2.7605778562203462	0.36236498113433163
2.7669416454115114	0.3610088579316069
2.773320104651841	0.35965601866528635
2.7797132677592886	0.35830646067945215
2.7861211686297707	0.356960180988884
2.792543841237338	0.35561717627489686
2.798981319634363	0.35427744288113705
2.805433637951713	0.35294097680934294
2.811900830398941	0.3516077737150621
2.8183829312644537	0.3502778289033335
2.8248799749157074	0.34895113732432587
2.831391995799379	0.3476276935689392
2.8379190284415565	0.3463074918643624
2.8444611074479154	0.3449905260695942
2.85101826750391	0.34367678967091797
2.8575905433749464	0.34236627577734075
2.8641779699065815	0.341058977115984
2.8707805820246906	0.339754886027439
2.8773984147356697	0.3384539944610732
2.8840315031266055	0.33715629397029995
2.8906798823654762	0.33586177570779824
2.897343587701323	0.3345704304206964
2.904022654464451	0.3332780639664454
2.910717118066605	0.33198605559621763
2.9174270140011673	0.33069716858351494
2.924152377843335	0.3294114088638097
2.9308932452503216	0.3281287821765435
2.9376496519615305	0.326849294062297
2.9444216337987617	0.3255729498599264
2.9512092266663856	0.3242997547036781
2.9580124665515464	0.32302971352027043
2.9648313895243423	0.3217628310259517
2.971666031738027	0.32049911172352685
2.9785164294291895	0.3192385598993579
2.9853826189179604	0.31798117962033284
2.992264636608189	0.31672697473081035
2.9991625189876516	0.31547594884952923
3.0060763026282307	0.314228105366494
3.013006024186122	0.3129834474398264
3.019951720402016	0.3117419779925914
3.0269134281013064	0.31050369970958774
3.0338911841942706	0.30926861503411335
3.04088502567628	0.30803672616469635
3.047894989627983	0.3068080350517971
3.054921113215514	0.3055825433944778
3.061963433690677	0.3043602526370427
3.069021988391158	0.3031411639656432
3.076096814740708	0.30192527830485566
3.083187950249355	0.3007125963142212
3.0902954325135905	0.29950311838476
3.097419299216581	0.29829684463544553
3.1045595881283554	0.29709377490965255
3.1117163371060186	0.2958939087715653
3.118889584093937	0.29469724550255916
3.126079367123956	0.29350378409754135
3.1332857243155856	0.29231352326126414
3.1405086938762183	0.2911264614045976
3.1477483141013156	0.2899425966407731
3.1550046233746274	0.2887619267815876
3.1622776601683795	0.28758444933357596
3.169567463043492	0.28641016149414517
3.1768740706497707	0.28523906014767464
3.1841975217261256	0.2840711418615788
3.1915378551007616	0.28290640288233576
3.198895109691399	0.28174483913147536
3.206269324505466	0.28058644620153506
3.213660538640318	0.2794312193519739
3.2210687912834346	0.2782791535050528
3.2284941217126364	0.2771302432416732
3.2359365692962827	0.27598448279718196
3.2433961734934935	0.2748418660571326
3.250872973854344	0.2737023865530129
3.2583670100200885	0.27256251704091466
3.265878321723358	0.2714234191792102
3.273406948788383	0.27028741899554437
3.2809529311311905	0.26915452274567325
3.2885163087598315	0.26802473650642566
3.2960971217745776	0.2668980661730877
3.303695410368149	0.2657745174567597
3.311311214825911	0.26465409588169003
3.3189445755261047	0.26353680678257974
3.326595532940045	0.26242265530186504
3.3342641276323506	0.2613116463869706
3.3419504002611427	0.26020378478753886
3.3496543915782775	0.25909907505263025
3.3573761424295467	0.25799752152789973
3.365115693754908	0.2568991283527427
3.372873086588689	0.25580389945741716
3.380648362059817	0.25471183856013524
3.3884415613920256	0.25362294916413014
3.3962527259040853	0.2525372345546918
3.404081897010009	0.25145469779617785
3.4119291162192864	0.25037534172899284
3.4197944251370886	0.24929916896654178
3.4276778654645046	0.24822618189215212
3.4355794789987466	0.24715638265596987
3.443499307633384	0.24608977317182237
3.451437393358563	0.2450263551140548
3.459393778261219	0.24396612991433575
3.4673685045253166	0.24290909875843203
3.4753616144320576	0.24185526258295406
3.483373150360118	0.24080462207207007
3.4914031547858606	0.2397571776541904
3.499451670283573	0.2387129294986194
3.5075187395256795	0.23767187751217758
3.5156044052829816	0.2366340213357897
3.523708710424871	0.2355993603410449
3.53183169791957	0.23456789362672012
3.5399734108343464	0.23353962001527548
3.548133892335755	0.23251453804931335
3.5563131856898527	0.23149264598800767
3.5645113342624426	0.230473941803497
3.5727283815192883	0.22945842317724782
3.5809643710263606	0.2284460874963798
3.5892193464500517	0.2274369318499615
3.5974933515574232	0.22643095302526753
3.6057864302164235	0.22542814750400542
3.6140986263961334	0.22442851145850357
3.6224299841669856	0.22343204074786788
3.630780547701014	0.22243873091409935
3.639150361272071	0.22144857717817962
3.6475394692560785	0.220461574436117
3.6559479161312485	0.2194751078916503
3.664375746478333	0.21849003813901188
3.672823004980846	0.21750808874800587
3.681289736425315	0.21652926378785556
3.6897759857015027	0.21555356712860016
3.6982817978026628	0.2145810024383258
3.7068072178257596	0.21361157318037322
3.715352290971726	0.21264528261051538
3.7239170625456848	0.2116821337741114
3.732501577957206	0.21072212950323152
3.741105882720533	0.20976527241375598
3.7497300224548358	0.20881156490244532
3.758374042884441	0.2078610091439843
3.767037989839089	0.20691360708799633
3.77572190925416	0.20596936045603148
3.7844258471709336	0.20502827073852442
3.793149849736819	0.20409033919172553
3.801893963205613	0.20315556683460073
3.81065823393773	0.20222395444570548
3.8194427084004663	0.20129550256002593
3.8282474331682264	0.2003702114657936
3.8370724549227884	0.19944808120126764
3.8459178204535354	0.19852911155148947
3.8547835766577188	0.19761330204500466
3.8636697705406915	0.1967006519505569
3.8725764492161727	0.19579116027374827
3.8815036599064823	0.19488482575367141
3.8904514499428067	0.19398164685950772
3.899419866765434	0.19308162178709645
3.908408957924021	0.19218474845546912
3.9174187710778305	0.1912910245033557
3.926449353995999	0.19040044728565375
3.9355007545577743	0.1895130138698698
3.944573020752785	0.18862872103252373
3.953666200681279	0.1877475652555231
3.9627803425543955	0.1868695427225016
3.971915494694403	0.18599464931512633
3.981071705534973	0.18512288060936827
3.9902490236214203	0.18425423187174197
3.9994474976109755	0.18338869805550675
4.008667176273028	0.18252627379683692
4.0179081084894	0.1816669534109542
4.027170343254591	0.18081073088822627
4.036453929676051	0.17995759989022894
4.045758916974426	0.17910755374577325
4.055085354483839	0.17826058544689458
4.0644332916521275	0.17741668764480825
4.073802778041128	0.1765758526458247
4.083193863326921	0.17573807240723086
4.09260659730011	0.17490333853313125
4.1020410298660686	0.17406889467952252
4.111497211045223	0.17323564398592892
4.120975190973302	0.17240539827140722
4.130475019901614	0.17157815875528923
4.139996748197304	0.1707539264362047
4.149540426343631	0.16993270208917305
4.1591061049402205	0.1691144862626699
4.168693834703355	0.16829927927566413
4.178303666466218	0.16748708121462944
4.187935651179185	0.16667789193052604
4.1975898399100755	0.16587171103575557
4.207266283844442	0.16506853790108636
4.216965034285822	0.1642683716525519
4.226686142656031	0.16347121116831798
4.2364296604954115	0.16267705507552357
4.24619563946313	0.1618859017470897
4.2559841313374305	0.16109774929850088
4.265795188015928	0.16031259558455516
4.275628861515862	0.1595304381960862
4.285485203974396	0.1587512744566515
4.295364267648873	0.15797510141919452
4.3052661049171075	0.15720191586267243
4.3151907682776525	0.15643171428865504
4.325138310350088	0.15566449291789067
4.335108783875289	0.1549002476868424
4.345102241715717	0.15413897424419093
4.355118736855686	0.15338066794730662
4.365158322401661	0.15262532385868746
4.375221051582521	0.15187293674236718
4.385306977749858	0.15112350106028757
4.395416154378245	0.15037701096864006
4.405548635065534	0.14963346031417218
4.4157044735331255	0.14889284263046193
4.425883723626267	0.14815515113415664
4.436086439314326	0.14742037872117952
4.446312674691089	0.14668851796289928
4.456562483975033	0.1459595611022678
4.466835921509633	0.14523350004992036
4.477133041763626	0.14451032638024247
4.487453899331323	0.14379003132739912
4.49779854893288	0.14307260578133071
4.508167045414603	0.1423580402837099
4.518559443749224	0.14164632502386482
4.528975799036209	0.1409374498346627
4.539416166502032	0.14023140418835955
4.549880601500488	0.13952817719240948
4.560369159512962	0.138827757585239
4.570881896148752	0.13813013373198071
4.581418867145335	0.13743529362017187
4.591980128368688	0.13674322485541104
4.6025657358135605	0.13605042745345006
4.613175745603796	0.1353580460632982
4.623810213992603	0.1346683786864265
4.634469197362879	0.13398142540673588
4.645152752227495	0.1332971860991409
4.6558609352295885	0.13261566042687029
4.666593803142887	0.13193684783874063
4.677351412871981	0.1312607475664079
4.688133821452653	0.13058735862158988
4.698941086052153	0.1299166797932664
4.709773263969529	0.12924870964484989
4.720630412635905	0.12858344651133327
4.731512589614805	0.12792088849640867
4.7424198526024455	0.12726103346956147
4.753352259428054	0.12660387906313592
4.7643098680541565	0.12594942266937545
4.775292736576909	0.12529766143743376
4.786300923226383	0.12464859227036046
4.797334486366892	0.12400221182205665
4.808393484497285	0.12335851649420543
4.819477976251274	0.12271750243317114
4.830588020397726	0.12207916552687317
4.841723675840994	0.12144350140162817
4.8528850016212095	0.12081050541896678
4.864072056914616	0.12018017267241742
4.875284901033862	0.11955249798426472
4.886523593428336	0.11892747590227468
4.897788193684462	0.11830510069639331
4.909078761526032	0.11768536635541246
4.920395356814509	0.11706826658360751
4.9317380395493595	0.1164537947973428
4.943106869868354	0.11584194412164812
4.954501908047903	0.11523270738676179
4.96592321450336	0.11462607712464537
4.97737084978936	0.11402204556546383
4.9888448746001215	0.11342060463403654
5.000345349769786	0.1128217459462542
5.011872336272722	0.11222546080546522
5.0234258952238715	0.11163174019882759
5.035006087879047	0.11104057479363022
5.046612975635284	0.11045195493357882
5.05824662003114	0.10986587063505064
5.0699070827470445	0.10928231158331354
5.081594425605605	0.10870126712871328
5.093308710571955	0.10812272628282431
5.105049999754062	0.10754667771456863
5.116818355403078	0.10697310974629735
5.1286138399136485	0.10640201034984009
5.140436515824262	0.10583336714251605
5.152286445817564	0.10526716738311236
5.16416369272071	0.10469976719289241
5.176068319505676	0.10413235859037538
5.188000389289612	0.10356733447178212
5.199959965335159	0.10300469524953391
5.211947111050805	0.10244444116014872
5.223961889991197	0.10188657226195728
5.236004365857504	0.10133108843279533
5.248074602497725	0.10077798936767736
5.2601726639070625	0.1002272745764455
5.2722986142282275	0.09967894338139968
5.284452517751805	0.09913299491490321
5.296634438916578	0.09858942811696769
5.308844442309884	0.098048241732815
5.321082592667942	0.09750943431041692
5.333348954876211	0.09697300419801151
5.345643593969716	0.09643894954159762
5.357966575133418	0.09590726828240476
5.370317963702527	0.0953779581543414
5.382697825162884	0.09485101668141803
5.3951062251512765	0.09432644117514816
5.4075432294558095	0.09380422873192402
5.420008904016238	0.09328437623036946
5.432503314924333	0.09276688032866726
5.445026528424211	0.09225173746186359
5.4575786109127105	0.09173894383914571
5.470159628939716	0.09122849544109739
5.482769649208539	0.09072038801692661
5.495408738576246	0.09021461708167015
5.508076964054036	0.08971117791337113
5.520774392807573	0.0892100655502323
5.533501092157368	0.08871127478774182
5.546257129579107	0.08821480017577488
5.559042572704037	0.08772063601566688
5.5718574893192985	0.0872287763572621
5.584701947368309	0.08673921499593404
5.597576014951102	0.08625194546958001
5.610479760324706	0.0857669610555876
5.623413251903491	0.08528425476777465
5.6363765582595455	0.08480381935330072
5.649369748123025	0.08432564728955169
5.6623928903825345	0.0838497307809952
5.675446054085471	0.08337606175600912
5.688529308438416	0.08290463186368015
5.701642722807475	0.08243543247057514
5.714786366718672	0.08196845465748169
5.727960309858292	0.08150368921612156
5.741164622073277	0.08104112664583281
5.7543993733715695	0.0805807571502237
5.767664633922509	0.08012257063379558
5.780960474057181	0.07966655669853673
5.794286964268812	0.07921002392558964
5.807644175213121	0.078753851351881
5.821032177708716	0.07829980462084092
5.834451042737448	0.07784788289056375
5.847900841444809	0.07739808514922956
5.861381645140288	0.07695041021295701
5.874893525297769	0.07650485672363506
5.88843655355589	0.07606142314673663
5.902010801718445	0.07562010776910953
5.91561634175474	0.07518090869674993
5.9292532458	0.07474382385255257
5.942921586155727	0.0743088509740424
5.956621435290106	0.07387598761108408
5.970352865838369	0.07344523112357124
5.984115950603199	0.07301657867909389
5.997910762555095	0.07259002725058543
6.011737374832782	0.07216557361394672
6.025595860743578	0.07174321434565012
6.0394862937638	0.0713229458203201
6.0534087475391365	0.07090476420829313
6.067363295885055	0.07048866547315402
6.08135001278718	0.07007464536925127
6.095368972401694	0.06966269943918837
6.109420249055721	0.06925282301129385
6.123503917247737	0.06884501119706668
6.137620051647943	0.06843925888860021
6.151768727098683	0.06803556075598137
6.165950018614822	0.06763391124466746
6.180164001384161	0.06723430457283829
6.1944107507678146	0.06683673472872537
6.208690342300634	0.06644119546791591
6.223002851691596	0.06604768031063343
6.237348354824191	0.06565618253899398
6.251726927756859	0.06526669519423628
6.266138646723353	0.06487921107392915
6.2805835881331795	0.06449372272915167
6.295061828571975	0.06411022246164992
6.309573444801933	0.06372870232096674
6.324118513762193	0.06334915410154705
6.33869711256927	0.06297156933981607
6.353309318517436	0.06259593931123282
6.367955209079159	0.06222225502731581
6.382634861905486	0.0618505072326436
6.397348354826482	0.06148068640182742
6.412095765851615	0.061112782736458045
6.4268771731701975	0.06074678616202407
6.441692655151772	0.06038268632480457
6.456542290346556	0.06002047258873229
6.471426157485831	0.059660134032230666
6.486344335482385	0.05930165944502146
6.501296903430906	0.05894242974573101
6.516283940608428	0.058583298904792996
6.531305526474723	0.05822598331652797
6.546361740672751	0.05787048108953433
6.561452663029053	0.05751679017332088
6.576578373554206	0.057164908356347126
6.591738952443213	0.056814833264047154
6.606934480075961	0.05646656235683354
6.622165037017619	0.05612009292808478
6.637430704019089	0.055775422102112886
6.652731562017413	0.05543254683211374
6.668067692136222	0.05509146389809733
6.6834391756861455	0.05475216990480071
6.698846094165265	0.05441466127958039
6.714288529259523	0.05407893427028716
6.729766562843179	0.053744984943119974
6.745280276979219	0.05341280918046192
6.760829753919819	0.05308240267869523
6.77641507610675	0.05275376094599783
6.792036326171846	0.05242687930011851
6.807693586937414	0.05210175286613339
6.823386941416698	0.05177837657418098
6.839116472814292	0.05145674515717793
6.8548822645266165	0.05113685314851284
6.870684400142321	0.05081869487972086
6.886522963442762	0.05050226447813587
6.902398038402419	0.05018755586452299
6.918309709189366	0.04987456275068845
6.934258060165691	0.04956327863706932
6.9502431758879695	0.04925369681030066
6.966265141107686	0.04894581034076149
6.982324040771715	0.0486396120800984
6.998419960022734	0.04833509465872761
7.014552984199714	0.04803225048331393
7.030723198838334	0.047731071734228116
7.046930689671471	0.04743155036298071
7.06317554262962	0.04713367808963392
7.07945784384138	0.046837446400189546
7.095777679633888	0.04654284654395474
7.112135136533292	0.0462498695308832
7.128530301265195	0.04595850612889398
7.1449632607551345	0.045668746861165524
7.16143410212902	0.045380582003406514
7.177942912713619	0.04509400158110194
7.194489780036995	0.04480899536673547
7.211074791828998	0.044525552876986535
7.227698036021702	0.04424366336990355
7.2443596007499025	0.0439633158420513
7.261059574351547	0.04368449902563416
7.277798045368242	0.04340720138559295
7.294575102545687	0.0431286002553497
7.311390834834176	0.04284961681800281
7.3282453313890406	0.04257210195913149
7.345138681571151	0.042296054370293996
7.362070974947361	0.04202147261826619
7.379042301291012	0.041748355143497465
7.396052750582378	0.04147670025855347
7.413102413009177	0.041206506146543705
7.430191378967014	0.04093777085953557
7.447319739059893	0.040670492316952876
7.464487584100665	0.04040466830396089
7.481695005111545	0.04014029646983551
7.498942093324558	0.03987737432631858
7.516228940182057	0.039615899245957285
7.533555637337174	0.039355868460429294
7.550922276654341	0.03909727905885188
7.568328950209744	0.038840127986076486
7.58577575029184	0.03858441204096698
7.603262769401819	0.038330127874663146
7.620790100254123	0.038077271988827516
7.638357835776907	0.03782584073387746
7.655966069112566	0.03757583030720006
7.67361489361819	0.03732723675135209
7.691304402866098	0.03708005595224261
7.709034690644301	0.03683428363730023
7.726805850957025	0.03658991537362294
7.744617978025188	0.03634694656611208
7.76247116628692	0.03610537245558897
7.78036551039804	0.03586518811689508
7.798301105232589	0.035626388456974564
7.816278045883297	0.03538896821294045
7.83429642766212	0.03515292195012267
7.852356346100718	0.034918244060099336
7.870457896950989	0.034684928758709696
7.888601176185544	0.03445297008405027
7.906786279998253	0.034222361894452026
7.925013304804718	0.03399309786644066
7.943282347242818	0.03376517149267766
7.961593504173188	0.033538576079883954
7.979946872679768	0.03331330474674436
7.9983425500702845	0.033089350421794075
8.016780633876794	0.032866705841285766
8.035261221856173	0.03264536354703845
8.05378441199067	0.03242531588426664
8.072350302488383	0.03220655499939091
8.090958991783825	0.03198907283782846
8.109610578538408	0.0317728611417648
8.128305161640995	0.03155791144790528
8.147042840208396	0.03134421508520714
8.165823713585926	0.0311317631725912
8.1846478813479	0.03091845685194578
8.203515443298185	0.030704980658337527
8.222426499470712	0.030492710312275996
8.241381150130026	0.03028164448909824
8.260379495771788	0.030071781759365625
8.279421637123345	0.029863120587578607
8.298507675144226	0.029655659330880497
8.317637711026709	0.029449396237748744
8.336811846196344	0.029244329446674624
8.356030182312479	0.029040456984830966
8.375292821268827	0.028837776766727205
8.394599865193973	0.028636286592853045
8.413951416451951	0.02843598414830878
8.433347577642753	0.028236867001424193
8.452788451602899	0.028038932602364047
8.472274141405963	0.027842178281721572
8.491804750363139	0.02764660124909876
8.511380382023763	0.027452198591674252
8.531001140175896	0.027258967272757707
8.550667128846833	0.02706690413033186
8.570378452303697	0.0268760058755806
8.590135215053957	0.026686269091404535
8.609937521846007	0.026497690230922657
8.629785477669701	0.026310265615960813
8.649679187756934	0.026123991435526423
8.669618757582166	0.025938863744269795
8.689604292863018	0.025754878460931097
8.709635899560805	0.025572031366774068
8.729713683881117	0.025390318104005122
8.74983775227436	0.025209734174178842
8.770008211436348	0.02503027493658863
8.790225168308842	0.02485193560664362
8.810488730080142	0.024674711254230524
8.830799004185627	0.024498596802061432
8.851156098308357	0.024323587024006357
8.871560120379607	0.024149676543411443
8.892011178579486	0.02397685983140178
8.912509381337454	0.023805131205169573
8.933054837332953	0.023634484826246714
8.953647655495937	0.023464914698762437
8.974287945007486	0.02329641466768508
8.994975815300352	0.02312897841704884
9.01571137605957	0.022962599468164344
9.036494737223014	0.022797271177813713
9.057326008982002	0.022632986736429543
9.078205301781857	0.022469739166258024
9.099132726322518	0.022307521319505526
9.120108393559097	0.022146325876469374
9.141132414702504	0.021986145343651484
9.162204901219997	0.021826972051856276
9.183325964835811	0.021667057728783756
9.204495717531712	0.021506972203715207
9.225714271547634	0.021347860947377763
9.246981739382225	0.021189722580752298
9.268298233793494	0.021032555636802584
9.289663867799362	0.020876358559408933
9.311078754678306	0.020721129702291594
9.33254300796991	0.020566867327924995
9.354056741475521	0.020413569606441483
9.375620069258803	0.020261234614525576
9.39723310564638	0.020109860334297926
9.418895965228414	0.01995944465218927
9.440608762859236	0.019809985357804066
9.462371613657929	0.01966148014277412
9.484184633008974	0.0195139265996014
9.506047936562814	0.01936732222049098
9.527961640236521	0.019221664396172785
9.549925860214358	0.01907695041471343
9.571940712948447	0.018933177460316693
9.594006315159332	0.018790342612113785
9.616122783836648	0.018648442842942217
9.638290236239705	0.018507475018114165
9.660508789898136	0.018367435894173414
9.68277856261249	0.018228322117641534
9.7050996724549	0.018090130223752356
9.727472237769652	0.017952856635175683
9.749896377173872	0.017816497660729076
9.772372209558107	0.017681049494078543
9.79489985408699	0.017546508212427318
9.817479430199844	0.017412869775193265
9.84011105761134	0.01728013002267419
9.862794856312105	0.017148284674701572
9.885530946569391	0.017017329329282047
9.908319448927676	0.01688725946122715
9.93116048420934	0.01675807042077048
9.954054173515269	0.016629757432173105
9.977000638225535	0.016502315592316158
10.	0.016375739869281307
10.023052380778994	0.016250025100918455
10.046157902783957	0.016125165993400865
10.069316688518045	0.016001157119767753
10.092528860766844	0.015877992918453508
10.115794542598982	0.01575566769180445
10.1391138573668	0.015634175604582242
10.16248692870696	0.015513510682454504
10.18591388054117	0.015393666810471478
10.209394837076797	0.015274637731530061
10.232929922807546	0.015156417044823817
10.256519262514079	0.015038998204279884
10.280162981264736	0.014922374516981614
10.303861204416158	0.014805018654339143
10.32761405761398	0.014687428456765154
10.351421666793442	0.014570604668995232
10.375284158180126	0.014454546120868056
10.39920165829059	0.014339251572416488
10.423174293933046	0.014224719713025628
10.447202192208003	0.014110949160583438
10.471285480508996	0.013997938460623171
10.495424286523221	0.013885686085458591
10.519618738232236	0.01377419043331093
10.543868963912592	0.013663449827428323
10.568175092136585	0.013553462515196736
10.592537251772887	0.01344422666724337
10.616955571987253	0.013335740376531681
10.641430182243164	0.01322800165744848
10.665961212302578	0.01312100844488239
10.690548792226577	0.01301475859329438
10.71519305237607	0.012909249875779787
10.739894123412451	0.012804479983122095
10.76465213629835	0.01270044652283772
10.789467222298287	0.012597147018212818
10.814339512979387	0.012494578907331053
10.83926914021204	0.012392739542092995
10.864256236170656	0.012291626187226288
10.889300933334333	0.012191236019287397
10.91440336448757	0.012091566125654225
10.939563662720943	0.011992613503509891
10.964781961431852	0.011894375058817207
10.990058394325208	0.01179684760528421
11.015393095414156	0.011700027863320459
11.040786199020735	0.011603912458984149
11.066237839776663	0.011508497922919532
11.091748152624008	0.011413780689285313
11.117317272815919	0.011319757094673259
11.142945335917304	0.011226423377017538
11.168632477805613	0.011133775674493928
11.194378834671515	0.011041810024409762
11.220184543019629	0.010950522362083801
11.24604973966927	0.010859908519716235
11.271974561755105	0.01076996422524901
11.297959146727976	0.010680685101215519
11.324003632355566	0.01059206666358075
11.350108156723154	0.01050410432057091
11.37627285823431	0.010416793371492936
11.402497875611685	0.010330129005543406
11.428783347897712	0.01024410630060722
11.45512941445536	0.010158720222045593
11.481536214968829	0.010073965621473698
11.508003889444357	0.009989837235527104
11.534532578210918	0.00990632968461795
11.561122421920993	0.009822265509348765
11.587773561551263	0.009738028208557101
11.614486138403427	0.009654388906937584
11.641260294104908	0.009571346469289458
11.66809617060963	0.00948889970342171
11.694993910198711	0.009407047359474424
11.721953655481304	0.009325788129233542
11.748975549395292	0.009245120645439878
11.776059735208078	0.009165043481091636
11.803206356517299	0.009085555148740806
11.830415557251646	0.009006654099782945
11.857687481671597	0.008928338723740825
11.88502227437019	0.008850607347541492
11.91242008027375	0.008773458234786978
11.93988104464273	0.00869688958501811
11.967405313072431	0.008620899532972147
11.994993031493793	0.008545486147833434
12.02264434617413	0.008470647432477609
12.050359403717973	0.008396381322708693
12.078138351067798	0.008322685686489719
12.10598133550483	0.008249558323166229
12.133888504649775	0.008176996962683097
12.161860006463678	0.008104999264793992
12.189895989248662	0.008033562818264155
12.217996601648723	0.007962685140065881
12.246161992650489	0.007892363674567016
12.274392311584071	0.007822595792711922
12.30268770812381	0.007753378791195549
12.331048332289097	0.00768470989162988
12.359474334445107	0.007616586239703302
12.387965865303691	0.007549004904332103
12.416523075924106	0.007481962876804865
12.445146117713856	0.007415457069919043
12.473835142429433	0.007349484317110149
12.5025903021772	0.007284041371572914
12.531411749414156	0.007219124905375014
12.560299636948754	0.007154731508562822
12.589254117941675	0.007090857688259429
12.618275345906707	0.0070274998677544755
12.64736347471151	0.006964654385586278
12.67651865857846	0.0069023174946156755
12.705741052085418	0.00684048536109197
12.735030810166617	0.006779154063710386
12.764388088113435	0.006718319592661537
12.793813041575252	0.006657977848672426
12.823305826560219	0.006598124642039198
12.852866599436155	0.006538755691651228
12.882495516931336	0.006479866624006874
12.912192736135347	0.006421452972220551
12.941958414499863	0.006363510175021285
12.971792709839558	0.006305060086958077
13.001695780332899	0.006246421172458674
13.031667784523	0.006188233879050828
13.061708881318419	0.006130497180003513
13.09181922999407	0.0060732100035659695
13.121998990192028	0.00601637123243764
13.15224832192239	0.005959979703233208
13.182567385564074	0.005904034205942947
13.212956341865752	0.005848533483387924
13.243415351946643	0.005793476230670653
13.273944577297401	0.005738861094620536
13.304544179780914	0.005684686673234584
13.33521432163324	0.0056309515151128165
13.365955165464419	0.005577654118888865
13.396766874259358	0.005524792932655346
13.427649611378643	0.005472366353384211
13.458603540559483	0.005420372726341707
13.489628825916533	0.005368810344498342
13.52072563194278	0.005317677447933446
13.551894123510364	0.00526697222323457
13.583134465871542	0.0052166928028913005
13.614446824659497	0.0051668372646839255
13.645831365889252	0.005117403631066536
13.677288255958494	0.005068389868544742
13.708817661648537	0.0050197938870477085
13.740419750125149	0.004971613539294809
13.772094688939474	0.00492384662015655
13.803842646028853	0.0048764908660099675
13.83566378971781	0.0048295439540881205
13.867558288718882	0.004783003501824038
13.89952631213354	0.00473686706618877
13.931568029453036	0.004691132143023716
13.963683610559377	0.0046457961663668584
13.995873225726179	0.00460085650777329
14.028137045619589	0.004556310475629635
14.060475241299143	0.004512155314462552
14.092887984218748	0.00446838820424099
14.12537544622754	0.004425006259672524
14.157937799570824	0.004382006529493378
14.190575216890926	0.004339385995752369
14.223287871228198	0.00429714157308839
14.25607593602188	0.004255270108001753
14.288939585111036	0.00421376837811909
14.321878992735439	0.004172633091451894
14.35489433353656	0.004131860885648451
14.387985782558452	0.004091448327239422
14.421153515248696	0.004051391910876753
14.45439770745928	0.004011688058566049
14.487718535447618	0.0039723331188921225
14.52111617587742	0.003933323366237979
14.554590805819668	0.003893849779537144
14.58814260275349	0.0038541758314997476
14.621771744567184	0.0038148313269101126
14.655478409559112	0.00377581547970148
14.689262776438676	0.0037371274706814485
14.723125024327194	0.0036987664471435783
14.757065332758946	0.003660731522475251
14.791083881682072	0.0036230217757622285
14.825180851459544	0.0035856362513895295
14.859356422870075	0.003548573958638818
14.893610777109155	0.003511833871282046
14.92794409578996	0.0034754149271715774
14.962356560944343	0.003439316027826576
14.99684835502374	0.0034035360380157776
15.031419660900225	0.0033680737853363767
15.066070661867418	0.003332928059789302
15.100801541641477	0.003298097613350648
15.135612484362087	0.0032635811595392505
15.170503674593368	0.0032293773729805343
15.205475297324954	0.003195484888966282
15.240527537972907	0.003161902303010683
15.275660582380732	0.0031286281704023112
15.310874616820303	0.0030956610057522446
15.346169827992941	0.0030629992825380254
15.381546403030342	0.0030306414326437157
15.4170045294956	0.002998585845895811
15.452544395384141	0.0029668308695951274
15.488166189124811	0.002935374808044409
15.523870099580817	0.0029042159220719235
15.55965631605075	0.0028733524285507496
15.595525028269538	0.002842782499913925
15.631476426409538	0.002812504263665182
15.667510701081484	0.002782515801885532
15.70362804333553	0.0027528151507354086
15.739828644662197	0.0027234002999525306
15.776112696993485	0.0026942691923452305
15.812480392703826	0.00266541972328146
15.848931924611142	0.0026368497401732553
15.88546748597779	0.002608557041956758
15.9220872705117	0.0025805393785675586
15.95879147236732	0.002552794450411596
15.995580286146694	0.002525319907831339
16.032453906900418	0.002498113350567406
16.069412530128773	0.0024711723272153588
16.106456351782697	0.002444494334677889
16.143585568264868	0.002418076817612148
16.18080037643066	0.002391917167872382
16.218100973589298	0.0023660127239475584
16.255487557504836	0.0023403607703942563
16.292960326397232	0.002314958537264559
16.330519478943348	0.002289215915606001
16.368165214278086	0.002263325014590817
16.40589773199539	0.002237672191099479
16.443717232149325	0.0022122568175645847
16.481623915255085	0.0021870782418607912
16.51961798229015	0.002162135787018884
16.557699634695275	0.0021374287509374223
16.595869074375614	0.002112956406091698
16.634126503701697	0.0020887179992401766
16.672472125510627	0.0020647127511281877
16.71090614310707	0.0020409398561890796
16.749428760264383	0.0020173984822426322
16.788040181225607	0.001994087770190856
16.82674061070467	0.0019710068337109414
16.865530253887407	0.0019481547589456124
16.90440931643265	0.0019255306041906408
16.94337800447329	0.0019031333995796328
16.982436524617444	0.001880962146765941
17.0215850839495	0.001859015818601827
17.060823890031244	0.0018372933588147173
17.10015315090288	0.0018157936816806733
17.139573075084254	0.0017945156716948445
17.179083871575877	0.0017734581832391124
17.21868574986008	0.0017526200402467416
17.25837891990204	0.001732000035864121
17.298163592151013	0.0017115969321094212
17.338039977541374	0.0016914094595283484
17.378008287493763	0.001671436316846793
17.418068733916144	0.001651676170620488
17.458221529205037	0.0016321276548814782
17.498466886246565	0.001612789370781601
17.53880501841762	0.0015936598862327505
17.579236139586932	0.0015747377355440554
17.619760464116293	0.0015560214190557893
17.66037820686164	0.0015375094027701532
17.70108958317422	0.0015192001179787755
17.741894808901662	0.0015010919608870125
17.78279410038923	0.0014831832922348718
17.82378767448089	0.0014654724369147203
17.864875748520518	0.00144795768358559
17.906058540352948	0.001430637284284192
17.947336268325266	0.0014135094540324424
17.988709151287875	0.0013965723704416615
18.030177408595698	0.0013798241733132864
18.071741260109274	0.0013632629642361446
18.113400926196025	0.0013468868061801732
18.15515662773135	0.0013306937230866801
18.197008586099845	0.0013146816994550022
18.238957023196384	0.0012988486799256325
18.281002161427427	0.001283192568859671
18.323144223712113	0.001267298726373062
18.365383433483473	0.0012513019343175892
18.407720014689563	0.0012354734105325782
18.450154191794738	0.0012198125559967582
18.492686189780777	0.001204318752347928
18.535316234148123	0.0011889913616625468
18.57804455091699	0.0011738297262333965
18.620871366628677	0.0011588331683451906
18.663796908346693	0.0011440009900482706
18.706821403658015	0.0011293324729302323
18.74994508067419	0.0011148268778855776
18.793168168032686	0.0011004834448832543
18.836490894898002	0.0010863013927322018
18.879913490962945	0.0010722799188447743
18.92343618644976	0.0010584181989981205
18.967059212111465	0.001044715387093389
19.010782799232995	0.001031170614912859
19.054607179632484	0.0010177829918749048
19.098532585662387	0.0010045516047868294
19.14255925021086	0.0009914755175954603
19.18668740670289	0.0009785537711356138
19.230917289101594	0.0009657853828763072
19.275249131909366	0.0009531693466647777
19.31968317016924	0.0009407046324681993
19.364219639466068	0.0009283901861131917
19.408858775927794	0.0009162249290229984
19.453600816226633	0.0009042077579524216
19.498445997580454	0.0008923375447203558
19.543394557753942	0.0008806131359400617
19.58844673505991	0.0008690333527470272
19.633602768360475	0.000857596990524511
19.67886289706845	0.0008463028186266156
19.724227361148536	0.0008351495800990105
19.76969640111862	0.000824135991397202
19.81527025805099	0.0008132607421023537
19.860949173573715	0.0008025224946346225
19.906733389871864	0.0007919198839640197
19.952623149688808	0.0007814515173187583
19.998618696327448	0.000771115973891084
20.044720273651613	0.0007609118045405167
20.090928126087277	0.0007508375314945626
20.137242498623895	0.0007408916480468178
20.183663636815616	0.000731072618252476
20.23019178678272	0.000721378876621173
20.276827195212817	0.0007118088278072119
20.32357010936221	0.0007023608462971045
20.37042077705719	0.0006930332760944074
20.417379446695296	0.000683824430401876
20.46444636724674	0.000674732591300829
20.511621788255646	0.0006657560094278053
20.558905959841425	0.0006565462314905159
20.606299132700006	0.0006472165462602392
20.65380155810529	0.0006379949071933992
20.701413487910415	0.00062888083263077
20.749135174549107	0.0006198738272196203
20.79696687103696	0.0006109733817602329
20.844908830972887	0.0006021789730510358
20.892961308540386	0.0005934900637323964
20.941124558508935	0.0005849061021290115
20.989398836235246	0.0005764265220909339
21.03778439766475	0.0005680507428331513
21.086281499332888	0.0005597781687737923
21.134890398366476	0.0005516081893708853
21.183611352485023	0.0005435401789576986
21.23244462000219	0.0005355734965766019
21.28139045982711	0.0005277074858114967
21.330449131465773	0.0005199414746187639
21.379620895022324	0.0005122747751567386
21.428906011200585	0.0005047066836136619
21.47830474130533	0.0004972364800341621
21.527817347243737	0.0004898634281441884
21.57744409152667	0.0004825867751744455
21.6271852372702	0.00047540575168224236
21.67704104819694	0.00046831957137182434
21.727011788637455	0.0004613274309131165
21.77709772353159	0.00045442850975890863
21.827299118430012	0.00044762196996041157
21.87761623949552	0.00044090695598124563
21.9280493535045	0.0004342825945097919
21.978598727848254	0.00042774799426992553
22.02926463053456	0.00042130224583008483
22.080047330188993	0.00041494442141070683
22.13094709605639	0.00040867357468998096
22.181964198002195	0.0004024887406079332
22.23309890651403	0.0003963889351687895
22.28435149270303	0.00039037315524165667
22.335722228305325	0.0003844403783594656
22.3872113856834	0.00037858956251619094
22.438819237827662	0.0003728196459623005
22.490546058357804	0.00036712954699846134
22.542392121524305	0.000361518163767455
22.59435770220978	0.00035598437404432085
22.646443075930595	0.0003505270350246589
22.698648518838212	0.0003451449831111501
22.750974307720718	0.0003398370336982164
22.803420720004187	0.00033460198095485626
22.8559880337543	0.00032943859760558637
22.908676527677724	0.00032434563470953306
22.961486481123632	0.0003193218214376169
23.01441817408509	0.0003143658648478444
23.06747188720069	0.0003092116155358537
23.12064790175594	0.00030394566581297227
23.173946499684796	0.0002987422060452279
23.227367963571073	0.00029360091959330676
23.280912576650078	0.000288521481380346
23.33458062281002	0.00028350355779823284
23.38837238659356	0.00027854680661305495
23.442288153199225	0.0002736508768697381
23.49632820848307	0.0002688154087958162
23.55049283896009	0.0002640400337043796
23.604782331805783	0.0002593243738961554
23.65919697485759	0.00025466804256074035
23.71373705661655	0.00025007064367694505
23.76840286624876	0.0002455317719122851
23.823194693586913	0.00024105101252158104
23.878112829131783	0.00023662794124467652
23.933157564053875	0.00023226212420324947
23.9883291901949	0.00022795311779673334
24.043628000069347	0.00022370046859732218
24.099054286865954	0.00021950371324406766
24.154608344449404	0.00021536237833603538
24.210290467361776	0.00021127598032454818
24.266100950824168	0.0002072440254044798
24.32204009073816	0.0002032660094046119
24.378108183687527	0.0001993414176770226
24.434305526939713	0.00019546972498553055
24.49063241844747	0.00019165039539315818
24.547089156850312	0.00018788288214863265
24.603676041476273	0.0001841666275718827
24.660393372343385	0.00018050106293856163
24.717241450161318	0.00017688560836356243
24.774220576332862	0.00017331967268353288
24.831331052955704	0.00016980265333836029
24.888573182823905	0.00016633393625164927
24.94594726942956	0.00016291289571015852
25.003453616964322	0.00015953889424220603
25.06109253032114	0.0001562112824950138
25.118864315095795	0.00015292939911100968
25.17676927758857	0.00014969257060305598
25.234807724805755	0.00014650011122861666
25.29297996446145	0.00014335132286282624
25.35128630497907	0.00014024549487048468
25.409727055493065	0.00013718190397694584
25.46830252585042	0.0001341598141379074
25.527013026612472	0.0001311784764080712
25.58585886905645	0.00012823712880869427
25.64484036517719	0.00012533499619399687
25.703957827688647	0.00012247129011643874
25.763211570025756	0.00011964520869082989
25.82260190634596	0.00011685593645729553
25.88212915153093	0.0001141026442430636
25.94179362118815	0.00011138448902308253
26.001595631652723	0.00010870061377943904
26.06153549998895	0.00010605014735959193
26.12161354399208	0.00010343220433339119
26.18183008218986	0.0001008458848488921
26.24218543384442	0.00009829027448692909
26.302679918953814	0.00009576444411446952
26.363313858253814	0.00009326744973671494
26.424087573219474	0.00009079833234795654
26.485001386067008	0.000088356117781155
26.54605561975539	0.00008593981655625832
26.607250597988113	0.00008354842372722999
26.668586645214805	0.00008118091872779006
26.730064086633117	0.00007883626521584191
26.791683248190314	0.0000765134109165968
26.85344445658509	0.00007421128746436713
26.915348039269166	0.00007192881024303362
26.977394324449207	0.00006966487822515505
27.039583641088434	0.00006741837380973704
27.101916318908415	0.00006518816265862574
27.164392688390837	0.00006297309353152936
27.227013080779127	0.00006077199811965617
27.289777828080403	0.00005858369087794441
27.35268726306711	0.00005640696885589513
27.415741719278834	0.00005424061152697889
27.478941531023974	0.000052083380616617945
27.542287033381662	0.00004993401992871788
27.605778562203447	0.00004779125517075511
27.669416454115126	0.000045653793777395706
27.73320104651841	0.00004352032473264478
27.797132677592884	0.000041389518390498496
27.861211686297693	0.00003926002629410869
27.925438412373392	0.00003713048099343109
27.98981319634363	0.00003499949586135789
28.05433637951713	0.000032865664908308125
28.119008303989396	0.00003072756259528137
28.18382931264455	0.000028583743645349835
28.248799749157076	0.00002643274285358595
28.31391995799379	0.00002427307489539926
28.37919028441555	0.000022103234133290994
28.44461107447917	0.00001992169442199402
28.510182675039097	0.000017726908912003955
28.575905433749465	0.00001551730985146668
28.641779699065797	0.000013291308386434721
28.70780582024692	0.000011047294359460088
28.773984147356696	8.783636106525564e-6
28.84031503126606	6.498680252283604e-6
28.906798823654746	4.190751503611205e-6
28.973435877013245	1.85815244145049e-6