0.1	9.040471804744065
0.10023052380778996	9.029249672916842
0.10046157902783952	9.018029472788111
0.10069316688518042	9.006811223791964
0.10092528860766845	8.995594944690751
0.10115794542598985	8.984380653564825
0.10139113857366794	8.973168367802097
0.10162486928706957	8.961958104087573
0.1018591388054117	8.950749878392712
0.102093948370768	8.939543705964704
0.10232929922807542	8.928339601315708
0.10256519262514076	8.917137578211838
0.10280162981264736	8.905937649662212
0.10303861204416162	8.89473982790776
0.10327614057613975	8.883544124409994
0.10351421666793438	8.87235054983964
0.10375284158180126	8.861159114065167
0.10399201658290592	8.849963631510448
0.10423174293933042	8.83876572057443
0.10447202192208001	8.82756993944693
0.10471285480508996	8.816376320701655
0.10495424286523224	8.80518489641283
0.1051961873823223	8.793995698146473
0.1054386896391259	8.782808756951647
0.10568175092136585	8.771624103351606
0.10592537251772889	8.760441767334864
0.10616955571987247	8.749261778346165
0.10641430182243161	8.73808416527736
0.10665961212302578	8.726908956458184
0.1069054879222658	8.715736179646957
0.10715193052376065	8.704565862021182
0.10739894123412448	8.693398030168055
0.1076465213629835	8.68223271007486
0.10789467222298288	8.671069927119296
0.1081433951297938	8.659909706059675
0.10839269140212036	8.64875207102507
0.10864256236170655	8.637597045505293
0.10889300933334335	8.62644465234086
0.10914403364487565	8.615294913712765
0.10939563662720939	8.604147851132238
0.1096478196143185	8.593003485430316
0.10990058394325211	8.581861836747416
0.11015393095414151	8.570722924522688
0.11040786199020733	8.55958676748334
0.11066237839776664	8.548453383633847
0.11091748152624012	8.537322790245026
0.11117317272815914	8.526195003843045
0.11142945335917301	8.515070040198264
0.11168632477805612	8.503947914314029
0.11194378834671516	8.492828640415318
0.11220184543019636	8.481712231937307
0.11246049739669266	8.47059870151377
0.11271974561755105	8.459488060965427
0.11297959146727979	8.44838032128815
0.11324003632355571	8.437275492641042
0.11350108156723152	8.426173584334421
0.1137627285823431	8.415074604817697
0.11402497875611688	8.40397856166708
0.11428783347897718	8.392885461573233
0.11455129414455358	8.381795310328767
0.1148153621496883	8.37070811281563
0.11508003889444356	8.359623872992366
0.11534532578210924	8.348542593881238
0.11561122421920987	8.33746427755527
0.11587773561551262	8.326388925125134
0.11614486138403426	8.315316536725904
0.11641260294104915	8.304247111503697
0.11668096170609624	8.293174154927438
0.11694993910198712	8.282099351765124
0.11721953655481303	8.271027467866428
0.11748975549395298	8.259958525569132
0.11776059735208072	8.248892546532542
0.11803206356517298	8.237829551726925
0.11830415557251646	8.22676956142298
0.118576874816716	8.21571259518108
0.11885022274370183	8.204658671840491
0.11912420080273747	8.19360780950847
0.1193988104464273	8.182560025549208
0.11967405313072434	8.171515336572725
0.11994993031493788	8.160473758423628
0.12022644346174129	8.149435306169753
0.12050359403717974	8.138399994090726
0.120781383510678	8.127367835666352
0.12105981335504823	8.11633884356495
0.12133888504649772	8.105313029631576
0.12161860006463679	8.094290404876071
0.12189895989248664	8.083270979461043
0.12217996601648717	8.072254762689731
0.12246161992650487	8.061241762993726
0.12274392311584072	8.050231987920597
0.12302687708123815	8.03922544412138
0.1233104833228909	8.028222137337947
0.12359474334445104	8.01722207239029
0.1238796586530369	8.006225253163613
0.1241652307592411	7.995231682595363
0.1244514611771385	7.984241362662105
0.12473835142429429	7.973254294366286
0.125025903021772	7.962270477722843
0.1253141174941416	7.951289911745729
0.1256029963694875	7.940312594434292
0.12589254117941673	7.929338522759475
0.12618275345906707	7.918367692649961
0.12647363474711512	7.907400098978161
0.12676518658578456	7.89643573554602
0.12705741052085415	7.8854745950707725
0.12735030810166617	7.874516669170479
0.12764388088113438	7.863561948349491
0.12793813041575247	7.852610421983753
0.12823305826560213	7.84166207830594
0.12852866599436155	7.830716904390499
0.1288249551693134	7.8197748861385366
0.12912192736135342	7.808836008262527
0.1294195841449986	7.797900254270948
0.12971792709839558	7.7869676064526905
0.13001695780332903	7.776038045861392
0.13031667784522993	7.765111552299573
0.13061708881318415	7.754188104302672
0.1309181922999407	7.743254421455544
0.13121998990192033	7.732313925775172
0.13152248321922383	7.721376331456358
0.1318256738556407	7.710441667514905
0.1321295634186575	7.699509962391564
0.13243415351946647	7.688581243942585
0.13273944577297395	7.677655539430178
0.1330454417978091	7.666732875512852
0.1333521432163324	7.655813278235693
0.13365955165464422	7.644896773020514
0.1339676687425935	7.633983384655925
0.1342764961137864	7.623073137287282
0.13458603540559483	7.6121660544065834
0.13489628825916536	7.601262158842196
0.13520725631942773	7.590361472748543
0.1355189412351036	7.57946401759566
0.1358313446587154	7.568569814158637
0.136144468246595	7.5576788825069885
0.13645831365889247	7.546791241993876
0.13677288255958492	7.535906911245282
0.13708817661648537	7.525025908149
0.13740419750125152	7.5141482498436085
0.13772094688939465	7.503273952707247
0.1380384264602885	7.492403032346341
0.1383566378971781	7.4815355035842
0.13867558288718884	7.470671380449494
0.13899526312133534	7.459810676164639
0.13931568029453031	7.448953403134035
0.13963683610559377	7.438099572932229
0.13995873225726183	7.4272491962919425
0.14028137045619582	7.416402283091969
0.1406047524129914	7.405558842344997
0.14092887984218747	7.394718882185256
0.14125375446227545	7.383882409856094
0.14157937799570816	7.373049431697425
0.14190575216890922	7.362219953133011
0.142232878712282	7.351393978657698
0.14256075936021884	7.340571511824459
0.1428893958511103	7.329752555231352
0.14321878992735435	7.318937110508339
0.1435489433353656	7.3081251783039916
0.14387985782558455	7.2973167582720375
0.14421153515248689	7.286511849057829
0.14454397707459277	7.2757104482846255
0.14487718535447616	7.264912552539796
0.14521116175877424	7.254118157360848
0.14554590805819662	7.243327257221364
0.14588142602753484	7.232539845516763
0.14621771744567183	7.221755914549963
0.14655478409559117	7.210975455516879
0.1468926277643867	7.200186223219625
0.1472312502432719	7.189391386909363
0.14757065332758945	7.178599922842663
0.14791083881682077	7.167811869055162
0.14825180851459538	7.157027263115546
0.1485935642287007	7.146246142117092
0.14893610777109154	7.1354685426691375
0.14927944095789963	7.12469450088845
0.14962356560944334	7.1139240523905345
0.1499684835502373	7.103157232280806
0.15031419660900225	7.092394075145708
0.15066070661867417	7.081634615043744
0.15100801541641484	7.0708788854963815
0.1513561248436208	7.060126919478913
0.1517050367459337	7.049378749411172
0.15205475297324955	7.038634407148189
0.15240527537972914	7.027893923970759
0.15275660582380723	7.017157330575888
0.15310874616820302	7.006424657067135
0.15346169827992942	6.99569593294492
0.1538154640303035	6.984971187096657
0.15417004529495593	6.974250447786837
0.1545254439538414	6.9635337426469865
0.1548816618912481	6.952821098665552
0.15523870099580825	6.942112542177643
0.15559656316050743	6.931408098854728
0.15595525028269538	6.920707793694175
0.15631476426409538	6.910011651008715
0.15667510701081494	6.899319694415792
0.15703628043335524	6.888631946826829
0.15739828644662196	6.87794843043635
0.15776112696993486	6.867269166711025
0.15812480392703834	6.856594176378589
0.15848931924611134	6.845923479416682
0.15885467485977792	6.835257095041519
0.159220872705117	6.824595041696529
0.15958791472367329	6.813937337040801
0.15995580286146688	6.803283997937483
0.16032453906900418	6.792635040442025
0.1606941253012877	6.781990479790338
0.16106456351782708	6.771350330386801
0.16143585568264862	6.760714605792201
0.16180800376430657	6.750083318711486
0.16218100973589297	6.739456480981479
0.16255487557504839	6.728834103558421
0.16292960326397224	6.718216196505398
0.16330519478943342	6.7076027689796565
0.16368165214278085	6.696993829219795
0.16405897731995392	6.6863893845328555
0.16443717232149316	6.675789441281216
0.1648162391525508	6.665184778761567
0.1651961798229015	6.654577799548784
0.1655769963469528	6.64397528492165
0.16595869074375605	6.633377276101082
0.16634126503701693	6.6227838138350075
0.16672472125510626	6.612194938389702
0.16710906143107074	6.601610689541081
0.16749428760264373	6.591031106565868
0.16788040181225602	6.580456228232687
0.16826740610704674	6.569886092793069
0.16865530253887412	6.559320737972365
0.16904409316432642	6.54876020096055
0.16943378004473283	6.53820451840295
0.16982436524617442	6.527653726390871
0.17021585083949506	6.5171078604521275
0.17060823890031235	6.506566955541497
0.17100153150902875	6.4960310460310335
0.17139573075084252	6.485500165700313
0.17179083871575881	6.474974347726608
0.1721868574986007	6.464453624674901
0.17258378919902034	6.453938028487837
0.17298163592151014	6.443427590475566
0.17338039977541378	6.432922341305493
0.17378008287493754	6.422422310991915
0.17418068733916142	6.411927528885541
0.17458221529205037	6.401438023662949
0.1749846688624657	6.390953823315892
0.1753880501841761	6.380474955140514
0.17579236139586926	6.370001445726491
0.1761976046411629	6.359533320946004
0.17660378206861643	6.349070605942649
0.17701089583174212	6.338613325120227
0.17741894808901656	6.328161502131405
0.1778279410038923	6.317715159866295
0.17823787674480895	6.307274320440894
0.17864875748520506	6.29683900518543
0.17906058540352943	6.286409234632571
0.17947336268325265	6.275985028505549
0.1798870915128788	6.2655664057061395
0.1803017740859569	6.255153384302541
0.1807174126010927	6.244745981517129
0.18113400926196024	6.2343442137140865
0.18155156627731356	6.223948096386925
0.18197008586099836	6.213557644145881
0.18238957023196378	6.203172870705179
0.1828100216142743	6.192793788870187
0.18323144223712115	6.182420410524441
0.18365383433483465	6.172052746616534
0.18407720014689558	6.161690807146897
0.18450154191794738	6.151334601154444
0.18492686189780783	6.140975968333445
0.18535316234148114	6.130617038962807
0.18578044550916986	6.120263819892879
0.18620871366628675	6.109916350505671
0.186637969083467	6.099574669629993
0.18706821403658005	6.0892388155319015
0.18749945080674188	6.078908825905062
0.18793168168032684	6.068584737861002
0.18836490894898006	6.058266587919248
0.18879913490962935	6.047954411997424
0.18923436186449755	6.037648245401154
0.18967059212111465	6.027348122813962
0.19010782799233	6.017054078287005
0.19054607179632474	6.006766145228725
0.1909853258566238	5.9964843563943955
0.19142559250210858	5.986208743875571
0.19186687406702896	5.975939339089409
0.19230917289101584	5.965676172767916
0.1927524913190936	5.955419274947053
0.1931968317016924	5.945168674955775
0.19364219639466074	5.934924401404908
0.19408858775927784	5.924686482175963
0.19453600816226624	5.914454944409812
0.19498445997580455	5.904229814495263
0.19543394557753943	5.894011118057532
0.195884467350599	5.883798879946558
0.19633602768360464	5.873593124225272
0.1967886289706845	5.863393874157675
0.19724227361148533	5.853201152196878
0.19769696401118608	5.843014979972932
0.1981527025805098	5.832835378280652
0.19860949173573716	5.822662367067203
0.19906733389871864	5.8124959654196555
0.19952623149688797	5.8023361915523815
0.1999861869632744	5.79218306279432
0.20044720273651614	5.782036595576139
0.2009092812608728	5.771896805417279
0.20137242498623883	5.761763706912826
0.20183663636815607	5.751637313720324
0.2023019178678272	5.741517638546387
0.20276827195212818	5.7314046931332605
0.20323570109362218	5.7212984882451705
0.2037042077705718	5.711199033654617
0.20417379446695297	5.701106338128477
0.20464446367246739	5.691020409414016
0.20511621788255657	5.6809412542247335
0.20558905959841414	5.670868878226098
0.20606299132700007	5.66080328602112
0.20653801558105292	5.650744481135829
0.20701413487910425	5.640692466004546
0.20749135174549097	5.630637090007569
0.2079696687103696	5.62058099214607
0.20844908830972886	5.610531629474699
0.20892961308540398	5.600489042572089
0.20941124558508925	5.590453271442513
0.20989398836235246	5.580424355506049
0.21037784397664752	5.570402333588646
0.21086281499332898	5.5603872439120625
0.21134890398366465	5.550379124083761
0.2118361135248502	5.540378011086637
0.21232444620002192	5.5303839412686875
0.21281390459827124	5.520396950332568
0.21330449131465762	5.510417073325028
0.21379620895022325	5.500444344626246
0.21428906011200585	5.4904787979390886
0.21478304741305343	5.480520466278212
0.21527817347243727	5.470569381959094
0.21577444091526668	5.460625576586934
0.21627185237270202	5.450689081045464
0.21677041048196952	5.440759925485622
0.21727011788637443	5.430838139314143
0.2177709772353159	5.420923751182003
0.21827299118430013	5.4110167889727885
0.2187761623949553	5.401117279790904
0.21928049353504486	5.391225249949723
0.21978598727848253	5.38134072495956
0.2202926463053456	5.371463729515565
0.22080047330189004	5.361594287485487
0.22130947096056375	5.351732421897327
0.22181964198002194	5.341878154926837
0.2223309890651403	5.332031507884952
0.22284351492703042	5.3221925012050395
0.22335722228305316	5.312361154430087
0.223872113856834	5.302537486199692
0.22438819237827662	5.292721514237013
0.2249054605835781	5.282913255335494
0.22542392121524293	5.273112725345562
0.22594357702209775	5.2633199391611125
0.22646443075930595	5.253534910705919
0.2269864851883822	5.243757652919876
0.22750974307720706	5.233988177745141
0.2280342072000418	5.224226496112109
0.22855988033754301	5.214472617925293
0.2290867652767773	5.2047265520490145
0.2296148648112362	5.194988306293017
0.23014418174085083	5.1852578873979045
0.2306747188720069	5.175535301020438
0.23120647901755947	5.1658205517187215
0.23173946499684786	5.156113642937212
0.2322736796357107	5.146414576991616
0.23280912576650079	5.1367118690251115
0.23334580622810028	5.12700850461236
0.23388372386593548	5.117312920639349
0.2344228815319922	5.107625163019564
0.23496328208483072	5.097945277130797
0.23550492838960096	5.0882733078055775
0.2360478233180577	5.078609299321571
0.23659196974857583	5.0689532953918155
0.23713737056616552	5.059305339154902
0.23768402866248767	5.049665473165038
0.23823194693586902	5.04003373938202
0.23878112829131776	5.03041017916109
0.23933157564053875	5.020794833242711
0.23988329190194904	5.011187741742207
0.24043628000069334	5.0015889441393355
0.24099054286865948	4.991998479267727
0.24154608344449405	4.982416385304239
0.2421029046736178	4.972842699758182
0.24266100950824154	4.96327745946046
0.24322040090738153	4.953720700552581
0.24378108183687525	4.944172458475573
0.2443430552693972	4.9346327679587905
0.24490632418447456	4.925101663008597
0.24547089156850305	4.915579176896946
0.24603676041476275	4.906065342149839
0.24660393372343392	4.896560190535681
0.24717241450161304	4.887689201581
0.24774220576332856	4.879367089612164
0.24831331052955705	4.871053181102755
0.2488857318282391	4.862747468521165
0.24945947269429547	4.854449943136798
0.25003453616964316	4.846160595004508
0.2506109253032114	4.8378794129489
0.251188643150958	4.829606384548459
0.25176769277588557	4.821341496119551
0.25234807724805747	4.813084732700282
0.2529297996446145	4.804836078034177
0.25351286304979076	4.7965955145537285
0.25409727055493053	4.788363023363799
0.2546830252585041	4.780138584224842
0.2552701302661247	4.7719221755359875
0.2558585886905646	4.763713774317973
0.25644840365177174	4.7555133561959
0.2570395782768864	4.747320895381841
0.25763211570025757	4.73913636465729
0.25822601906345966	4.730959735355443
0.2588212915153092	4.72279097734331
0.2594179362118814	4.71463005900369
0.2600159563165272	4.70647694721693
0.2606153549998896	4.698331607342571
0.26121613543992067	4.690176798490316
0.2618183008218985	4.682016954941178
0.26242185433844417	4.673864676577926
0.26302679918953814	4.665719994787708
0.263633138582538	4.657582940347199
0.2642408757321946	4.649453543412861
0.2648500138606701	4.641331833511092
0.2654605561975539	4.63321783952833
0.26607250597988097	4.625111589700979
0.2666858664521479	4.617013111605315
0.26730064086633115	4.608922432147227
0.2679168324819031	4.600839577551905
0.26853444456585074	4.59276457335339
0.26915348039269155	4.584697444384058
0.26977394324449205	4.576638214763959
0.2703958364108843	4.5685869078900865
0.2710191631890843	4.560543546425527
0.2716439268839082	4.552508152288498
0.2722701308077913	4.54448074664129
0.272897778280804	4.5364613498791035
0.27352687263067127	4.528449981618749
0.27415741719278824	4.520446660687286
0.2747894153102397	4.512451405110498
0.2754228703338166	4.504464232101292
0.27605778562203465	4.496485158047984
0.27669416454115114	4.48851419850245
0.2773320104651841	4.4805513681681735
0.27797132677592884	4.472596680888185
0.2786121168629771	4.464650149632878
0.27925438412373377	4.456711786487714
0.2798981319634363	4.4487816026407865
0.2805433637951713	4.440859608370304
0.28119008303989407	4.432945813031917
0.28183829312644537	4.425040225045952
0.2824879974915708	4.4171428518844955
0.2831391995799379	4.409253700058384
0.2837919028441557	4.401372775104048
0.28444611074479154	4.393500081570235
0.285101826750391	4.385635623004617
0.28575905433749466	4.377779401940261
0.2864177969906581	4.369931419881963
0.28707805820246907	4.362091677292481
0.28773984147356696	4.354260173578606
0.28840315031266056	4.346436907077114
0.2890679882365476	4.3386218750405945
0.28973435877013226	4.3308150736231354
0.2904022654464451	4.323016497865861
0.2910717118066605	4.315226141682372
0.29174270140011677	4.307443997843989
0.29241523778433354	4.299670057964931
0.2930893245250321	4.291888635146113
0.2937649651961531	4.2841037936523145
0.29444216337987617	4.276327038673191
0.29512092266663853	4.268558422922781
0.29580124665515467	4.2607979987971785
0.2964831389524342	4.253045818367653
0.29716660317380267	4.245301933373651
0.29785164294291894	4.237566395215781
0.298538261891796	4.22983925494867
0.2992264636608189	4.222120563273788
0.29991625189876514	4.214410370532162
0.30060763026282306	4.206708726697051
0.3013006024186122	4.199015681366503
0.3019951720402016	4.191331283755872
0.30269134281013055	4.183655582690226
0.30338911841942706	4.1759886265967
0.3040885025676279	4.168330463496756
0.3047894989627983	4.160681140998366
0.3054921113215513	4.153040706288115
0.3061963433690677	4.145409206123217
0.30690219883911574	4.137786686823463
0.3076096814740708	4.130173194263071
0.3083187950249354	4.122568773862451
0.30902954325135906	4.114973470579904
0.309741929921658	4.107387328903215
0.31045595881283555	4.099810392841179
0.31117163371060175	4.092242705915014
0.3118889584093937	4.084684311149721
0.3126079367123955	4.077135251065323
0.31332857243155854	4.069595567668046
0.3140508693876217	4.0620653024413755
0.3147748314101316	4.054544496337058
0.31550046233746265	4.047033189765988
0.31622776601683794	4.039531422589004
0.3169567463043491	4.032039234107611
0.31768740706497706	4.024556663054588
0.3184197521726125	4.017083747584512
0.31915378551007617	4.009620525264176
0.3198895109691398	4.002167033062941
0.3206269324505466	3.994723307342944
0.3213660538640317	3.987289383849253
0.32210687912834346	3.979865297699895
0.32284941217126356	3.9724510833758027
0.32359365692962827	3.965046774710647
0.32433961734934924	3.957652404880579
0.3250872973854344	3.950268006393865
0.3258367010020088	3.9428936110804207
0.32658783217233583	3.935529250081242
0.3273406948788382	3.92817495383773
0.328095293113119	3.920830752080919
0.32885163087598307	3.913498563818239
0.32960971217745777	3.9061779260602862
0.3303695410368148	3.8988674778811383
0.3311311214825911	3.891567238118218
0.3318944575526104	3.884277224732698
0.33265955329400454	3.8769974547970008
0.333426412763235	3.8697279444821957
0.3341950400261143	3.8624687090452614
0.33496543915782767	3.8552197628162297
0.3357376142429547	3.8479811191852122
0.33651156937549076	3.8407527905892924
0.3372873086588689	3.8335347884993043
0.3380648362059816	3.8263271234064695
0.33884415613920255	3.8191298048089233
0.3396252725904084	3.8119428411981024
0.3404081897010009	3.8047662400449984
0.34119291162192855	3.797600007786301
0.3419794425137089	3.790444149810381
0.3427677865464504	3.783298670443162
0.34355794789987465	3.776163572933859
0.34434993076333853	3.76903885944056
0.3451437393358563	3.7619245310156937
0.345939377826122	3.7548205875913583
0.34673685045253166	3.7477270279644923
0.34753616144320587	3.7406438497819305
0.34833731503601184	3.7335710495253065
0.34914031547858615	3.72650862249581
0.3499451670283573	3.7194565627988116
0.350751873952568	3.712414863328339
0.35156044052829816	3.705383515751402
0.35237087104248715	3.6983625104921782
0.353183169791957	3.6913518367160543
0.3539973410834347	3.684351482313508
0.35481338923357547	3.677361433883843
0.3556313185689854	3.670381676718777
0.3564511334262443	3.6634121947858813
0.35727283815192895	3.6564529707118476
0.35809643710263606	3.649503985765623
0.35892193464500527	3.642565219841367
0.35974933515574237	3.6356366514412746
0.36057864302164244	3.6287182576582167
0.36140986263961333	3.621810014158234
0.36224299841669866	3.6149118951628716
0.3630780547701014	3.608023873431333
0.36391503612720716	3.6011459202425025
0.36475394692560786	3.5942780053767565
0.36559479161312497	3.5874200970976595
0.36643757464783333	3.580572162133444
0.3672823004980847	3.5737341656583625
0.3681289736425315	3.5669060712738263
0.3689775985701504	3.5600775001637124
0.3698281797802663	3.5532511006165155
0.37068072178257605	3.5464344281420064
0.37153522909717257	3.5396274833129127
0.3723917062545686	3.5328302656362434
0.3732501577957206	3.52604277353923
0.3741105882720534	3.5192650043550975
0.3749730022454836	3.512496954308736
0.3758374042884442	3.5057386185022112
0.37670379898390893	3.498989990900144
0.377572190925416	3.492251064314975
0.37844258471709324	3.4855218303920537
0.3793149849736819	3.4788022795946203
0.38018939632056115	3.4720924011886365
0.381065823393773	3.4653921832274652
0.3819442708400465	3.458701612536427
0.38282474331682265	3.452020674697191
0.38370724549227875	3.4453493540320417
0.38459178204535355	3.438687633587981
0.38547835766577176	3.4320354951207013
0.38636697705406914	3.425392919078387
0.3872576449216172	3.418759884585394
0.3881503659906482	3.4121363694257547
0.38904514499428056	3.4055223500265415
0.3899419866765434	3.398917801441077
0.390840895792402	3.392322697331987
0.3917418771077831	3.385737009954095
0.3926449353995998	3.3791607101371715
0.3935500754557774	3.3725937672685022
0.3944573020752784	3.3660361492753244
0.3953666200681279	3.359487822607077
0.39627803425543945	3.3529487522175074
0.3971915494694403	3.3464189015466004
0.3981071705534972	3.339898232502351
0.39902490236214205	3.333386705442366
0.39994474976109745	3.326884279155305
0.4008667176273028	3.3203909108421374
0.4017908108489399	3.3139065560972494
0.4027170343254591	3.3074311688893574
0.40364539296760493	3.3009647015422714
0.4045758916974427	3.2945071047154584
0.40550853544838383	3.2880583273844555
0.40644332916521275	3.28161831682108
0.40738027780411273	3.2751870185734844
0.4083193863326921	3.2687643764460144
0.40926065973001086	3.2623503324788925
0.4102041029866068	3.2559448269277134
0.41114972110452225	3.249547798242763
0.4120975190973302	3.243159183048144
0.4130475019901614	3.236778916120715
0.41399967481973043	3.2303855332521394
0.4149540426343629	3.223984527211559
0.41591061049402206	3.2175915461955316
0.4168693834703354	3.211206607293021
0.41783036664662176	3.2048297268872235
0.4187935651179184	3.198460920645371
0.41975898399100753	3.1921002035084576
0.4207266283844441	3.1857475896808447
0.4216965034285822	3.179403092619785
0.422668614265603	3.17306672502483
0.4236429660495411	3.166738498827149
0.4246195639463129	3.160418425178733
0.4255984131337431	3.154106514441507
0.42657951880159267	3.1478027761763285
0.4275628861515862	3.141507219131886
0.4285485203974395	3.1352198512334906
0.4295364267648873	3.1289406795717567
0.43052661049171065	3.1226697103911807
0.43151907682776525	3.11640694907861
0.43251383103500873	3.110152400151597
0.4335108783875289	3.1039060672466485
0.43451022417157154	3.0976679531073628
0.4355118736855686	3.091438059572446
0.436515832240166	3.0852163875636323
0.4375221051582521	3.079002937073475
0.4385306977749857	3.072797707153022
0.4395416154378245	3.06660069589939
0.4405548635065533	3.0604119004432033
0.4415704473533125	3.054231316935931
0.44258837236262655	3.048058940537091
0.44360864393143257	3.0418947654013406
0.4446312674691087	3.035738784665454
0.4456562483975033	3.029590990435158
0.44668359215096315	3.0234513737718656
0.44771330417636257	3.01731992467927
0.4487453899331322	3.0111966320898285
0.449779854893288	3.0050814838511
0.45081670454146017	2.9989744667119793
0.4518559443749224	2.992875566308786
0.4528975799036208	2.9867847671512298
0.4539416166502032	2.980702052608243
0.4549880601500486	2.974627404893689
0.4560369159512962	2.968560805051935
0.4570881896148751	2.962502232943283
0.4581418867145335	2.956451667229279
0.4591980128368686	2.950409085357881
0.4602565735813561	2.9443744635484865
0.4613175745603794	2.9383477767768302
0.46238102139926035	2.9323289987597363
0.46344691973628804	2.926318101939734
0.46451527522274944	2.9203009218533573
0.465586093522959	2.914281102617323
0.46665938031428866	2.908268997288394
0.46773514128719823	2.9022646324562564
0.46881338214526524	2.8962680341827904
0.46989410860521547	2.8902792279937595
0.47097732639695294	2.8842982388704357
0.47206304126359055	2.8783250912411305
0.4731512589614805	2.872359808972643
0.4742419852602447	2.86640241536163
0.47533522594280536	2.8604529331258832
0.47643098680541573	2.854511384395533
0.47752927365769093	2.8485777907041463
0.4786300923226384	2.8426521729797583
0.47973344863668915	2.836734551535803
0.4808393484497286	2.8308249460619606
0.4819477976251274	2.824923375614915
0.4830588020397727	2.8190298586090177
0.48417236758409943	2.8131444128068686
0.4852885001621211	2.807267055309796
0.4864072056914617	2.8013978025482533
0.4875284901033864	2.7955366702721163
0.48865235934283363	2.789683673540889
0.48977881936844625	2.783838826713813
0.4909078761526032	2.7780021434398874
0.492039535681451	2.7721736366477883
0.49317380395493593	2.7663533185356814
0.4943106869868355	2.7605412005609624
0.4954501908047903	2.7547372934298724
0.49659232145033616	2.748941607087028
0.49773708497893604	2.7431541507048482
0.4988844874600123	2.7373749326728793
0.5000345349769786	2.7316039605870204
0.5011872336272724	2.7258412412386432
0.5023425895223872	2.720086780603608
0.5035006087879049	2.7143405838311816
0.5046612975635284	2.708602655232839
0.505824662003114	2.702872998270969
0.5069907082747043	2.6971516155474693
0.5081594425605604	2.6914385087922303
0.5093308710571953	2.685733678851515
0.5105049999754062	2.680037125676228
0.5116818355403077	2.67434884831007
0.5128613839913648	2.6686688448775873
0.514043651582426	2.662997112572106
0.5152286445817564	2.657333647643546
0.5164163692720709	2.651678445386136
0.5176068319505677	2.6460315001259977
0.5188000389289611	2.6403928052086245
0.5199959965335159	2.634762352986238
0.5211947111050804	2.6291344095370985
0.5223961889991198	2.623510453356885
0.5236004365857502	2.61789467972821
0.5248074602497725	2.612287100960268
0.5260172663907061	2.606687728638346
0.5272298614228227	2.6010965736136815
0.5284452517751804	2.595513645993216
0.5296634438916578	2.589938955129256
0.5308844442309884	2.58437250960903
0.5321082592667942	2.578814317244152
0.5333348954876209	2.573264385059981
0.5345643593969717	2.5677227192848737
0.5357966575133416	2.5621893253393506
0.5370317963702527	2.556664207825144
0.5382697825162883	2.551147370514143
0.5395106225151276	2.5456388163372505
0.5407543229455808	2.54013854737311
0.5420008904016238	2.534646564836743
0.5432503314924332	2.5291628690680814
0.5445026528424212	2.5236874595203718
0.5457578610912709	2.5182203347484986
0.5470159628939716	2.5127614923971673
0.5482769649208538	2.5073109291890043
0.5495408738576245	2.501868640912527
0.5508076964054034	2.496434622410007
0.5520774392807574	2.49100886756522
0.5533501092157367	2.4855913692910847
0.5546257129579107	2.4801821195171723
0.5559042572704036	2.474781109177121
0.5571857489319298	2.4693883281959135
0.5584701947368308	2.4640037654770497
0.5597576014951101	2.458627408889589
0.5610479760324705	2.4532592452550825
0.5623413251903491	2.447899260334377
0.5636376558259545	2.4425474388143016
0.5649369748123025	2.437203764294226
0.5662392890382533	2.4318682192724967
0.5675446054085471	2.4265407851327496
0.5688529308438415	2.421221442130097
0.5701642722807475	2.415910169377181
0.571478636671867	2.410606944830108
0.5727960309858292	2.405311745274241
0.5741164622073276	2.400024546309878
0.5754399373371569	2.394745322337783
0.5767664633922508	2.3894740465445943
0.5780960474057181	2.3842106908880973
0.5794286964268811	2.3789552260823568
0.580764417521312	2.373707621582724
0.5821032177708715	2.3684678455706965
0.5834451042737447	2.363235864938646
0.5847900841444807	2.3579986483937696
0.5861381645140288	2.352759538481876
0.5874893525297767	2.34752804610978
0.588843655355589	2.342304187473621
0.5902010801718444	2.3370879781609792
0.591561634175474	2.3318794331420603
0.5929253245799998	2.3266785667607897
0.5942921586155727	2.321485392725827
0.5956621435290105	2.3162999241014868
0.5970352865838369	2.3111221732985787
0.5984115950603197	2.3059521520651565
0.5997910762555094	2.3007898714771717
0.6011737374832781	2.2956353419290534
0.6025595860743578	2.29048857312418
0.6039486293763798	2.2853495740652727
0.6053408747539136	2.2802183530446904
0.6067363295885054	2.2750949176346347
0.6081350012787179	2.2699792746772625
0.6095368972401692	2.264871430274696
0.610942024905572	2.2597713897789555
0.6123503917247736	2.254679157781775
0.6137620051647943	2.2495947381043377
0.6151768727098682	2.244518133786905
0.6165950018614822	2.2394493470783545
0.618016400138416	2.234388379425611
0.6194410750767815	2.229335231462985
0.6208690342300636	2.224289903001405
0.6223002851691596	2.219252393017553
0.6237348354824193	2.2142226996428964
0.6251726927756859	2.209200820152611
0.6266138646723355	2.204186750954413
0.628058358813318	2.1991804875772747
0.6295061828571976	2.1941820246600336
0.6309573444801934	2.1891913559399105
0.6324118513762195	2.1842084742409007
0.633869711256927	2.1792333714620677
0.6353309318517437	2.174266038565732
0.6367955209079159	2.1693064655655325
0.6382634861905487	2.1643546415143984
0.6397348354826482	2.1594105544923945
0.6412095765851616	2.1544741915944594
0.6426877173170197	2.149545538918028
0.6441692655151774	2.144624581550541
0.6456542290346556	2.139711303556843
0.6471426157485832	2.13480568796645
0.6486344335482385	2.1299077167607163
0.6501296903430908	2.1250173708598745
0.6516283940608427	2.120134630109956
0.6531305526474724	2.115259473269591
0.654636174067275	2.110391877996696
0.6561452663029055	2.1055208990676615
0.6576578373554206	2.100649350792567
0.6591738952443215	2.095785230968221
0.6606934480075961	2.0909285586097215
0.662216503701762	2.086079352200859
0.6637430704019089	2.0812376296861763
0.6652731562017414	2.0764034084629746
0.6668067692136223	2.071576705373229
0.6683439175686147	2.0667575366954245
0.6698846094165265	2.0619459181363187
0.6714288529259524	2.057141864822624
0.6729766562843179	2.0523453912926035
0.6745280276979221	2.0475565114875924
0.6760829753919819	2.042775238743435
0.6776415076106752	2.0380015857818377
0.6792036326171846	2.0332355647016387
0.6807693586937414	2.0284771869699987
0.6823386941416696	2.0237264634134986
0.6839116472814293	2.0189834042091617
0.6854882264526615	2.0142480188753793
0.6870684400142321	2.00952031626276
0.688652296344276	2.004800304544883
0.6902398038402419	2.0000879912089675
0.6918309709189364	1.9953833830464536
0.6934258060165691	1.9906864861434894
0.6950243175887968	1.9859973058713343
0.6966265141107687	1.9813158468766647
0.6982324040771714	1.9766421130717906
0.6998419960022735	1.9719761076247817
0.7014552984199712	1.9673178329494947
0.7030723198838335	1.9626672906955105
0.7046930689671469	1.9580244817379793
0.7063175542629619	1.9533894061673602
0.7079457843841379	1.9487620632790719
0.7095777679633888	1.9441424515630477
0.711213513653329	1.9395305686931852
0.7128530301265195	1.9349264115167026
0.7144963260755133	1.9303299760433925
0.716143410212902	1.9257412574347772
0.7177942912713617	1.9211602499931617
0.7194489780036994	1.916586947150583
0.7211074791828996	1.9120213414576583
0.7227698036021702	1.9074634245723294
0.72443596007499	1.902913187248502
0.7261059574351547	1.8983706193245757
0.727779804536824	1.8938357097118756
0.7294575102545687	1.8893084463829681
0.7311390834834174	1.8847888163598752
0.732824533138904	1.8802768057021724
0.734513868157115	1.875772399494987
0.7362070974947361	1.8712671169139377
0.737904230129101	1.8667631413454737
0.7396052750582378	1.862266673514328
0.7413102413009175	1.8577777300570195
0.7430191378967014	1.8532963270682632
0.744731973905989	1.8488224800930522
0.7464487584100665	1.8443562041186425
0.7481695005111544	1.839897513566481
0.7498942093324559	1.835446422284044
0.7516228940182055	1.831002943536597
0.7533555637337174	1.8265670899988784
0.7550922276654339	1.8221388737467035
0.7568328950209744	1.8177183062484847
0.7585775750291838	1.8133053983566743
0.7603262769401818	1.8089001602991193
0.762079010025412	1.804502601670338
0.7638357835776907	1.8001127314227154
0.7655966069112563	1.7957305578576055
0.7673614893618189	1.7913560886163622
0.7691304402866096	1.7869893306712683
0.7709034690644301	1.7826302903163929
0.7726805850957024	1.7782789731583546
0.7744617978025188	1.7739353841069958
0.7762471166286917	1.769599527365974
0.7780365510398041	1.7652714064232606
0.7798301105232588	1.760951024041549
0.7816278045883297	1.7566383822485732
0.7834296427662119	1.7523334823273398
0.7852356346100718	1.748036324806255
0.7870457896950986	1.743746909449175
0.7888601176185545	1.7394652352453517
0.7906786279998251	1.7351913003992863
0.7925013304804718	1.73092510232049
0.7943282347242815	1.7266666376131483
0.7961593504173188	1.7224159020656855
0.7979946872679766	1.7181728906402356
0.7998342550070284	1.713937597462012
0.8016780633876791	1.709710015808581
0.8035261221856173	1.7054901380990308
0.8053784411990667	1.7012779558830462
0.8072350302488382	1.6970734598298756
0.8090958991783823	1.6928766397171988
0.8109610578538409	1.6886874844198894
0.8128305161640993	1.6845059818986783
0.8147042840208396	1.6803321191887053
0.8165823713585925	1.6761658823879697
0.81846478813479	1.6720072566456707
0.8203515443298183	1.6678562261504462
0.8222426499470712	1.6637127741184943
0.8241381150130024	1.659576882781596
0.8260379495771788	1.655441101273098
0.8279421637123342	1.6513073416451651
0.8298507675144225	1.6471810429920624
0.8317637711026711	1.6430622147172071
0.8336811846196344	1.6389508656120666
0.835603018231248	1.6348470038476752
0.8375292821268826	1.6307506369660831
0.8394599865193975	1.6266617718717067
0.8413951416451951	1.6225804148226133
0.8433347577642755	1.6185065714217106
0.84527884516029	1.6144402466078605
0.8472274141405965	1.6103814446469036
0.8491804750363139	1.6063301691226033
0.8511380382023765	1.6022864229274976
0.8531001140175896	1.5982502082536736
0.8550667128846834	1.5942215265834447
0.8570378452303697	1.5902003786799506
0.8590135215053958	1.5861867645776582
0.8609937521846007	1.5821806835727825
0.8629785477669704	1.57818213421361
0.8649679187756933	1.5741911142907392
0.8669618757582167	1.57020762082722
0.8689604292863019	1.5662316500686106
0.8709635899560808	1.562263197472933
0.8729713683881117	1.5583022577005443
0.8749837752274362	1.5543488246039008
0.8770008211436349	1.5504028912172403
0.8790225168308845	1.5464644497461573
0.8810488730080143	1.5425334915570894
0.8830799004185629	1.5386100071667002
0.8851156098308356	1.5346939862311688
0.887156012037961	1.530785417535375
0.8892011178579485	1.5268842889819885
0.8912509381337457	1.5229905875804555
0.8933054837332954	1.5191042994358839
0.895364765549594	1.5152254097378264
0.8974287945007486	1.511353902748958
0.8994975815300353	1.5074897617936538
0.9015711376059571	1.5036329692464567
0.9036494737223016	1.4997835065204437
0.9057326008982003	1.4959413540554813
0.9078205301781859	1.4921064913063784
0.9099132726322517	1.4882788967309228
0.9120108393559097	1.4844585477778198
0.9141132414702502	1.480645420874507
0.9162204901219997	1.4768394914148717
0.9183325964835808	1.4730407337468432
0.9204495717531712	1.469249121159883
0.9225714271547631	1.465464625872355
0.9246981739382225	1.4616872190187828
0.9268298233793492	1.4579062138255794
0.9289663867799363	1.4541243492449696
0.9311078754678302	1.4503494219583817
0.933254300796991	1.446581443417533
0.9354056741475518	1.4428204245472145
0.9375620069258802	1.4390663757378293
0.9397233105646378	1.435319306837866
0.9418895965228413	1.4315792271462908
0.9440608762859233	1.4278461454048772
0.946237161365793	1.4241200697904526
0.9484184633008971	1.4204010079070792
0.9506047936562815	1.416688966778154
0.9527961640236519	1.4129839528384374
0.9549925860214359	1.409285971926003
0.9571940712948444	1.4055950292741148
0.9594006315159331	1.4019111295030227
0.9616122783836646	1.3982342766116846
0.9638290236239705	1.3945644739694079
0.9660508789898133	1.39090172430741
0.9682778562612491	1.3872460297103038
0.9705099672454897	1.3835973916074993
0.9727472237769651	1.3799558107645258
0.9749896377173869	1.3763212872742712
0.9772372209558107	1.3726938205481396
0.9794899854086988	1.3690734093071282
0.9817479430199844	1.3654600515728148
0.9840111057611337	1.3618537446582666
0.9862794856312105	1.3582544851588623
0.9885530946569389	1.354662268943026
0.9908319448927676	1.3510770911428782
0.9931160484209338	1.3474989461447968
0.995405417351527	1.3439278275798916
0.9977000638225533	1.3403637283143912
1.	1.3368066404399377
1.0023052380778998	1.3332565552637932
1.0046157902783952	1.3297134632989576
1.0069316688518044	1.326177354254188
1.0092528860766845	1.322648217023936
1.0115794542598988	1.31912603967818
1.0139113857366795	1.3156108094521777
1.016248692870696	1.3121025127361083
1.0185913880541169	1.3086011350646338
1.0209394837076802	1.3051066611063542
1.023292992280754	1.3016190746531713
1.0256519262514079	1.2981383586095523
1.0280162981264735	1.294664494981697
1.0303861204416165	1.2911974648665998
1.0327614057613974	1.2877372484410248
1.0351421666793441	1.284283824950361
1.0375284158180127	1.2808371726973953
1.0399201658290596	1.2773884066213566
1.0423174293933042	1.2739398067110703
1.0447202192208003	1.2704978590171576
1.0471285480508996	1.2670625751993951
1.0495424286523225	1.2636339664348013
1.051961873823223	1.2602120434107615
1.0543868963912593	1.2567968163180783
1.0568175092136585	1.2533882948439607
1.0592537251772887	1.2499864881649403
1.0616955571987248	1.2465914049397258
1.064143018224316	1.2432030533019884
1.066596121230258	1.2398214408530708
1.0690548792226577	1.2364465746546374
1.0715193052376064	1.2330784612212455
1.0739894123412446	1.2297171065128525
1.076465213629835	1.2263625159272462
1.0789467222298286	1.2230146942924087
1.081433951297938	1.2196736458588022
1.0839269140212033	1.2163393742915887
1.0864256236170655	1.2130118826627658
1.0889300933334332	1.209691173443243
1.0914403364487566	1.2063772484948256
1.0939563662720937	1.2030701090621416
1.096478196143185	1.199769755764474
1.0990058394325208	1.196476188587533
1.101539309541415	1.1931894068751379
1.104078619902073	1.1899094093208318
1.1066237839776665	1.1866361939594072
1.1091748152624008	1.1833697581583627
1.1117317272815914	1.1801100986092687
1.1142945335917298	1.1768572113190665
1.1168632477805611	1.1736110916012694
1.1194378834671515	1.1703717340670985
1.1220184543019636	1.167139132616522
1.1246049739669264	1.1639132804292225
1.1271974561755105	1.160694169955472
1.1297959146727976	1.1574817929069274
1.1324003632355573	1.154276140247338
1.1350108156723149	1.1510772021831697
1.137627285823431	1.1478849681541363
1.1402497875611686	1.1446994268236574
1.1428783347897717	1.1415205660692058
1.1455129414455354	1.138348372972591
1.1481536214968828	1.1351828338101335
1.1508003889444356	1.1320239340427614
1.1534532578210923	1.1288716583060066
1.1561122421920986	1.1257259903999193
1.1587773561551262	1.1225869132788777
1.1614486138403426	1.11945440904132
1.1641260294104914	1.1163284589193645
1.1668096170609623	1.1132022733105877
1.1694993910198712	1.1100775913975278
1.1721953655481303	1.1069593652040746
1.1748975549395297	1.1038476008403555
1.1776059735208073	1.1007423038922761
1.1803206356517297	1.097643479414373
1.1830415557251646	1.0945511319226027
1.1857687481671602	1.0914652653870627
1.1885022274370183	1.0883858832246418
1.1912420080273751	1.0853129882916015
1.193988104464273	1.0822465828760885
1.1967405313072437	1.0791866686905733
1.1994993031493788	1.0761332468642235
1.2022644346174132	1.0730863179351986
1.2050359403717974	1.0700458818428769
1.2078138351067804	1.0670119379200071
1.2105981335504823	1.0639844848847906
1.2133888504649775	1.0609635208328798
1.2161860006463678	1.0579490432293164
1.2189895989248667	1.0549410489003779
1.2217996601648717	1.0519395340253628
1.2246161992650488	1.0489444941282888
1.2274392311584073	1.0459559240695193
1.2302687708123818	1.0429738180373083
1.233104833228909	1.039998169539272
1.2359474334445106	1.0370289713937733
1.238796586530369	1.034066215721237
1.2416523075924113	1.0311098939353724
1.244514611771385	1.0281599967343267
1.2473835142429432	1.0252165140917464
1.2502590302177201	1.0222794352477644
1.2531411749414163	1.0193487486998964
1.2560299636948749	1.0164244421938633
1.2589254117941675	1.0135065027143164
1.2618275345906707	1.0105949164754902
1.2647363474711515	1.0076896689117592
1.2676518658578455	1.0047907446681161
1.270574105208542	1.0018981275905554
1.2735030810166617	0.9990118007163767
1.276438808811344	0.9961317462643906
1.2793813041575246	0.9932579456250444
1.2823305826560218	0.9903903793504498
1.2852866599436155	0.9875290271443269
1.2882495516931343	0.9846738678518474
1.2912192736135342	0.9818248794493966
1.2941958414499863	0.978982039034232
1.297179270983956	0.9761453228140576
1.3001695780332907	0.9733147060964922
1.3031667784522993	0.9704901632784566
1.3061708881318417	0.9676716678354491
1.309181922999407	0.9648497521908642
1.3121998990192034	0.9620268417143745
1.3152248321922384	0.9592098421027396
1.3182567385564075	0.956398762706173
1.3212956341865751	0.9535936124497424
1.324341535194665	0.9507943998273669
1.3273944577297394	0.9480011328957615
1.3304544179780915	0.9452138192683143
1.333521432163324	0.9424324661089176
1.3365955165464425	0.939657080125727
1.3396766874259352	0.936887667564873
1.3427649611378643	0.9341242342041026
1.3458603540559484	0.9313667853463692
1.348962882591654	0.9286153258133523
1.3520725631942772	0.9258698599389262
1.3551894123510364	0.9231303915625562
1.3583134465871542	0.9203969240226422
1.3614446824659503	0.9176694601497907
1.3645831365889245	0.9149480022600296
1.3677288255958495	0.9122325521479547
1.3708817661648536	0.9095231110798166
1.3740419750125157	0.9068196797865345
1.3772094688939465	0.9041222584566558
1.3803842646028852	0.901430846729236
1.383566378971781	0.8987454436866659
1.3867558288718889	0.8960660478474183
1.3899526312133532	0.8933926571587394
1.3931568029453036	0.8907252689892595
1.3963683610559376	0.8880638801215477
1.3995873225726185	0.8854084867445835
1.4028137045619582	0.8827590844461723
1.4060475241299144	0.8801156682052769
1.4092887984218747	0.8774782323842898
1.4125375446227548	0.8748467707212231
1.4157937799570817	0.8722212763218371
1.4190575216890926	0.8696017416516825
1.4223287871228198	0.8669881585280839
1.425607593602188	0.8643805181120375
1.428893958511103	0.8617788109000393
1.432187899273543	0.8591830267158371
1.435489433353656	0.8565931547021068
1.4387985782558452	0.8540091833120527
1.4421153515248688	0.8514311003009263
1.4454397707459272	0.8488588927174757
1.4487718535447618	0.8462925468953062
1.452111617587742	0.8437320484441719
1.455459080581966	0.8411773822411791
1.4588142602753482	0.8386285324219158
1.4621771744567182	0.8360854823714943
1.4655478409559113	0.8335482147155197
1.468926277643867	0.8310103783803794
1.4723125024327186	0.8284736005633236
1.4757065332758947	0.8259425139544266
1.4791083881682072	0.8234171246616324
1.4825180851459536	0.8208974383568014
1.4859356422870067	0.818383460269737
1.4893610777109154	0.815875195182143
1.492794409578996	0.8133726474215374
1.4962356560944337	0.8108758208550951
1.4996848355023733	0.8083847188834437
1.5031419660900225	0.8058993444343907
1.5066070661867417	0.8034196999566018
1.5100801541641484	0.8009457874132084
1.513561248436208	0.7984776082753657
1.5170503674593367	0.796015163515741
1.5205475297324955	0.7935584536019473
1.5240527537972914	0.7911074784899123
1.5275660582380723	0.7886622376171849
1.5310874616820302	0.7862227298961807
1.5346169827992941	0.7837889537073628
1.5381546403030348	0.7813609068923599
1.5417004529495593	0.7789385867470207
1.545254439538414	0.7765219900143996
1.5488166189124812	0.7741111128776844
1.5523870099580825	0.7717059509530492
1.5559656316050743	0.7693064992824505
1.559552502826954	0.7669127523263469
1.5631476426409538	0.7645247039563604
1.5667510701081493	0.7621423474478599
1.5703628043335522	0.7597656754724883
1.5739828644662197	0.7573946800906063
1.5776112696993485	0.7550293527436804
1.5812480392703834	0.7526696842465899
1.5848931924611134	0.7503156647798693
1.5885467485977791	0.7479672838818759
1.59220872705117	0.7456245304408897
1.5958791472367329	0.7432873926871333
1.5995580286146687	0.740955858184729
1.6032453906900417	0.73862991382357
1.6069412530128773	0.7363095458111306
1.6106456351782708	0.7339947396641879
1.6143585568264862	0.7316854802004799
1.6180800376430662	0.7293817515302778
1.6218100973589298	0.7270835370478905
1.6255487557504842	0.7247908194230813
1.6292960326397223	0.722503580592418
1.6330519478943346	0.7202218017505349
1.6368165214278085	0.7179454633413205
1.6405897731995396	0.7156745450490241
1.6443717232149315	0.7134090257892818
1.6481623915255086	0.7111431507982215
1.651961798229015	0.7088783875796886
1.6557699634695284	0.7066189242842138
1.6595869074375604	0.7043647607525463
1.6634126503701698	0.7021158963455322
1.6672472125510627	0.6998723299378719
1.6710906143107078	0.6976340599118089
1.6749428760264373	0.6954010841507698
1.6788040181225607	0.693173400032935
1.6826740610704674	0.6909510044247588
1.6865530253887415	0.6887338936744207
1.690440931643264	0.6865220636052242
1.6943378004473288	0.6843155095089257
1.6982436524617444	0.6821142261390089
1.7021585083949509	0.6799182077038914
1.7060823890031234	0.6777274478600737
1.710015315090288	0.6755419397052179
1.7139573075084253	0.6733616757711707
1.7179083871575884	0.6711866480169137
1.721868574986007	0.6690168478214558
1.725837891990204	0.6668522659766558
1.7298163592151015	0.6646928926799811
1.7338039977541384	0.6625387175271972
1.7378008287493754	0.6603897295049949
1.7418068733916146	0.6582459169835433
1.7458221529205038	0.6561072677089829
1.7498466886246573	0.6539737687958406
1.7538805018417611	0.6518454067193833
1.7579236139586931	0.6497221673078969
1.7619760464116292	0.647604035734899
1.7660378206861649	0.6454909965112735
1.770108958317421	0.6433830334773436
1.7741894808901661	0.6412801297948626
1.7782794100389228	0.6391822679389407
1.78237876744809	0.6370894296898906
1.7864875748520508	0.6350015961250073
1.7906058540352947	0.6329187476102653
1.7947336268325265	0.6308408637919473
1.7988709151287883	0.6287679235881926
1.803017740859569	0.6266999051804727
1.8071741260109275	0.6246367860049872
1.8113400926196026	0.6225785427439837
1.8155156627731361	0.6205251513169988
1.8197008586099834	0.6184765868720222
1.8238957023196385	0.6164328237765759
1.8281002161427427	0.6143938356087231
1.832314422371212	0.6123595951479841
1.8365383433483464	0.6103300743661823
1.8407720014689564	0.6083052444181994
1.8450154191794736	0.6062850756326557
1.8492686189780787	0.6042614132104829
1.8535316234148114	0.6022363375459944
1.857804455091699	0.6002157848286639
1.8620871366628675	0.5981997561272414
1.8663796908346704	0.5961882521108055
1.8706821403658007	0.5941812730435027
1.8749945080674193	0.5921788187792284
1.8793168168032686	0.5901808887562658
1.883649089489801	0.5881874819918674
1.8879913490962936	0.5861985970767918
1.892343618644976	0.5842142321697854
1.8967059212111463	0.582234384992015
1.9010782799233006	0.5802590528214464
1.9054607179632472	0.5782882324871743
1.9098532585662378	0.5763219203636936
1.914255925021086	0.5743601123651224
1.9186687406702891	0.5724028039393723
1.9230917289101586	0.5704499900622568
1.9275249131909356	0.5685016652315564
1.9319683170169242	0.5665578234610175
1.936421963946607	0.5646184582743059
1.9408858775927782	0.5626835626988964
1.9453600816226624	0.5607531292599116
1.9498445997580456	0.5588271499739
1.9543394557753944	0.5569056163425619
1.95884467350599	0.5549885193464094
1.9633602768360463	0.5530758494383785
1.967886289706845	0.5511675965373731
1.9724227361148534	0.5492637500217573
1.976969640111861	0.5473642987227819
1.9815270258050979	0.5454692309179571
1.9860949173573716	0.5435785343243572
1.9906733389871865	0.5416921960918731
1.9952623149688797	0.539810202796394
1.9998618696327437	0.5379325404329356
2.0044720273651615	0.5360591944086976
2.0090928126087277	0.5341901495360671
2.0137242498623884	0.5323253900255481
2.0183663636815607	0.5304648994786378
2.023019178678272	0.5286086608806282
2.0276827195212817	0.5267566565933515
2.032357010936222	0.5249088683478514
2.037042077705718	0.523065277236997
2.0417379446695296	0.5212258637080208
2.046444636724674	0.5193906075549989
2.0511621788255656	0.5175594879112535
2.0558905959841414	0.5157324832416978
2.0606299132700006	0.5139095713351011
2.065380155810529	0.5120907292962936
2.0701413487910423	0.5102759335382954
2.0749135174549096	0.5084572018648983
2.079696687103696	0.5066365777803417
2.084490883097289	0.5048198817401419
2.0892961308540396	0.5030071207508942
2.0941124558508926	0.5011983015517307
2.0989398836235242	0.49939343061049296
2.1037784397664754	0.49759251411986977
2.1086281499332897	0.4957955579934977
2.1134890398366464	0.49400256786202296
2.1183611352485023	0.4922135490691255
2.123244462000219	0.4904285066675087
2.1281390459827123	0.48864744541484384
2.133044913146576	0.48687036976968373
2.1379620895022327	0.48509728388733
2.1428906011200586	0.48332819161566803
2.1478304741305343	0.48156309649095574
2.1527817347243725	0.47980200173357757
2.157744409152667	0.4780449102437542
2.16271852372702	0.4762918245972164
2.167704104819695	0.47454274704083077
2.1727011788637443	0.47279767948819323
2.1777097723531593	0.4710566235151712
2.1827299118430012	0.4693195803554132
2.187761623949553	0.4675865508958074
2.1928049353504484	0.4658575356719056
2.197859872784825	0.46413253486329614
2.202926463053456	0.46241154828894193
2.2080047330189	0.46069457540246606
2.2130947096056377	0.4589816152874008
2.2181964198002193	0.45727266665238686
2.223309890651403	0.4555677278263319
2.2284351492703043	0.45386679675351926
2.2335722228305315	0.45216987098867667
2.23872113856834	0.450476947691993
2.2438819237827663	0.4487880236240946
2.2490546058357817	0.4471030951409699
2.254239212152429	0.4454221581888513
2.259435770220978	0.44374520829904474
2.2646443075930596	0.44207224058271744
2.2698648518838223	0.44040324972563133
2.2750974307720706	0.4387382299828327
2.2803420720004186	0.4370771751732889
2.28559880337543	0.43542007867448007
2.2908676527677736	0.43376693341693545
2.296148648112362	0.43211773187872543
2.301441817408509	0.43047246607989825
2.306747188720069	0.4288311275768683
2.312064790175595	0.4271937074567513
2.3173946499684783	0.42556019633165026
2.3227367963571073	0.42393058433288455
2.328091257665008	0.4223001250849627
2.3334580622810033	0.4206700387734513
2.338837238659355	0.41904379330256925
2.344228815319923	0.41742139672358647
2.3496328208483073	0.41580285685394747
2.35504928389601	0.41418818127383855
2.360478233180577	0.4125773773227325
2.365919697485759	0.41097045209589
2.371373705661655	0.40936741244083386
2.3768402866248772	0.40776826495378443
2.38231946935869	0.40617301597606675
2.3878112829131783	0.4045816715904752
2.3933157564053875	0.40299423761761133
2.3988329190194912	0.40141071961217983
2.4043628000069335	0.3998311228592547
2.4099054286865957	0.39825545237050397
2.41546083444494	0.39668371288038434
2.421029046736179	0.3951159088422936
2.4266100950824154	0.3935520444246924
2.432204009073816	0.3919921235071828
2.4378108183687526	0.39043614967655527
2.4434305526939726	0.38888412622279417
2.4490632418447453	0.3873360561350482
2.454708915685031	0.3857919420975585
2.4603676041476272	0.384251786485555
2.46603933723434	0.3827155913611061
2.4717241450161302	0.38118335846893675
2.4774220576332864	0.37965508923219976
2.4831331052955705	0.37813078474821465
2.4888573182823914	0.3766104457841596
2.494594726942955	0.3750940727727283
2.500345361696432	0.3735816658077431
2.506109253032114	0.3720732246397283
2.511886431509581	0.3705687486714399
2.5176769277588558	0.3690682369533582
2.5234807724805757	0.3675716881791321
2.529297996446145	0.366079100680987
2.5351286304979084	0.36459047242508436
2.540972705549305	0.3631058010068437
2.5468302525850417	0.36162508364621504
2.552701302661247	0.36014831718291385
2.5585858869056453	0.3586754980716056
2.5644840365177175	0.35720662237705053
2.5703957827688635	0.3557416857692015
2.5763211570025755	0.35428068351825526
2.582260190634596	0.35282361048966143
2.588212915153092	0.35137046113908166
2.5941793621188136	0.3499212295073055
2.6001595631652723	0.34847590921511634
2.6061535499988953	0.34703449345811443
2.6121613543992064	0.3455929853850728
2.6181830082189848	0.34415241434614535
2.624218543384442	0.342715703145194
2.6302679918953813	0.34128285998959307
2.6363313858253803	0.33985389286791357
2.642408757321946	0.3384288095467011
2.648500138606701	0.3370076175672128
2.654605561975539	0.3355903242421305
2.6607250597988097	0.33417693665223575
2.666858664521479	0.33276746164305865
2.6730064086633116	0.3313619058214891
2.6791683248190314	0.32996027555236
2.6853444456585076	0.3285625769549928
2.691534803926915	0.3271688158997156
2.6977394324449206	0.32577899800434146
2.703958364108843	0.32439312863061964
2.7101916318908432	0.32301121288064644
2.7164392688390824	0.3216332555932473
2.7227013080779128	0.3202592613403203
2.7289777828080406	0.31888923442314776
2.7352687263067126	0.3175231788686701
2.741574171927882	0.31616109842572737
2.7478941531023975	0.3148029965612612
2.7542287033381663	0.3134488764564854
2.7605778562203462	0.3120987410030153
2.7669416454115114	0.31075259279896544
2.773320104651841	0.3094104341450058
2.7797132677592886	0.308072267040385
2.7861211686297707	0.3067380931789119
2.792543841237338	0.30540791394490385
2.798981319634363	0.30408173040909237
2.805433637951713	0.3027595433244942
2.811900830398941	0.30144135312224024
2.8183829312644537	0.30012715990736943
2.8248799749157074	0.29881696345457864
2.831391995799379	0.2975107632039367
2.8379190284415565	0.29620855825655634
2.8444611074479154	0.29491034737022653
2.85101826750391	0.29361612895500333
2.8575905433749464	0.29232590106876205
2.8641779699065815	0.2910396614127035
2.8707805820246906	0.28975740732682503
2.8773984147356697	0.2884791357853423
2.8840315031266055	0.28720484339207536
2.8906798823654762	0.2859345263757863
2.897343587701323	0.2846681805854793
2.904022654464451	0.28340580148565175
2.910717118066605	0.28214738415150653
2.9174270140011673	0.28089292326411625
2.924152377843335	0.27964241310554633
2.9308932452503216	0.2783928110916759
2.9376496519615305	0.27714489995911284
2.9444216337987617	0.27590090345730056
2.9512092266663856	0.27466082698248173
2.9580124665515464	0.27342467568415363
2.9648313895243423	0.2721924544616244
2.971666031738027	0.2709641679605336
2.9785164294291895	0.2697398205693412
2.9853826189179604	0.26851941641578186
2.992264636608189	0.26730295936328696
2.9991625189876516	0.2660904530073705
3.0060763026282307	0.264881900671984
3.013006024186122	0.26367730540583345
3.019951720402016	0.26247666997866403
3.0269134281013064	0.26127999687750725
3.0338911841942706	0.2600872883028963
3.04088502567628	0.25889854616504104
3.047894989627983	0.2577137720799721
3.054921113215514	0.2565329673656433
3.061963433690677	0.2553561330380035
3.069021988391158	0.2541832698070252
3.076096814740708	0.25301437807270216
3.083187950249355	0.25184945792100394
3.0902954325135905	0.25068850911979723
3.097419299216581	0.24953153111472612
3.1045595881283554	0.2483785230250554
3.1117163371060186	0.2472294836394742
3.118889584093937	0.24608441141186238
3.126079367123956	0.2449433044570143
3.1332857243155856	0.24380616054632737
3.1405086938762183	0.24267297710344546
3.1477483141013156	0.2415437511998675
3.1550046233746274	0.24041847955051004
3.1622776601683795	0.2392971585092337
3.169567463043492	0.2381797840643236
3.1768740706497707	0.2370663518339333
3.1841975217261256	0.235956857061481
3.1915378551007616	0.23485129461100945
3.198895109691399	0.23374965896249703
3.206269324505466	0.23265194420713192
3.213660538640318	0.2315581440425371
3.2210687912834346	0.2304682517679568
3.2284941217126364	0.22938226027939462
3.2359365692962827	0.22830016206471035
3.2433961734934935	0.22722194919866948
3.250872973854344	0.22614761333795047
3.2583670100200885	0.22507714571610266
3.265878321723358	0.22401053713846272
3.273406948788383	0.22294777797701995
3.2809529311311905	0.22188885816524034
3.2885163087598315	0.22083052978671427
3.2960971217745776	0.2197736233808297
3.303695410368149	0.21872050584863426
3.311311214825911	0.2176711789210691
3.3189445755261047	0.21662564405301465
3.326595532940045	0.215583902419647
3.3342641276323506	0.21454595491275497
3.3419504002611427	0.21351180213702814
3.3496543915782775	0.21248144440630426
3.3573761424295467	0.21145488173978705
3.365115693754908	0.21043211385822444
3.372873086588689	0.20941314018005444
3.380648362059817	0.20839795981751197
3.3884415613920256	0.20738657157270288
3.3962527259040853	0.2063789739336378
3.404081897010009	0.20537516507023326
3.4119291162192864	0.20437514283027117
3.4197944251370886	0.20337890473532544
3.4276778654645046	0.20238644797664668
3.4355794789987466	0.20139776941101314
3.443499307633384	0.20041286555653876
3.451437393358563	0.1994317325884465
3.459393778261219	0.19845436633480074
3.4673685045253166	0.19748076227220046
3.4753616144320576	0.1965109155214337
3.483373150360118	0.19554482084309083
3.4914031547858606	0.19458247263313935
3.499451670283573	0.19362386491845576
3.5075187395256795	0.1926689913523195
3.5156044052829816	0.19171784520986243
3.523708710424871	0.1907704193834799
3.53183169791957	0.1898267063781967
3.5399734108343464	0.18888669830699453
3.548133892335755	0.18795038688609259
3.5563131856898527	0.1870177634301898
3.5645113342624426	0.18608881884765918
3.5727283815192883	0.1851635436357029
3.5809643710263606	0.18424192787545984
3.5892193464500517	0.1833239612270717
3.5974933515574232	0.18240963292470153
3.6057864302164235	0.18149893177151027
3.6140986263961334	0.18059184613458526
3.6224299841669856	0.179688363939825
3.630780547701014	0.17878847266677575
3.639150361272071	0.17789215934342423
3.6475394692560785	0.1769994105409404
3.6559479161312485	0.17611021236837582
3.664375746478333	0.17522455046731208
3.672823004980846	0.17434241000646322
3.681289736425315	0.17346377567622728
3.6897759857015027	0.17258447255709913
3.6982817978026628	0.17170556544759874
3.7068072178257596	0.17083009301327234
3.715352290971726	0.16995805545338769
3.7239170625456848	0.16908945270382608
3.732501577957206	0.16822428443367393
3.741105882720533	0.16736255004178513
3.7497300224548358	0.16650424865330934
3.758374042884441	0.16564937911619002
3.767037989839089	0.16479793999762782
3.77572190925416	0.16394992958051352
3.7844258471709336	0.16310534585982528
3.793149849736819	0.16226418653899544
3.801893963205613	0.1614264490262407
3.81065823393773	0.16059213043086154
3.8194427084004663	0.15976122755950423
3.8282474331682264	0.1589337369123916
3.8370724549227884	0.15810965467951632
3.8459178204535354	0.15728897673680176
3.8547835766577188	0.15647169864222465
3.8636697705406915	0.15565781563190562
3.8725764492161727	0.15484732261616044
3.8815036599064823	0.15404021417551794
3.8904514499428067	0.15323648455669925
3.899419866765434	0.15243612766856282
3.908408957924021	0.15163913707800908
3.9174187710778305	0.15084550600585148
3.926449353995999	0.1500552273226466
3.9355007545577743	0.14926829354448898
3.944573020752785	0.14848469682876553
3.953666200681279	0.1477044289698734
3.9627803425543955	0.14692748139489678
3.971915494694403	0.14615384515924715
3.981071705534973	0.14538351094226107
3.9902490236214203	0.14461646904276146
3.9994474976109755	0.14385270937457517
4.008667176273028	0.1430922214620135
4.0179081084894	0.14233499443530936
4.027170343254591	0.14158101702601497
4.036453929676051	0.14083027756235686
4.045758916974426	0.14008276396455047
4.055085354483839	0.13933846374007122
4.0644332916521275	0.13859736397888456
4.073802778041128	0.1378594513486315
4.083193863326921	0.1371247120897734
4.09260659730011	0.13639313201069014
4.1020410298660686	0.13566469648273807
4.111497211045223	0.13493939043526035
4.120975190973302	0.1342171983505556
4.130475019901614	0.13349810425879927
4.139996748197304	0.13277770402204872
4.149540426343631	0.1320571212481314
4.1591061049402205	0.13133956194978239
4.168693834703355	0.13062502673514814
4.178303666466218	0.1299135159904322
4.187935651179185	0.12920502987700724
4.1975898399100755	0.12849956832850146
4.207266283844442	0.12779713104785678
4.216965034285822	0.12709771750436086
4.226686142656031	0.12640132693064995
4.2364296604954115	0.12570795831968615
4.24619563946313	0.1250176104217037
4.2559841313374305	0.12433028174112983
4.265795188015928	0.12364597053347469
4.275628861515862	0.122964674802195
4.285485203974396	0.12228639229552596
4.295364267648873	0.12161112050328635
4.3052661049171075	0.12093885665365252
4.3151907682776525	0.12026959770990382
4.325138310350088	0.11960334036713711
4.335108783875289	0.118940081048952
4.345102241715717	0.11827981590410484
4.355118736855686	0.11762254080313281
4.365158322401661	0.11696825133494622
4.375221051582521	0.11631694280339079
4.385306977749858	0.11566861022377688
4.395416154378245	0.11502324831937896
4.405548635065534	0.11438085151790145
4.4157044735331255	0.11374141394791344
4.425883723626267	0.1131049294352503
4.436086439314326	0.11247139149938341
4.446312674691089	0.1118407933497554
4.456562483975033	0.11121312788208418
4.466835921509633	0.11058838767463135
4.477133041763626	0.10996656498443866
4.487453899331323	0.10934765174352899
4.49779854893288	0.10873163955507391
4.508167045414603	0.10811851968952592
4.518559443749224	0.10750828308071683
4.528975799036209	0.10690092032191936
4.539416166502032	0.10629642166187532
4.549880601500488	0.10569477700078572
4.560369159512962	0.1050959758862675
4.570881896148752	0.10450000750927091
4.581418867145335	0.1039068606999635
4.591980128368688	0.10331652392357431
4.6025657358135605	0.1027289852762031
4.613175745603796	0.10214423248059015
4.623810213992603	0.10156225288185045
4.634469197362879	0.10098303344316724
4.645152752227495	0.10040333922035534
4.6558609352295885	0.09982399376936862
4.666593803142887	0.09924734952636985
4.677351412871981	0.09867340542054968
4.688133821452653	0.0981021601652032
4.698941086052153	0.09753361225500305
4.709773263969529	0.09696775996324344
4.720630412635905	0.09640460133906259
4.731512589614805	0.09584413420463649
4.7424198526024455	0.0952863561523487
4.753352259428054	0.09473126454193279
4.7643098680541565	0.09417885649759022
4.775292736576909	0.09362912890507927
4.786300923226383	0.09308207840878001
4.797334486366892	0.09253770140872995
4.808393484497285	0.09199599405763463
4.819477976251274	0.09145695225784863
4.830588020397726	0.09092057165833169
4.841723675840994	0.09038684765157427
4.8528850016212095	0.08985577537049737
4.864072056914616	0.08932734968532237
4.875284901033862	0.08880156520041398
4.886523593428336	0.08827841625109269
4.897788193684462	0.08775789690042021
4.909078761526032	0.08724000093595417
4.920395356814509	0.08672472186647429
4.9317380395493595	0.08621205291867838
4.943106869868354	0.08570198703384922
4.954501908047903	0.0851945168644901
4.96592321450336	0.0846896347709316
4.97737084978936	0.08418733281790586
4.9888448746001215	0.08368760277109198
5.000345349769786	0.0831904360936285
5.011872336272722	0.08269582394259607
5.0234258952238715	0.08220375716546705
5.035006087879047	0.08171422629652496
5.046612975635284	0.08122722155324962
5.05824662003114	0.08074273283267246
5.0699070827470445	0.08026074970769666
5.081594425605605	0.07978126142338673
5.093308710571955	0.07930425689322278
5.105049999754062	0.07882972469532322
5.116818355403078	0.07835765306863224
5.1286138399136485	0.07788802990907474
5.140436515824262	0.07742084276567561
5.152286445817564	0.07695607883664575
5.16416369272071	0.07649372496543227
5.176068319505676	0.07603376763673461
5.188000389289612	0.07557619297248425
5.199959965335159	0.07512098672778995
5.211947111050805	0.07466495291107254
5.223961889991197	0.0742089034662167
5.236004365857504	0.07375516017596498
5.248074602497725	0.07330372065571364
5.2601726639070625	0.07285458231901391
5.2722986142282275	0.0724077423750867
5.284452517751805	0.07196319782631294
5.296634438916578	0.07152094546570206
5.308844442309884	0.07108098187433645
5.321082592667942	0.07064330341879342
5.333348954876211	0.07020790624854265
5.345643593969716	0.06977478629332115
5.357966575133418	0.06934393926048271
5.370317963702527	0.06891536063232515
5.382697825162884	0.06848904566339124
5.3951062251512765	0.06806498937774708
5.4075432294558095	0.06764318656623401
5.420008904016238	0.06722363178369711
5.432503314924333	0.06680631934618729
5.445026528424211	0.06639124332813949
5.4575786109127105	0.06597839755952382
5.470159628939716	0.06556777562297253
5.482769649208539	0.06515937085087956
5.495408738576246	0.06475317632247544
5.508076964054036	0.06434918486087451
5.520774392807573	0.06394738903009678
5.533501092157368	0.06354778113206185
5.546257129579107	0.06315035320355712
5.559042572704037	0.06275509701317755
5.5718574893192985	0.06236200405823911
5.584701947368309	0.06197106556166366
5.597576014951102	0.061582272468836866
5.610479760324706	0.061195615444437156
5.623413251903491	0.06081108486923714
5.6363765582595455	0.06042867083687596
5.649369748123025	0.060048363150603315
5.6623928903825345	0.059670151319993855
5.675446054085471	0.05929402455763346
5.688529308438416	0.058919971775774654
5.701642722807475	0.05854798158296371
5.714786366718672	0.05817804228063657
5.727960309858292	0.057810141859685894
5.741164622073277	0.05744426799699634
5.7543993733715695	0.05708040805195055
5.767664633922509	0.05671854906290295
5.780960474057181	0.056358677743623624
5.794286964268812	0.05600078047970978
5.807644175213121	0.05564484332496633
5.821032177708716	0.05529085199775395
5.834451042737448	0.054938791877305874
5.847900841444809	0.05458522657296302
5.861381645140288	0.05423103010576091
5.874893525297769	0.05387870031819723
5.88843655355589	0.05352823557310963
5.902010801718445	0.05317963407511703
5.91561634175474	0.0528328938686622
5.9292532458	0.05248801283603502
5.942921586155727	0.05214498869537898
5.956621435290106	0.051803818998677975
5.970352865838369	0.05146450112972608
5.984115950603199	0.05112703230207765
5.997910762555095	0.0507914095569795
6.011737374832782	0.05045762976128351
6.025595860743578	0.050125689605341125
6.0394862937638	0.04979558560087749
6.0534087475391365	0.049467314078847614
6.067363295885055	0.049140871187271784
6.08135001278718	0.04881625288905233
6.095368972401694	0.04849345495976986
6.109420249055721	0.04817247298546016
6.123503917247737	0.047853302360370324
6.137620051647943	0.04753593828469539
6.151768727098683	0.04722037576229364
6.165950018614822	0.04690660959838211
6.180164001384161	0.0465946343972107
6.1944107507678146	0.04628444455971585
6.208690342300634	0.04597603428115265
6.223002851691596	0.045669397548705866
6.237348354824191	0.04536452813907994
6.251726927756859	0.0450614196160663
6.266138646723353	0.04476006532809016
6.2805835881331795	0.044460458405734204
6.295061828571975	0.04416259175924112
6.309573444801933	0.0438664580759929
6.324118513762193	0.04357204981796845
6.33869711256927	0.04327935921917764
6.353309318517436	0.042988378283073635
6.367955209079159	0.042699098779940804
6.382634861905486	0.042411512244260846
6.397348354826482	0.04212560997205395
6.412095765851615	0.04184138301819806
6.4268771731701975	0.041558822193722554
6.441692655151772	0.041277918063079636
6.456542290346556	0.040998660941390035
6.471426157485831	0.04072104089166572
6.486344335482385	0.04044504772200672
6.501296903430906	0.040170670982774416
6.516283940608428	0.03989789996373883
6.531305526474723	0.03962672369120174
6.546361740672751	0.03935713092509332
6.561452663029053	0.039086580398807684
6.576578373554206	0.03881571789030334
6.591738952443213	0.03854638979316172
6.606934480075961	0.03827859440289427
6.622165037017619	0.03801232988148397
6.637430704019089	0.037747594255748015
6.652731562017413	0.037484385415686876
6.668067692136222	0.037222701112817
6.6834391756861455	0.036962538958489354
6.698846094165265	0.03670389642219169
6.714288529259523	0.03644677082983637
6.729766562843179	0.036191159362031385
6.745280276979219	0.03593705905233702
6.760829753919819	0.035684466785505395
6.77641507610675	0.035433379295705066
6.792036326171846	0.03518379316472869
6.807693586937414	0.034935704820185334
6.823386941416698	0.03468911053367542
6.839116472814292	0.034444006418950304
6.8548822645266165	0.03420038843005405
6.870684400142321	0.03395825235944956
6.886522963442762	0.0337175938361269
6.902398038402419	0.03347840832369536
6.918309709189366	0.033240691118457615
6.934258060165691	0.03300443734746727
6.9502431758879695	0.03276964196656843
6.966265141107686	0.0325362997584182
6.982324040771715	0.032304405330490664
6.998419960022734	0.03207395311306417
7.014552984199714	0.03184493735718934
7.030723198838334	0.03161735213264001
7.046930689671471	0.03139119132584503
7.06317554262962	0.0311664486378023
7.07945784384138	0.030943117581973628
7.095777679633888	0.030721191482161403
7.112135136533292	0.030500663470365813
7.128530301265195	0.030281526484623594
7.1449632607551345	0.030063773266827024
7.16143410212902	0.029847396360524147
7.177942912713619	0.029632388108698848
7.194489780036995	0.02941874065153204
7.211074791828998	0.029206445924142153
7.227698036021702	0.028995495654306563
7.2443596007499025	0.028785881360162035
7.261059574351547	0.028577594347885704
7.277798045368242	0.028370625709354773
7.294575102545687	0.028164966319786336
7.311390834834176	0.027960606835355836
7.3282453313890406	0.027757537690795097
7.345138681571151	0.0275557490969687
7.362070974947361	0.027353097831250426
7.379042301291012	0.027150128133774425
7.396052750582378	0.026948396659587273
7.413102413009177	0.02674790166363922
7.430191378967014	0.026548641289158636
7.447319739059893	0.026350613566297507
7.464487584100665	0.02615381641076546
7.481695005111545	0.025958247622450532
7.498942093324558	0.025763904884028316
7.516228940182057	0.02557078575955742
7.533555637337174	0.025378887693063238
7.550922276654341	0.02518820800710798
7.568328950209744	0.02499874390134847
7.58577575029184	0.024810492451080256
7.603262769401819	0.024623450605769207
7.620790100254123	0.024437615187569182
7.638357835776907	0.02425298288982699
7.655966069112566	0.024069550275573264
7.67361489361819	0.023887313776000292
7.691304402866098	0.0237062696889256
7.709034690644301	0.023526414177242345
7.726805850957025	0.023347743267355184
7.744617978025188	0.02317025284760264
7.76247116628692	0.022993938666664843
7.78036551039804	0.022818796331957568
7.798301105232589	0.0226448213080112
7.816278045883297	0.022472008914836094
7.83429642766212	0.022300354326272392
7.852356346100718	0.02212985256832594
7.870457896950989	0.021960498517488772
7.888601176185544	0.021792286899045086
7.906786279998253	0.02162521228536175
7.925013304804718	0.021459269094164048
7.943282347242818	0.021294451586795597
7.961593504173188	0.0211307538664634
7.979946872679768	0.02096816987646674
7.9983425500702845	0.020806693398411027
8.016780633876794	0.020646318050405153
8.035261221856173	0.020487037285243627
8.05378441199067	0.020328844388571875
8.072350302488383	0.020171732477036207
8.090958991783825	0.02001569449641656
8.109610578538408	0.019860723219743654
8.128305161640995	0.019706811245398782
8.147042840208396	0.019553950995197644
8.165823713585926	0.019402134712456567
8.1846478813479	0.019251354460042478
8.203515443298185	0.019101602118405173
8.222426499470712	0.01895286938359274
8.241381150130026	0.018805147765249303
8.260379495771788	0.01865657927248872
8.279421637123345	0.018507635727607982
8.298507675144226	0.018359666639880964
8.317637711026709	0.018212670524187215
8.336811846196344	0.018066645806730283
8.356030182312479	0.017921590823968263
8.375292821268827	0.017777503821534358
8.394599865193973	0.01763438295314821
8.413951416451951	0.01749222627951665
8.433347577642753	0.017351031767225137
8.452788451602899	0.017210797287618637
8.472274141405963	0.017071520615672717
8.491804750363139	0.01693319942885421
8.511380382023763	0.016795831305971797
8.531001140175896	0.016659413726015957
8.550667128846833	0.01652394406698882
8.570378452303697	0.016389419604722996
8.590135215053957	0.01625583751169028
8.609937521846007	0.016123194855799296
8.629785477669701	0.015991488599182535
8.649679187756934	0.015860715596972306
8.669618757582166	0.015730872596066092
8.689604292863018	0.015601956233880328
8.709635899560805	0.015473963037093506
8.729713683881117	0.015346889420377732
8.74983775227436	0.015220731685119199
8.770008211436348	0.015095486018126915
8.790225168308842	0.014971148490330351
8.810488730080142	0.014847715055465024
8.830799004185627	0.014725181548746838
8.851156098308357	0.014603543685534227
8.871560120379607	0.0144827970599788
8.892011178579486	0.014362937143663584
8.912509381337454	0.014243959284229675
8.933054837332953	0.014125858703990258
8.953647655495937	0.014008630498532754
8.974287945007486	0.01389226963530825
8.994975815300352	0.01377677095220885
9.01571137605957	0.013662129156132042
9.036494737223014	0.013548338821532783
9.057326008982002	0.01343539438896254
9.078205301781857	0.013323290163595703
9.099132726322518	0.01321202031374278
9.120108393559097	0.013101578869350783
9.141132414702504	0.012991959720490184
9.162204901219997	0.012883156615828886
9.183325964835811	0.012775163161092453
9.204495717531712	0.01266797281751123
9.225714271547634	0.01256157890025351
9.246981739382225	0.012455974576845363
9.268298233793494	0.012349734516270037
9.289663867799362	0.012243220257385952
9.311078754678306	0.012137466485464184
9.33254300796991	0.012032471721602241
9.354056741475521	0.011928234413978842
9.375620069258803	0.011824752936986798
9.39723310564638	0.011722025590357617
9.418895965228414	0.011620050598278607
9.440608762859236	0.011518826108501554
9.462371613657929	0.011418350191443851
9.484184633008974	0.01131862083928101
9.506047936562814	0.011219635965031519
9.527961640236521	0.011121393401632937
9.549925860214358	0.0110238909010102
9.571940712948447	0.010927126133135099
9.594006315159332	0.010831096685077696
9.616122783836648	0.010735800060048942
9.638290236239705	0.010641233676434944
9.660508789898136	0.010547394866822393
9.68277856261249	0.010454280877015528
9.7050996724549	0.010361888865043993
9.727472237769652	0.010270215900162213
9.749896377173872	0.010179258961839474
9.772372209558107	0.01008901493874136
9.79489985408699	0.009999480627701809
9.817479430199844	0.009910652732686317
9.84011105761134	0.009822527863745665
9.862794856312105	0.00973510253596062
9.885530946569391	0.009648373168377005
9.908319448927676	0.009562336082931633
9.93116048420934	0.009476987503368409
9.954054173515269	0.009392323554145186
9.977000638225535	0.009308340259330621
10.	0.009225033541491623
10.023052380778994	0.009142399220570696
10.046157902783957	0.009060433012753534
10.069316688518045	0.008979130529326761
10.092528860766844	0.008898487275525288
10.115794542598982	0.008818498649369825
10.1391138573668	0.008739159940494077
10.16248692870696	0.008660466328961749
10.18591388054117	0.008582412884072925
10.209394837076797	0.008504994563160232
10.232929922807546	0.008428206210374354
10.256519262514079	0.008352042555459066
10.280162981264736	0.00827649821251524
10.303861204416158	0.008201567678754417
10.32761405761398	0.00812724533324122
10.351421666793442	0.008053525435625122
10.375284158180126	0.007980402124860737
10.39920165829059	0.00790666144670727
10.423174293933046	0.007832611282699714
10.447202192208003	0.00775913282091467
10.471285480508996	0.007686224780675097
10.495424286523221	0.007613885824591312
10.519618738232236	0.007542114557892509
10.543868963912592	0.007470909527752461
10.568175092136585	0.007400269222608839
10.592537251772887	0.0073301920714767075
10.616955571987253	0.007260676443255688
10.641430182243164	0.007191720646031022
10.665961212302578	0.007123322926368102
10.690548792226577	0.007055481468600968
10.71519305237607	0.006988194394114235
10.739894123412451	0.006921459760618794
10.76465213629835	0.0068552755614206965
10.789467222298287	0.006789639724683859
10.814339512979387	0.0067245501126859605
10.83926914021204	0.0066600045210679
10.864256236170656	0.006596000678076265
10.889300933334333	0.006532536243799355
10.91440336448757	0.006469608809396237
10.939563662720943	0.006407215896319094
10.964781961431852	0.006345354955528436
10.990058394325208	0.0062840233667015785
11.015393095414156	0.006223218437433946
11.040786199020735	0.006162937402433515
11.066237839776663	0.006103177422707789
11.091748152624008	0.0060439355847439055
11.117317272815919	0.005985208899681316
11.142945335917304	0.005926994302477323
11.168632477805613	0.00586928865106502
11.194378834671515	0.0058120887255040275
11.220184543019629	0.005755391227123684
11.24604973966927	0.00569919277765863
11.271974561755105	0.005643489918377004
11.297959146727976	0.005588279109200641
11.324003632355566	0.005533556727817882
11.350108156723154	0.005479319068788408
11.37627285823431	0.005425562342640393
11.402497875611685	0.005372282674959522
11.428783347897712	0.005319476105470264
11.45512941445536	0.005267138587108996
11.481536214968829	0.0052152659850891545
11.508003889444357	0.005163854075958024
11.534532578210918	0.005112898546645499
11.561122421920993	0.005062394993504448
11.587773561551263	0.005012338921342876
11.614486138403427	0.004962725742447401
11.641260294104908	0.004913550775598501
11.66809617060963	0.004863842766750029
11.694993910198711	0.004813848061310017
11.721953655481304	0.004764271701203377
11.748975549395292	0.004715112682524428
11.776059735208078	0.004666369959252027
11.803206356517299	0.004618042442755912
11.830415557251646	0.004570129001298474
11.857687481671597	0.0045226284595321275
11.88502227437019	0.0044755395979922
11.91242008027375	0.004428861152585226
11.93988104464273	0.004382591814072579
11.967405313072431	0.004336730227549607
11.994993031493793	0.0042912749919200265
12.02264434617413	0.004246224659365692
12.050359403717973	0.004201577734811455
12.078138351067798	0.004157332675385458
12.10598133550483	0.004113487889874471
12.133888504649775	0.00407004173817449
12.161860006463678	0.004026992530736275
12.189895989248662	0.003984338528006124
12.217996601648723	0.00394207793986158
12.246161992650489	0.0039002089250422286
12.274392311584071	0.0038587295905752597
12.30268770812381	0.0038176379911961386
12.331048332289097	0.0037769321287640188
12.359474334445107	0.0037366099516721036
12.387965865303691	0.0036966693542525874
12.416523075924106	0.0036571081761765743
12.445146117713856	0.0036179242018485364
12.473835142429433	0.0035791151597955643
12.5025903021772	0.0035406787220510923
12.531411749414156	0.003502612503533287
12.560299636948754	0.0034649140614179804
12.589254117941675	0.0034275808945060785
12.618275345906707	0.0033906104425853348
12.64736347471151	0.0033540000857866592
12.67651865857846	0.003317747143934664
12.705741052085418	0.003281848875892656
12.735030810166617	0.0032463024789017116
12.764388088113435	0.003211105087914144
12.793813041575252	0.0031762537749210487
12.823305826560219	0.0031417455482740555
12.852866599436155	0.0031075773520010406
12.882495516931336	0.0030737460651160025
12.912192736135347	0.0030402485009228476
12.941958414499863	0.0030070814063131914
12.971792709839558	0.0029742414610579434
13.001695780332899	0.0029417252770928227
13.031667784523	0.0029095293977976465
13.061708881318419	0.002877650297269408
13.09181922999407	0.002845370244899371
13.121998990192028	0.0028128711989812167
13.15224832192239	0.002780674050305541
13.182567385564074	0.0027487779893958187
13.212956341865752	0.0027171821754694023
13.243415351946643	0.0026858857360736155
13.273944577297401	0.0026548877667184946
13.304544179780914	0.002624187330506333
13.33521432163324	0.0025937834577577576
13.365955165464419	0.0025636751456345895
13.396766874259358	0.0025338613577592815
13.427649611378643	0.0025043410238309934
13.458603540559483	0.0024751130392381506
13.489628825916533	0.002446176264667633
13.52072563194278	0.00241752952571046
13.551894123510364	0.0023891716124639912
13.583134465871542	0.002361101279130486
13.614446824659497	0.0023333172436122295
13.645831365889252	0.0023058181871029727
13.677288255958494	0.002278602753675835
13.708817661648537	0.002251669549867418
13.740419750125149	0.0022250171442583827
13.772094688939474	0.0021986440670502183
13.803842646028853	0.0021725488096383597
13.83566378971781	0.002146729824181405
13.867558288718882	0.002121185523166663
13.89952631213354	0.0020959142789717857
13.931568029453036	0.0020709144234226174
13.963683610559377	0.0020461842473470434
13.995873225726179	0.002021722000125012
14.028137045619589	0.001997525889234554
14.060475241299143	0.0019735940797938703
14.092887984218748	0.001949924694099299
14.12537544622754	0.0019265158111593417
14.157937799570824	0.0019033654662245476
14.190575216890926	0.0018804716503133365
14.223287871228198	0.0018578323097335802
14.25607593602188	0.0018354453456001125
14.288939585111036	0.0018133086133479625
14.321878992735439	0.0017914199222413862
14.35489433353656	0.0017697770348785499
14.387985782558452	0.00174837766669198
14.421153515248696	0.0017272194854446084
14.45439770745928	0.001706300110721499
14.487718535447618	0.0016856171134170656
14.52111617587742	0.0016651680152179199
14.554590805819668	0.0016449502880812009
14.58814260275349	0.0016249613537084099
14.621771744567184	0.0016051985830146222
14.655478409559112	0.0015856592955931844
14.689262776438676	0.0015658352593102395
14.723125024327194	0.0015458550840277785
14.757065332758946	0.001526087290454769
14.791083881682072	0.0015065311116750641
14.825180851459544	0.0014871857562262785
14.859356422870075	0.0014680504078204122
14.893610777109155	0.0014491242250618938
14.92794409578996	0.0014304063411632031
14.962356560944343	0.0014118958636579132
14.99684835502374	0.0013935918741112452
15.031419660900225	0.0013754934278279436
15.066070661867418	0.001357599553557683
15.100801541641477	0.0013399092531977876
15.135612484362087	0.001322421501493345
15.170503674593368	0.0013051352457346906
15.205475297324954	0.0012880494054521563
15.240527537972907	0.0012711628721081875
15.275660582380732	0.0012544745087867083
15.310874616820303	0.001237983149879793
15.346169827992941	0.001221687600771494
15.381546403030342	0.0012055866375189793
15.4170045294956	0.0011896790065308116
15.452544395384141	0.0011739634242424427
15.488166189124811	0.0011584385767887985
15.523870099580817	0.0011431031196740562
15.55965631605075	0.0011279556774384898
15.595525028269538	0.0011129948433224366
15.631476426409538	0.0010982191789272614
15.667510701081484	0.0010836272138734229
15.70362804333553	0.0010692174454555118
15.739828644662197	0.0010549883382943196
15.776112696993485	0.001040938323985813
15.812480392703826	0.0010270658007471038
15.848931924611142	0.0010133691330593134
15.88546748597779	0.0009998466513073568
15.9220872705117	0.000986496651416535
15.95879147236732	0.0009733173944860413
15.995580286146694	0.0009603071064192419
16.032453906900418	0.0009474639775507891
16.069412530128773	0.0009347861622704452
16.106456351782697	0.0009222717786437107
16.143585568264868	0.0009099189080291273
16.18080037643066	0.0008977255946923156
16.218100973589298	0.0008856898454166224
16.255487557504836	0.0008738096291104529
16.292960326397232	0.0008620828764111969
16.330519478943348	0.0008505074792857605
16.368165214278086	0.0008390812906276164
16.40589773199539	0.000827802123850428
16.443717232149325	0.0008166677524781558
16.481623915255085	0.0008052494501186192
16.51961798229015	0.0007936557588832397
16.557699634695275	0.0007821976226660335
16.595869074375614	0.0007708744433415215
16.634126503701697	0.0007596856056979527
16.672472125510627	0.0007486304772456433
16.71090614310707	0.0007377084080236603
16.749428760264383	0.0007269187304047719
16.788040181225607	0.0007162607588987016
16.82674061070467	0.000705733789953593
16.865530253887407	0.0006953371017557683
16.90440931643265	0.0006850699540277062
16.94337800447329	0.0006749315878242462
16.982436524617444	0.0006649212253269719
17.0215850839495	0.000655038069636821
17.060823890031244	0.0006452813045648451
17.10015315090288	0.0006356500944211683
17.139573075084254	0.0006261435838020374
17.179083871575877	0.0006167608973750576
17.21868574986008	0.0006075011396625169
17.25837891990204	0.0005983633948228425
17.298163592151013	0.000589346726430101
17.338039977541374	0.0005804501772516156
17.378008287493763	0.0005716727690236147
17.418068733916144	0.000563013502224952
17.458221529205037	0.0005544713558488039
17.498466886246565	0.0005460452871724337
17.53880501841762	0.0005377342315249145
17.579236139586932	0.000529537102052859
17.619760464116293	0.0005214527894840807
17.66037820686164	0.0005134801618892345
17.70108958317422	0.0005056180644413696
17.741894808901662	0.0004978653191734175
17.78279410038923	0.0004902207247335477
17.82378767448089	0.0004826830561384368
17.864875748520518	0.0004752510645243836
17.906058540352948	0.0004679234768962958
17.947336268325266	0.0004606989958744705
17.988709151287875	0.0004535762994392282
18.030177408595698	0.00044655404067332186
18.071741260109274	0.00043963084750214365
18.113400926196025	0.0004328053224316674
18.15515662773135	0.00042607604228416456
18.197008586099845	0.000419441557931631
18.238957023196384	0.0004129003940269391
18.281002161427427	0.000406451048732654
18.323144223712113	0.00040009199344755164
18.365383433483473	0.00039382167253077747
18.407720014689563	0.00038763850302365197
18.450154191794738	0.00038154087436907637
18.492686189780777	0.00037521397842640397
18.535316234148123	0.0003687375507641546
18.57804455091699	0.00036233996202265364
18.620871366628677	0.00035602080440645954
18.663796908346693	0.0003497796593722662
18.706821403658015	0.000343616097509723
18.74994508067419	0.00033752967842122907
18.793168168032686	0.0003315199506006361
18.836490894898002	0.0003255864513109135
18.879913490962945	0.00031972870646071683
18.92343618644976	0.0003139462304798933
18.967059212111465	0.00030823852619386144
19.010782799232995	0.00030260508469692277
19.054607179632484	0.00029704538522443624
19.098532585662387	0.0002915588950238991
19.14255925021086	0.00028614506922486664
19.18668740670289	0.0002808033507077637
19.230917289101594	0.00027553316997153376
19.275249131909366	0.0002703339450001439
19.31968317016924	0.0002652050811279066
19.364219639466068	0.0002601459709036473
19.408858775927794	0.0002551559939536761
19.453600816226633	0.00025023451684358074
19.498445997580454	0.0002453808929387936
19.543394557753942	0.0002405944622639713
19.58844673505991	0.00023587455136113916
19.633602768360475	0.0002312204731466189
19.67886289706845	0.000226631526766691
19.724227361148536	0.00022210699745203277
19.76969640111862	0.00021764615637088144
19.81527025805099	0.00021324826048093777
19.860949173573715	0.00020891255237997277
19.906733389871864	0.00020463826015516191
19.952623149688808	0.00020042459723110866
19.998618696327448	0.00019627076221656714
20.044720273651613	0.0001921759387498264
20.090928126087277	0.00018813929534278252
20.137242498623895	0.0001841599852236554
20.183663636815616	0.00018023714617836862
20.23019178678272	0.00017636990039054208
20.276827195212817	0.00017255735428013563
20.32357010936221	0.00016879859834069443
20.37042077705719	0.00016509270697520102
20.417379446695296	0.00016143873833052998
20.46444636724674	0.00015783573413046648
20.511621788255646	0.00015428271950731706
20.558905959841425	0.00015077870283206505
20.606299132700006	0.00014732267554309097
20.65380155810529	0.00014391361197341082
20.701413487910415	0.00014055046917645618
20.749135174549107	0.00013723218675036427
20.79696687103696	0.00013395768666077314
20.844908830972887	0.00013072587306210045
20.892961308540386	0.00012753563211731128
20.941124558508935	0.00012438583181614789
20.989398836235246	0.0001212753217918233
21.03778439766475	0.0001182029331361439
21.086281499332888	0.00011516747821307664
21.134890398366476	0.00011216775047073079
21.183611352485023	0.00010920252425174982
21.23244462000219	0.00010627055460208944
21.28139045982711	0.00010337057707818573
21.330449131465773	0.00010050130755249017
21.379620895022324	0.0000976614420173654
21.428906011200585	0.00009484965638731192
21.47830474130533	0.00009206460629954238
21.527817347243737	0.00008930492691286062
21.57744409152667	0.00008656923270485841
21.6271852372702	0.00008385611726738812
21.67704104819694	0.00008116415310032721
21.727011788637455	0.00007849189140360052
21.77709772353159	0.00007583786186746166
21.827299118430012	0.00007320057246099879
21.87761623949552	0.000070578509218879
21.9280493535045	0.00006797013602629472
21.978598727848254	0.00006537389440211266
22.02926463053456	0.00006278820328019629
22.080047330188993	0.000060211458788906093
22.13094709605639	0.000057642034028748835
22.181964198002195	0.00005507827884817277
22.23309890651403	0.00005251851961747666
22.28435149270303	0.00004996105900084277
22.335722228305325	0.00004740417572645807
22.3872113856834	0.00004484612435472378
22.438819237827662	0.00004228513504452256
22.490546058357804	0.0000397194133175455
22.542392121524305	0.00003714713982065232
22.59435770220978	0.00003456647008625818
22.646443075930595	0.00003197553429071574
22.698648518838212	0.00002937243701070017
22.750974307720718	0.000026755256977561616
22.803420720004187	0.000024122046829646057
22.8559880337543	0.00002147083286254652
22.908676527677724	0.000018799614777295383
22.961486481123632	0.00001610636542646172
23.01441817408509	0.000013389030558151836
23.06747188720069	0.000010645528557876477
23.12064790175594	7.873750188295438e-6
23.173946499684796	5.07155832680113e-6
23.227367963571073	2.236787700938745e-6