0.1	5.384268419902726
0.10023052380778996	5.379148460147016
0.10046157902783952	5.374027618085351
0.10069316688518042	5.3689058971956225
0.10092528860766845	5.363783300677988
0.10115794542598985	5.3586598314507485
0.10139113857366794	5.3535354921461975
0.10162486928706957	5.348410285106428
0.1018591388054117	5.343284212379077
0.102093948370768	5.338157275713067
0.10232929922807542	5.333029476554267
0.10256519262514076	5.3279008160411365
0.10280162981264736	5.322771295000316
0.10303861204416162	5.317640913942176
0.10327614057613975	5.312509673056325
0.10351421666793438	5.307377572207074
0.10375284158180126	5.302244610928857
0.10399201658290592	5.297110788421597
0.10423174293933042	5.291976103546049
0.10447202192208001	5.286840554819076
0.10471285480508996	5.2817041404088885
0.10495424286523224	5.27656685813024
0.1051961873823223	5.271428705439583
0.1054386896391259	5.266289679430152
0.10568175092136585	5.26114977682703
0.10592537251772889	5.256008993982152
0.10616955571987247	5.250867326869263
0.10641430182243161	5.245724771078827
0.10665961212302578	5.240581321812888
0.1069054879222658	5.235436973879889
0.10715193052376065	5.230291721689426
0.10739894123412448	5.225145559246967
0.1076465213629835	5.219998480148515
0.10789467222298288	5.214850477575218
0.1081433951297938	5.209701544287932
0.10839269140212036	5.204547498024052
0.10864256236170655	5.199389316633298
0.10889300933334335	5.194230157100827
0.10914403364487565	5.189070028231648
0.10939563662720939	5.183908938629629
0.1096478196143185	5.178746896694119
0.10990058394325211	5.173583910616542
0.11015393095414151	5.168419988376954
0.11040786199020733	5.1632551377405616
0.11066237839776664	5.158089366254212
0.11091748152624012	5.15292268124284
0.11117317272815914	5.147755089805889
0.11142945335917301	5.14258659881368
0.11168632477805612	5.137417214903765
0.11194378834671516	5.132246944477228
0.11220184543019636	5.127075793694954
0.11246049739669266	5.121903768473858
0.11271974561755105	5.1167308744830855
0.11297959146727979	5.111557117140163
0.11324003632355571	5.106382501607115
0.11350108156723152	5.101207032786549
0.1137627285823431	5.096030715317689
0.11402497875611688	5.090853553572382
0.11428783347897718	5.085675551651051
0.11455129414455358	5.080496713378627
0.1148153621496883	5.075317042300422
0.11508003889444356	5.070136541677973
0.11534532578210924	5.064955214484838
0.11561122421920987	5.05977306340236
0.11587773561551262	5.054590090815374
0.11614486138403426	5.049406298807899
0.11641260294104915	5.044221689158745
0.11668096170609624	5.039036263337126
0.11694993910198712	5.033850022498192
0.11721953655481303	5.028662967478538
0.11748975549395298	5.023475098791662
0.11776059735208072	5.018286416623381
0.11803206356517298	5.013096920827197
0.11830415557251646	5.00790661091963
0.118576874816716	5.002715486075492
0.11885022274370183	4.997523545123126
0.11912420080273747	4.9923307865395925
0.1193988104464273	4.987137208445813
0.11967405313072434	4.981942808601665
0.11994993031493788	4.976747584401028
0.12022644346174129	4.971551532866791
0.12050359403717974	4.966354650645802
0.120781383510678	4.961156934003764
0.12105981335504823	4.955958378820106
0.12133888504649772	4.950758980582781
0.12161860006463679	4.945555197463797
0.12189895989248664	4.940347859493055
0.12217996601648717	4.935139642931261
0.12246161992650487	4.929930556712233
0.12274392311584072	4.924720609560971
0.12302687708123815	4.919509809990176
0.1233104833228909	4.9142981662967316
0.12359474334445104	4.909085686558155
0.1238796586530369	4.9038723786290035
0.1241652307592411	4.898658250137259
0.1244514611771385	4.8934433084806574
0.12473835142429429	4.8882275608229975
0.125025903021772	4.883011014090403
0.1253141174941416	4.877793674967554
0.1256029963694875	4.872575549893872
0.12589254117941673	4.867356645059675
0.12618275345906707	4.8621369664022875
0.12647363474711512	4.856916519602123
0.12676518658578456	4.851695310078706
0.12705741052085415	4.846473342986684
0.12735030810166617	4.841250623211769
0.12764388088113438	4.836027155366664
0.12793813041575247	4.830802943786935
0.12823305826560213	4.825577992526848
0.12852866599436155	4.820352305355155
0.1288249551693134	4.815125885750859
0.12912192736135342	4.809898736898917
0.1294195841449986	4.804670861685906
0.12971792709839558	4.799442262695658
0.13001695780332903	4.794212942204835
0.13031667784522993	4.788982902178471
0.13061708881318415	4.7837521442654705
0.1309181922999407	4.7785206697940605
0.13121998990192033	4.773288479767194
0.13152248321922383	4.76805557485792
0.1318256738556407	4.7628219554046956
0.1321295634186575	4.757587621406665
0.13243415351946647	4.752352572518881
0.13273944577297395	4.747116808047488
0.1330454417978091	4.741880326944855
0.1333521432163324	4.736643127804668
0.13365955165464422	4.7314052088569625
0.1339676687425935	4.7261665679631175
0.1342764961137864	4.720927202610806
0.13458603540559483	4.71568710990888
0.13489628825916536	4.710446286582226
0.13520725631942773	4.705204728966553
0.1355189412351036	4.699962433003151
0.1358313446587154	4.694719394233579
0.136144468246595	4.689475607794312
0.13645831365889247	4.684226771813903
0.13677288255958492	4.678973895361969
0.13708817661648537	4.673720230355538
0.13740419750125152	4.668465788556573
0.13772094688939465	4.663210581548761
0.1380384264602885	4.657954620734287
0.1383566378971781	4.652697917330602
0.13867558288718884	4.6474404823671165
0.13899526312133534	4.642182326681901
0.13931568029453031	4.636923460918328
0.13963683610559377	4.631663895521681
0.13995873225726183	4.626403640735738
0.14028137045619582	4.621142706599317
0.1406047524129914	4.615881102942783
0.14092887984218747	4.6106188393845144
0.14125375446227545	4.6053559253273555
0.14157937799570816	4.600092369955001
0.14190575216890922	4.5948281822283725
0.142232878712282	4.589563370881939
0.14256075936021884	4.58429794442001
0.1428893958511103	4.579031911112992
0.14321878992735435	4.573765278993593
0.1435489433353656	4.568498055853015
0.14387985782558455	4.563230249237078
0.14421153515248689	4.557961866442332
0.14454397707459277	4.552692914512111
0.14487718535447616	4.547423400232555
0.14521116175877424	4.542153330128593
0.14554590805819662	4.5368827104598894
0.14588142602753484	4.531611547216735
0.14621771744567183	4.526339846115918
0.14655478409559117	4.521067612596535
0.1468926277643867	4.515794851815778
0.1472312502432719	4.5105215686446645
0.14757065332758945	4.50524776766373
0.14791083881682077	4.499973453158685
0.14825180851459538	4.494698629116022
0.1485935642287007	4.489423299218582
0.14893610777109154	4.484147466841072
0.14927944095789963	4.478871135045547
0.14962356560944334	4.473594306576846
0.1499684835502373	4.468316983857977
0.15031419660900225	4.463039168985459
0.15066070661867417	4.457760863724631
0.15100801541641484	4.45248206950489
0.1513561248436208	4.447202787414913
0.1517050367459337	4.441923018197801
0.15205475297324955	4.436642762246209
0.15240527537972914	4.431362019597399
0.15275660582380723	4.426080789928264
0.15310874616820302	4.420795346489523
0.15346169827992942	4.415506568233845
0.1538154640303035	4.410217279127916
0.15417004529495593	4.40492749322666
0.1545254439538414	4.399637224419561
0.1548816618912481	4.394346486427514
0.15523870099580825	4.389055292799628
0.15559656316050743	4.383763656910021
0.15595525028269538	4.378471591954553
0.15631476426409538	4.373179110947555
0.15667510701081494	4.367886226718488
0.15703628043335524	4.362592951908609
0.15739828644662196	4.357299298967566
0.15776112696993486	4.352005280149975
0.15812480392703834	4.346710907511972
0.15848931924611134	4.341416192907699
0.15885467485977792	4.336121147985784
0.159220872705117	4.330825784185774
0.15958791472367329	4.32553011273452
0.15995580286146688	4.3202341446425505
0.16032453906900418	4.314937890700381
0.1606941253012877	4.3096413614748
0.16106456351782708	4.304344567305125
0.16143585568264862	4.299047518299401
0.16180800376430657	4.2937502243305685
0.16218100973589297	4.28845269503261
0.16255487557504839	4.283154939796621
0.16292960326397224	4.27785696776688
0.16330519478943342	4.272558787836854
0.16368165214278085	4.26726040864517
0.16405897731995392	4.2619618385715565
0.16443717232149316	4.256663085732719
0.1648162391525508	4.25136415797821
0.1651961798229015	4.246065062886222
0.1655769963469528	4.240765807759365
0.16595869074375605	4.235466399620389
0.16634126503701693	4.230166845207863
0.16672472125510626	4.224867150971822
0.16710906143107074	4.2195673230693584
0.16749428760264373	4.214267367360173
0.16788040181225602	4.208967289402096
0.16826740610704674	4.203667094446536
0.16865530253887412	4.198366787433912
0.16904409316432642	4.193066372989024
0.16943378004473283	4.187765855416378
0.16982436524617442	4.182465238695483
0.17021585083949506	4.177164526476072
0.17060823890031235	4.171863722073309
0.17100153150902875	4.166562828462919
0.17139573075084252	4.1612618482762915
0.17179083871575881	4.155957323812521
0.1721868574986007	4.1506500741695
0.17258378919902034	4.145342724555276
0.17298163592151014	4.140035290910903
0.17338039977541378	4.134727789012681
0.17378008287493754	4.129420234468929
0.17418068733916142	4.1241126427167245
0.17458221529205037	4.118805029018618
0.1749846688624657	4.1134974084592955
0.1753880501841761	4.108189795942231
0.17579236139586926	4.102882206186279
0.1761976046411629	4.097574653722252
0.17660378206861643	4.092267152889444
0.17701089583174212	4.0869597178321335
0.17741894808901656	4.081652362496048
0.1778279410038923	4.076345100624776
0.17823787674480895	4.071037945756168
0.17864875748520506	4.065730911218676
0.17906058540352943	4.060424010127672
0.17947336268325265	4.055117255381724
0.1798870915128788	4.049810659658826
0.1803017740859569	4.044504235412604
0.1807174126010927	4.03919799486847
0.18113400926196024	4.033891950019746
0.18155156627731356	4.028586112623744
0.18197008586099836	4.023280494197802
0.18238957023196378	4.017975106015298
0.1828100216142743	4.0126699591015935
0.18323144223712115	4.007365064229968
0.18365383433483465	4.0020604319174895
0.18407720014689558	3.996756072420855
0.18450154191794738	3.991451995732184
0.18492686189780783	3.9861482115747715
0.18535316234148114	3.9808447293988007
0.18578044550916986	3.975541558377006
0.18620871366628675	3.9702387074003074
0.186637969083467	3.9649361850733755
0.18706821403658005	3.959633999710182
0.18749945080674188	3.9543321593294856
0.18793168168032684	3.9490306716502808
0.18836490894898006	3.9437295440871973
0.18879913490962935	3.938428783745864
0.18923436186449755	3.933128397418209
0.18967059212111465	3.9278283915777363
0.19010782799233	3.9225287723747355
0.19054607179632474	3.917229545631452
0.1909853258566238	3.911930716837218
0.19142559250210858	3.9066322911435187
0.19186687406702896	3.9013342733590264
0.19230917289101584	3.8960366679445753
0.1927524913190936	3.8907359817181466
0.1931968317016924	3.885433044410774
0.19364219639466074	3.880130511337863
0.19408858775927784	3.8748284004136053
0.19453600816226624	3.8695267293855293
0.19498445997580455	3.864225515831175
0.19543394557753943	3.858924777154735
0.195884467350599	3.8536245305836427
0.19633602768360464	3.8483247931651494
0.1967886289706845	3.843025581762846
0.19724227361148533	3.8377269130531637
0.19769696401118608	3.8324288035218177
0.1981527025805098	3.8271312694602426
0.19860949173573716	3.821834326961958
0.19906733389871864	3.8165379919189304
0.19952623149688797	3.8112422800178636
0.1999861869632744	3.805947206736483
0.20044720273651614	3.8006527873397493
0.2009092812608728	3.7953590368760692
0.20137242498623883	3.79006597017343
0.20183663636815607	3.7847736018355222
0.2023019178678272	3.7794819462378095
0.20276827195212818	3.774191017523567
0.20323570109362218	3.7689008295998634
0.2037042077705718	3.7636113961335216
0.20417379446695297	3.7583227305470235
0.20464446367246739	3.753034846014385
0.20511621788255657	3.7477477554569747
0.20558905959841414	3.742461471539306
0.20606299132700007	3.7371760066647726
0.20653801558105292	3.732832336485238
0.20701413487910425	3.7289615688862283
0.20749135174549097	3.725090799670243
0.2079696687103696	3.721219994452217
0.20844908830972886	3.71734911808536
0.20892961308540398	3.7134781346526196
0.20941124558508925	3.7096070074580703
0.20989398836235246	3.70573569901822
0.21037784397664752	3.7018641710532507
0.21086281499332898	3.697992384478164
0.21134890398366465	3.6941202993938664
0.2118361135248502	3.69024787507816
0.21232444620002192	3.6863750699766644
0.21281390459827124	3.68250184169365
0.21330449131465762	3.678628146982798
0.21379620895022325	3.6747539417378703
0.21428906011200585	3.6708791809833046
0.21478304741305343	3.6670038188647185
0.21527817347243727	3.6631278086393375
0.21577444091526668	3.659251102666333
0.21627185237270202	3.655363934811625
0.21677041048196952	3.6514685506838265
0.21727011788637443	3.6475722685500775
0.2177709772353159	3.643675078468859
0.21827299118430013	3.639776970126264
0.2187761623949553	3.6358779328313524
0.21928049353504486	3.631977955511466
0.21978598727848253	3.6280770267075018
0.2202926463053456	3.6241751345691386
0.22080047330189004	3.6202722668500145
0.22130947096056375	3.6163684109028753
0.22181964198002194	3.6124635536746585
0.2223309890651403	3.608557681701548
0.22284351492703042	3.604650781103967
0.22335722228305316	3.6007428375815485
0.223872113856834	3.5968338364080283
0.22438819237827662	3.592923762426123
0.2249054605835781	3.5890126000423295
0.22542392121524293	3.5851003332217113
0.22594357702209775	3.5811869454825995
0.22646443075930595	3.5772724198912766
0.2269864851883822	3.5733567390565972
0.22750974307720706	3.5694398851245537
0.2280342072000418	3.5655218397728112
0.22855988033754301	3.5616025842051715
0.2290867652767773	3.557682099146001
0.2296148648112362	3.553760364834603
0.23014418174085083	3.549837361019539
0.2306747188720069	3.5459130669528935
0.23120647901755947	3.5419874613844975
0.23173946499684786	3.5380605225560937
0.2322736796357107	3.5341322281954417
0.23280912576650079	3.5302025555103813
0.23334580622810028	3.5262714811828397
0.23388372386593548	3.5223389813627755
0.2344228815319922	3.5184050316620814
0.23496328208483072	3.5144696071484196
0.23550492838960096	3.5105326823390133
0.2360478233180577	3.5065942311943665
0.23659196974857583	3.502654227111949
0.23713737056616552	3.4987126429198017
0.23768402866248767	3.494769450870103
0.23823194693586902	3.490824622632663
0.23878112829131776	3.486878129288374
0.23933157564053875	3.4829299413225834
0.23988329190194904	3.4789800286184325
0.24043628000069334	3.4750283604501058
0.24099054286865948	3.471074905476049
0.24154608344449405	3.467119631732105
0.2421029046736178	3.4631625066246015
0.24266100950824154	3.4591877197728906
0.24322040090738153	3.4551989635109477
0.24378108183687525	3.451208166828713
0.2443430552693972	3.4472153617431975
0.24490632418447456	3.443220580540335
0.24547089156850305	3.4392238557766834
0.24603676041476275	3.4352252202811315
0.24660393372343392	3.4312247071566175
0.24717241450161304	3.427222349781857
0.24774220576332856	3.4232181818130827
0.24831331052955705	3.4192122371857954
0.2488857318282391	3.4152045501165205
0.24945947269429547	3.41119515510458
0.25003453616964316	3.4071840869338734
0.2506109253032114	3.403171380674671
0.251188643150958	3.3991570716854125
0.25176769277588557	3.3951411956145217
0.25234807724805747	3.391123788402232
0.2529297996446145	3.3871048862824154
0.25351286304979076	3.3830845257844357
0.25409727055493053	3.379062743734999
0.2546830252585041	3.375039577260024
0.2552701302661247	3.3710150637865195
0.2558585886905646	3.3669892410444753
0.25644840365177174	3.3629621470687634
0.2570395782768864	3.358933820201051
0.25763211570025757	3.354904299091722
0.25822601906345966	3.350873622701815
0.2588212915153092	3.3468418303049687
0.2594179362118814	3.3428089614893834
0.2600159563165272	3.3387750561597884
0.2606153549998896	3.3347401545394195
0.26121613543992067	3.330704297172026
0.2618183008218985	3.3266675249238644
0.26242185433844417	3.3226298789857203
0.26302679918953814	3.318591400874938
0.263633138582538	3.3145521324374636
0.2642408757321946	3.3105121158498965
0.2648500138606701	3.3064713936215573
0.2654605561975539	3.302430008596568
0.26607250597988097	3.298388003955937
0.2666858664521479	3.2943454232196725
0.26730064086633115	3.2903023102488858
0.2679168324819031	3.2862587092479343
0.26853444456585074	3.28221466476655
0.26915348039269155	3.2781702217020023
0.26977394324449205	3.2741254253012593
0.2703958364108843	3.2700803211631744
0.2710191631890843	3.2660349552406713
0.2716439268839082	3.2619893738429564
0.2722701308077913	3.2579490902116395
0.272897778280804	3.2539128602934952
0.27352687263067127	3.2498765862805166
0.27415741719278824	3.245840292645735
0.2747894153102397	3.2418040039060854
0.2754228703338166	3.2377677446215785
0.27605778562203465	3.2337315393944537
0.27669416454115114	3.229695412868337
0.2773320104651841	3.2256593897273587
0.27797132677592884	3.2216234946952857
0.2786121168629771	3.2175877525346266
0.27925438412373377	3.2135521880457234
0.2798981319634363	3.2095168260658387
0.2805433637951713	3.2054816914682203
0.28119008303989407	3.201446809161158
0.28183829312644537	3.1974122040870308
0.2824879974915708	3.1933779012213286
0.2831391995799379	3.1893439255716727
0.2837919028441557	3.1853103021768123
0.28444611074479154	3.181277056105622
0.285101826750391	3.1772442124560607
0.28575905433749466	3.173211796354147
0.2864177969906581	3.169179832952893
0.28707805820246907	3.165148347431241
0.28773984147356696	3.1611173649929762
0.28840315031266056	3.1570869108656336
0.2890679882365476	3.1530570102993765
0.28973435877013226	3.1490276885658792
0.2904022654464451	3.144998970957174
0.2910717118066605	3.1409708827845004
0.29174270140011677	3.136943449377125
0.29241523778433354	3.1329166960811565
0.2930893245250321	3.1288906482583396
0.2937649651961531	3.124865331284834
0.29444216337987617	3.120840770549977
0.29512092266663853	3.1168169914550323
0.29580124665515467	3.1127940194119175
0.2964831389524342	3.108771879841927
0.29716660317380267	3.104750598174417
0.29785164294291894	3.100730199845498
0.298538261891796	3.096710710296693
0.2992264636608189	3.092692154973589
0.29991625189876514	3.0886745593244638
0.30060763026282306	3.0846579487989003
0.3013006024186122	3.0806423488463786
0.3019951720402016	3.0766277849148627
0.30269134281013055	3.072614282449348
0.30338911841942706	3.068601866890414
0.3040885025676279	3.0645905636727417
0.3047894989627983	3.0605803982236197
0.3054921113215513	3.056577663304564
0.3061963433690677	3.0525809041182015
0.30690219883911574	3.048585393652943
0.3076096814740708	3.044591130596878
0.3083187950249354	3.0405981132519457
0.30902954325135906	3.0366063395287495
0.309741929921658	3.0326158069413314
0.31045595881283555	3.0286265126018894
0.31117163371060175	3.0246384532154496
0.3118889584093937	3.0206516250744895
0.3126079367123955	3.0166660240535026
0.31332857243155854	3.0126816456035193
0.3140508693876217	3.008698484746573
0.3147748314101316	3.004716536070116
0.31550046233746265	3.000735793721377
0.31622776601683794	2.9967562514016786
0.3169567463043491	2.992777902360679
0.31768740706497706	2.9888007393905873
0.3184197521726125	2.9848247548203015
0.31915378551007617	2.980849940509508
0.3198895109691398	2.9768762878427095
0.3206269324505466	2.9729037877232183
0.3213660538640317	2.9689324305670706
0.32210687912834346	2.9649622062969017
0.32284941217126356	2.960993104335758
0.32359365692962827	2.9570251136008485
0.32433961734934924	2.953058222497243
0.3250872973854344	2.949092418911507
0.3258367010020088	2.945127690205286
0.32658783217233583	2.941164023208821
0.3273406948788382	2.937201404214408
0.328095293113119	2.9332398189698
0.32885163087598307	2.9292792526715425
0.32960971217745777	2.9253196899582523
0.3303695410368148	2.921361114903832
0.3311311214825911	2.9174035110106225
0.3318944575526104	2.9134468612024946
0.33265955329400454	2.909491147817872
0.333426412763235	2.9055363526026974
0.3341950400261143	2.901582456703328
0.33496543915782767	2.897629440659371
0.3357376142429547	2.893677284396449
0.33651156937549076	2.889725967218902
0.3372873086588689	2.8857754678024263
0.3380648362059816	2.881825764186636
0.33884415613920255	2.877876833767569
0.3396252725904084	2.8739286532901156
0.3404081897010009	2.869981198840385
0.34119291162192855	2.8660344458379976
0.3419794425137089	2.8620883690283083
0.3427677865464504	2.8581338286914098
0.34355794789987465	2.8541729506708817
0.34434993076333853	2.8502126184510206
0.3451437393358563	2.846252842819031
0.345939377826122	2.8422936343874112
0.34673685045253166	2.838335003590953
0.34753616144320587	2.834376960683691
0.34833731503601184	2.8304195157358296
0.34914031547858615	2.826462678630641
0.3499451670283573	2.8225064590613265
0.350751873952568	2.8185508665278496
0.35156044052829816	2.8145959103337344
0.35237087104248715	2.8106415995828344
0.353183169791957	2.8066879431760663
0.3539973410834347	2.802734949808114
0.35481338923357547	2.7987826279640946
0.3556313185689854	2.7948309859161964
0.3564511334262443	2.7908800317202807
0.35727283815192895	2.7869297732124476
0.35809643710263606	2.782980218005574
0.35892193464500527	2.779031373485806
0.35974933515574237	2.7750832468090305
0.36057864302164244	2.7711358448972994
0.36140986263961333	2.767189174435225
0.36224299841669866	2.763243241866339
0.3630780547701014	2.7592980533894123
0.36391503612720716	2.755353614954742
0.36475394692560786	2.7514099322604015
0.36559479161312497	2.7474670107484505
0.36643757464783333	2.7435248556011107
0.3672823004980847	2.7395834717369034
0.3681289736425315	2.7356428638067496
0.3689775985701504	2.7317030361900287
0.3698281797802663	2.727763992990605
0.37068072178257605	2.723825738032807
0.37153522909717257	2.7198882748573765
0.3723917062545686	2.715951606717371
0.3732501577957206	2.712015736574031
0.3741105882720534	2.708080667092602
0.3749730022454836	2.704146400638124
0.3758374042884442	2.700212939271173
0.37670379898390893	2.6962802847435605
0.377572190925416	2.692348438494003
0.37844258471709324	2.6884174016437314
0.3793149849736819	2.6844871749920767
0.38018939632056115	2.6805577590119998
0.381065823393773	2.6766291538455853
0.3819442708400465	2.672701359299489
0.38282474331682265	2.668774374840343
0.38370724549227875	2.6648481995901174
0.38459178204535355	2.6609172361591593
0.38547835766577176	2.656982804653536
0.38636697705406914	2.6530491465967767
0.3872576449216172	2.649116283520492
0.3881503659906482	2.6451842369190364
0.38904514499428056	2.6412530282477897
0.3899419866765434	2.6373226789214157
0.390840895792402	2.6333932103120996
0.3917418771077831	2.6294646437477667
0.3926449353995998	2.6255370005102825
0.3935500754557774	2.6216103018336248
0.3944573020752784	2.617684568902042
0.3953666200681279	2.6137598228481886
0.39627803425543945	2.6098360847512363
0.3971915494694403	2.6059133756349673
0.3981071705534972	2.601991716465843
0.39902490236214205	2.598071128151053
0.39994474976109745	2.5941516315365405
0.4008667176273028	2.590233247405007
0.4017908108489399	2.5863159964738904
0.4027170343254591	2.5823998993933257
0.40364539296760493	2.578484976744081
0.4045758916974427	2.5745712490354666
0.40550853544838383	2.5706587367032276
0.40644332916521275	2.5667474601074067
0.40738027780411273	2.562837439530187
0.4083193863326921	2.558928695173709
0.40926065973001086	2.5550212471578644
0.4102041029866068	2.551115115518066
0.41114972110452225	2.547210320202991
0.4120975190973302	2.5433068810723003
0.4130475019901614	2.539404817894336
0.41399967481973043	2.5355041503437876
0.4149540426343629	2.531604897999339
0.41591061049402206	2.527707080341283
0.4168693834703354	2.523810716749116
0.41783036664662176	2.5199158264991066
0.4187935651179184	2.516022428761831
0.41975898399100753	2.5121305425996883
0.4207266283844441	2.5082401869643878
0.4216965034285822	2.5043513806944064
0.422668614265603	2.5004641425124223
0.4236429660495411	2.49657849102272
0.4246195639463129	2.4926944447085635
0.4255984131337431	2.48881202192955
0.42657951880159267	2.4849312409189284
0.4275628861515862	2.4810521197808875
0.4285485203974395	2.4771746764878264
0.4295364267648873	2.473298928877582
0.43052661049171065	2.4694248946506394
0.43151907682776525	2.4655551578380854
0.43251383103500873	2.461689129714583
0.4335108783875289	2.4578248814453176
0.43451022417157154	2.453962419221517
0.4355118736855686	2.4501017489307024
0.436515832240166	2.4462428761522546
0.4375221051582521	2.4423858061529238
0.4385306977749857	2.438530543882313
0.4395416154378245	2.434677093968303
0.4405548635065533	2.430825460712441
0.4415704473533125	2.4269756480852798
0.44258837236262655	2.4231276597216764
0.44360864393143257	2.4192814989160425
0.4446312674691087	2.415437168617548
0.4456562483975033	2.4115946714252816
0.44668359215096315	2.4077540095833627
0.44771330417636257	2.4039151849760074
0.4487453899331322	2.4000781991225453
0.449779854893288	2.39624305317239
0.45081670454146017	2.3924097478999626
0.4518559443749224	2.3885782836995637
0.4528975799036208	2.3847486605801977
0.4539416166502032	2.380920878160351
0.4549880601500486	2.3770949356627136
0.4560369159512962	2.373270831908857
0.4570881896148751	2.369448565313859
0.4581418867145335	2.365628133880876
0.4591980128368686	2.3618095351956656
0.4602565735813561	2.357992766421057
0.4613175745603794	2.3541778242913725
0.46238102139926035	2.3503647051067853
0.46344691973628804	2.346553404727642
0.46451527522274944	2.342743918568712
0.465586093522959	2.3389362415933963
0.46665938031428866	2.33513036830788
0.46773514128719823	2.331326292755224
0.46881338214526524	2.327524008509405
0.46989410860521547	2.323723508669302
0.47097732639695294	2.319924785852623
0.47206304126359055	2.316127832189775
0.4731512589614805	2.3123326393176806
0.4742419852602447	2.308539198373531
0.47533522594280536	2.3047474999884865
0.47643098680541573	2.300957534281315
0.47752927365769093	2.297169290851972
0.4786300923226384	2.293382758775122
0.47973344863668915	2.2895979265935997
0.4808393484497286	2.2858147823118085
0.4819477976251274	2.2820333133890616
0.4830588020397727	2.278253506732857
0.48417236758409943	2.2744689370067603
0.4852885001621211	2.2706811042899293
0.4864072056914617	2.2668948556529727
0.4875284901033864	2.2631102030367707
0.48865235934283363	2.259327158175386
0.48977881936844625	2.2555457325926196
0.4909078761526032	2.2517659375985284
0.492039535681451	2.2479877842859084
0.49317380395493593	2.2442112835267363
0.4943106869868355	2.240436445968587
0.4954501908047903	2.236663282031005
0.49659232145033616	2.2328918019018436
0.49773708497893604	2.22912201553357
0.4988844874600123	2.225353932639527
0.5000345349769786	2.2215875626901647
0.5011872336272724	2.2178229149092292
0.5023425895223872	2.2140599982699154
0.5035006087879049	2.2102988214909844
0.5046612975635284	2.206539393032839
0.505824662003114	2.202781721093557
0.5069907082747043	2.1990258136048975
0.5081594425605604	2.195271678228253
0.5093308710571953	2.191519322350574
0.5105049999754062	2.1877687530802454
0.5116818355403077	2.1840199772429254
0.5128613839913648	2.1802730013773437
0.514043651582426	2.176527831731062
0.5152286445817564	2.172784474256182
0.5164163692720709	2.169042934605027
0.5176068319505677	2.165303218125768
0.5188000389289611	2.1615653298580164
0.5199959965335159	2.157829274528367
0.5211947111050804	2.154095056545903
0.5223961889991198	2.1503626799976554
0.5236004365857502	2.146632148644018
0.5248074602497725	2.142903465914117
0.5260172663907061	2.1391766349011405
0.5272298614228227	2.135451658357619
0.5284452517751804	2.1317285386906573
0.5296634438916578	2.1280072779571335
0.5308844442309884	2.124287877858833
0.5321082592667942	2.120570339737554
0.5333348954876209	2.116854664570152
0.5345643593969717	2.113140852963548
0.5357966575133416	2.1094289051496804
0.5370317963702527	2.1057188209804147
0.5382697825162883	2.1020105999223992
0.5395106225151276	2.098304241051879
0.5407543229455808	2.094599743049453
0.5420008904016238	2.090897104194788
0.5432503314924332	2.0871913923195664
0.5445026528424212	2.0834837692503574
0.5457578610912709	2.0797779703890074
0.5470159628939716	2.07607401335593
0.5482769649208538	2.072371915635244
0.5495408738576245	2.0686716945719845
0.5508076964054034	2.0649733673692876
0.5520774392807574	2.061276951085548
0.5533501092157367	2.057582462631542
0.5546257129579107	2.05388991876752
0.5559042572704036	2.0501993361002757
0.5571857489319298	2.046510731080177
0.5584701947368308	2.0428241199981705
0.5597576014951101	2.0391395189827524
0.5610479760324705	2.035456943996909
0.5623413251903491	2.031776410835029
0.5636376558259545	2.028097935119774
0.5649369748123025	2.0244215322989296
0.5662392890382533	2.0207472176422154
0.5675446054085471	2.017075006238063
0.5688529308438415	2.0134049129903664
0.5701642722807475	2.00973695261519
0.571478636671867	2.0060711396374518
0.5727960309858292	2.0024074883875698
0.5741164622073276	1.9987460129980716
0.5754399373371569	1.995086727400172
0.5767664633922508	1.9914296453203144
0.5780960474057181	1.987774780276681
0.5794286964268811	1.9841221455756617
0.580764417521312	1.9804717543082915
0.5821032177708715	1.9768236193466515
0.5834451042737447	1.973177753340232
0.5847900841444807	1.96953416871226
0.5861381645140288	1.9658928776559903
0.5874893525297767	1.9622538921309594
0.588843655355589	1.9586172238592006
0.5902010801718444	1.9549828843214212
0.591561634175474	1.9513508847531447
0.5929253245799998	1.9477212361408107
0.5942921586155727	1.9440939492178386
0.5956621435290105	1.9404690344606497
0.5970352865838369	1.9368465020846537
0.5984115950603197	1.9332263620401906
0.5997910762555094	1.929608624008436
0.6011737374832781	1.9259932973972655
0.6025595860743578	1.9223803913370778
0.6039486293763798	1.9187699146765753
0.6053408747539136	1.9151618759785045
0.6067363295885054	1.9115562835153583
0.6081350012787179	1.9079531452650262
0.6095368972401692	1.9043500839610075
0.610942024905572	1.9007476702491937
0.6123503917247736	1.897147719656103
0.6137620051647943	1.893550249095065
0.6151768727098682	1.8899552753036273
0.6165950018614822	1.8863628148403124
0.618016400138416	1.8827728840813387
0.6194410750767815	1.8791854992173098
0.6208690342300636	1.8756006762498665
0.6223002851691596	1.8720184309883088
0.6237348354824193	1.8684387790461812
0.6251726927756859	1.8648617358378217
0.6266138646723355	1.8612873165748782
0.628058358813318	1.8577155362627893
0.6295061828571976	1.8541464096972273
0.6309573444801934	1.850579951460505
0.6324118513762195	1.847016175917952
0.633869711256927	1.8434550972142454
0.6353309318517437	1.83989672926971
0.6367955209079159	1.836341085776578
0.6382634861905487	1.8327881801952153
0.6397348354826482	1.8292380257503018
0.6412095765851616	1.8256906354269837
0.6426877173170197	1.8221460219669794
0.6441692655151774	1.8186041978646474
0.6456542290346556	1.8150651753630218
0.6471426157485832	1.8115289664497989
0.6486344335482385	1.807995582853289
0.6501296903430908	1.8044650360383294
0.6516283940608427	1.8009373372021513
0.6531305526474724	1.7974124972702117
0.654636174067275	1.79389052689198
0.6561452663029055	1.7903714364366867
0.6576578373554206	1.7868552359890244
0.6591738952443215	1.7833419353448134
0.6606934480075961	1.7798315440066188
0.662216503701762	1.77632407117933
0.6637430704019089	1.7728195257656911
0.6652731562017414	1.7693179163617911
0.6668067692136223	1.7658192512525106
0.6683439175686147	1.7623235384069225
0.6698846094165265	1.7588307854736462
0.6714288529259524	1.7553409997761609
0.6729766562843179	1.7518541883080694
0.6745280276979221	1.748370357728319
0.6760829753919819	1.7448895143563727
0.6776415076106752	1.7414116641673365
0.6792036326171846	1.73793681278704
0.6807693586937414	1.7344649654870632
0.6823386941416696	1.7309961271797263
0.6839116472814293	1.727528833804589
0.6854882264526615	1.724063436392445
0.6870684400142321	1.7206010523651938
0.688652296344276	1.7171416914021722
0.6902398038402419	1.7136853628845774
0.6918309709189364	1.710232075890991
0.6934258060165691	1.7067818391928642
0.6950243175887968	1.7033346612499494
0.6966265141107687	1.6998905502056958
0.6982324040771714	1.6964495138825975
0.6998419960022735	1.6930115597774913
0.7014552984199712	1.689576695056818
0.7030723198838335	1.6861449265518325
0.7046930689671469	1.6827162607537627
0.7063175542629619	1.6792907038089337
0.7079457843841379	1.6758682615138325
0.7095777679633888	1.6724489393101323
0.711213513653329	1.6690327422796685
0.7128530301265195	1.6656196751393615
0.7144963260755133	1.6622097422360973
0.716143410212902	1.6588029475415513
0.7177942912713617	1.6553992946469722
0.7194489780036994	1.6519987867579053
0.7211074791828996	1.6486014266888727
0.7227698036021702	1.6452072168580023
0.72443596007499	1.6418161592815992
0.7261059574351547	1.6384282555686738
0.727779804536824	1.6350435069154108
0.7294575102545687	1.631661914099592
0.7311390834834174	1.62828347747496
0.732824533138904	1.6249081969655312
0.734513868157115	1.621536072059858
0.7362070974947361	1.6181671018052304
0.737904230129101	1.6148012848018258
0.7396052750582378	1.6114386191968089
0.7413102413009175	1.6080791026783645
0.7430191378967014	1.6047227324696844
0.744731973905989	1.6013695053228931
0.7464487584100665	1.5980194175129179
0.7481695005111544	1.5946724648312989
0.7498942093324559	1.5913286425799449
0.7516228940182055	1.5879879455648287
0.7533555637337174	1.5846503680896218
0.7550922276654339	1.5813159039492741
0.7568328950209744	1.5779845464235303
0.7585775750291838	1.5746562882703852
0.7603262769401818	1.5713311217194816
0.762079010025412	1.568009038465443
0.7638357835776907	1.564690029661148
0.7655966069112563	1.56137408591094
0.7673614893618189	1.5580554309245915
0.7691304402866096	1.554735416068225
0.7709034690644301	1.5514184027649562
0.7726805850957024	1.548104403916225
0.7744617978025188	1.5447934321813839
0.7762471166286917	1.5414854999738086
0.7780365510398041	1.5381806194569705
0.7798301105232588	1.5348788025404736
0.7816278045883297	1.5315800608760444
0.7834296427662119	1.5282844058534903
0.7852356346100718	1.524991848596613
0.7870457896950986	1.5217023999590817
0.7888601176185545	1.5184160705202685
0.7906786279998251	1.5151328705810405
0.7925013304804718	1.5118528101595095
0.7943282347242815	1.5085758989867437
0.7961593504173188	1.505302146502433
0.7979946872679766	1.5020315618505147
0.7998342550070284	1.4987641538747551
0.8016780633876791	1.49549993111429
0.8035261221856173	1.4922389017991162
0.8053784411990667	1.488981073845547
0.8072350302488382	1.4857264548516167
0.8090958991783823	1.4824750520924457
0.8109610578538409	1.4792268725155537
0.8128305161640993	1.4759819227361375
0.8147042840208396	1.4727402090322912
0.8165823713585925	1.469501737340192
0.81846478813479	1.4662665132492307
0.8203515443298183	1.4630345419970996
0.8222426499470712	1.459805828464831
0.8241381150130024	1.4565803771717907
0.8260379495771788	1.4533581922706207
0.8279421637123342	1.4501392775421345
0.8298507675144225	1.446923636390163
0.8317637711026711	1.4437112718363534
0.8336811846196344	1.4405021865149146
0.835603018231248	1.4372963826673149
0.8375292821268826	1.4340938621369301
0.8394599865193975	1.430894626363638
0.8413951416451951	1.4276986763783626
0.8433347577642755	1.4245060127975673
0.84527884516029	1.4213166358176972
0.8472274141405965	1.4181305452095625
0.8491804750363139	1.4149477403126778
0.8511380382023765	1.41176822002954
0.8531001140175896	1.4085919828198572
0.8550667128846834	1.405419026694722
0.8570378452303697	1.4022493492107282
0.8590135215053958	1.3990829474640336
0.8609937521846007	1.3959153188431686
0.8629785477669704	1.3927475221248438
0.8649679187756933	1.3895829646770852
0.8669618757582167	1.3864216608573035
0.8689604292863019	1.383263624798282
0.8709635899560808	1.3801088704044657
0.8729713683881117	1.3769574113482081
0.8749837752274362	1.3738092610659822
0.8770008211436349	1.370664432754553
0.8790225168308845	1.3675229393671138
0.8810488730080143	1.3643847936093816
0.8830799004185629	1.3612500079356546
0.8851156098308356	1.3581185945448309
0.887156012037961	1.3549905653763874
0.8892011178579485	1.3518659321063191
0.8912509381337457	1.3487447061430373
0.8933054837332954	1.3456268986232298
0.895364765549594	1.3425125204076762
0.8974287945007486	1.3394015820770255
0.8994975815300353	1.3362940939275323
0.9015711376059571	1.3331900659667475
0.9036494737223016	1.3300895079091712
0.9057326008982003	1.3269924291718593
0.9078205301781859	1.3238988388699913
0.9099132726322517	1.3208087458123894
0.9120108393559097	1.3177221584970003
0.9141132414702502	1.3146390851063252
0.9162204901219997	1.3115595335028163
0.9183325964835808	1.308483511224215
0.9204495717531712	1.3054110254788582
0.9225714271547631	1.3023420831409291
0.9246981739382225	1.2992766907456685
0.9268298233793492	1.296214854484535
0.9289663867799363	1.293156580200324
0.9311078754678302	1.2901018733822336
0.933254300796991	1.2870507391608892
0.9354056741475518	1.2840031823033142
0.9375620069258802	1.2809592072078586
0.9397233105646378	1.2779188178990728
0.9418895965228413	1.2748820180225382
0.9440608762859233	1.2718488108396442
0.946237161365793	1.2688191992223177
0.9484184633008971	1.2657931856477005
0.9506047936562815	1.2627707721927786
0.9527961640236519	1.259751960528958
0.9549925860214359	1.2567367519165895
0.9571940712948444	1.2537251471994442
0.9594006315159331	1.2507171467991307
0.9616122783836646	1.247712750709468
0.9638290236239705	1.2447119584907966
0.9660508789898133	1.2417119093961753
0.9682778562612491	1.2387132775381615
0.9705099672454897	1.2357182297257883
0.9727472237769651	1.2327267759085132
0.9749896377173869	1.2297389257423752
0.9772372209558107	1.22675468858561
0.9794899854086988	1.2237740734942237
0.9817479430199844	1.2207970892175237
0.9840111057611337	1.2178237441936066
0.9862794856312105	1.2148540465448006
0.9885530946569389	1.211888004073063
0.9908319448927676	1.2089256242553372
0.9931160484209338	1.2059669142388614
0.995405417351527	1.2030118808364305
0.9977000638225533	1.2000605305216177
1.	1.1971128694239432
1.0023052380778998	1.1941689033240028
1.0046157902783952	1.1912286376485461
1.0069316688518044	1.1882920774655061
1.0092528860766845	1.1853592274789855
1.0115794542598988	1.1824300920241908
1.0139113857366795	1.1795046750623213
1.016248692870696	1.1765829801754055
1.0185913880541169	1.1736650105610935
1.0209394837076802	1.170750769027392
1.023292992280754	1.1678402579873592
1.0256519262514079	1.164933479453739
1.0280162981264735	1.1620304350335533
1.0303861204416165	1.1591311259226345
1.0327614057613974	1.1562355529001154
1.0351421666793441	1.1533437163228564
1.0375284158180127	1.1504556161198323
1.0399201658290596	1.147571251786453
1.0423174293933042	1.1446906223788422
1.0447202192208003	1.1418137265080548
1.0471285480508996	1.1389405623342432
1.0495424286523225	1.1360711275607671
1.051961873823223	1.1332054194282501
1.0543868963912593	1.1303434347085783
1.0568175092136585	1.1274851696988455
1.0592537251772887	1.1246306202152372
1.0616955571987248	1.1217797815868629
1.064143018224316	1.118932648649529
1.066596121230258	1.116089215739449
1.0690548792226577	1.1132494766869054
1.0715193052376064	1.110413424809839
1.0739894123412446	1.1075810529073933
1.076465213629835	1.1047523532533865
1.0789467222298286	1.1019273175897328
1.081433951297938	1.099105937119793
1.0839269140212033	1.0962820586017787
1.0864256236170655	1.0934571231925831
1.0889300933334332	1.090635779242325
1.0914403364487566	1.0878180419010246
1.0939563662720937	1.0850039261097038
1.096478196143185	1.0821934465968626
1.0990058394325208	1.07938661787493
1.101539309541415	1.0765834542366717
1.104078619902073	1.0737839697515654
1.1066237839776665	1.0709881782621398
1.1091748152624008	1.0681960933802765
1.1117317272815914	1.065407728483473
1.1142945335917298	1.062623096711074
1.1168632477805611	1.0598422109604566
1.1194378834671515	1.0570650838831877
1.1220184543019636	1.0542917278811348
1.1246049739669264	1.051522155102543
1.1271974561755105	1.048756377438072
1.1297959146727976	1.045994406516794
1.1324003632355573	1.04323625370215
1.1350108156723149	1.040481930087873
1.137627285823431	1.0377314464938607
1.1402497875611686	1.0349848134620194
1.1428783347897717	1.0322420412520557
1.1455129414455354	1.0295031398372374
1.1481536214968828	1.0267681189001034
1.1508003889444356	1.0240369878281428
1.1534532578210923	1.021309755709418
1.1561122421920986	1.0185864313281598
1.1587773561551262	1.0158670231603077
1.1614486138403426	1.0131515393690158
1.1641260294104914	1.0104399878001067
1.1668096170609623	1.0077323759774919
1.1694993910198712	1.0050287110985356
1.1721953655481303	1.0023290000293856
1.1748975549395297	0.9996332493002499
1.1776059735208073	0.996941465100635
1.1803206356517297	0.9942536532745314
1.1830415557251646	0.9915698193155603
1.1857687481671602	0.9888899683620668
1.1885022274370183	0.9862141051921728
1.1912420080273751	0.983542234218774
1.193988104464273	0.9808743594845021
1.1967405313072437	0.9782104846566217
1.1994993031493788	0.9755506130218959
1.2022644346174132	0.9728947474813905
1.2050359403717974	0.9702428905452359
1.2078138351067804	0.9675950443273333
1.2105981335504823	0.9649512105400209
1.2133888504649775	0.9623113904886735
1.2161860006463678	0.9596728236015054
1.2189895989248667	0.9570361625493944
1.2217996601648717	0.9544035013503982
1.2246161992650488	0.951774851388952
1.2274392311584073	0.9491502237782758
1.2302687708123818	0.9465296293562437
1.233104833228909	0.9439130786812158
1.2359474334445106	0.9413005820278244
1.238796586530369	0.9386921493827269
1.2416523075924113	0.9360877904403074
1.244514611771385	0.9334875145983466
1.2473835142429432	0.9308913309536397
1.2502590302177201	0.9282992482975813
1.2531411749414163	0.9257112751116977
1.2560299636948749	0.9231274195631463
1.2589254117941675	0.9205476895001609
1.2618275345906707	0.9179720924474624
1.2647363474711515	0.9154006356016183
1.2676518658578455	0.9128333258263608
1.270574105208542	0.9102701696478596
1.2735030810166617	0.9077111732499489
1.276438808811344	0.9051563424693062
1.2793813041575246	0.9026056827905921
1.2823305826560218	0.9000591993415321
1.2852866599436155	0.8975168968879644
1.2882495516931343	0.8949787798288276
1.2912192736135342	0.892444852191113
1.2941958414499863	0.8899151176247572
1.297179270983956	0.8873895793974951
1.3001695780332907	0.8848682403896586
1.3031667784522993	0.8823511030889299
1.3061708881318417	0.8798381695850391
1.309181922999407	0.8773294415644196
1.3121998990192034	0.8748249203048062
1.3152248321922384	0.8723246066697855
1.3182567385564075	0.8698285011032939
1.3212956341865751	0.8673366036240646
1.324341535194665	0.8648489138200203
1.3273944577297394	0.8623654308426167
1.3304544179780915	0.8598861534011278
1.333521432163324	0.8574110797568855
1.3365955165464425	0.8549402077174527
1.3396766874259352	0.8524735346307589
1.3427649611378643	0.8500110573791622
1.3458603540559484	0.847552772373473
1.348962882591654	0.8450986755469088
1.3520725631942772	0.8426487623490018
1.3551894123510364	0.8402030277394427
1.3583134465871542	0.8377614661818749
1.3614446824659503	0.8353240716376221
1.3645831365889245	0.8328880715389002
1.3677288255958495	0.830454112095113
1.3708817661648536	0.8280242831433603
1.3740419750125157	0.8255985883530824
1.3772094688939465	0.8231770310229267
1.3803842646028852	0.8207596140756943
1.383566378971781	0.8183463400532506
1.3867558288718889	0.8159372111113773
1.3899526312133532	0.813532229014586
1.3931568029453036	0.811131395130871
1.3963683610559376	0.8087347104264252
1.3995873225726185	0.8063421754602932
1.4028137045619582	0.8039537903789867
1.4060475241299144	0.8015695549110375
1.4092887984218747	0.7991894683615113
1.4125375446227548	0.7968135296064552
1.4157937799570817	0.79444173708731
1.4190575216890926	0.7920740888052547
1.4223287871228198	0.7897105823155105
1.425607593602188	0.7873512147215809
1.428893958511103	0.7849959826694468
1.432187899273543	0.7826448823417037
1.435489433353656	0.7802979094516419
1.4387985782558452	0.7779550592372769
1.4421153515248688	0.7756163264553194
1.4454397707459272	0.7732817053750938
1.4487718535447618	0.7709511897723943
1.452111617587742	0.7686247729232931
1.455459080581966	0.7663024475978806
1.4588142602753482	0.763984206053957
1.4621771744567182	0.7616700400306591
1.4655478409559113	0.7593599407420334
1.468926277643867	0.7570538988705452
1.4723125024327186	0.7547519045605333
1.4757065332758947	0.7524539474115974
1.4791083881682072	0.7501600164719341
1.4825180851459536	0.7478701002316013
1.4859356422870067	0.7455841866157307
1.4893610777109154	0.7433022629776708
1.492794409578996	0.7410243160920715
1.4962356560944337	0.738750332147903
1.4996848355023733	0.7364802967414135
1.5031419660900225	0.7342141948690187
1.5066070661867417	0.7319520109201333
1.5100801541641484	0.7296937286699271
1.513561248436208	0.7274393312720282
1.5170503674593367	0.7251888012511458
1.5205475297324955	0.7229421204956394
1.5240527537972914	0.7206992702500102
1.5275660582380723	0.7184602311073318
1.5310874616820302	0.7162186121235452
1.5346169827992941	0.7139758972238163
1.5381546403030348	0.7117368959169376
1.5417004529495593	0.7095016132484641
1.545254439538414	0.7072700539507575
1.5488166189124812	0.7050422224386285
1.5523870099580825	0.7028181228049335
1.5559656316050743	0.7005977588161324
1.559552502826954	0.698381133907798
1.5631476426409538	0.6961682511800923
1.5667510701081493	0.6939591133931895
1.5703628043335522	0.6917537229626636
1.5739828644662197	0.6895520819548268
1.5776112696993485	0.6873541920820279
1.5812480392703834	0.6851600546979014
1.5848931924611134	0.6829696707925788
1.5885467485977791	0.6807830409878455
1.59220872705117	0.678600165532261
1.5958791472367329	0.6764210442962258
1.5995580286146687	0.6742456767670092
1.6032453906900417	0.6720740620437211
1.6069412530128773	0.6699061988322479
1.6106456351782708	0.6677420854401295
1.6143585568264862	0.6655817197713978
1.6180800376430662	0.6634250993213603
1.6218100973589298	0.6612722211713391
1.6255487557504842	0.6591230819833584
1.6292960326397223	0.6569776779947846
1.6330519478943346	0.6548360050129135
1.6368165214278085	0.6526980584095113
1.6405897731995396	0.6505638331153
1.6443717232149315	0.6484333236143965
1.6481623915255086	0.6463065239386961
1.651961798229015	0.6441834276622077
1.6557699634695284	0.6420640278953325
1.6595869074375604	0.6399483172790943
1.6634126503701698	0.6378362879793115
1.6672472125510627	0.6357279316807227
1.6710906143107078	0.6336232395810482
1.6749428760264373	0.6315222023850069
1.6788040181225607	0.6294248102982712
1.6826740610704674	0.6273310530213712
1.6865530253887415	0.625240919743537
1.690440931643264	0.6231543991364932
1.6943378004473288	0.6210714793481871
1.6982436524617444	0.6189921479964688
1.7021585083949509	0.6169163921627053
1.7060823890031234	0.6148441983853424
1.710015315090288	0.612775552653404
1.7139573075084253	0.6107104403999362
1.7179083871575884	0.6086420981200944
1.721868574986007	0.6065721039293396
1.725837891990204	0.6045055587179593
1.7298163592151015	0.602442474371462
1.7338039977541384	0.6003828625851652
1.7378008287493754	0.5983267348611204
1.7418068733916146	0.5962741025050031
1.7458221529205038	0.5942249766229777
1.7498466886246573	0.5921793681185249
1.7538805018417611	0.5901372876892422
1.7579236139586931	0.5880987458236112
1.7619760464116292	0.5860637527977348
1.7660378206861649	0.5840323186720362
1.770108958317421	0.5820044532879356
1.7741894808901661	0.579980166264483
1.7782794100389228	0.5779594669949679
1.78237876744809	0.5759423646434882
1.7864875748520508	0.5739288681414908
1.7906058540352947	0.5719189861842738
1.7947336268325265	0.5699127272274601
1.7988709151287883	0.5679100994834301
1.803017740859569	0.5659111109177261
1.8071741260109275	0.563915769245417
1.8113400926196026	0.5619240819274305
1.8155156627731361	0.559936056166847
1.8197008586099834	0.5579516989051625
1.8238957023196385	0.5559710168185086
1.8281002161427427	0.553994016313843
1.832314422371212	0.5520207035250972
1.8365383433483464	0.5500510843092924
1.8407720014689564	0.5480851642426128
1.8450154191794736	0.5461229486164471
1.8492686189780787	0.5441644424333854
1.8535316234148114	0.5422096504031854
1.857804455091699	0.5402585769386905
1.8620871366628675	0.5383112261517204
1.8663796908346704	0.5363676018489109
1.8706821403658007	0.5344277075275239
1.8749945080674193	0.5324915463712091
1.8793168168032686	0.5305591212457338
1.883649089489801	0.5286304346946639
1.8879913490962936	0.526705488935011
1.892343618644976	0.5247842858528329
1.8967059212111463	0.5228668269987965
1.9010782799233006	0.5209531135836958
1.9054607179632472	0.5190431464739304
1.9098532585662378	0.5171369261869377
1.914255925021086	0.5152344528865862
1.9186687406702891	0.5133357263785236
1.9230917289101586	0.5114407461054793
1.9275249131909356	0.509546072770204
1.9319683170169242	0.507652517141449
1.936421963946607	0.5057626847971671
1.9408858775927782	0.5038765883255384
1.9453600816226624	0.5019942401312232
1.9498445997580456	0.5001156524323537
1.9543394557753944	0.4982408372575022
1.95884467350599	0.49636980644261125
1.9633602768360463	0.4945025716279014
1.967886289706845	0.4926391442547409
1.9724227361148534	0.49077953556249176
1.976969640111861	0.4889237565853162
1.9815270258050979	0.4870718181489611
1.9860949173573716	0.48522373086750087
1.9906733389871865	0.48337950514005734
1.9952623149688797	0.4815391511474802
1.9998618696327437	0.4797026788489998
2.0044720273651615	0.47787009797884356
2.0090928126087277	0.47604141804282285
2.0137242498623884	0.47421664831488197
2.0183663636815607	0.47239579783361874
2.023019178678272	0.4705788753987663
2.0276827195212817	0.4687658895676447
2.032357010936222	0.4669568486515732
2.037042077705718	0.4651517607122548
2.0417379446695296	0.463350633558117
2.046444636724674	0.46155347474062575
2.0511621788255656	0.4597602915505566
2.0558905959841414	0.4579710910142352
2.0606299132700006	0.4561858798897371
2.065380155810529	0.45440466466305596
2.0701413487910423	0.4526274515442289
2.0749135174549096	0.45085424646343075
2.079696687103696	0.44908505506702545
2.084490883097289	0.44731988271358447
2.0892961308540396	0.4455587344698623
2.0941124558508926	0.44380161510673843
2.0989398836235242	0.4420485290951157
2.1037784397664754	0.4402994806017838
2.1086281499332897	0.4385544734852409
2.1134890398366464	0.4368135112914766
2.1183611352485023	0.4350765972497127
2.123244462000219	0.43334373426810907
2.1281390459827123	0.4316149249294205
2.133044913146576	0.42989017148662123
2.1379620895022327	0.42816947585848086
2.1428906011200586	0.4264528396251043
2.1478304741305343	0.4247402640234242
2.1527817347243725	0.42303174994265685
2.157744409152667	0.42132729791970897
2.16271852372702	0.4196238088084525
2.167704104819695	0.4179220144182704
2.1727011788637443	0.4162242643614332
2.1777097723531593	0.41453057091972006
2.1827299118430012	0.41284094618247213
2.187761623949553	0.41115540204350115
2.1928049353504484	0.4094739501979749
2.197859872784825	0.4077966021392651
2.202926463053456	0.40612336915577096
2.2080047330189	0.40445426232770504
2.2130947096056377	0.40278929252385154
2.2181964198002193	0.4011284703982915
2.223309890651403	0.39947180638709606
2.2284351492703043	0.3978193107049854
2.2335722228305315	0.39617099334196004
2.23872113856834	0.39452686405989146
2.2438819237827663	0.3928869323890879
2.2490546058357817	0.3912512076248193
2.254239212152429	0.38961969882381464
2.259435770220978	0.38799241480071883
2.2646443075930596	0.38636936412452216
2.2698648518838223	0.38475055511494893
2.2750974307720706	0.3831359958388156
2.2803420720004186	0.3815256941063501
2.28559880337543	0.37991965746747974
2.2908676527677736	0.3783178932080779
2.296148648112362	0.3767204083461814
2.301441817408509	0.37512720962816426
2.306747188720069	0.37353830352488077
2.312064790175595	0.37195369622776675
2.3173946499684783	0.3703733936449084
2.3227367963571073	0.36879740139706757
2.328091257665008	0.36722572481367577
2.3334580622810033	0.3656583689287836
2.338837238659355	0.36409533847697667
2.344228815319923	0.36253663788924784
2.3496328208483073	0.36098227128883625
2.35504928389601	0.35943224248702005
2.360478233180577	0.357886554978875
2.365919697485759	0.35634521193898905
2.371373705661655	0.3548082162171388
2.3768402866248772	0.3532755703339225
2.38231946935869	0.3517472764763562
2.3878112829131783	0.35022333649342174
2.3933157564053875	0.3487037518915817
2.3988329190194912	0.3471885238302416
2.4043628000069335	0.3456776531171803
2.4099054286865957	0.34417114020392786
2.41546083444494	0.34266898518110817
2.421029046736179	0.34117118777373123
2.4266100950824154	0.33967535299351637
2.432204009073816	0.33818204530984375
2.4378108183687526	0.3366930789070995
2.4434305526939726	0.33520846219806855
2.4490632418447453	0.33372820334747294
2.454708915685031	0.33225231026835955
2.4603676041476272	0.3307807906184593
2.46603933723434	0.329313651796504
2.4717241450161302	0.32785090093851565
2.4774220576332864	0.3263925449140525
2.4831331052955705	0.3249385903224261
2.4888573182823914	0.3234890434888753
2.494594726942955	0.32204391046070946
2.500345361696432	0.32060319700341067
2.506109253032114	0.3191669085967019
2.511886431509581	0.31773505043057376
2.5176769277588558	0.3163076274012785
2.5234807724805757	0.3148846441072805
2.529297996446145	0.313466104845173
2.5351286304979084	0.312052013605552
2.540972705549305	0.3106423740688552
2.5468302525850417	0.309237189601157
2.552701302661247	0.3078364632499279
2.5585858869056453	0.306440197739751
2.5644840365177175	0.3050483954679992
2.5703957827688635	0.30366105850047265
2.5763211570025755	0.30227818856699196
2.582260190634596	0.3008997870569543
2.588212915153092	0.29952585501484413
2.5941793621188136	0.2981563931357042
2.6001595631652723	0.2967914017605617
2.6061535499988953	0.2954308808718153
2.6121613543992064	0.2940748300885749
2.6181830082189848	0.292723248661961
2.624218543384442	0.2913761354703586
2.6302679918953813	0.29003348901462794
2.6363313858253803	0.28869530741326904
2.642408757321946	0.2873615883975443
2.648500138606701	0.28603232930655137
2.654605561975539	0.28470752708225605
2.6607250597988097	0.2833871782644725
2.666858664521479	0.28207127898580386
2.6730064086633116	0.2807598249665303
2.6791683248190314	0.2794528115094546
2.6853444456585076	0.2781502334946955
2.691534803926915	0.2768520853744383
2.6977394324449206	0.2755583611676315
2.703958364108843	0.27426905445464095
2.7101916318908432	0.27298415837184803
2.7164392688390824	0.2717036656062055
2.7227013080779128	0.2704246330583477
2.7289777828080406	0.2691477457590005
2.7352687263067126	0.2678752208198145
2.741574171927882	0.26660706157691105
2.7478941531023975	0.26534327106274713
2.7542287033381663	0.2640838520020377
2.7605778562203462	0.2628288068076342
2.7669416454115114	0.26157813757636916
2.773320104651841	0.2603318460848577
2.7797132677592886	0.25908993378526307
2.7861211686297707	0.25785240180101887
2.792543841237338	0.2566192509225148
2.798981319634363	0.2553904816027388
2.805433637951713	0.2541660939528812
2.811900830398941	0.2529460877378948
2.8183829312644537	0.25173046237201724
2.8248799749157074	0.250519216914248
2.831391995799379	0.2493123500637854
2.8379190284415565	0.24810986015542075
2.8444611074479154	0.24691174515488998
2.85101826750391	0.24571800265418042
2.8575905433749464	0.24452862986679774
2.8641779699065815	0.24334362362298373
2.8707805820246906	0.2421629803648966
2.8773984147356697	0.24098669614173907
2.8840315031266055	0.239814766604849
2.8906798823654762	0.2386471870027385
2.897343587701323	0.2374839521760926
2.904022654464451	0.23632505655271693
2.910717118066605	0.23517049414244376
2.9174270140011673	0.23402025853198705
2.924152377843335	0.23287434287975398
2.9308932452503216	0.23173273991060592
2.9376496519615305	0.23059544191057377
2.9444216337987617	0.22946244072152305
2.9512092266663856	0.22833372773577276
2.9580124665515464	0.2272092938906615
2.9648313895243423	0.22608912966306852
2.971666031738027	0.22497322506388065
2.9785164294291895	0.2238615696324125
2.9853826189179604	0.22275415243077265
2.992264636608189	0.2216509620381825
2.9991625189876516	0.22055198654523886
3.0060763026282307	0.21945721354813
3.013006024186122	0.218366630142794
3.019951720402016	0.21728022291902924
3.0269134281013064	0.21619797795454698
3.0338911841942706	0.21511988080897504
3.04088502567628	0.21404591651780264
3.047894989627983	0.2129760695862751
3.054921113215514	0.2119059225002787
3.061963433690677	0.21083649821718983
3.069021988391158	0.20977111717545366
3.076096814740708	0.20870978044426797
3.083187950249355	0.20765248879177042
3.0902954325135905	0.20659924268110563
3.097419299216581	0.20555004226645102
3.1045595881283554	0.2045048873890103
3.1117163371060186	0.2034637775729653
3.118889584093937	0.2024267120213941
3.126079367123956	0.2013936896121468
3.1332857243155856	0.2003647088936878
3.1405086938762183	0.19933976808089457
3.1477483141013156	0.19831886505082216
3.1550046233746274	0.19730199733842396
3.1622776601683795	0.19628916213223724
3.169567463043492	0.1952803562700245
3.1768740706497707	0.19427557623437883
3.1841975217261256	0.19327481814828454
3.1915378551007616	0.1922780777706412
3.198895109691399	0.19128535049174195
3.206269324505466	0.19029663132871463
3.213660538640318	0.1893119149209172
3.2210687912834346	0.18833119552529445
3.2284941217126364	0.18735446701168815
3.2359365692962827	0.1863817228581092
3.2433961734934935	0.185412956145961
3.250872973854344	0.18444815955522476
3.2583670100200885	0.18348732535959544
3.265878321723358	0.1825304454215785
3.273406948788383	0.18157751118753723
3.2809529311311905	0.18062851368269964
3.2885163087598315	0.17968344350611526
3.2960971217745776	0.1787422908255705
3.303695410368149	0.1778050453724542
3.311311214825911	0.17687169643658
3.3189445755261047	0.17594223286095853
3.326595532940045	0.17501664303652528
3.3342641276323506	0.17409491489681836
3.3419504002611427	0.17317703591261072
3.3496543915782775	0.17226299308649087
3.3573761424295467	0.1713527729473982
3.365115693754908	0.1704463615451059
3.372873086588689	0.16954374444465714
3.380648362059817	0.16864490672074853
3.3884415613920256	0.167749832952066
3.3962527259040853	0.1668585072155666
3.404081897010009	0.165970913080713
3.4119291162192864	0.16508703360365207
3.4197944251370886	0.1642068513213457
3.4276778654645046	0.1633254366063602
3.4355794789987466	0.16244393095806248
3.443499307633384	0.161566039723114
3.451437393358563	0.16069176422196807
3.459393778261219	0.1598211055164957
3.4673685045253166	0.15895406440659146
3.4753616144320576	0.15809064142675028
3.483373150360118	0.15723083684260947
3.4914031547858606	0.15637465064746098
3.499451670283573	0.15552208255872882
3.5075187395256795	0.15467313201441618
3.5156044052829816	0.1538277981695166
3.523708710424871	0.15298607989239493
3.53183169791957	0.15214797576113145
3.5399734108343464	0.15131348405983536
3.548133892335755	0.15048260277492084
3.5563131856898527	0.14965532959135214
3.5645113342624426	0.14883166188885033
3.5727283815192883	0.14801159673806843
3.5809643710263606	0.14719513089672814
3.5892193464500517	0.14638226080572433
3.5974933515574232	0.14557298258519
3.6057864302164235	0.14476729203052868
3.6140986263961334	0.14396518460840707
3.6224299841669856	0.14316665545271406
3.630780547701014	0.1423716993604798
3.639150361272071	0.1415803107877601
3.6475394692560785	0.1407924838454805
3.6559479161312485	0.14000821229524543
3.664375746478333	0.13922748954510564
3.672823004980846	0.1384503086452908
3.681289736425315	0.13767666228389933
3.6897759857015027	0.13690654278255326
3.6982817978026628	0.13613994209200886
3.7068072178257596	0.13537685178773232
3.715352290971726	0.13461726306543093
3.7239170625456848	0.1338611667365473
3.732501577957206	0.13310855322370985
3.741105882720533	0.13235941255614492
3.7497300224548358	0.13161373436504448
3.758374042884441	0.1308715078788953
3.767037989839089	0.13013272191876282
3.77572190925416	0.12939736489353526
3.7844258471709336	0.12866542479512225
3.793149849736819	0.12793688919361346
3.801893963205613	0.1272117452323904
3.81065823393773	0.12648997962319722
3.8194427084004663	0.1257715786411649
3.8282474331682264	0.12505652811979326
3.8370724549227884	0.12434481344588576
3.8459178204535354	0.12363279535604328
3.8547835766577188	0.1229213142823571
3.8636697705406915	0.12221310240168382
3.8725764492161727	0.12150815869893505
3.8815036599064823	0.12080648190086204
3.8904514499428067	0.12010807047277873
3.899419866765434	0.11941292261525727
3.908408957924021	0.11872103626079017
3.9174187710778305	0.1180324090704243
3.926449353995999	0.11734703843036104
3.9355007545577743	0.11666492144852833
3.944573020752785	0.11598605495111754
3.953666200681279	0.11531043547909234
3.9627803425543955	0.11463805928466154
3.971915494694403	0.11396892232772343
3.981071705534973	0.11330302027227397
3.9902490236214203	0.11264034848278524
3.9994474976109755	0.11198090202054804
4.008667176273028	0.11132467563998333
4.0179081084894	0.11067166378491829
4.027170343254591	0.11002186058482957
4.036453929676051	0.10937525985105132
4.045758916974426	0.10873185507295016
4.055085354483839	0.10809163941406331
4.0644332916521275	0.10745460570820381
4.073802778041128	0.1068207464555287
4.083193863326921	0.10619005381857285
4.09260659730011	0.1055625196182454
4.1020410298660686	0.1049381353297921
4.111497211045223	0.10431689207871854
4.120975190973302	0.10369878063667912
4.130475019901614	0.10308379141732671
4.139996748197304	0.10247191447212706
4.149540426343631	0.10186313948613332
4.1591061049402205	0.10125745577372476
4.168693834703355	0.1006548522743048
4.178303666466218	0.10005531754796312
4.187935651179185	0.09945883977109614
4.1975898399100755	0.09886540673199082
4.207266283844442	0.09827500582636639
4.216965034285822	0.0976876240528787
4.226686142656031	0.09710324800858214
4.2364296604954115	0.09652186388435303
4.24619563946313	0.09594345746027041
4.2559841313374305	0.09536801410095722
4.265795188015928	0.09479551875087847
4.275628861515862	0.09422595592959947
4.285485203974396	0.09365930972699966
4.295364267648873	0.09309556379844612
4.3052661049171075	0.0925347013599226
4.3151907682776525	0.09197297389131165
4.325138310350088	0.09141124496215175
4.335108783875289	0.09085232580850394
4.345102241715717	0.09029621373183207
4.355118736855686	0.0897429057900928
4.365158322401661	0.08919239879472717
4.375221051582521	0.08864468930762592
4.385306977749858	0.08809977363806558
4.395416154378245	0.08755764783961772
4.405548635065534	0.08701830770702888
4.4157044735331255	0.08648174877307312
4.425883723626267	0.08594796630537473
4.436086439314326	0.085416955303203
4.446312674691089	0.08488871049423669
4.456562483975033	0.08436322633130029
4.466835921509633	0.08384049698906945
4.477133041763626	0.08332051636074762
4.487453899331323	0.08280327805471124
4.49779854893288	0.08228877539112607
4.508167045414603	0.08177700139853122
4.518559443749224	0.08126794881039409
4.528975799036209	0.08076161006163218
4.539416166502032	0.08025797728510557
4.549880601500488	0.07975704230807576
4.560369159512962	0.07925879664863478
4.570881896148752	0.07876323151209957
4.581418867145335	0.07827033778737669
4.591980128368688	0.07778010604329212
4.6025657358135605	0.07729252652488956
4.613175745603796	0.07680758914969449
4.623810213992603	0.07632528350394602
4.634469197362879	0.07584559883879348
4.645152752227495	0.07536852406646023
4.6558609352295885	0.07489404775637311
4.666593803142887	0.07442215813125595
4.677351412871981	0.07395284306319062
4.688133821452653	0.07348609006964042
4.698941086052153	0.07302188630944041
4.709773263969529	0.07256021857875
4.720630412635905	0.07210107330697146
4.731512589614805	0.07164443655263061
4.7424198526024455	0.0711902939992222
4.753352259428054	0.07073863095101729
4.7643098680541565	0.0702894323288351
4.775292736576909	0.06984268266577545
4.786300923226383	0.06939836610291544
4.797334486366892	0.06895646638496668
4.808393484497285	0.06851696685589509
4.819477976251274	0.0680798504545013
4.830588020397726	0.06764509970996324
4.841723675840994	0.06720863407677041
4.8528850016212095	0.06677139476026824
4.864072056914616	0.0663364436721589
4.875284901033862	0.06590377896173154
4.886523593428336	0.06547339858626436
4.897788193684462	0.06504530030864279
4.909078761526032	0.06461948169495434
4.920395356814509	0.0641959401120626
4.9317380395493595	0.06377467272515779
4.943106869868354	0.06335567649528627
4.954501908047903	0.06293894817685594
4.96592321450336	0.06252448431512041
4.97737084978936	0.06211228124363855
4.9888448746001215	0.06170233508171243
5.000345349769786	0.06129464173180072
5.011872336272722	0.060889196876909545
5.0234258952238715	0.06048599597795829
5.035006087879047	0.06008503427112345
5.046612975635284	0.059686306765156044
5.05824662003114	0.059289808238676876
5.0699070827470445	0.05889553323744551
5.081594425605605	0.058503476071606164
5.093308710571955	0.058113630812907095
5.105049999754062	0.05772599129189636
5.116818355403078	0.057340551095091
5.1286138399136485	0.05695730356212201
5.140436515824262	0.05657624178285219
5.152286445817564	0.05619735859446943
5.16416369272071	0.055820646578552624
5.176068319505676	0.05544609805811245
5.188000389289612	0.05507370509460453
5.199959965335159	0.05470345948491673
5.211947111050805	0.054335352758328605
5.223961889991197	0.053969376173444744
5.236004365857504	0.0536055207150992
5.248074602497725	0.05324377709123421
5.2601726639070625	0.052884135729748954
5.2722986142282275	0.05252658677532235
5.284452517751805	0.0521711200862056
5.296634438916578	0.05181772523098781
5.308844442309884	0.05146639148533154
5.321082592667942	0.05111710782868076
5.333348954876211	0.05076986294093803
5.345643593969716	0.050424645199113764
5.357966575133418	0.05008144267394437
5.370317963702527	0.04974024312648198
5.382697825162884	0.049401034004652365
5.3951062251512765	0.04906380243978413
5.4075432294558095	0.048728535243105775
5.420008904016238	0.04839521890221317
5.432503314924333	0.04806082908302832
5.445026528424211	0.047726062626163496
5.4575786109127105	0.04739318782772776
5.470159628939716	0.04706220266734025
5.482769649208539	0.04673310496106181
5.495408738576246	0.046405892359387683
5.508076964054036	0.04608056234522098
5.520774392807573	0.04575711223182842
5.533501092157368	0.045435539160776486
5.546257129579107	0.045115840099849855
5.559042572704037	0.04479801184094954
5.5718574893192985	0.04448205099797338
5.584701947368309	0.04416795400467572
5.597576014951102	0.04385571711250909
5.610479760324706	0.04354533638844497
5.623413251903491	0.04323680771277594
5.6363765582595455	0.04293012677689705
5.649369748123025	0.04262528908106776
5.6623928903825345	0.042322289932152896
5.675446054085471	0.042021124441344246
5.688529308438416	0.04172178752186041
5.701642722807475	0.04142427388662703
5.714786366718672	0.04112857804593509
5.727960309858292	0.040834694305079085
5.741164622073277	0.04054261676197317
5.7543993733715695	0.040252339304746594
5.767664633922509	0.03996385560931682
5.780960474057181	0.03967715913694177
5.794286964268812	0.039392243131749105
5.807644175213121	0.039109100618244526
5.821032177708716	0.038827724398796656
5.834451042737448	0.03854810705110065
5.847900841444809	0.038270240925617885
5.861381645140288	0.03799411814299413
5.874893525297769	0.03771973059145354
5.88843655355589	0.03744706992417053
5.902010801718445	0.03717612755661714
5.91561634175474	0.03690689466388808
5.9292532458	0.03663936217800089
5.942921586155727	0.036373520785173044
5.956621435290106	0.03610936092307425
5.970352865838369	0.03584687277805507
5.984115950603199	0.03558604628235028
5.997910762555095	0.03532687111125839
6.011737374832782	0.03506933668029538
6.025595860743578	0.03481343214232411
6.0394862937638	0.03455914638465772
6.0534087475391365	0.034306468026138244
6.067363295885055	0.034055385414188746
6.08135001278718	0.0338058866218403
6.095368972401694	0.0335553949652145
6.109420249055721	0.03330450363184968
6.123503917247737	0.03305514444972886
6.137620051647943	0.032807315286869254
6.151768727098683	0.032561013873442735
6.165950018614822	0.03231623780010447
6.180164001384161	0.03207298451630593
6.1944107507678146	0.03183125132859296
6.208690342300634	0.031591035398887954
6.223002851691596	0.031352333742756616
6.237348354824191	0.031115143227659365
6.251726927756859	0.030879460571185912
6.266138646723353	0.030645282339275073
6.2805835881331795	0.030412604944417262
6.295061828571975	0.03018142464384185
6.309573444801933	0.02995173753768717
6.324118513762193	0.029723539567154896
6.33869711256927	0.029496826512646856
6.353309318517436	0.029271593991886072
6.367955209079159	0.02904783745801994
6.382634861905486	0.028825552197707185
6.397348354826482	0.028604733329186827
6.412095765851615	0.028385375800330778
6.4268771731701975	0.028167474386677906
6.441692655151772	0.027951023689451526
6.456542290346556	0.02773601813355826
6.471426157485831	0.027522451965569805
6.486344335482385	0.027310319251685887
6.501296903430906	0.027099613875679905
6.516283940608428	0.02689032953682534
6.531305526474723	0.0266824597478046
6.546361740672751	0.026475997832598422
6.561452663029053	0.026270936924357263
6.576578373554206	0.02606726996325307
6.591738952443213	0.025864989694312775
6.606934480075961	0.02566408866523168
6.622165037017619	0.025464559224168393
6.637430704019089	0.025266393517519404
6.652731562017413	0.025069583487674706
6.668067692136222	0.024874120870753007
6.6834391756861455	0.02467999719431739
6.698846094165265	0.02448720377507037
6.714288529259523	0.02429573171652929
6.729766562843179	0.0241055719066804
6.745280276979219	0.023916715015613196
6.760829753919819	0.023729151493133087
6.77641507610675	0.023542871566353943
6.792036326171846	0.02335786523726871
6.807693586937414	0.02317412228029946
6.823386941416698	0.02299163223982528
6.839116472814292	0.022808131836206245
6.8548822645266165	0.022624142157619282
6.870684400142321	0.022441360140710864
6.886522963442762	0.022259783978934154
6.902398038402419	0.022079411756359694
6.918309709189366	0.021900241446354808
6.934258060165691	0.02172227091025164
6.9502431758879695	0.0215454978960024
6.966265141107686	0.02136992003682314
6.982324040771715	0.0211955348498244
6.998419960022734	0.02102233973463036
7.014552984199714	0.02085033197198456
7.030723198838334	0.020679508722343892
7.046930689671471	0.02050986702445911
7.06317554262962	0.02034140379394318
7.07945784384138	0.02017411582182618
7.095777679633888	0.020007999773097637
7.112135136533292	0.01984305218523535
7.128530301265195	0.019679269466721404
7.1449632607551345	0.019516647895544307
7.16143410212902	0.019355183617688353
7.177942912713619	0.019194872645608776
7.194489780036995	0.01903571085669381
7.211074791828998	0.0188776939917125
7.227698036021702	0.01872081765324913
7.2443596007499025	0.018565077304123084
7.261059574351547	0.01841046826579529
7.277798045368242	0.018256985716759724
7.294575102545687	0.018104624690921306
7.311390834834176	0.017953380075958626
7.3282453313890406	0.017803246611672905
7.345138681571151	0.01765421888832146
7.362070974947361	0.01750629134493712
7.379042301291012	0.017359458267632164
7.396052750582378	0.01721371378788768
7.413102413009177	0.017069051880827302
7.430191378967014	0.01692546636347628
7.447319739059893	0.01678295089300449
7.464487584100665	0.016641498964954555
7.481695005111545	0.016501103911453804
7.498942093324558	0.016361758899410918
7.516228940182057	0.01622345692869629
7.533555637337174	0.016086190830306785
7.550922276654341	0.01594995326451389
7.568328950209744	0.015814736718996098
7.58577575029184	0.01568053350695443
7.603262769401819	0.015547335765211856
7.620790100254123	0.015415135452295609
7.638357835776907	0.015283924346503226
7.655966069112566	0.015153694043951086
7.67361489361819	0.015022713815312637
7.691304402866098	0.01489138161741572
7.709034690644301	0.01476099435507064
7.726805850957025	0.01463155021088205
7.744617978025188	0.0145030472772051
7.76247116628692	0.014375483555071277
7.78036551039804	0.014248856953104887
7.798301105232589	0.01412316528642933
7.816278045883297	0.01399840627556398
7.83429642766212	0.013874577545310608
7.852356346100718	0.013751676623630213
7.870457896950989	0.013629700940509313
7.888601176185544	0.013508647826816477
7.906786279998253	0.013388514513148103
7.925013304804718	0.013269298128664328
7.943282347242818	0.013150995699913981
7.961593504173188	0.013033604149649488
7.979946872679768	0.01291712029563072
7.9983425500702845	0.012801540849418529
8.016780633876794	0.01268686241515715
8.035261221856173	0.012573081488346047
8.05378441199067	0.012460194454600487
8.072350302488383	0.012348197588401395
8.090958991783825	0.01223708705183369
8.109610578538408	0.0121268588933138
8.128305161640995	0.012017509046305493
8.147042840208396	0.01190903332802462
8.165823713585926	0.011801427438132046
8.1846478813479	0.01169468695741531
8.203515443298185	0.011588807346458303
8.222426499470712	0.011483783944299431
8.241381150130026	0.011379611967077678
8.260379495771788	0.011276286506666941
8.279421637123345	0.011173802529298015
8.298507675144226	0.011072154874168778
8.317637711026709	0.010971338252041732
8.336811846196344	0.010871347243829522
8.356030182312479	0.010772176299167891
8.375292821268827	0.010673819734975932
8.394599865193973	0.010576271734004038
8.413951416451951	0.010479526343368675
8.433347577642753	0.010383577473074725
8.452788451602899	0.010288418894524545
8.472274141405963	0.010194044239014223
8.491804750363139	0.010100446996216433
8.511380382023763	0.010007620512650318
8.531001140175896	0.00991555799013767
8.550667128846833	0.009824252484246001
8.570378452303697	0.009733696902717668
8.590135215053957	0.009643884003885632
8.609937521846007	0.009553343849641632
8.629785477669701	0.009462414314989818
8.649679187756934	0.009372196720882475
8.669618757582166	0.009282689441271256
8.689604292863018	0.009193890779145696
8.709635899560805	0.009105798965698178
8.729713683881117	0.009018412159481091
8.74983775227436	0.008931728445556637
8.770008211436348	0.008845745834638702
8.790225168308842	0.008760462262227344
8.810488730080142	0.008675875587735183
8.830799004185627	0.00859198359360626
8.851156098308357	0.00850878398442669
8.871560120379607	0.00842627438602765
8.892011178579486	0.00834445234458002
8.912509381337454	0.00826331532568131
8.933054837332953	0.008182860713434022
8.953647655495937	0.00810308580951616
8.974287945007486	0.008023987832243134
8.994975815300352	0.007945563915621595
9.01571137605957	0.007867811108394593
9.036494737223014	0.007790726373078462
9.057326008982002	0.007714306584990954
9.078205301781857	0.007638548531270952
9.099132726322518	0.007563448909889259
9.120108393559097	0.007489004328650889
9.141132414702504	0.007415211304188226
9.162204901219997	0.007342066260945571
9.183325964835811	0.007269565530154468
9.204495717531712	0.00719770534880021
9.225714271547634	0.007126481858578951
9.246981739382225	0.007055891104845991
9.268298233793494	0.006985929035554369
9.289663867799362	0.006916591500184557
9.311078754678306	0.00684787424866431
9.33254300796991	0.006779772930279475
9.354056741475521	0.006712283092574788
9.375620069258803	0.00664540018024543
9.39723310564638	0.006579119534018547
9.418895965228414	0.00651343638952526
9.440608762859236	0.0064483458761625334
9.462371613657929	0.006383843015945349
9.484184633008974	0.00631992272234862
9.506047936562814	0.006256579799139238
9.527961640236521	0.0061938089391976765
9.549925860214358	0.00613160472332959
9.571940712948447	0.006069961619066801
9.594006315159332	0.0060088739794581306
9.616122783836648	0.005948336041849447
9.638290236239705	0.005888341926653364
9.660508789898136	0.005827690385293016
9.68277856261249	0.0057666575919087994
9.7050996724549	0.005706143644671139
9.727472237769652	0.005646147274637947
9.749896377173872	0.005586667160375176
9.772372209558107	0.005527701927342468
9.79489985408699	0.005469250147272967
9.817479430199844	0.005411310337547854
9.84011105761134	0.0053538809605650035
9.862794856312105	0.005296960423102165
9.885530946569391	0.005240547075674294
9.908319448927676	0.005184639211885282
9.93116048420934	0.005129235067773711
9.954054173515269	0.005074332821152916
9.977000638225535	0.0050199305909450175
10.	0.00496602643650916
10.023052380778994	0.0049126183569636155
10.046157902783957	0.004859704290501907
10.069316688518045	0.004807282113702971
10.092528860766844	0.004755349640834901
10.115794542598982	0.004703904623152786
10.1391138573668	0.004652944748190147
10.16248692870696	0.0046024676390442705
10.18591388054117	0.004552470853654903
10.209394837076797	0.004502951884076897
10.232929922807546	0.004453908155746179
10.256519262514079	0.00440533702673944
10.280162981264736	0.004357235787027055
10.303861204416158	0.004309601657719609
10.32761405761398	0.004262431790307649
10.351421666793442	0.004215723265894929
10.375284158180126	0.0041694730944246096
10.39920165829059	0.004123678213898933
10.423174293933046	0.004078335489591883
10.447202192208003	0.004033441713255077
10.471285480508996	0.003988993602316479
10.495424286523221	0.003944987799072302
10.519618738232236	0.0039014208698716973
10.543868963912592	0.003858289304294461
10.568175092136585	0.0038155895143213233
10.592537251772887	0.0037733178334972144
10.616955571987253	0.003731470516087102
10.641430182243164	0.003690043736224567
10.665961212302578	0.0036490335870527947
10.690548792226577	0.0036084360798582624
10.71519305237607	0.003568247143196793
10.739894123412451	0.0035284626220121007
10.76465213629835	0.003489078276746513
10.789467222298287	0.0034500897824441567
10.814339512979387	0.00341149272784625
10.83926914021204	0.003372401379289027
10.864256236170656	0.0033330192780710944
10.889300933334333	0.0032940099724665505
10.91440336448757	0.0032553724502204814
10.939563662720943	0.0032171056602995365
10.964781961431852	0.0031792085124414996
10.990058394325208	0.003141679876700941
11.015393095414156	0.003104518582990708
11.040786199020735	0.0030677234206194317
11.066237839776663	0.0030312931378247083
11.091748152624008	0.0029952264413022653
11.117317272815919	0.002959521995730866
11.142945335917304	0.0029241784232930173
11.168632477805613	0.002889194303191288
11.194378834671515	0.002854568171160457
11.220184543019629	0.0028202985189752492
11.24604973966927	0.0027863837939536926
11.271974561755105	0.00275282239845615
11.297959146727976	0.0027196126893797327
11.324003632355566	0.0026867529776484073
11.350108156723154	0.0026542415276984803
11.37627285823431	0.002622076556959618
11.402497875611685	0.002590256235331141
11.428783347897712	0.002558778684653824
11.45512941445536	0.0025276419781769515
11.481536214968829	0.0024968441400207734
11.508003889444357	0.0024663831446340434
11.534532578210918	0.0024362569162469762
11.561122421920993	0.0024064633283192543
11.587773561551263	0.002377000202983293
11.614486138403427	0.002347865310482489
11.641260294104908	0.0023190563686046476
11.66809617060963	0.002290571042110383
11.694993910198711	0.0022624069421565756
11.721953655481304	0.0022345616257146575
11.748975549395292	0.0022070325949839547
11.776059735208078	0.0021798172967997876
11.803206356517299	0.0021529131220365152
11.830415557251646	0.0021263174050052316
11.857687481671597	0.002100027422846324
11.88502227437019	0.002074040394916692
11.91242008027375	0.0020483534821716786
11.93988104464273	0.0020229637865415077
11.967405313072431	0.0019978683503024492
11.994993031493793	0.0019730641554424246
12.02264434617413	0.001948548123021174
12.050359403717973	0.0019243171125247884
12.078138351067798	0.00190036792121473
12.10598133550483	0.001876697283471183
12.133888504649775	0.0018533018701307558
12.161860006463678	0.0018295624287580235
12.189895989248662	0.0018056209531348902
12.217996601648723	0.0017819409136929578
12.246161992650489	0.0017585213434668373
12.274392311584071	0.0017353612450061629
12.30268770812381	0.0017124595900293092
12.331048332289097	0.0016898153190739445
12.359474334445107	0.0016674273411445468
12.387965865303691	0.0016452945333566798
12.416523075924106	0.0016234157405782248
12.445146117713856	0.0016017897750673629
12.473835142429433	0.0015804154161074026
12.5025903021772	0.0015592914096383013
12.531411749414156	0.001538416467884989
12.560299636948754	0.0015177892689823837
12.589254117941675	0.00149740845659713
12.618275345906707	0.0014772726395459181
12.64736347471151	0.0014573803914105315
12.67651865857846	0.0014377302501494414
12.705741052085418	0.0014183207177060485
12.735030810166617	0.0013991502596133777
12.764388088113435	0.0013802173045954064
12.793813041575252	0.0013615202441648266
12.823305826560219	0.0013430574322173324
12.852866599436155	0.0013248271846222777
12.882495516931336	0.0013068277788098224
12.912192736135347	0.0012890574533544223
12.941958414499863	0.0012715144075547257
12.971792709839558	0.0012541968010097266
13.001695780332899	0.0012371027531912838
13.031667784523	0.0012202303430128804
13.061708881318419	0.0012035776083946673
13.09181922999407	0.0011871425458246387
13.121998990192028	0.0011709231099160673
13.15224832192239	0.0011549172129610545
13.182567385564074	0.0011391227244802388
13.212956341865752	0.0011235374707685294
13.243415351946643	0.0011081592344369645
13.273944577297401	0.0010929857539505677
13.304544179780914	0.001078014723162232
13.33521432163324	0.0010632437908425145
13.365955165464419	0.0010486705602054248
13.396766874259358	0.0010342925884300794
13.427649611378643	0.0010201073861782664
13.458603540559483	0.0010061124171077851
13.489628825916533	0.0009923050973816502
13.52072563194278	0.0009786827951730342
13.551894123510364	0.0009652428301659893
13.583134465871542	0.000951982473051801
13.614446824659497	0.0009388989450210922
13.645831365889252	0.0009254656413688547
13.677288255958494	0.0009118033868124656
13.708817661648537	0.0008983064202773968
13.740419750125149	0.0008849739906881356
13.772094688939474	0.0008718053258687424
13.803842646028853	0.0008587996323067939
13.83566378971781	0.0008459560949151719
13.867558288718882	0.0008332738767918163
13.89952631213354	0.0008207521189773086
13.931568029453036	0.0008083899402103569
13.963683610559377	0.0007961864366810705
13.995873225726179	0.000784140681782106
14.028137045619589	0.0007722517258576053
14.060475241299143	0.0007605185959499423
14.092887984218748	0.0007489402955441993
14.12537544622754	0.0007375158043104544
14.157937799570824	0.0007262440778437675
14.190575216890926	0.0007151240474019264
14.223287871228198	0.0007041546196408389
14.25607593602188	0.0006933346763476642
14.288939585111036	0.0006826630741715785
14.321878992735439	0.0006721386443522136
14.35489433353656	0.0006617601924456864
14.387985782558452	0.0006515264980482715
14.421153515248696	0.0006414363145176554
14.45439770745928	0.0006314883686917682
14.487718535447618	0.0006216813606051441
14.52111617587742	0.0006120139632028476
14.554590805819668	0.0006024848220518899
14.58814260275349	0.0005930925550501655
14.621771744567184	0.0005838357521328263
14.655478409559112	0.000574712974976142
14.689262776438676	0.0005657227566987813
14.723125024327194	0.0005568636015605224
14.757065332758946	0.0005481339846583243
14.791083881682072	0.0005395323516198079
14.825180851459544	0.0005310571182940669
14.859356422870075	0.0005227066704398327
14.893610777109155	0.0005144793634109148
14.92794409578996	0.0005063735218389658
14.962356560944343	0.0004983874393134947
14.99684835502374	0.0004905193780591459
15.031419660900225	0.00048276756861017055
15.066070661867418	0.0004751302094821364
15.100801541641477	0.00046760546684079856
15.135612484362087	0.00046019147416813513
15.170503674593368	0.00045288633192552965
15.205475297324954	0.00044568810721404083
15.240527537972907	0.00043859483343179514
15.275660582380732	0.00043160450992842824
15.310874616820303	0.0004243327740829506
15.346169827992941	0.00041686785326335853
15.381546403030342	0.0004094975543262858
15.4170045294956	0.00040222136534934954
15.452544395384141	0.00039503876122184517
15.488166189124811	0.00038794920349901783
15.523870099580817	0.0003809521402550841
15.55965631605075	0.0003740470059349403
15.595525028269538	0.0003672332212045844
15.631476426409538	0.0003605101928001962
15.667510701081484	0.00035387731337592135
15.70362804333553	0.00034733396135030244
15.739828644662197	0.00034087950075138365
15.776112696993485	0.0003345132810604269
15.812480392703826	0.00032823463705429436
15.848931924611142	0.0003220428886464316
15.88546748597779	0.00031593734072648177
15.9220872705117	0.0003099172829984691
15.95879147236732	0.0003039819898176051
15.995580286146694	0.00029813072002564704
16.032453906900418	0.00029236271678484876
16.069412530128773	0.00028667720741043425
16.106456351782697	0.00028107340320164336
16.143585568264868	0.0002755504992712932
16.18080037643066	0.0002701076743738794
16.218100973589298	0.00026474409073215565
16.255487557504836	0.0002594588938622404
16.292960326397232	0.00025425121239719254
16.330519478943348	0.0002491201579090736
16.368165214278086	0.00024406482472944985
16.40589773199539	0.00023908428976836737
16.443717232149325	0.0002341776123317485
16.481623915255085	0.00022934383393722889
16.51961798229015	0.0002245819781283822
16.557699634695275	0.0002198910502873712
16.595869074375614	0.00021527003744596754
16.634126503701697	0.00021071790809496361
16.672472125510627	0.00020623361199192253
16.71090614310707	0.0002018160799673002
16.749428760264383	0.00019746422372888983
16.788040181225607	0.00019317693566460096
16.82674061070467	0.00018895308864352989
16.865530253887407	0.00018479153581534523
16.90440931643265	0.0001806911104079476
16.94337800447329	0.00017665062552340498
16.982436524617444	0.0001726688739321332
17.0215850839495	0.00016874462786533017
17.060823890031244	0.00016487663880563193
17.10015315090288	0.00016106363727599532
17.139573075084254	0.0001573043326267601
17.179083871575877	0.00015359741282091837
17.21868574986008	0.0001499415442175459
17.25837891990204	0.00014633537135340092
17.298163592151013	0.0001427775167226509
17.338039977541374	0.00013926658055474594
17.378008287493763	0.0001358011405903968
17.418068733916144	0.0001323797518556615
17.458221529205037	0.0001290009464341036
17.498466886246565	0.00012566323323703494
17.53880501841762	0.00012236509777180577
17.579236139586932	0.00011910500190814196
17.619760464116293	0.00011588138364249592
17.66037820686164	0.00011269265686041701
17.70108958317422	0.00010953721109691117
17.741894808901662	0.00010641341129478616
17.78279410038923	0.00010331959756094484
17.82378767448089	0.00010025408492063992
17.864875748520518	0.00009721516306965073
17.906058540352948	0.00009420109612438436
17.947336268325266	0.00009121012236985866
17.988709151287875	0.00008824045400558474
18.030177408595698	0.00008529027688930474
18.071741260109274	0.00008235775027858734
18.113400926196025	0.00007944100657024199
18.15515662773135	0.0000765381510375643
18.197008586099845	0.00007364726156536858
18.238957023196384	0.00007076638838281283
18.281002161427427	0.00006789355379397446
18.323144223712113	0.00006502675190618431
18.365383433483473	0.00006216394835608615
18.407720014689563	0.00005930308003341171
18.450154191794738	0.00005644205480244099
18.492686189780777	0.00005357875122114968
18.535316234148123	0.000050711018258007475
18.57804455091699	0.00004783667500642618
18.620871366628677	0.00004495351039681466
18.663796908346693	0.000042059282906253686
18.706821403658015	0.00003915172026574371
18.74994508067419	0.00003622851916503187
18.793168168032686	0.000033287344954970596
18.836490894898002	0.000030325831347419788
18.879913490962945	0.000027341580112649522
18.92343618644976	0.000024332160774242166
18.967059212111465	0.000021295110301452642
19.010782799232995	0.00001822793279903382
19.054607179632484	0.000015128099194483163
19.098532585662387	0.00001199304692271579
19.14255925021086	8.820179608108807e-6
19.18668740670289	5.606866743937973e-6
19.230917289101594	2.350443369154218e-6