0.1	10.555215677178499
0.10023052380778996	10.540900489591655
0.10046157902783952	10.52658715530602
0.10069316688518042	10.512275689640923
0.10092528860766845	10.497966106963428
0.10115794542598985	10.483658420674418
0.10139113857366794	10.46935264319445
0.10162486928706957	10.45504018280401
0.1018591388054117	10.440723232273148
0.102093948370768	10.426408174793847
0.10232929922807542	10.412095055003553
0.10256519262514076	10.397783916991134
0.10280162981264736	10.383474804286807
0.10303861204416162	10.369167759851951
0.10327614057613975	10.354862826068835
0.10351421666793438	10.340560044730196
0.10375284158180126	10.326259457028783
0.10399201658290592	10.31196110354672
0.10423174293933042	10.297665024244802
0.10447202192208001	10.283371258451675
0.10471285480508996	10.269079844852895
0.10495424286523224	10.254790821479881
0.1051961873823223	10.240504225698764
0.1054386896391259	10.226220094199114
0.10568175092136585	10.211938462982543
0.10592537251772889	10.197659367351212
0.10616955571987247	10.183382841896224
0.10641430182243161	10.169108920485863
0.10665961212302578	10.154837636253767
0.1069054879222658	10.14056902158693
0.10715193052376065	10.126303108113646
0.10739894123412448	10.112039926691246
0.1076465213629835	10.097779507393799
0.10789467222298288	10.083521879499646
0.1081433951297938	10.069267071478794
0.10839269140212036	10.055015110980237
0.10864256236170655	10.040766024819094
0.10889300933334335	10.026519838963665
0.10914403364487565	10.012276578522323
0.10939563662720939	9.9980362677303
0.1096478196143185	9.983798929936329
0.10990058394325211	9.969564587589165
0.11015393095414151	9.955333262223954
0.11040786199020733	9.941104974448514
0.11066237839776664	9.926879743929389
0.11091748152624012	9.912657589377886
0.11117317272815914	9.89843852853588
0.11142945335917301	9.88422257816151
0.11168632477805612	9.870009754014756
0.11194378834671516	9.855800070842855
0.11220184543019636	9.841593542365562
0.11246049739669266	9.827390181260304
0.11271974561755105	9.813189999147149
0.11297959146727979	9.798993006573665
0.11324003632355571	9.784799212999598
0.11350108156723152	9.770608626781446
0.1137627285823431	9.756421255156818
0.11402497875611688	9.74222698282737
0.11428783347897718	9.728028382233168
0.11455129414455358	9.713832955785936
0.1148153621496883	9.699640748773357
0.11508003889444356	9.68545180587718
0.11534532578210924	9.67126617116241
0.11561122421920987	9.65708388806637
0.11587773561551262	9.64290499938768
0.11614486138403426	9.628729547275112
0.11641260294104915	9.614557573216288
0.11668096170609624	9.600389118026357
0.11694993910198712	9.586224221836446
0.11721953655481303	9.572062924082102
0.11748975549395298	9.557905263491515
0.11776059735208072	9.54375127807371
0.11803206356517298	9.529601005106532
0.11830415557251646	9.515454481124625
0.118576874816716	9.50131174190716
0.11885022274370183	9.487172822465535
0.11912420080273747	9.473037757030905
0.1193988104464273	9.458906579041622
0.11967405313072434	9.444779321130486
0.11994993031493788	9.43065601511196
0.12022644346174129	9.416536691969176
0.12050359403717974	9.402421381840846
0.120781383510678	9.388310114008048
0.12105981335504823	9.374202916880872
0.12133888504649772	9.360099817984933
0.12161860006463679	9.346000843947746
0.12189895989248664	9.331906020484974
0.12217996601648717	9.317815372386546
0.12246161992650487	9.303728923502625
0.12274392311584072	9.289646696729434
0.12302687708123815	9.27556871399497
0.1233104833228909	9.261494996244531
0.12359474334445104	9.247425563426162
0.1238796586530369	9.23336043447591
0.1241652307592411	9.21929962730294
0.1244514611771385	9.205243158774536
0.12473835142429429	9.191191044700913
0.125025903021772	9.177143299819935
0.1253141174941416	9.163099937781624
0.1256029963694875	9.14906097113256
0.12589254117941673	9.135026411300114
0.12618275345906707	9.12099626857655
0.12647363474711512	9.106970552102922
0.12676518658578456	9.092949269852868
0.12705741052085415	9.078932428616238
0.12735030810166617	9.064920033982528
0.12764388088113438	9.050912090324209
0.12793813041575247	9.036896250366182
0.12823305826560213	9.022875648915415
0.12852866599436155	9.00885943662195
0.1288249551693134	8.994847664904809
0.12912192736135342	8.980840384603908
0.1294195841449986	8.966837645969377
0.12971792709839558	8.952839498650716
0.13001695780332903	8.938845991685882
0.13031667784522993	8.924857173490215
0.13061708881318415	8.910873091845302
0.1309181922999407	8.89689379388769
0.13121998990192033	8.882919326097491
0.13152248321922383	8.868949734286891
0.1318256738556407	8.854985063588517
0.1321295634186575	8.841025358443682
0.13243415351946647	8.827070662590547
0.13273944577297395	8.813121019052117
0.1330454417978091	8.799176470124157
0.1333521432163324	8.785237057362943
0.13365955165464422	8.771302821572926
0.1339676687425935	8.757373802794255
0.1342764961137864	8.743450040290176
0.13458603540559483	8.729531572534304
0.13489628825916536	8.715618437197767
0.13520725631942773	8.701710671136217
0.1355189412351036	8.687808310376733
0.1358313446587154	8.673911390104557
0.136144468246595	8.66001994464973
0.13645831365889247	8.646134007473565
0.13677288255958492	8.632253611155026
0.13708817661648537	8.618378787376923
0.13740419750125152	8.604509566912016
0.13772094688939465	8.59064597960894
0.1380384264602885	8.576788054378024
0.1383566378971781	8.562935819176955
0.13867558288718884	8.549089300996297
0.13899526312133534	8.535248525844878
0.13931568029453031	8.521413518735026
0.13963683610559377	8.507584303667654
0.13995873225726183	8.493760903617229
0.14028137045619582	8.479943340516547
0.1406047524129914	8.466131635241393
0.14092887984218747	8.452325807595049
0.14125375446227545	8.438525876292621
0.14157937799570816	8.424731858945274
0.14190575216890922	8.410943772044241
0.142232878712282	8.397161630944733
0.14256075936021884	8.383385449849651
0.1428893958511103	8.369615241793182
0.14321878992735435	8.355851018624211
0.1435489433353656	8.34208127387097
0.14387985782558455	8.328308938499378
0.14421153515248689	8.314542553369838
0.14454397707459277	8.300782173991642
0.14487718535447616	8.287027855278453
0.14521116175877424	8.273279651537266
0.14554590805819662	8.259537616457196
0.14588142602753484	8.245801803098216
0.14621771744567183	8.232072263879717
0.14655478409559117	8.218349050569008
0.1468926277643867	8.204632214269644
0.1472312502432719	8.190921805409666
0.14757065332758945	8.177217873729722
0.14791083881682077	8.163520468271056
0.14825180851459538	8.149829637363377
0.1485935642287007	8.1361454286126
0.14893610777109154	8.122467888888481
0.14927944095789963	8.108797064312098
0.14962356560944334	8.095133000243239
0.1499684835502373	8.08147574126762
0.15031419660900225	8.067825331184029
0.15066070661867417	8.054181812991285
0.15100801541641484	8.0405452288751
0.1513561248436208	8.026915620194805
0.1517050367459337	8.013293027469928
0.15205475297324955	7.999677490366661
0.15240527537972914	7.98606904768416
0.15275660582380723	7.972467737340747
0.15310874616820302	7.958873596359935
0.15346169827992942	7.945286660856351
0.1538154640303035	7.9317069660214825
0.15417004529495593	7.9181345461093295
0.1545254439538414	7.9045694344218465
0.1548816618912481	7.891011663294318
0.15523870099580825	7.877461264080532
0.15559656316050743	7.863918267137835
0.15595525028269538	7.850382701812022
0.15631476426409538	7.836854596422104
0.15667510701081494	7.823333978244894
0.15703628043335524	7.809820873499475
0.15739828644662196	7.796315307331478
0.15776112696993486	7.782817303797253
0.15812480392703834	7.769326885847826
0.15848931924611134	7.755844075312772
0.15885467485977792	7.742368892883864
0.159220872705117	7.728901358098598
0.15958791472367329	7.715441489323555
0.15995580286146688	7.7019893037376095
0.16032453906900418	7.688544817314932
0.1606941253012877	7.675108044807895
0.16106456351782708	7.661668305468194
0.16143585568264862	7.648228324357088
0.16180800376430657	7.634796035496895
0.16218100973589297	7.62137149367859
0.16255487557504839	7.607954753009991
0.16292960326397224	7.594545866903644
0.16330519478943342	7.581144888064594
0.16368165214278085	7.567751868478026
0.16405897731995392	7.5543668593967945
0.16443717232149316	7.5409899113288
0.1648162391525508	7.527621074024261
0.1651961798229015	7.5142603964628485
0.1655769963469528	7.5009079268406795
0.16595869074375605	7.487563712557211
0.16634126503701693	7.47422780020196
0.16672472125510626	7.460900235541119
0.16710906143107074	7.447581063504037
0.16749428760264373	7.43427032816954
0.16788040181225602	7.420968072752141
0.16826740610704674	7.407674339588107
0.16865530253887412	7.394389170121371
0.16904409316432642	7.38111260488932
0.16943378004473283	7.367844683508438
0.16982436524617442	7.354585444659807
0.17021585083949506	7.341334926074444
0.17060823890031235	7.328093164518536
0.17100153150902875	7.314860195778491
0.17139573075084252	7.301636054645847
0.17179083871575881	7.288420774902047
0.1721868574986007	7.275214389303057
0.17258378919902034	7.262016929563827
0.17298163592151014	7.248828426342599
0.17338039977541378	7.235648909225083
0.17378008287493754	7.222478406708442
0.17418068733916142	7.209316946185147
0.17458221529205037	7.19616455392667
0.1749846688624657	7.183021255067004
0.1753880501841761	7.169887073586049
0.17579236139586926	7.156762032292803
0.1761976046411629	7.143646152808414
0.17660378206861643	7.13053945554907
0.17701089583174212	7.117441959708699
0.17741894808901656	7.10435368324152
0.1778279410038923	7.091274642844432
0.17823787674480895	7.07820485393921
0.17864875748520506	7.065144330654548
0.17906058540352943	7.052093085807932
0.17947336268325265	7.039051130887309
0.1798870915128788	7.026018476032621
0.1803017740859569	7.0129951300171385
0.1807174126010927	6.999968536115945
0.18113400926196024	6.986941887440419
0.18155156627731356	6.973924496903375
0.18197008586099836	6.960916420607307
0.18238957023196378	6.947917713928423
0.1828100216142743	6.934928431503962
0.18323144223712115	6.9219486272194155
0.18365383433483465	6.908978354195591
0.18407720014689558	6.896017664775571
0.18450154191794738	6.883066610511502
0.18492686189780783	6.870125242151294
0.18535316234148114	6.85719360962516
0.18578044550916986	6.8442717620320055
0.18620871366628675	6.831359747625734
0.186637969083467	6.818457613801347
0.18706821403658005	6.8055654070809695
0.18749945080674188	6.792683173099688
0.18793168168032684	6.77981095659126
0.18836490894898006	6.7669488013737045
0.18879913490962935	6.754096750334716
0.18923436186449755	6.741254845416945
0.18967059212111465	6.72842312760315
0.19010782799233	6.7156016369011695
0.19054607179632474	6.702790412328778
0.1909853258566238	6.6899894918983644
0.19142559250210858	6.6771989126014795
0.19186687406702896	6.664418710393228
0.19230917289101584	6.651648920176491
0.1927524913190936	6.638889575786006
0.1931968317016924	6.62614070997231
0.19364219639466074	6.613402354385471
0.19408858775927784	6.6006745395587325
0.19453600816226624	6.587957294891931
0.19498445997580455	6.575250648634781
0.19543394557753943	6.562554627870027
0.195884467350599	6.549869258496364
0.19633602768360464	6.537194565211261
0.1967886289706845	6.524530571493554
0.19724227361148533	6.511877299585941
0.19769696401118608	6.499234770477236
0.1981527025805098	6.486603003884496
0.19860949173573716	6.4739820182349765
0.19906733389871864	6.4613718306478845
0.19952623149688797	6.448772456915974
0.1999861869632744	6.436183911486976
0.20044720273651614	6.42360620744482
0.2009092812608728	6.411039356490706
0.20137242498623883	6.398483368923973
0.20183663636815607	6.385938253622797
0.2023019178678272	6.373404018024697
0.20276827195212818	6.360865940766691
0.20323570109362218	6.348327762218084
0.2037042077705718	6.335800396395762
0.20417379446695297	6.32328390688502
0.20464446367246739	6.310778356593432
0.20511621788255657	6.298283807738526
0.20558905959841414	6.285800321835344
0.20606299132700007	6.273327959683853
0.20653801558105292	6.260866781356272
0.20701413487910425	6.248416846184219
0.20749135174549097	6.235978212745774
0.2079696687103696	6.223550938852359
0.20844908830972886	6.211135081535542
0.20892961308540398	6.198730697033657
0.20941124558508925	6.186337840778328
0.20989398836235246	6.1739565673808245
0.21037784397664752	6.161586930618309
0.21086281499332898	6.149228983419911
0.21134890398366465	6.136882777852712
0.2118361135248502	6.124548365107521
0.21232444620002192	6.112225795484587
0.21281390459827124	6.099915118379094
0.21330449131465762	6.087616382266569
0.21379620895022325	6.075329634688101
0.21428906011200585	6.0630549222354535
0.21478304741305343	6.051422072733225
0.21527817347243727	6.040508561717659
0.21577444091526668	6.029606603705734
0.21627185237270202	6.018716200306039
0.21677041048196952	6.007837351667311
0.21727011788637443	5.996970056459007
0.2177709772353159	5.986114311851622
0.21827299118430013	5.975270113496875
0.2187761623949553	5.9644374555076745
0.21928049353504486	5.953616330437924
0.21978598727848253	5.942806729262109
0.2202926463053456	5.932008641354711
0.22080047330189004	5.921222054469417
0.22130947096056375	5.910446954718157
0.22181964198002194	5.8996833265499005
0.2223309890651403	5.888931152729311
0.22284351492703042	5.8781904143151475
0.22335722228305316	5.867461090638518
0.223872113856834	5.856743159280863
0.22438819237827662	5.846036596051815
0.2249054605835781	5.83534137496678
0.22542392121524293	5.824657468224356
0.22594357702209775	5.813984846183517
0.22646443075930595	5.803323477340602
0.2269864851883822	5.792673328306086
0.22750974307720706	5.782015087478572
0.2280342072000418	5.77135360743012
0.22855988033754301	5.760703130174396
0.2290867652767773	5.750063695834985
0.2296148648112362	5.739435343659996
0.23014418174085083	5.72881811200842
0.2306747188720069	5.718212038336319
0.23120647901755947	5.70761715918288
0.23173946499684786	5.69703351015636
0.2322736796357107	5.686461125919837
0.23280912576650079	5.675900040176891
0.23334580622810028	5.665350285657081
0.23388372386593548	5.654811894101328
0.2344228815319922	5.644284896247122
0.23496328208483072	5.633769321813599
0.23550492838960096	5.623265199486473
0.2360478233180577	5.612772556902821
0.23659196974857583	5.602291420635713
0.23713737056616552	5.591821816178697
0.23768402866248767	5.581363767930136
0.23823194693586902	5.570917299177398
0.23878112829131776	5.560482432080867
0.23933157564053875	5.550059187657841
0.23988329190194904	5.539647585766237
0.24043628000069334	5.52924764508816
0.24099054286865948	5.518859383113308
0.24154608344449405	5.508482816122214
0.2421029046736178	5.498117959169338
0.24266100950824154	5.487764826065988
0.24322040090738153	5.477423429363066
0.24378108183687525	5.467093780333681
0.2443430552693972	5.456775888955567
0.24490632418447456	5.446469763893343
0.24547089156850305	5.436175412480608
0.24603676041476275	5.425892840701863
0.24660393372343392	5.415622053174256
0.24717241450161304	5.405363053129163
0.24774220576332856	5.395115842393577
0.24831331052955705	5.384880421371357
0.2488857318282391	5.37465678902425
0.24945947269429547	5.364444942852781
0.25003453616964316	5.354244878876925
0.2506109253032114	5.344056591616626
0.251188643150958	5.333880074072113
0.25176769277588557	5.323715317704037
0.25234807724805747	5.31356231241343
0.2529297996446145	5.303421046521459
0.25351286304979076	5.293291506749013
0.25409727055493053	5.28317367819607
0.2546830252585041	5.273067544320903
0.2552701302661247	5.262952779067833
0.2558585886905646	5.25283451402448
0.25644840365177174	5.242727773041264
0.2570395782768864	5.232632618441108
0.25763211570025757	5.222549111988512
0.25822601906345966	5.212477314879006
0.2588212915153092	5.202417287728515
0.2594179362118814	5.192369090562589
0.2600159563165272	5.182332782805543
0.2606153549998896	5.172308423269471
0.26121613543992067	5.162296070143169
0.2618183008218985	5.152295780980913
0.26242185433844417	5.142307612691147
0.26302679918953814	5.132331621525058
0.263633138582538	5.122367863065001
0.2642408757321946	5.112416392212862
0.2648500138606701	5.102477263178243
0.2654605561975539	5.092550529466582
0.26607250597988097	5.082636243867098
0.2666858664521479	5.0727344584406735
0.26730064086633115	5.062845224507564
0.2679168324819031	5.052968592635018
0.26853444456585074	5.043104612624746
0.26915348039269155	5.033253333500293
0.26977394324449205	5.0234148034942585
0.2703958364108843	5.0135890700354
0.2710191631890843	5.003776179735612
0.2716439268839082	4.993976178376773
0.2722701308077913	4.984189110897446
0.272897778280804	4.974415021379475
0.27352687263067127	4.964653953034418
0.27415741719278824	4.954905948189889
0.2747894153102397	4.9451710482756965
0.2754228703338166	4.935449293809928
0.27605778562203465	4.925740724384818
0.27669416454115114	4.91604537865255
0.2773320104651841	4.9063632943108475
0.27797132677592884	4.896694508088491
0.2786121168629771	4.887039055730632
0.27925438412373377	4.877396971984022
0.2798981319634363	4.867768290582041
0.2805433637951713	4.858153044229625
0.28119008303989407	4.848551264588013
0.28183829312644537	4.83896298225938
0.2824879974915708	4.829388226771275
0.2831391995799379	4.819827026560968
0.2837919028441557	4.810279408959568
0.28444611074479154	4.800745400176079
0.285101826750391	4.791225025281209
0.28575905433749466	4.7817183081911
0.2864177969906581	4.772222066284871
0.28707805820246907	4.762737134222529
0.28773984147356696	4.753265907111261
0.28840315031266056	4.7438084176005715
0.2890679882365476	4.734364697289354
0.28973435877013226	4.724934776710446
0.2904022654464451	4.715518685315015
0.2910717118066605	4.7061164514568095
0.29174270140011677	4.696728102376235
0.29241523778433354	4.687353664184305
0.2930893245250321	4.6779931618464055
0.2937649651961531	4.668646619165932
0.29444216337987617	4.659314058767744
0.29512092266663853	4.649995502081483
0.29580124665515467	4.640690969324707
0.2964831389524342	4.631400479485891
0.29716660317380267	4.622124050307228
0.29785164294291894	4.612861698267305
0.298538261891796	4.6036134385635785
0.2992264636608189	4.594379285094721
0.29991625189876514	4.585159250442742
0.30060763026282306	4.575953345855013
0.3013006024186122	4.566761581226049
0.3019951720402016	4.557583965079173
0.30269134281013055	4.54842050454797
0.30338911841942706	4.539271205357581
0.3040885025676279	4.530136071805828
0.3047894989627983	4.521015106744128
0.3054921113215513	4.511908311558276
0.3061963433690677	4.502815686149
0.30690219883911574	4.4937372289123605
0.3076096814740708	4.484672936719958
0.3083187950249354	4.4756228048989515
0.30902954325135906	4.466586827211893
0.309741929921658	4.457564995836375
0.31045595881283555	4.4485573013444775
0.31117163371060175	4.439563732682037
0.3118889584093937	4.430584277147716
0.3126079367123955	4.421618920371865
0.31332857243155854	4.412667646295211
0.3140508693876217	4.403730437147325
0.3147748314101316	4.394807273424904
0.31550046233746265	4.385898133869848
0.31622776601683794	4.377002995447124
0.3169567463043491	4.368121833322443
0.31768740706497706	4.359254620839715
0.3184197521726125	4.350401329498292
0.31915378551007617	4.341561928930031
0.3198895109691398	4.332736386876102
0.3206269324505466	4.323924669163611
0.3213660538640317	4.315115262949234
0.32210687912834346	4.306311041454336
0.32284941217126356	4.297520467369361
0.32359365692962827	4.288743547027369
0.32433961734934924	4.279980285399842
0.3250872973854344	4.271230686078454
0.3258367010020088	4.262494751256683
0.32658783217233583	4.2537724817112315
0.3273406948788382	4.245063876783278
0.328095293113119	4.236368934359559
0.32885163087598307	4.227687650853266
0.32960971217745777	4.219020021184761
0.3303695410368148	4.210366038762118
0.3311311214825911	4.201725695461479
0.3318944575526104	4.193098981607229
0.33265955329400454	4.18448588595197
0.333426412763235	4.17588639565634
0.3341950400261143	4.167300496268605
0.33496543915782767	4.158728171704097
0.3357376142429547	4.150169404224434
0.33651156937549076	4.14162417441656
0.3372873086588689	4.133092461171582
0.3380648362059816	4.124574241663426
0.33884415613920255	4.11606949132728
0.3396252725904084	4.1075781838378385
0.3404081897010009	4.099100291087356
0.34119291162192855	4.090635783163492
0.3419794425137089	4.082184628326944
0.3427677865464504	4.07374679298889
0.34355794789987465	4.065322241688218
0.34434993076333853	4.056910937068526
0.3451437393358563	4.0485128398549515
0.345939377826122	4.040127908830748
0.34673685045253166	4.031756100813667
0.34753616144320587	4.0233973706321295
0.34833731503601184	4.0150516711011575
0.34914031547858615	4.00671895299811
0.3499451670283573	3.9983991650381774
0.350751873952568	3.9900922538496686
0.35156044052829816	3.9817981639490605
0.35237087104248715	3.973516837715824
0.353183169791957	3.9652482153670294
0.3539973410834347	3.95699223493171
0.35481338923357547	3.948748832225
0.3556313185689854	3.9405179408220268
0.3564511334262443	3.9322994920315892
0.35727283815192895	3.924093414869572
0.35809643710263606	3.9158996360321403
0.35892193464500527	3.9077180798686766
0.35974933515574237	3.8995486683544875
0.36057864302164244	3.891365419737165
0.36140986263961333	3.883174821529135
0.36224299841669866	3.8749959778897427
0.3630780547701014	3.866828910252682
0.36391503612720716	3.8586736390554592
0.36475394692560786	3.8505301837252026
0.36559479161312497	3.842398562664344
0.36643757464783333	3.834278793236151
0.3672823004980847	3.82617089175012
0.3681289736425315	3.818074873447239
0.3689775985701504	3.8099907524851075
0.3698281797802663	3.801918541922903
0.37068072178257605	3.793858253706217
0.37153522909717257	3.785809898651733
0.3723917062545686	3.7777734864317787
0.3732501577957206	3.769749025558712
0.3741105882720534	3.76173652336916
0.3749730022454836	3.7537359860081234
0.3758374042884442	3.745747418412918
0.37670379898390893	3.737770824296964
0.377572190925416	3.729806206133429
0.37844258471709324	3.721853565138704
0.3793149849736819	3.7139129012557444
0.38018939632056115	3.7059842131372323
0.381065823393773	3.6980674981285913
0.3819442708400465	3.690162752250842
0.38282474331682265	3.6822699701832913
0.38370724549227875	3.6743891452460637
0.38459178204535355	3.666520269382473
0.38547835766577176	3.6586633331412104
0.38636697705406914	3.6508183256583955
0.3872576449216172	3.6429852346394274
0.3881503659906482	3.6351640463407
0.38904514499428056	3.627354745551113
0.3899419866765434	3.619557315573441
0.390840895792402	3.6117717382055083
0.3917418771077831	3.6039979937211992
0.3926449353995998	3.596236060851292
0.3935500754557774	3.588485916764107
0.3944573020752784	3.5807475370459905
0.3953666200681279	3.5730208956816014
0.39627803425543945	3.5653059650340264
0.3971915494694403	3.5576027158247174
0.3981071705534972	3.5499111171132203
0.39902490236214205	3.5422311362767465
0.39994474976109745	3.53456273898954
0.4008667176273028	3.526905889202055
0.4017908108489399	3.519260549119946
0.4027170343254591	3.5116266791828705
0.40364539296760493	3.5040042380430845
0.4045758916974427	3.496373799392247
0.40550853544838383	3.488740235151032
0.40644332916521275	3.4811178588425777
0.40738027780411273	3.473506703495454
0.4083193863326921	3.465906801376964
0.40926065973001086	3.4583181839814885
0.4102041029866068	3.4507408820187107
0.41114972110452225	3.443174925401735
0.4120975190973302	3.4356203432350814
0.4130475019901614	3.4280771638025676
0.41399967481973043	3.4205454145550704
0.4149540426343629	3.413025122098166
0.41591061049402206	3.4055163121796554
0.4168693834703354	3.398019009676963
0.41783036664662176	3.390533238584421
0.4187935651179184	3.383059022000415
0.41975898399100753	3.375596382114422
0.4207266283844441	3.368145340193917
0.4216965034285822	3.3607059165711504
0.422668614265603	3.3532781306297954
0.4236429660495411	3.345862000791478
0.4246195639463129	3.33845754450217
0.4255984131337431	3.3310647782184493
0.42657951880159267	3.3236837173936307
0.4275628861515862	3.316314376463767
0.4285485203974395	3.308956768833514
0.4295364267648873	3.3016109068618578
0.43052661049171065	3.2942768018477095
0.43151907682776525	3.28695446401536
0.43251383103500873	3.279643902499798
0.4335108783875289	3.2723451253318907
0.43451022417157154	3.26505813942342
0.4355118736855686	3.2577829505519738
0.436515832240166	3.250519563345703
0.4375221051582521	3.2432679812679286
0.4385306977749857	3.2360282066016044
0.4395416154378245	3.228800240433634
0.4405548635065533	3.221584082639037
0.4415704473533125	3.2143797318649705
0.44258837236262655	3.207187185514597
0.44360864393143257	3.2000064397307986
0.4446312674691087	3.192837489379753
0.4456562483975033	3.185680328034331
0.44668359215096315	3.1785349479573597
0.44771330417636257	3.171401340084718
0.4487453899331322	3.164279494008286
0.449779854893288	3.1571693979587097
0.45081670454146017	3.150071038788042
0.4518559443749224	3.1429844019521926
0.4528975799036208	3.135909471493225
0.4539416166502032	3.128837199693167
0.4549880601500486	3.121769858428614
0.4560369159512962	3.1147141176766158
0.4570881896148751	3.1076699937267738
0.4581418867145335	3.100637501893122
0.4591980128368686	3.093616656500513
0.4602565735813561	3.086607470870873
0.4613175745603794	3.0796099573093287
0.46238102139926035	3.0726241270902017
0.46344691973628804	3.0656499904428602
0.46451527522274944	3.0586875565374534
0.465586093522959	3.051736833470495
0.46665938031428866	3.044797828250316
0.46773514128719823	3.0378705467823806
0.46881338214526524	3.03095499385446
0.46989410860521547	3.0240511731216664
0.47097732639695294	3.01715908709135
0.47206304126359055	3.010278737107848
0.4731512589614805	3.0034101233370922
0.4742419852602447	2.9965532447510723
0.47533522594280536	2.989708099112152
0.47643098680541573	2.9828746829572372
0.47752927365769093	2.9760529915818
0.4786300923226384	2.9692430190237458
0.47973344863668915	2.9624447580471367
0.4808393484497286	2.955658200125758
0.4819477976251274	2.9488833354265336
0.4830588020397727	2.942120152792785
0.48417236758409943	2.935368639727338
0.4852885001621211	2.928628782375465
0.4864072056914617	2.9219005655076766
0.4875284901033864	2.9151839725023505
0.48865235934283363	2.9084789853282
0.48977881936844625	2.9017855845265723
0.4909078761526032	2.8951037491936003
0.492039535681451	2.888433456962169
0.49317380395493593	2.881774683983735
0.4943106869868355	2.8751274049099593
0.4954501908047903	2.8684915928741903
0.49659232145033616	2.8618672194727544
0.49773708497893604	2.855254254746099
0.4988844874600123	2.8486526671597416
0.5000345349769786	2.8420624235850562
0.5011872336272724	2.8354834892798797
0.5023425895223872	2.828915827868937
0.5035006087879049	2.822359401324101
0.5046612975635284	2.81581416994445
0.505824662003114	2.8092800923361625
0.5069907082747043	2.802757125392224
0.5081594425605604	2.7962452242719364
0.5093308710571953	2.789727521626803
0.5105049999754062	2.7832082359933352
0.5116818355403077	2.776699779168807
0.5128613839913648	2.7702021701067725
0.514043651582426	2.7637154269077753
0.5152286445817564	2.757239566807223
0.5164163692720709	2.75077460616314
0.5176068319505677	2.744320560443801
0.5188000389289611	2.7378774442152563
0.5199959965335159	2.731445271128725
0.5211947111050804	2.7250240539078785
0.5223961889991198	2.7186138043359915
0.5236004365857502	2.712214533242982
0.5248074602497725	2.7058262504923163
0.5260172663907061	2.699448964967801
0.5272298614228227	2.6930826845602414
0.5284452517751804	2.6867274161539716
0.5296634438916578	2.6803831656132706
0.5308844442309884	2.6740499377686255
0.5321082592667942	2.667727736402896
0.5333348954876209	2.6614165642373155
0.5345643593969717	2.6551164229173865
0.5357966575133416	2.6488273129986304
0.5370317963702527	2.6425492339322036
0.5382697825162883	2.6362821840503763
0.5395106225151276	2.630026160551891
0.5407543229455808	2.623781159487158
0.5420008904016238	2.617547175743333
0.5432503314924332	2.6113242030292447
0.5445026528424212	2.605112233860189
0.5457578610912709	2.5989112595425685
0.5470159628939716	2.592721270158405
0.5482769649208538	2.586542254549696
0.5495408738576245	2.58037420030263
0.5508076964054034	2.574217093731651
0.5520774392807574	2.568070919863386
0.5533501092157367	2.561935662420408
0.5546257129579107	2.5558113038048624
0.5559042572704036	2.5496978250819318
0.5571857489319298	2.5435952059631535
0.5584701947368308	2.5375034247895836
0.5597576014951101	2.5314224585148013
0.5610479760324705	2.5253522826877584
0.5623413251903491	2.5192928714354754
0.5636376558259545	2.5132441974455713
0.5649369748123025	2.507206231948637
0.5662392890382533	2.5011789447004493
0.5675446054085471	2.4951623039640127
0.5688529308438415	2.489156276491452
0.5701642722807475	2.4831608275057198
0.571478636671867	2.477160949762204
0.5727960309858292	2.4711604030310093
0.5741164622073276	2.465170239316887
0.5754399373371569	2.459190480676224
0.5767664633922508	2.4532211484197717
0.5780960474057181	2.447262263101786
0.5794286964268811	2.441313844509071
0.580764417521312	2.4353759116499107
0.5821032177708715	2.429448482742893
0.5834451042737447	2.4235315752056312
0.5847900841444807	2.41762520564337
0.5861381645140288	2.411729389837491
0.5874893525297767	2.4058441427338972
0.588843655355589	2.399969478431295
0.5902010801718444	2.3941054101693617
0.591561634175474	2.3882519503167927
0.5929253245799998	2.382409110359249
0.5942921586155727	2.3765769008871724
0.5956621435290105	2.3707553315835024
0.5970352865838369	2.364944411211261
0.5984115950603197	2.359144147601027
0.5997910762555094	2.353354547638294
0.6011737374832781	2.3475756172507003
0.6025595860743578	2.341807361395143
0.6039486293763798	2.336049784044773
0.6053408747539136	2.3303028881758596
0.6067363295885054	2.3245666757545416
0.6081350012787179	2.3188411477234387
0.6095368972401692	2.313126303988152
0.610942024905572	2.3074221434036315
0.6123503917247736	2.30172866376041
0.6137620051647943	2.296045861770719
0.6151768727098682	2.290373733054466
0.6165950018614822	2.284712272125081
0.618016400138416	2.2790614723752394
0.6194410750767815	2.2734213260624396
0.6208690342300636	2.267791824294455
0.6223002851691596	2.2621729570146445
0.6237348354824193	2.2565647129871342
0.6251726927756859	2.250967079781849
0.6266138646723355	2.24538004375942
0.628058358813318	2.239803590055941
0.6295061828571976	2.234237702567587
0.6309573444801934	2.2286823639350923
0.6324118513762195	2.223137555528084
0.633869711256927	2.2176032574292672
0.6353309318517437	2.212079448418473
0.6367955209079159	2.2065661059565507
0.6382634861905487	2.2010632061691147
0.6397348354826482	2.195570723830145
0.6412095765851616	2.1900768632664964
0.6426877173170197	2.184584581951679
0.6441692655151774	2.179102569842862
0.6456542290346556	2.1736308457737166
0.6471426157485832	2.168169427831789
0.6486344335482385	2.1627183333478266
0.6501296903430908	2.1572775788849854
0.6516283940608427	2.151847180227945
0.6531305526474724	2.1464271523719143
0.654636174067275	2.141017509511533
0.6561452663029055	2.1356182650296667
0.6576578373554206	2.1302294314860926
0.6591738952443215	2.124851020606081
0.6606934480075961	2.1194830432688647
0.662216503701762	2.1141255094960023
0.6637430704019089	2.108778428439623
0.6652731562017414	2.1034418083705697
0.6668067692136223	2.0981156566664234
0.6683439175686147	2.0927999797994135
0.6698846094165265	2.087494783324216
0.6714288529259524	2.082200071865639
0.6729766562843179	2.076915849106183
0.6745280276979221	2.071642117773493
0.6760829753919819	2.066378879627688
0.6776415076106752	2.06112613544857
0.6792036326171846	2.05588388502272
0.6807693586937414	2.050652127130459
0.6823386941416696	2.045430859532703
0.6839116472814293	2.0402200789576828
0.6854882264526615	2.035019781087543
0.6870684400142321	2.0298299605448205
0.688652296344276	2.0246506108787883
0.6902398038402419	2.0194817245516803
0.6918309709189364	2.0143232929247783
0.6934258060165691	2.0091753062443805
0.6950243175887968	2.004037753627631
0.6966265141107687	1.998910623048221
0.6982324040771714	1.9937939013219594
0.6998419960022735	1.9886875740922034
0.7014552984199712	1.9835916258151638
0.7030723198838335	1.9785060397450633
0.7046930689671469	1.973430797919167
0.7063175542629619	1.968365881142671
0.7079457843841379	1.963311268973451
0.7095777679633888	1.9582669397066739
0.711213513653329	1.9532328703592612
0.7128530301265195	1.9482090366542182
0.7144963260755133	1.9431954130048141
0.716143410212902	1.938191972498619
0.7177942912713617	1.933198686881391
0.7194489780036994	1.9282052538490324
0.7211074791828996	1.9232142482800725
0.7227698036021702	1.9182332485088531
0.72443596007499	1.913262264072455
0.7261059574351547	1.908301303685467
0.727779804536824	1.9033503752287717
0.7294575102545687	1.8984094857382254
0.7311390834834174	1.8934786413932256
0.732824533138904	1.8885578475051783
0.734513868157115	1.8836471085058495
0.7362070974947361	1.8787464279356134
0.737904230129101	1.873855808431579
0.7396052750582378	1.8689752517156182
0.7413102413009175	1.8641047585822712
0.7430191378967014	1.8592443288865421
0.744731973905989	1.854393961531579
0.7464487584100665	1.849553654456241
0.7481695005111544	1.8447234046225427
0.7498942093324559	1.8399032080029918
0.7516228940182055	1.8350930595677946
0.7533555637337174	1.8302929532719527
0.7550922276654339	1.8255028820422377
0.7568328950209744	1.8207228377640392
0.7585775750291838	1.815952811268097
0.7603262769401818	1.8111927923171054
0.762079010025412	1.806442769592197
0.7638357835776907	1.8017027306792952
0.7655966069112563	1.7969726620553483
0.7673614893618189	1.792252549074431
0.7691304402866096	1.7875423759537152
0.7709034690644301	1.7828421257593217
0.7726805850957024	1.778151780392027
0.7744617978025188	1.7734713205728496
0.7762471166286917	1.768800725828502
0.7780365510398041	1.7641399744766995
0.7798301105232588	1.759489043611351
0.7816278045883297	1.754847909087598
0.7834296427662119	1.750216545506724
0.7852356346100718	1.7455949262009267
0.7870457896950986	1.7409830232179482
0.7888601176185545	1.7363808073055635
0.7906786279998251	1.7317882478959328
0.7925013304804718	1.727205313089807
0.7943282347242815	1.722631969640589
0.7961593504173188	1.7180681829382503
0.7979946872679766	1.7135139169931088
0.7998342550070284	1.7089691344194442
0.8016780633876791	1.704433796418979
0.8035261221856173	1.6999078627642035
0.8053784411990667	1.6953912917815501
0.8072350302488382	1.6908700325103339
0.8090958991783823	1.6863475936870442
0.8109610578538409	1.6818343071508823
0.8128305161640993	1.677330184347388
0.8147042840208396	1.6728352360106342
0.8165823713585925	1.6683494721533756
0.81846478813479	1.6638729020571046
0.8203515443298183	1.6594055342620095
0.8222426499470712	1.6549473765568385
0.8241381150130024	1.6504984359686696
0.8260379495771788	1.6460587187525806
0.8279421637123342	1.6416282303812204
0.8298507675144225	1.6372069755342873
0.8317637711026711	1.6327949580879015
0.8336811846196344	1.6283921811038782
0.835603018231248	1.6239986468189054
0.8375292821268826	1.6196143566336128
0.8394599865193975	1.6152393111015395
0.8413951416451951	1.6108735099180027
0.8433347577642755	1.6065169519088536
0.84527884516029	1.6021696350191381
0.8472274141405965	1.5978315563016416
0.8491804750363139	1.5935027119053329
0.8511380382023765	1.5891830970636975
0.8531001140175896	1.5848727060829637
0.8550667128846834	1.5805715323302165
0.8570378452303697	1.5762795682214048
0.8590135215053958	1.571996805209233
0.8609937521846007	1.5677232337709424
0.8629785477669704	1.5634588433959757
0.8649679187756933	1.559203622573537
0.8669618757582167	1.554957558780023
0.8689604292863019	1.5507206384663486
0.8709635899560808	1.5464928470451498
0.8729713683881117	1.5422741688778716
0.8749837752274362	1.5380645872617336
0.8770008211436349	1.5338640844165807
0.8790225168308845	1.529672641471607
0.8810488730080143	1.5254902384519606
0.8830799004185629	1.5213168542652284
0.8851156098308356	1.5171524666877887
0.887156012037961	1.5129970523510494
0.8892011178579485	1.5088505867275506
0.8912509381337457	1.5047130441169476
0.8933054837332954	1.500584397631861
0.895364765549594	1.4964646191835995
0.8974287945007486	1.4923536794677534
0.8994975815300353	1.4882515479496568
0.9015711376059571	1.4841581928497136
0.9036494737223016	1.4800735811285994
0.9057326008982003	1.4759857259863796
0.9078205301781859	1.4718976237966293
0.9099132726322517	1.4678180928691096
0.9120108393559097	1.463747145381579
0.9141132414702502	1.4596847928765635
0.9162204901219997	1.4556310462524777
0.9183325964835808	1.451585915754657
0.9204495717531712	1.4475494109663056
0.9225714271547631	1.4435215407993591
0.9246981739382225	1.4395023134852603
0.9268298233793492	1.435491736565643
0.9289663867799363	1.4314898168829355
0.9311078754678302	1.427496560570866
0.933254300796991	1.4235119730448835
0.9354056741475518	1.4195360589924888
0.9375620069258802	1.415568822363468
0.9397233105646378	1.4116102663600407
0.9418895965228413	1.407660393426912
0.9440608762859233	1.403719205241231
0.946237161365793	1.3997867027024533
0.9484184633008971	1.3958628859221136
0.9506047936562815	1.3919477542134946
0.9527961640236519	1.3880413060812073
0.9549925860214359	1.384143539210666
0.9571940712948444	1.3802544504574694
0.9594006315159331	1.3763740358366838
0.9616122783836646	1.3725022905120212
0.9638290236239705	1.3686392087849208
0.9660508789898133	1.3647847840835272
0.9682778562612491	1.3609390089515656
0.9705099672454897	1.3571018750371169
0.9727472237769651	1.3532733730812823
0.9749896377173869	1.3494534929067503
0.9772372209558107	1.3456422234062522
0.9794899854086988	1.3418395525309128
0.9817479430199844	1.3380454672784954
0.9840111057611337	1.334259953681535
0.9862794856312105	1.3304829967953626
0.9885530946569389	1.3267145806860239
0.9908319448927676	1.322954688418079
0.9931160484209338	1.319203302042297
0.995405417351527	1.315460402583233
0.9977000638225533	1.3117259700266954
1.	1.3079999833070934
1.0023052380778998	1.304282420294673
1.0046157902783952	1.3005732577826352
1.0069316688518044	1.296872471474133
1.0092528860766845	1.2931800359691585
1.0115794542598988	1.2894959247512985
1.0139113857366795	1.2858201101743798
1.016248692870696	1.282143538185489
1.0185913880541169	1.2784684682695675
1.0209394837076802	1.2748015558418022
1.023292992280754	1.2711428066628403
1.0256519262514079	1.2674922258239179
1.0280162981264735	1.2638498177378545
1.0303861204416165	1.260215586129956
1.0327614057613974	1.2565895340288387
1.0351421666793441	1.2529716637571569
1.0375284158180127	1.2493619769222553
1.0399201658290596	1.2457604744067212
1.0423174293933042	1.2421671563588597
1.0447202192208003	1.2385820221830681
1.0471285480508996	1.2350050705301305
1.0495424286523225	1.2314362992874128
1.051961873823223	1.2278757055689744
1.0543868963912593	1.2243232857055781
1.0568175092136585	1.220779035234618
1.0592537251772887	1.2172429488899397
1.0616955571987248	1.2137150205915785
1.064143018224316	1.2101952434354002
1.066596121230258	1.2066836096826337
1.0690548792226577	1.2031801107493232
1.0715193052376064	1.199684737195672
1.0739894123412446	1.1961974787152896
1.076465213629835	1.192718324124342
1.0789467222298286	1.189247261350601
1.081433951297938	1.1857842774223875
1.0839269140212033	1.1823293584574224
1.0864256236170655	1.178882489651565
1.0889300933334332	1.1754436552674554
1.0914403364487566	1.1720128386230464
1.0939563662720937	1.1685900220800383
1.096478196143185	1.1651751870321956
1.0990058394325208	1.1617683138935704
1.101539309541415	1.1583693820866063
1.104078619902073	1.1549783700301437
1.1066237839776665	1.151595255127303
1.1091748152624008	1.1482200137532756
1.1117317272815914	1.144852621242981
1.1142945335917298	1.1414930518786344
1.1168632477805611	1.1381412788771816
1.1194378834671515	1.1347972743776338
1.1220184543019636	1.1314610094282807
1.1246049739669264	1.1281324539737894
1.1271974561755105	1.1248115768421842
1.1297959146727976	1.121498345731715
1.1324003632355573	1.1181927271975964
1.1350108156723149	1.114894686638641
1.137627285823431	1.111604188283756
1.1402497875611686	1.1083093735586593
1.1428783347897717	1.1050132030920605
1.1455129414455354	1.1017243957847593
1.1481536214968828	1.0984429609035178
1.1508003889444356	1.095168907168767
1.1534532578210923	1.091902242747033
1.1561122421920986	1.0886429752433011
1.1587773561551262	1.0853911116932997
1.1614486138403426	1.082146658555717
1.1641260294104914	1.0789096217043352
1.1668096170609623	1.0756800064201024
1.1694993910198712	1.0724578173831159
1.1721953655481303	1.0692430586645425
1.1748975549395297	1.0660357337184498
1.1776059735208073	1.0628358453735733
1.1803206356517297	1.0596433958249931
1.1830415557251646	1.0564583866257449
1.1857687481671602	1.0532808186783393
1.1885022274370183	1.0501106922262142
1.1912420080273751	1.0469480068450947
1.193988104464273	1.0437927614342841
1.1967405313072437	1.040644954207862
1.1994993031493788	1.0375045826858091
1.2022644346174132	1.0343716436850428
1.2050359403717974	1.0312461333103755
1.2078138351067804	1.0281280469453795
1.2105981335504823	1.0250173792431794
1.2133888504649775	1.021914124117144
1.2161860006463678	1.0188182747315082
1.2189895989248667	1.0157298234918908
1.2217996601648717	1.0126487620357405
1.2246161992650488	1.0095750812226805
1.2274392311584073	1.006508771124774
1.2302687708123818	1.00344982101669
1.233104833228909	1.0003982193657899
1.2359474334445106	0.9973539538221082
1.238796586530369	0.9943170112082589
1.2416523075924113	0.9912873775092292
1.244514611771385	0.9882650378620998
1.2473835142429432	0.9852499765456509
1.2502590302177201	0.982242176969891
1.2531411749414163	0.9792416216654752
1.2560299636948749	0.976248292273038
1.2589254117941675	0.9732621695324191
1.2618275345906707	0.9702832332718003
1.2647363474711515	0.9673114623967335
1.2676518658578455	0.9643468348790776
1.270574105208542	0.9613893277458282
1.2735030810166617	0.9584389170678516
1.276438808811344	0.9554955779485076
1.2793813041575246	0.9525511115483417
1.2823305826560218	0.9496075642302219
1.2852866599436155	0.9466709632159163
1.2882495516931343	0.9437413140905034
1.2912192736135342	0.940818621892172
1.2941958414499863	0.9379028911048242
1.297179270983956	0.9349941256506193
1.3001695780332907	0.9320923288824385
1.3031667784522993	0.9291975035762864
1.3061708881318417	0.9263096519236121
1.309181922999407	0.9234287755235683
1.3121998990192034	0.9205548753751864
1.3152248321922384	0.9176879518694894
1.3182567385564075	0.9148280047815204
1.3212956341865751	0.9119750332623056
1.324341535194665	0.909129035830733
1.3273944577297394	0.906290010365365
1.3304544179780915	0.9034579540961644
1.333521432163324	0.9006328635961539
1.3365955165464425	0.8978147347729858
1.3396766874259352	0.8950035628604455
1.3427649611378643	0.8921993424098666
1.3458603540559484	0.8894020672814729
1.348962882591654	0.8866117306356331
1.3520725631942772	0.8838283249240431
1.3551894123510364	0.8810518418808182
1.3583134465871542	0.8782822725135102
1.3614446824659503	0.875519607094035
1.3645831365889245	0.8727638351495234
1.3677288255958495	0.8700149454530788
1.3708817661648536	0.8672729260144626
1.3740419750125157	0.8645377640706768
1.3772094688939465	0.8618094460764798
1.3803842646028852	0.8590879576947948
1.383566378971781	0.8563732837870504
1.3867558288718889	0.853665408403414
1.3899526312133532	0.8509643147729515
1.3931568029453036	0.8482699852936867
1.3963683610559376	0.8455824015225746
1.3995873225726185	0.8429015441653814
1.4028137045619582	0.8402273930664761
1.4060475241299144	0.8375599271985209
1.4092887984218747	0.8348991246520806
1.4125375446227548	0.8322449626251215
1.4157937799570817	0.829597417412433
1.4190575216890926	0.826956464394936
1.4223287871228198	0.8243220780289094
1.425607593602188	0.8216942318351067
1.428893958511103	0.8190728983877835
1.432187899273543	0.816458049303622
1.435489433353656	0.8138423104262389
1.4387985782558452	0.8112275145740352
1.4421153515248688	0.8086190719565206
1.4454397707459272	0.8060169812222769
1.4487718535447618	0.8034212404359122
1.452111617587742	0.8008318470705224
1.455459080581966	0.798248798000076
1.4588142602753482	0.795672089491734
1.4621771744567182	0.793101717198091
1.4655478409559113	0.7905376761493556
1.468926277643867	0.7879799607454425
1.4723125024327186	0.785428564748007
1.4757065332758947	0.782883481272395
1.4791083881682072	0.7803447027795234
1.4825180851459536	0.7778122210676823
1.4859356422870067	0.7752860272642671
1.4893610777109154	0.772766111817425
1.492794409578996	0.7702524644876365
1.4962356560944337	0.7677450743392068
1.4996848355023733	0.7652439297316914
1.5031419660900225	0.7627490183112293
1.5066070661867417	0.7602603270018131
1.5100801541641484	0.7577778419964603
1.513561248436208	0.7553015487483218
1.5170503674593367	0.7528314319616957
1.5205475297324955	0.7503674755829675
1.5240527537972914	0.7479096627914599
1.5275660582380723	0.7454579759902088
1.5310874616820302	0.7430123967966444
1.5346169827992941	0.7405729060331989
1.5381546403030348	0.7381394837178177
1.5417004529495593	0.7357121090543922
1.545254439538414	0.7332907604231033
1.5488166189124812	0.7308754153706761
1.5523870099580825	0.7284660506005497
1.5559656316050743	0.7260626419629536
1.559552502826954	0.7236651644448975
1.5631476426409538	0.7212735921600723
1.5667510701081493	0.7188878983386529
1.5703628043335522	0.716508055317019
1.5739828644662197	0.7141340345273748
1.5776112696993485	0.7117658064872808
1.5812480392703834	0.7094033407890882
1.5848931924611134	0.7070466060892804
1.5885467485977791	0.7046955700977181
1.59220872705117	0.7023501995667896
1.5958791472367329	0.7000104602804593
1.5995580286146687	0.6976763170432254
1.6032453906900417	0.695347733668972
1.6069412530128773	0.693024672969727
1.6106456351782708	0.69069716611316
1.6143585568264862	0.6883676929685183
1.6180800376430662	0.6860435705640365
1.6218100973589298	0.6837247994699178
1.6255487557504842	0.6814113797788153
1.6292960326397223	0.6791033110995834
1.6330519478943346	0.676800592550961
1.6368165214278085	0.6745032227552025
1.6405897731995396	0.6722111998316445
1.6443717232149315	0.6699245213902155
1.6481623915255086	0.6676431845248829
1.651961798229015	0.6653671858070428
1.6557699634695284	0.663096521278841
1.6595869074375604	0.660831186446441
1.6634126503701698	0.6585711762732204
1.6672472125510627	0.6563164851729142
1.6710906143107078	0.6540671070026827
1.6749428760264373	0.651823035056127
1.6788040181225607	0.6495842620562319
1.6826740610704674	0.6473507801482472
1.6865530253887415	0.6451225808925003
1.690440931643264	0.6428996552571488
1.6943378004473288	0.6406819936108575
1.6982436524617444	0.6384695857154181
1.7021585083949509	0.6362624207182895
1.7060823890031234	0.6340604871450832
1.710015315090288	0.6318637728919657
1.7139573075084253	0.6296722652180039
1.7179083871575884	0.6274859507374309
1.721868574986007	0.625304815411848
1.725837891990204	0.6231288445423496
1.7298163592151015	0.6209580227615832
1.7338039977541384	0.6187923340257281
1.7378008287493754	0.6166317616064118
1.7418068733916146	0.6144762880825424
1.7458221529205038	0.6123258953320753
1.7498466886246573	0.6101805645236987
1.7538805018417611	0.6080402761084494
1.7579236139586931	0.6059050098112468
1.7619760464116292	0.6037747446223574
1.7660378206861649	0.6016494587887737
1.770108958317421	0.5995291298055242
1.7741894808901661	0.597413734406896
1.7782794100389228	0.5953032485575878
1.78237876744809	0.5931976474437731
1.7864875748520508	0.5910969054640937
1.7906058540352947	0.5890009962205618
1.7947336268325265	0.5869098925093893
1.7988709151287883	0.5848235663117279
1.803017740859569	0.5827419887843324
1.8071741260109275	0.5806556750027464
1.8113400926196026	0.5785669929514311
1.8155156627731361	0.5764829163505337
1.8197008586099834	0.5744034528393821
1.8238957023196385	0.5723286097391257
1.8281002161427427	0.5702583940482255
1.832314422371212	0.5681928124378894
1.8365383433483464	0.5661318712474739
1.8407720014689564	0.5640755764798339
1.8450154191794736	0.5620239337966346
1.8492686189780787	0.5599769485136123
1.8535316234148114	0.5579346255957969
1.857804455091699	0.5558969696526802
1.8620871366628675	0.5538639849333497
1.8663796908346704	0.5518356753215629
1.8706821403658007	0.5498120443307876
1.8749945080674193	0.5477930950991845
1.8793168168032686	0.5457788303845512
1.883649089489801	0.54376925255921
1.8879913490962936	0.5417643636048562
1.892343618644976	0.5397641651073494
1.8967059212111463	0.5377686582514625
1.9010782799233006	0.5357778438155762
1.9054607179632472	0.5337917221663282
1.9098532585662378	0.5318102932532074
1.914255925021086	0.5298335566031013
1.9186687406702891	0.5278615113147918
1.9230917289101586	0.5258941560533957
1.9275249131909356	0.52393148904476
1.9319683170169242	0.5219735080697971
1.936421963946607	0.5200202104587751
1.9408858775927782	0.5180715930855473
1.9453600816226624	0.5161276523617351
1.9498445997580456	0.5141883842308503
1.9543394557753944	0.5122537841623696
1.95884467350599	0.5103238471457466
1.9633602768360463	0.5083985676843763
1.967886289706845	0.5064779397894965
1.9724227361148534	0.5045619569740395
1.976969640111861	0.5026506122464202
1.9815270258050979	0.500743898104274
1.9860949173573716	0.49884180652813026
1.9906733389871865	0.4969443289750341
1.9952623149688797	0.49505145637210324
1.9998618696327437	0.4931631791100313
2.0044720273651615	0.4912794870365266
2.0090928126087277	0.4894003694496962
2.0137242498623884	0.4875258150913631
2.0183663636815607	0.48565581214032894
2.023019178678272	0.4837903482055685
2.0276827195212817	0.4819238136819534
2.032357010936222	0.48005761471258085
2.037042077705718	0.4781958835270081
2.0417379446695296	0.4763386289881211
2.046444636724674	0.47448585968206103
2.0511621788255656	0.47263758391419586
2.0558905959841414	0.4707938097050618
2.0606299132700006	0.468954544786258
2.065380155810529	0.46711979659630937
2.0701413487910423	0.465289572276481
2.0749135174549096	0.4634638786665613
2.079696687103696	0.46164272230059605
2.084490883097289	0.4598261094025898
2.0892961308540396	0.45801404588215905
2.0941124558508926	0.4562065373301489
2.0989398836235242	0.4544035890142044
2.1037784397664754	0.45260520587430286
2.1086281499332897	0.4508113925182405
2.1134890398366464	0.4490221532170788
2.1183611352485023	0.44723749190054457
2.123244462000219	0.4454574121523917
2.1281390459827123	0.44368191720571104
2.133044913146576	0.4419110099382047
2.1379620895022327	0.4401446928674076
2.1428906011200586	0.43838296814587135
2.1478304741305343	0.4366258375562952
2.1527817347243725	0.4348733025066186
2.157744409152667	0.43312536402506063
2.16271852372702	0.4313820227551199
2.167704104819695	0.4296432789505195
2.1727011788637443	0.4279091324701131
2.1777097723531593	0.4261795827727355
2.1827299118430012	0.42445462891201197
2.187761623949553	0.4227342695311124
2.1928049353504484	0.42101850285746356
2.197859872784825	0.41930732669740467
2.202926463053456	0.41760073843080037
2.2080047330189	0.41589873500559754
2.2130947096056377	0.4142013129323362
2.2181964198002193	0.41250846827860616
2.223309890651403	0.4108201966634551
2.2284351492703043	0.4091364932517408
2.2335722228305315	0.40745735274843786
2.23872113856834	0.4057827693928834
2.2438819237827663	0.40411273695297745
2.2490546058357817	0.4024472487193242
2.254239212152429	0.40078629749932376
2.259435770220978	0.39912987561120455
2.2646443075930596	0.39747797487800646
2.2698648518838223	0.39583058662150433
2.2750974307720706	0.3941829722639796
2.2803420720004186	0.39253632180724873
2.28559880337543	0.39089412888917563
2.2908676527677736	0.38925640270968864
2.296148648112362	0.38762315221343385
2.301441817408509	0.3859943860860234
2.306747188720069	0.3843701127502563
2.312064790175595	0.38275034036229616
2.3173946499684783	0.38113507680781644
2.3227367963571073	0.3795243296981046
2.328091257665008	0.37791810636613365
2.3334580622810033	0.37631641386259046
2.338837238659355	0.3747192589518711
2.344228815319923	0.373126648108032
2.3496328208483073	0.3715385875107103
2.35504928389601	0.3699550830409956
2.360478233180577	0.3683761402772713
2.365919697485759	0.3668017644910093
2.371373705661655	0.3652319606425296
2.3768402866248772	0.36366673337671546
2.38231946935869	0.3621060870186922
2.3878112829131783	0.36055002556945986
2.3933157564053875	0.35899855270149056
2.3988329190194912	0.3574516717542774
2.4043628000069335	0.35590938572984765
2.4099054286865957	0.35437169728822787
2.41546083444494	0.3528386087428721
2.421029046736179	0.3513101220560405
2.4266100950824154	0.3497862388341417
2.432204009073816	0.3482669603230231
2.4378108183687526	0.3467522874032258
2.4434305526939726	0.3452422205851871
2.4490632418447453	0.3437367600044041
2.454708915685031	0.3422359054165475
2.4603676041476272	0.3407396561925339
2.46603933723434	0.3392480113135473
2.4717241450161302	0.3377609693660204
2.4774220576332864	0.33627852853656137
2.4831331052955705	0.3348006866068421
2.4888573182823914	0.33332744094843025
2.494594726942955	0.33185878851758127
2.500345361696432	0.3303947258499757
2.506109253032114	0.3289352490554129
2.511886431509581	0.3274803538124502
2.5176769277588558	0.3260300353629997
2.5234807724805757	0.32458428850686644
2.529297996446145	0.3231431075962453
2.5351286304979084	0.3217064865301591
2.540972705549305	0.320274418748852
2.5468302525850417	0.3188468972281259
2.552701302661247	0.3174203862982183
2.5585858869056453	0.31599577297822473
2.5644840365177175	0.3145756627296095
2.5703957827688635	0.3131600614919938
2.5763211570025755	0.3117489749182564
2.582260190634596	0.31034240837054783
2.588212915153092	0.30894036691626264
2.5941793621188136	0.30754285532397624
2.6001595631652723	0.3061498780593398
2.6061535499988953	0.30476143928094085
2.6121613543992064	0.30337754283611984
2.6181830082189848	0.3019981922567501
2.624218543384442	0.30062339075497635
2.6302679918953813	0.29925314121891533
2.6363313858253803	0.2978874462083115
2.642408757321946	0.2965263079501572
2.648500138606701	0.2951697283342662
2.654605561975539	0.2938177089088106
2.6607250597988097	0.2924702508758116
2.666858664521479	0.29112735508659154
2.6730064086633116	0.28978902203717966
2.6791683248190314	0.2884552518636796
2.6853444456585076	0.28712604433758765
2.691534803926915	0.2858013988610736
2.6977394324449206	0.28448131446221175
2.703958364108843	0.2831657897901731
2.7101916318908432	0.28185482311036636
2.7164392688390824	0.2805484122995417
2.7227013080779128	0.2792465548408407
2.7289777828080406	0.27794924781880764
2.7352687263067126	0.2766564879143489
2.741574171927882	0.27536827139965037
2.7478941531023975	0.2740845941330436
2.7542287033381663	0.27280545155382924
2.7605778562203462	0.271530838677047
2.7669416454115114	0.2702607500882042
2.773320104651841	0.26899517993794875
2.7797132677592886	0.26773412193669954
2.7861211686297707	0.26647756934922273
2.792543841237338	0.26522551498916136
2.798981319634363	0.26397795121351225
2.805433637951713	0.26273486991705597
2.811900830398941	0.2614962625267309
2.8183829312644537	0.26026211999596155
2.8248799749157074	0.25903243279892924
2.831391995799379	0.25780719092479676
2.8379190284415565	0.2565863838718739
2.8444611074479154	0.2553700006417363
2.85101826750391	0.25415802973328466
2.8575905433749464	0.2529504591367567
2.8641779699065815	0.2517435002519798
2.8707805820246906	0.25053809790769704
2.8773984147356697	0.24933703610660082
2.8840315031266055	0.2481403166679562
2.8906798823654762	0.24694794109290252
2.897343587701323	0.2457599105602629
2.904022654464451	0.2445762259223086
2.910717118066605	0.24339688770048934
2.9174270140011673	0.24222189608111866
2.924152377843335	0.241051250911024
2.9308932452503216	0.2398849516931507
2.9376496519615305	0.23872299758213034
2.9444216337987617	0.23756538737980337
2.9512092266663856	0.23641211953070398
2.9580124665515464	0.23526319211749946
2.9648313895243423	0.23411860285639025
2.971666031738027	0.23297834909246465
2.9785164294291895	0.23184242779501385
2.9853826189179604	0.23071083555279948
2.992264636608189	0.2295835685692818
2.9991625189876516	0.22846062265779965
3.0060763026282307	0.22734199323671037
3.013006024186122	0.22622767532447993
3.019951720402016	0.22511766353473353
3.0269134281013064	0.2240119520712551
3.0338911841942706	0.22291053472294603
3.04088502567628	0.22181340485873308
3.047894989627983	0.22072055542243382
3.054921113215514	0.21963197892757128
3.061963433690677	0.21854766745214504
3.069021988391158	0.21746761263335024
3.076096814740708	0.21639180566225316
3.083187950249355	0.2153202372784136
3.0902954325135905	0.21425289776446294
3.097419299216581	0.21318977694062816
3.1045595881283554	0.21213086415921084
3.1117163371060186	0.21107614829901114
3.118889584093937	0.21002561775970666
3.126079367123956	0.20897926045617485
3.1332857243155856	0.20793706381276902
3.1405086938762183	0.20689901475753822
3.1477483141013156	0.20586509971639894
3.1550046233746274	0.20483530460725063
3.1622776601683795	0.20380961483404145
3.169567463043492	0.20278801528077717
3.1768740706497707	0.20177049030548008
3.1841975217261256	0.20075702373408927
3.1915378551007616	0.19974759885431043
3.198895109691399	0.19874219840940682
3.206269324505466	0.1977408045919375
3.213660538640318	0.19673860190719192
3.2210687912834346	0.19573678831140415
3.2284941217126364	0.1947388983488142
3.2359365692962827	0.19374493217615374
3.2433961734934935	0.19275488964845125
3.250872973854344	0.19176877031513578
3.2583670100200885	0.19078657341609845
3.265878321723358	0.18980829787772255
3.273406948788383	0.18883394230887318
3.2809529311311905	0.18786350499685212
3.2885163087598315	0.18689698390331252
3.2960971217745776	0.18593437666013957
3.303695410368149	0.18497568056528788
3.311311214825911	0.18402089257858645
3.3189445755261047	0.18307000931749906
3.326595532940045	0.18212302705285002
3.3342641276323506	0.18117994170450769
3.3419504002611427	0.18024074883703073
3.3496543915782775	0.17930544365527093
3.3573761424295467	0.17837402099994
3.365115693754908	0.1774464753431315
3.372873086588689	0.17652280078380492
3.380648362059817	0.17560299104322638
3.3884415613920256	0.17468703946036915
3.3962527259040853	0.17377493898727003
3.404081897010009	0.17286668218434678
3.4119291162192864	0.17196226121566863
3.4197944251370886	0.17106166784418775
3.4276778654645046	0.17016489342692406
3.4355794789987466	0.16927192891010895
3.443499307633384	0.16838276482428252
3.451437393358563	0.1674973912793481
3.459393778261219	0.16661579795958156
3.4673685045253166	0.16573797411859464
3.4753616144320576	0.16486390857425395
3.483373150360118	0.1639935897035525
3.4914031547858606	0.16312700543743738
3.499451670283573	0.1622641432555875
3.5075187395256795	0.16140499018114768
3.5156044052829816	0.16054953277541256
3.523708710424871	0.1596977571324647
3.53183169791957	0.1588496488737631
3.5399734108343464	0.1580051931426844
3.548133892335755	0.1571643745990137
3.5563131856898527	0.1563271774133878
3.5645113342624426	0.15549358526168663
3.5727283815192883	0.1546635813193769
3.5809643710263606	0.1538371482558023
3.5892193464500517	0.1530142682284265
3.5974933515574232	0.15219492287702063
3.6057864302164235	0.15137408924247964
3.6140986263961334	0.15055301729123977
3.6224299841669856	0.1497353944356101
3.630780547701014	0.14892122128894156
3.639150361272071	0.14811049821035494
3.6475394692560785	0.14730322530143647
3.6559479161312485	0.14649940240290477
3.664375746478333	0.14569902909124433
3.672823004980846	0.14490210467531053
3.681289736425315	0.14410862819290002
3.6897759857015027	0.14331859840729208
3.6982817978026628	0.14253201380375508
3.7068072178257596	0.14174887258602412
3.715352290971726	0.14096917267274178
3.7239170625456848	0.14019291169387008
3.732501577957206	0.13942008698706618
3.741105882720533	0.13865069559402682
3.7497300224548358	0.13788473425679726
3.758374042884441	0.1371221994140483
3.767037989839089	0.13636308719731643
3.77572190925416	0.13560739342721262
3.7844258471709336	0.13485511360959276
3.793149849736819	0.13410624293169704
3.801893963205613	0.1333607762582496
3.81065823393773	0.13261870812752657
3.8194427084004663	0.13188003274738486
3.8282474331682264	0.13114474399125747
3.8370724549227884	0.13041283539410972
3.8459178204535354	0.12968430014836124
3.8547835766577188	0.12895913109976795
3.8636697705406915	0.12823732074326993
3.8725764492161727	0.1275188612187983
3.8815036599064823	0.1268037443070465
3.8904514499428067	0.12609196142520185
3.899419866765434	0.12538350362263928
3.908408957924021	0.12467836157657536
3.9174187710778305	0.12397652558768398
3.926449353995999	0.12327798557567113
3.9355007545577743	0.12258273107481156
3.944573020752785	0.12189075122944322
3.953666200681279	0.12120203478942283
3.9627803425543955	0.12051657010553951
3.971915494694403	0.11983434512488801
3.981071705534973	0.11915534738619894
3.9902490236214203	0.11847956401512974
3.9994474976109755	0.1178069817195102
4.008667176273028	0.11713758678454843
4.0179081084894	0.1164713650679916
4.027170343254591	0.11580830199524521
4.036453929676051	0.11514838255444737
4.045758916974426	0.11448788630773493
4.055085354483839	0.11382773719395654
4.0644332916521275	0.11317066376464262
4.073802778041128	0.11251666483361217
4.083193863326921	0.11186573896928223
4.09260659730011	0.11121788449156349
4.1020410298660686	0.11057309946873004
4.111497211045223	0.10993138171425679
4.120975190973302	0.10929272878363143
4.130475019901614	0.1086571379711337
4.139996748197304	0.10802460630658754
4.149540426343631	0.10739513055208141
4.1591061049402205	0.10676870719866037
4.168693834703355	0.10614533246298556
4.178303666466218	0.1055250022839657
4.187935651179185	0.10490771231935518
4.1975898399100755	0.10429345794232309
4.207266283844442	0.10368223423798928
4.216965034285822	0.10307403599993033
4.226686142656031	0.10246885772665176
4.2364296604954115	0.10186669361803086
4.24619563946313	0.10126753757172352
4.2559841313374305	0.10067138317954212
4.265795188015928	0.1000782237237974
4.275628861515862	0.09948805217360983
4.285485203974396	0.09890086118118477
4.295364267648873	0.09831664307805672
4.3052661049171075	0.09773538987129717
4.3151907682776525	0.09715709323969005
4.325138310350088	0.096581744529871
4.335108783875289	0.09600933475243366
4.345102241715717	0.09543985457799875
4.355118736855686	0.09487329433324997
4.365158322401661	0.09430964399693205
4.375221051582521	0.09374889319581507
4.385306977749858	0.09319103120062026
4.395416154378245	0.09263604692191152
4.405548635065534	0.09208392890594805
4.4157044735331255	0.09153466533050154
4.425883723626267	0.09098824400063485
4.436086439314326	0.09044465234444354
4.446312674691089	0.08990387740875894
4.456562483975033	0.08936590585481359
4.466835921509633	0.08883072395386689
4.477133041763626	0.08829831758279355
4.487453899331323	0.0877686722196306
4.49779854893288	0.08724177293908708
4.508167045414603	0.0867176044080118
4.518559443749224	0.08619615088082282
4.528975799036209	0.08567739619489452
4.539416166502032	0.0851577293472423
4.549880601500488	0.08463804512039164
4.560369159512962	0.08412098906350596
4.570881896148752	0.08360655845744677
4.581418867145335	0.08309475035302918
4.591980128368688	0.08258556156818733
4.6025657358135605	0.08207898868511558
4.613175745603796	0.0815750280473822
4.623810213992603	0.08107367575701802
4.634469197362879	0.08057492767157694
4.645152752227495	0.08007877940117082
4.6558609352295885	0.07958522630547737
4.666593803142887	0.07909426349071928
4.677351412871981	0.07860588580661816
4.688133821452653	0.07812008784331825
4.698941086052153	0.077636863928285
4.709773263969529	0.07715620812317248
4.720630412635905	0.07667811422066528
4.731512589614805	0.07620257574128951
4.7424198526024455	0.07572958593019659
4.753352259428054	0.0752591377539167
4.7643098680541565	0.07479122389708437
4.775292736576909	0.0743258367591327
4.786300923226383	0.07386296845095973
4.797334486366892	0.07340261079156321
4.808393484497285	0.0729447553046463
4.819477976251274	0.07248939321519152
4.830588020397726	0.07203651544600569
4.841723675840994	0.07158611261423192
4.8528850016212095	0.07113817502783201
4.864072056914616	0.07069269268203603
4.875284901033862	0.07024965525576155
4.886523593428336	0.06980905210799916
4.897788193684462	0.06937087227416774
4.909078761526032	0.06893510446243518
4.920395356814509	0.06850173705000814
4.9317380395493595	0.06807075807938709
4.943106869868354	0.06764215525458986
4.954501908047903	0.06721591593733968
4.96592321450336	0.06679202714322142
4.97737084978936	0.0663704755378015
4.9888448746001215	0.06595124743271574
5.000345349769786	0.06553432878172057
5.011872336272722	0.06511970517671076
5.0234258952238715	0.06470736184370075
5.035006087879047	0.0642972836387718
5.046612975635284	0.06388945504398195
5.05824662003114	0.06348386016324124
5.0699070827470445	0.06308048271814946
5.081594425605605	0.06267930604379832
5.093308710571955	0.06227643304140817
5.105049999754062	0.061872830507672026
5.116818355403078	0.06147135519371919
5.1286138399136485	0.06107200520903643
5.140436515824262	0.060674778482466864
5.152286445817564	0.06027967275997551
5.16416369272071	0.059886685602393845
5.176068319505676	0.059495814383144344
5.188000389289612	0.05910705628594333
5.199959965335159	0.05872040830248362
5.211947111050805	0.058335867230095255
5.223961889991197	0.057953429669385645
5.236004365857504	0.05757309202185725
5.248074602497725	0.057194850487504924
5.2601726639070625	0.05681870106238945
5.2722986142282275	0.05644463953619115
5.284452517751805	0.05607266148973963
5.296634438916578	0.05570276229252214
5.308844442309884	0.055334937100168353
5.321082592667942	0.05496918085191371
5.333348954876211	0.05460548826803832
5.345643593969716	0.05424385384728414
5.357966575133418	0.053884271864247345
5.370317963702527	0.053526736366748914
5.382697825162884	0.05317124117317956
5.3951062251512765	0.05281777986982273
5.4075432294558095	0.05246634580815185
5.420008904016238	0.052116932102104364
5.432503314924333	0.05176953162533073
5.445026528424211	0.05142413700841929
5.4575786109127105	0.051080740636095315
5.470159628939716	0.05073933464439641
5.482769649208539	0.05039991091782099
5.495408738576246	0.050062461086452716
5.508076964054036	0.049726976523058304
5.520774392807573	0.04939344834016016
5.533501092157368	0.049061867387081994
5.546257129579107	0.04873222424696939
5.559042572704037	0.0484045092337825
5.5718574893192985	0.04807871238926336
5.584701947368309	0.047754823479874954
5.597576014951102	0.047432831993714356
5.610479760324706	0.0471127271373974
5.623413251903491	0.046794497832916705
5.6363765582595455	0.04647813271447119
5.649369748123025	0.046163620125268055
5.6623928903825345	0.04585094811429607
5.675446054085471	0.045540104433070876
5.688529308438416	0.04523107653235101
5.701642722807475	0.04492385155882573
5.714786366718672	0.044615529272724455
5.727960309858292	0.04430682856551935
5.741164622073277	0.04399987459699391
5.7543993733715695	0.04369466543941257
5.767664633922509	0.043391199013181954
5.780960474057181	0.043089473084989345
5.794286964268812	0.042789485265923514
5.807644175213121	0.042491233009579035
5.821032177708716	0.04219471361014271
5.834451042737448	0.04189992420046297
5.847900841444809	0.041606861750101344
5.861381645140288	0.041315523063366666
5.874893525297769	0.04102590477733059
5.88843655355589	0.04073800335982622
5.902010801718445	0.040451815107427305
5.91561634175474	0.04016733614341047
5.9292532458	0.03988456241569755
5.942921586155727	0.03960348969478071
5.956621435290106	0.039324113571627524
5.970352865838369	0.039046429455568486
5.984115950603199	0.03877043257216391
5.997910762555095	0.03849611796105319
6.011737374832782	0.03822348047378338
6.025595860743578	0.03795251477161925
6.0394862937638	0.03768321532333273
6.0534087475391365	0.03741557640297353
6.067363295885055	0.037149592087618796
6.08135001278718	0.036885256255103256
6.095368972401694	0.03662256258172869
6.109420249055721	0.0363615045399533
6.123503917247737	0.03610207539605967
6.137620051647943	0.0358442682078031
6.151768727098683	0.03558807582203756
6.165950018614822	0.03533349087232179
6.180164001384161	0.03508050577650303
6.1944107507678146	0.034829112734280146
6.208690342300634	0.03457930372474432
6.223002851691596	0.03433107050389828
6.237348354824191	0.03408440460215395
6.251726927756859	0.03383929732180668
6.266138646723353	0.03359573973448868
6.2805835881331795	0.03335372267859848
6.295061828571975	0.03311323675670878
6.309573444801933	0.03287427233295063
6.324118513762193	0.03263681953037503
6.33869711256927	0.03240086822829077
6.353309318517436	0.03216640805957953
6.367955209079159	0.03193342840798642
6.382634861905486	0.03170191840538768
6.397348354826482	0.03147186692903336
6.412095765851615	0.03124085018007876
6.4268771731701975	0.03100946847442657
6.441692655151772	0.030779497193302106
6.456542290346556	0.03055093434119583
6.471426157485831	0.030323777795217725
6.486344335482385	0.030098025303553166
6.501296903430906	0.029873674483905783
6.516283940608428	0.029650722821925126
6.531305526474723	0.02942916766962115
6.546361740672751	0.029209006243763058
6.561452663029053	0.028990235624264938
6.576578373554206	0.02877285275255538
6.591738952443213	0.028556854429933748
6.606934480075961	0.028342237315910235
6.622165037017619	0.028128997926532076
6.637430704019089	0.02791713263269367
6.652731562017413	0.027706637658432287
6.668067692136222	0.02749750907920774
6.6834391756861455	0.02728974282016704
6.698846094165265	0.027083334654393207
6.714288529259523	0.026878280201138433
6.729766562843179	0.02667457492404121
6.745280276979219	0.02647221412932788
6.760829753919819	0.026271192963997464
6.77641507610675	0.02607150641399087
6.792036326171846	0.025873149302343197
6.807693586937414	0.025676116287319927
6.823386941416698	0.0254804018605361
6.839116472814292	0.025286000345059238
6.8548822645266165	0.025092905893494617
6.870684400142321	0.024901112486054342
6.886522963442762	0.024710613928608415
6.902398038402419	0.024521403850719305
6.918309709189366	0.02433347570365816
6.934258060165691	0.024146822758404365
6.9502431758879695	0.023961438103626526
6.966265141107686	0.02377731464364626
6.982324040771715	0.023594445096383282
6.998419960022734	0.02341282199128313
7.014552984199714	0.023232437667225745
7.030723198838334	0.023053284270416315
7.046930689671471	0.022875353752256907
7.06317554262962	0.022698637867199934
7.07945784384138	0.02252312817058213
7.095777679633888	0.02234881601644004
7.112135136533292	0.022175692555305767
7.128530301265195	0.022003748731983942
7.1449632607551345	0.021832975283308527
7.16143410212902	0.021663362735880667
7.177942912713619	0.021494901403786012
7.194489780036995	0.021325479919619222
7.211074791828998	0.021155621242837472
7.227698036021702	0.02098687194621903
7.2443596007499025	0.02081923033299663
7.261059574351547	0.020652694605344184
7.277798045368242	0.020487262863157687
7.294575102545687	0.020322933102825888
7.311390834834176	0.020159703215989058
7.3282453313890406	0.01999757098828705
7.345138681571151	0.0198365340980955
7.362070974947361	0.019676590115251164
7.379042301291012	0.019517736499765095
7.396052750582378	0.019359970600524763
7.413102413009177	0.019203289653983907
7.430191378967014	0.01904769078284114
7.447319739059893	0.01889317099470604
7.464487584100665	0.018739727180753847
7.481695005111545	0.018587356114367397
7.498942093324558	0.018436054449767546
7.516228940182057	0.018285818720630606
7.533555637337174	0.01813664533869405
7.550922276654341	0.017988530592348995
7.568328950209744	0.017841470645220923
7.58577575029184	0.017695461534736764
7.603262769401819	0.017550499170680117
7.620790100254123	0.017406579333732707
7.638357835776907	0.017263697674003556
7.655966069112566	0.017121849709544446
7.67361489361819	0.016981030824852705
7.691304402866098	0.01684123626936009
7.709034690644301	0.01670246115590884
7.726805850957025	0.016564700459213672
7.744617978025188	0.016427949014310512
7.76247116628692	0.016292201514991157
7.78036551039804	0.016157452512224425
7.798301105232589	0.0160236964125629
7.816278045883297	0.015890927476536063
7.83429642766212	0.01575913981702872
7.852356346100718	0.01562832739764567
7.870457896950989	0.015498484031061337
7.888601176185544	0.015369603377355495
7.906786279998253	0.015241678942333721
7.925013304804718	0.01511470407583362
7.943282347242818	0.01498867197001571
7.961593504173188	0.014863575657639664
7.979946872679768	0.014739408010325094
7.9983425500702845	0.01461616173679741
8.016780633876794	0.014493829381117969
8.035261221856173	0.014372403320899086
8.05378441199067	0.014251875765503052
8.072350302488383	0.01413062008926338
8.090958991783825	0.014009038764991892
8.109610578538408	0.013888322703967641
8.128305161640995	0.013768470250561536
8.147042840208396	0.013649479666525017
8.165823713585926	0.013531349130006264
8.1846478813479	0.013414076734557837
8.203515443298185	0.01329766048813495
8.222426499470712	0.013182098312085094
8.241381150130026	0.013067388040128143
8.260379495771788	0.012953527417327684
8.279421637123345	0.012840514099052623
8.298507675144226	0.012728345649929891
8.317637711026709	0.012617019542787359
8.336811846196344	0.01250653315758748
8.356030182312479	0.012396883780351359
8.375292821268827	0.012288068602072965
8.394599865193973	0.01218008471762396
8.413951416451951	0.012072929124648274
8.433347577642753	0.01196659872244733
8.452788451602899	0.011861090310854803
8.472274141405963	0.01175640058910172
8.491804750363139	0.011652526154671147
8.511380382023763	0.011549463502142952
8.531001140175896	0.011447209022027971
8.550667128846833	0.011345758999592183
8.570378452303697	0.011245109613669986
8.590135215053957	0.011145256935467392
8.609937521846007	0.011046196927354259
8.629785477669701	0.010947925441646031
8.649679187756934	0.010850438219374531
8.669618757582166	0.010753730889048102
8.689604292863018	0.01065779896540048
8.709635899560805	0.010562637848128921
8.729713683881117	0.010468242820620971
8.74983775227436	0.010374609048670201
8.770008211436348	0.010281731579180395
8.790225168308842	0.010189605338858595
8.810488730080142	0.010098225132896415
8.830799004185627	0.010007585643639983
8.851156098308357	0.009917681429247985
8.871560120379607	0.009828506922338194
8.892011178579486	0.009740056428621793
8.912509381337454	0.00965232412552619
8.933054837332953	0.009565304060805295
8.953647655495937	0.009478990151138064
8.974287945007486	0.009393376180714456
8.994975815300352	0.009308455799809393
9.01571137605957	0.009224222523343904
9.036494737223014	0.00914066972943408
9.057326008982002	0.009056436549749074
9.078205301781857	0.008971859579902744
9.099132726322518	0.00888793499464458
9.120108393559097	0.008804661320732094
9.141132414702504	0.008722037020036903
9.162204901219997	0.008640060488780443
9.183325964835811	0.008558730056762628
9.204495717531712	0.008478043986583715
9.225714271547634	0.008398000472858963
9.246981739382225	0.008318597641426504
9.268298233793494	0.008239833548547787
9.289663867799362	0.00816170618010114
9.311078754678306	0.008084213450767808
9.33254300796991	0.008007353203211035
9.354056741475521	0.007931123207247419
9.375620069258803	0.007855521159011216
9.39723310564638	0.007780544680110879
9.418895965228414	0.007706191316778317
9.440608762859236	0.007632458539010331
9.462371613657929	0.007559343739702668
9.484184633008974	0.007486844233776017
9.506047936562814	0.0074149572572946775
9.527961640236521	0.007343679966576901
9.549925860214358	0.0072730094372977895
9.571940712948447	0.007202942663583868
9.594006315159332	0.007133476557099938
9.616122783836648	0.007064607946127578
9.638290236239705	0.006996333574635694
9.660508789898136	0.006928650101342716
9.68277856261249	0.006861554098770661
9.7050996724549	0.006795042052290612
9.727472237769652	0.006729110359160091
9.749896377173872	0.006663755327551649
9.772372209558107	0.0065989731755731465
9.79489985408699	0.006534760030279221
9.817479430199844	0.00647111192667426
9.84011105761134	0.0064080248067064265
9.862794856312105	0.006345494518253049
9.885530946569391	0.006283516814096922
9.908319448927676	0.00622208735089385
9.93116048420934	0.0061612016881309436
9.954054173515269	0.006100855287076002
9.977000638225535	0.006041043509717555
10.	0.0059817616176957925
10.023052380778994	0.005923004771224031
10.046157902783957	0.005864768028000855
10.069316688518045	0.005807046342112888
10.092528860766844	0.005749834562927743
10.115794542598982	0.005693127433977593
10.1391138573668	0.005636919591832925
10.16248692870696	0.0055800995511217635
10.18591388054117	0.005522942292699262
10.209394837076797	0.005466261536040441
10.232929922807546	0.005410056142759421
10.256519262514079	0.00535432492655492
10.280162981264736	0.00529906665264823
10.303861204416158	0.005244280037216362
10.32761405761398	0.005189963746819952
10.351421666793442	0.005136116397826171
10.375284158180126	0.005082736555826232
10.39920165829059	0.005029822735047837
10.423174293933046	0.00497737339776234
10.447202192208003	0.004925386953686636
10.471285480508996	0.004873861759379503
10.495424286523221	0.004822796117632807
10.519618738232236	0.004772188276857088
10.543868963912592	0.004722036430461855
10.568175092136585	0.004672338716230049
10.592537251772887	0.00462309321568727
10.616955571987253	0.0045742979534651755
10.641430182243164	0.004525950896659371
10.665961212302578	0.004478049954181417
10.690548792226577	0.004430592976105243
10.71519305237607	0.004383577753007703
10.739894123412451	0.004337002015303363
10.76465213629835	0.004290863432573229
10.789467222298287	0.0042451596128877155
10.814339512979387	0.004199888102123569
10.83926914021204	0.004155046383274791
10.864256236170656	0.004110631875757381
10.889300933334333	0.0040666419347080785
10.91440336448757	0.004023073850276875
10.939563662720943	0.0039799248469133365
10.964781961431852	0.003937192082646576
10.990058394325208	0.0038948726483589748
11.015393095414156	0.003852963567053507
11.040786199020735	0.0038114617931146997
11.066237839776663	0.0037703642115629672
11.091748152624008	0.0037296676373025704
11.117317272815919	0.0036893688143629392
11.142945335917304	0.0036494644151334
11.168632477805613	0.003609951039591124
11.194378834671515	0.003570825214522457
11.220184543019629	0.0035320833927373952
11.24604973966927	0.0034937219522772193
11.271974561755105	0.003455737195615336
11.297959146727976	0.003418125348850939
11.324003632355566	0.003380882560895916
11.350108156723154	0.003344004902654526
11.37627285823431	0.0033074883661960907
11.402497875611685	0.0032705183421866883
11.428783347897712	0.003233296266898825
11.45512941445536	0.0031964183807545628
11.481536214968829	0.0031598837702469292
11.508003889444357	0.0031236914862944358
11.534532578210918	0.003087840543827264
11.561122421920993	0.0030523299213696515
11.587773561551263	0.0030171585606186295
11.614486138403427	0.0029823253660188074
11.641260294104908	0.0029478292043335344
11.66809617060963	0.0029136689042121144
11.694993910198711	0.002879843255753249
11.721953655481304	0.0028463510100644454
11.748975549395292	0.002813190878817618
11.776059735208078	0.0027803615338006654
11.803206356517299	0.0027478616064651237
11.830415557251646	0.0027156896874696783
11.857687481671597	0.0026838443262197243
11.88502227437019	0.002652324030402789
11.91242008027375	0.0026211272655198977
11.93988104464273	0.0025902524544126394
11.967405313072431	0.0025596979767862115
11.994993031493793	0.0025294621687281405
12.02264434617413	0.002499543322222821
12.050359403717973	0.0024699396846616503
12.078138351067798	0.0024406494583489795
12.10598133550483	0.0024116708000036023
12.133888504649775	0.002383001820255944
12.161860006463678	0.002354640583140707
12.189895989248662	0.002326585105585153
12.217996601648723	0.002298833356892854
12.246161992650489	0.002271383258222938
12.274392311584071	0.002244232682064676
12.30268770812381	0.0022173794517075726
12.331048332289097	0.0021908213407067435
12.359474334445107	0.0021645560723436985
12.387965865303691	0.0021385813190822516
12.416523075924106	0.002112894702019856
12.445146117713856	0.0020874937903340167
12.473835142429433	0.0020623761007239902
12.5025903021772	0.002037539096847478
12.531411749414156	0.0020129801887525285
12.560299636948754	0.0019886967323044465
12.589254117941675	0.0019646860286077544
12.618275345906707	0.0019409453234230532
12.64736347471151	0.0019174718065789137
12.67651865857846	0.0018942626113785917
12.705741052085418	0.001871314814001679
12.735030810166617	0.0018486254329004685
12.764388088113435	0.0018261914281911826
12.793813041575252	0.0018034378682269575
12.823305826560219	0.0017805066509654843
12.852866599436155	0.0017578182106378355
12.882495516931336	0.001735371679390213
12.912192736135347	0.0017131661614250544
12.941958414499863	0.0016912007326827581
12.971792709839558	0.0016694744405204571
13.001695780332899	0.0016479863033880436
13.031667784523	0.0016267353105012634
13.061708881318419	0.0016057204215119427
13.09181922999407	0.001584940566175211
13.121998990192028	0.00156439464401385
13.15224832192239	0.001544081523979637
13.182567385564074	0.001524000044111715
13.212956341865752	0.001504149011191871
13.243415351946643	0.0014845272003968545
13.273944577297401	0.0014651333549475715
13.304544179780914	0.0014459661857552217
13.33521432163324	0.0014270243710642584
13.365955165464419	0.0014083065560922638
13.396766874259358	0.0013898113526666191
13.427649611378643	0.0013715373388580217
13.458603540559483	0.001353483058610704
13.489628825916533	0.0013356470213694914
13.52072563194278	0.0013180277017035293
13.551894123510364	0.0013006235389267774
13.583134465871542	0.001283432936715084
13.614446824659497	0.0012664542627200005
13.645831365889252	0.0012496858481791738
13.677288255958494	0.0012331259875233683
13.708817661648537	0.0012167729379799982
13.740419750125149	0.0012006249191732683
13.772094688939474	0.0011846801127207872
13.803842646028853	0.0011689366618267115
13.83566378971781	0.0011533926708712822
13.867558288718882	0.0011380462049968558
13.89952631213354	0.0011228952896903126
13.931568029453036	0.0011079379103618565
13.963683610559377	0.0010931720119201221
13.995873225726179	0.0010785954983436468
14.028137045619589	0.0010642062322486006
14.060475241299143	0.0010500020344528095
14.092887984218748	0.001035980683535952
14.12537544622754	0.0010221399153960134
14.157937799570824	0.0010084774228018734
14.190575216890926	0.0009949908549420745
14.223287871228198	0.0009816778169696348
14.25607593602188	0.0009685358695430045
14.288939585111036	0.0009555625283630348
14.321878992735439	0.0009427552637059918
14.35489433353656	0.0009296322271179133
14.387985782558452	0.0009163123733560196
14.421153515248696	0.0009031481116514151
14.45439770745928	0.0008901387470498558
14.487718535447618	0.0008772835648676727
14.52111617587742	0.000864581830470699
14.554590805819668	0.0008520327890512077
14.58814260275349	0.0008396356654029048
14.621771744567184	0.0008273896636938842
14.655478409559112	0.0008152939672376303
14.689262776438676	0.0008033477382619651
14.723125024327194	0.0007915501176759932
14.757065332758946	0.0007799002248349407
14.791083881682072	0.0007683971573029753
14.825180851459544	0.0007570399906139105
14.859356422870075	0.0007458277780298396
14.893610777109155	0.0007347595502975993
14.92794409578996	0.0007238343154031425
14.962356560944343	0.000713051058323737
14.99684835502374	0.0007024087407780172
15.031419660900225	0.0006919063009738015
15.066070661867418	0.000681542653353757
15.100801541641477	0.0006713166883388097
15.135612484362087	0.0006612272720693277
15.170503674593368	0.0006512732461440541
15.205475297324954	0.0006414534273567367
15.240527537972907	0.0006317666074304948
15.275660582380732	0.0006222115527498566
15.310874616820303	0.0006127870040904889
15.346169827992941	0.0006034916763465362
15.381546403030342	0.0005943242582556404
15.4170045294956	0.0005852834121215424
15.452544395384141	0.0005763677735343092
15.488166189124811	0.0005675759510880947
15.523870099580817	0.0005589065260965031
15.55965631605075	0.0005503580523054599
15.595525028269538	0.0005419290556036316
15.631476426409538	0.000533618033730301
15.667510701081484	0.0005254234559807661
15.70362804333553	0.0005173437629091719
15.739828644662197	0.0005093773660288074
15.776112696993485	0.000501522647509782
15.812480392703826	0.0004937779598741426
15.848931924611142	0.0004861416256883449
15.88546748597779	0.0004786119372531054
15.9220872705117	0.00047118715629055507
15.95879147236732	0.0004638655136287475
15.995580286146694	0.0004566452088834395
16.032453906900418	0.0004495244101371661
16.069412530128773	0.00044250125361553876
16.106456351782697	0.00043520985846860294
16.143585568264868	0.0004277406279753651
16.18080037643066	0.0004203612657048862
16.218100973589298	0.0004130713121819042
16.255487557504836	0.0004058702957476788
16.292960326397232	0.00039875773242477433
16.330519478943348	0.00039173312578066226
16.368165214278086	0.00038479596679009547
16.40589773199539	0.00037794573369630025
16.443717232149325	0.000371181891870926
16.481623915255085	0.0003645038936727872
16.51961798229015	0.00035791117830532605
16.557699634695275	0.00035140317167286453
16.595869074375614	0.00034497928623556696
16.634126503701697	0.0003386389208631584
16.672472125510627	0.00033238146068732686
16.71090614310707	0.000326206276952867
16.749428760264383	0.00032011272686750315
16.788040181225607	0.00031410015345041914
16.82674061070467	0.00030816788537943717
16.865530253887407	0.0003023152368368907
16.90440931643265	0.0002965415073541434
16.94337800447329	0.0002908459816547612
16.982436524617444	0.00028522792949630294
17.0215850839495	0.00027968660551075554
17.060823890031244	0.0002742212490435708
17.10015315090288	0.00026883108399131957
17.139573075084254	0.00026351531863791166
17.179083871575877	0.0002582731454894244
17.21868574986008	0.0002531037411074834
17.25837891990204	0.0002480062659412162
17.298163592151013	0.0002429798641577312
17.338039977541374	0.00023802366347115407
17.378008287493763	0.0002331367749701748
17.418068733916144	0.00022831829294411998
17.458221529205037	0.00022356729470750418
17.498466886246565	0.00021888284042309274
17.53880501841762	0.00021426397292342793
17.579236139586932	0.0002097097175308304
17.619760464116293	0.00020521908187583963
17.66037820686164	0.00020079105571410637
17.70108958317422	0.00019642461074170932
17.741894808901662	0.00019211870040889548
17.78279410038923	0.00018787225973220737
17.82378767448089	0.0001836842051050181
17.864875748520518	0.00017955343410643547
17.906058540352948	0.00017547882530858391
17.947336268325266	0.0001714592380822179
17.988709151287875	0.00016749351240069683
18.030177408595698	0.00016358046864227614
18.071741260109274	0.00015971890739072006
18.113400926196025	0.0001559076092342021
18.15515662773135	0.0001521453345625064
18.197008586099845	0.0001484308233624966
18.238957023196384	0.0001447627950118527
18.281002161427427	0.00014113994807103932
18.323144223712113	0.00013756096007352416
18.365383433483473	0.00013402448731420746
18.407720014689563	0.00013052916463606292
18.450154191794738	0.00012707360521495897
18.492686189780777	0.00012365640034267075
18.535316234148123	0.00012027611920804651
18.57804455091699	0.0001169313086763329
18.620871366628677	0.00011362049306661889
18.663796908346693	0.00011034217392741606
18.706821403658015	0.00010709482981033305
18.74994508067419	0.00010387691604185273
18.793168168032686	0.00010068686449316774
18.836490894898002	0.00009752308334809364
18.879913490962945	0.00009438395686901724
18.92343618644976	0.00009126784516088497
18.967059212111465	0.00008817308393319282
19.010782799232995	0.00008509798425999048
19.054607179632484	0.00008204083233785838
19.098532585662387	0.0000789998892418662
19.14255925021086	0.0000759733906794668
19.18668740670289	0.0000729595467423434
19.230917289101594	0.00006995654165616752
19.275249131909366	0.00006696253352827114
19.31968317016924	0.0000639756540931939
19.364219639466068	0.00006099400845611573
19.408858775927794	0.00005801567483413665
19.453600816226633	0.00005503870429540529
19.498445997580454	0.00005206112049605426
19.543394557753942	0.00004908091941495734
19.58844673505991	0.000046096069086263674
19.633602768360475	0.000043104509329715366
19.67886289706845	0.00004010415147870209
19.724227361148536	0.00003709287810606834
19.76969640111862	0.0000340685427476327
19.81527025805099	0.00003102896962341356
19.860949173573715	0.00002797195335652958
19.906733389871864	0.000024895258689775826
19.952623149688808	0.000021796620199843447
19.998618696327448	0.000018673742009174517
20.044720273651613	0.000015524297495416843
20.090928126087277	0.00001234592899848459
20.137242498623895	9.136247525186295e-6
20.183663636815616	5.892832451416072e-6
20.23019178678272	2.6132312218691336e-6