0.1	7.282795250924444
0.10023052380778996	7.27491446359913
0.10046157902783952	7.267034076985367
0.10069316688518042	7.259154091260822
0.10092528860766845	7.251274506000862
0.10115794542598985	7.243395320170243
0.10139113857366794	7.235516532114725
0.10162486928706957	7.227638139552554
0.1018591388054117	7.2197601395659206
0.102093948370768	7.211882528592296
0.10232929922807542	7.204005302415713
0.10256519262514076	7.196128456157949
0.10280162981264736	7.188251984269618
0.10303861204416162	7.180375880521207
0.10327614057613975	7.172500137993983
0.10351421666793438	7.16462474907086
0.10375284158180126	7.156749705427152
0.10399201658290592	7.148874998021228
0.10423174293933042	7.141000617085117
0.10447202192208001	7.133126552114993
0.10471285480508996	7.12525279186157
0.10495424286523224	7.117379324320434
0.1051961873823223	7.109506136722239
0.1054386896391259	7.101625021058415
0.10568175092136585	7.0937380255290705
0.10592537251772889	7.085851222110975
0.10616955571987247	7.077964629472485
0.10641430182243161	7.0700782659475925
0.10665961212302578	7.062192149530194
0.1069054879222658	7.054306297868344
0.10715193052376065	7.046420728258412
0.10739894123412448	7.038535457639201
0.1076465213629835	7.030650502586001
0.10789467222298288	7.022765879304566
0.1081433951297938	7.0148816036250725
0.10839269140212036	7.006997690995969
0.10864256236170655	6.999114156477788
0.10889300933334335	6.991231014736894
0.10914403364487565	6.9833482800391735
0.10939563662720939	6.97546596624365
0.1096478196143185	6.967584086796034
0.10990058394325211	6.959702654722236
0.11015393095414151	6.95182168262177
0.11040786199020733	6.943941182661116
0.11066237839776664	6.936061166567053
0.11091748152624012	6.928181645619834
0.11117317272815914	6.920302630646392
0.11142945335917301	6.912424132013409
0.11168632477805612	6.904546159620354
0.11194378834671516	6.896668722892437
0.11220184543019636	6.888791830773495
0.11246049739669266	6.880915491718816
0.11271974561755105	6.873039713687885
0.11297959146727979	6.865164504137052
0.11324003632355571	6.85728987001215
0.11350108156723152	6.849415817741018
0.1137627285823431	6.841542353225951
0.11402497875611688	6.833669481836122
0.11428783347897718	6.8257972083998455
0.11455129414455358	6.817925537196838
0.1148153621496883	6.8100544719504
0.11508003889444356	6.802184015819456
0.11534532578210924	6.794314171390595
0.11561122421920987	6.786444940669999
0.11587773561551262	6.778576325075271
0.11614486138403426	6.770708325427255
0.11641260294104915	6.762840941941679
0.11668096170609624	6.754974174220811
0.11694993910198712	6.747108021244973
0.11721953655481303	6.739242481363995
0.11748975549395298	6.731377552288592
0.11776059735208072	6.723513231081662
0.11803206356517298	6.7156495141494625
0.11830415557251646	6.707780240642084
0.118576874816716	6.699906955226387
0.11885022274370183	6.692034225590235
0.11912420080273747	6.684162071416863
0.1193988104464273	6.676290512048887
0.11967405313072434	6.668419566482478
0.11994993031493788	6.6605492533614745
0.12022644346174129	6.6526795909714105
0.12050359403717974	6.644810597233545
0.120781383510678	6.63694228969874
0.12105981335504823	6.629074685541376
0.12133888504649772	6.621207801553122
0.12161860006463679	6.613341654136694
0.12189895989248664	6.605476259299534
0.12217996601648717	6.597611632647416
0.12246161992650487	6.589747789378009
0.12274392311584072	6.581884744274369
0.12302687708123815	6.574022511698335
0.1233104833228909	6.566161105583921
0.12359474334445104	6.558300539430575
0.1238796586530369	6.5504408262964295
0.1241652307592411	6.54258197879143
0.1244514611771385	6.534724009070448
0.12473835142429429	6.526866928826281
0.125025903021772	6.519010749282626
0.1253141174941416	6.511155481186929
0.1256029963694875	6.503301134803224
0.12589254117941673	6.495447719904862
0.12618275345906707	6.487595245767174
0.12647363474711512	6.479743721160077
0.12676518658578456	6.471893154340583
0.12705741052085415	6.4640435530452764
0.12735030810166617	6.456194924482662
0.12764388088113438	6.448347275325474
0.12793813041575247	6.4405006117029195
0.12823305826560213	6.432654939192808
0.12852866599436155	6.424810262813644
0.1288249551693134	6.4169665870166055
0.12912192736135342	6.409123915677483
0.1294195841449986	6.401282252088513
0.12971792709839558	6.39344159895014
0.13001695780332903	6.385601958362698
0.13031667784522993	6.377763331818012
0.13061708881318415	6.369925720190939
0.1309181922999407	6.362089123730782
0.13121998990192033	6.354253542052661
0.13152248321922383	6.34641897412879
0.1318256738556407	6.338585418279662
0.1321295634186575	6.330752872165157
0.13243415351946647	6.322921332775574
0.13273944577297395	6.31508543271504
0.1330454417978091	6.307246517640976
0.1333521432163324	6.29940856680724
0.13365955165464422	6.291571597079806
0.1339676687425935	6.28373562492362
0.1342764961137864	6.275900666396082
0.13458603540559483	6.268066737140547
0.13489628825916536	6.260233852379697
0.13520725631942773	6.252402026908885
0.1355189412351036	6.244571275089393
0.1358313446587154	6.236741610841632
0.136144468246595	6.228913047638264
0.13645831365889247	6.221085598497278
0.13677288255958492	6.213259275974959
0.13708817661648537	6.205434092158834
0.13740419750125152	6.197610058660506
0.13772094688939465	6.18978718660845
0.1380384264602885	6.181965486640717
0.1383566378971781	6.174144968897568
0.13867558288718884	6.1663256430140505
0.13899526312133534	6.158507518112486
0.13931568029453031	6.150690602794889
0.13963683610559377	6.14287490513532
0.13995873225726183	6.135060432672144
0.14028137045619582	6.127247192400237
0.1406047524129914	6.119435190763097
0.14092887984218747	6.111624433644898
0.14125375446227545	6.10381492636243
0.14157937799570816	6.096006673657026
0.14190575216890922	6.0881996796863325
0.142232878712282	6.080393948016049
0.14256075936021884	6.072589481611591
0.1428893958511103	6.064786282829646
0.14321878992735435	6.056984353409656
0.1435489433353656	6.04918369446523
0.14387985782558455	6.041384306475472
0.14421153515248689	6.033586189276206
0.14454397707459277	6.025789342051133
0.14487718535447616	6.017993763322912
0.14521116175877424	6.010199450944128
0.14554590805819662	6.00240640208821
0.14588142602753484	5.994614613240222
0.14621771744567183	5.986824080187593
0.14655478409559117	5.979034798010764
0.1468926277643867	5.971246761073723
0.1472312502432719	5.96345996301445
0.14757065332758945	5.955674396735304
0.14791083881682077	5.947890054393297
0.14825180851459538	5.9401069273902545
0.1485935642287007	5.932325006362918
0.14893610777109154	5.924536650980207
0.14927944095789963	5.916743770821612
0.14962356560944334	5.908952022110278
0.1499684835502373	5.901161424536268
0.15031419660900225	5.8933719974213075
0.15066070661867417	5.8855837597126195
0.15100801541641484	5.877796729976683
0.1513561248436208	5.870010926392934
0.1517050367459337	5.8622263667474055
0.15205475297324955	5.854443068426309
0.15240527537972914	5.846661048409522
0.15275660582380723	5.838880323264058
0.15310874616820302	5.831100909137426
0.15346169827992942	5.8233228217509545
0.1538154640303035	5.815546076393026
0.15417004529495593	5.807770687912265
0.1545254439538414	5.7999966707106365
0.1548816618912481	5.792224038736502
0.15523870099580825	5.784452805477579
0.15559656316050743	5.776682983953847
0.15595525028269538	5.768914586710387
0.15631476426409538	5.76114762581013
0.15667510701081494	5.753382112826553
0.15703628043335524	5.745618058836302
0.15739828644662196	5.737855474411729
0.15776112696993486	5.730094369613368
0.15812480392703834	5.722334753982326
0.15848931924611134	5.714576636532625
0.15885467485977792	5.706820025743423
0.159220872705117	5.699064929551212
0.15958791472367329	5.691311355341888
0.15995580286146688	5.683559309942804
0.16032453906900418	5.675808799614673
0.1606941253012877	5.668059830043463
0.16106456351782708	5.660312406332154
0.16143585568264862	5.652566532992472
0.16180800376430657	5.644822213936479
0.16218100973589297	5.637079452468145
0.16255487557504839	5.629338251274789
0.16292960326397224	5.621598612418475
0.16330519478943342	5.61386053732729
0.16368165214278085	5.606124026786576
0.16405897731995392	5.598389080930031
0.16443717232149316	5.590655699230776
0.1648162391525508	5.582923880492308
0.1651961798229015	5.575193622839349
0.1655769963469528	5.567464923708661
0.16595869074375605	5.559737779839715
0.16634126503701693	5.5520121872653085
0.16672472125510626	5.544288141302081
0.16710906143107074	5.536557969241169
0.16749428760264373	5.528823594780857
0.16788040181225602	5.521090706537802
0.16826740610704674	5.513359329238667
0.16865530253887412	5.505629487295077
0.16904409316432642	5.497901204797901
0.16943378004473283	5.4901745055115
0.16982436524617442	5.482449412867914
0.17021585083949506	5.474725949960957
0.17060823890031235	5.467004139540298
0.17100153150902875	5.459284004005441
0.17139573075084252	5.4515655653996715
0.17179083871575881	5.443848845403937
0.1721868574986007	5.436133865330633
0.17258378919902034	5.428420646117382
0.17298163592151014	5.4207092083207
0.17338039977541378	5.412999572109629
0.17378008287493754	5.40529175725929
0.17418068733916142	5.397585783144367
0.17458221529205037	5.38988166873256
0.1749846688624657	5.382179432577906
0.1753880501841761	5.37447909281411
0.17579236139586926	5.366780667147752
0.1761976046411629	5.359084172851446
0.17660378206861643	5.3513896267569425
0.17701089583174212	5.343697045248135
0.17741894808901656	5.336006444254029
0.1778279410038923	5.328317839241598
0.17823787674480895	5.320631245208624
0.17864875748520506	5.312946676676419
0.17906058540352943	5.305264147682502
0.17947336268325265	5.29758367177318
0.1798870915128788	5.289905261996086
0.1803017740859569	5.28222893089262
0.1807174126010927	5.274554690490327
0.18113400926196024	5.2668825522951925
0.18155156627731356	5.259212527283859
0.18197008586099836	5.251544625895793
0.18238957023196378	5.24387885802533
0.1828100216142743	5.236215233013692
0.18323144223712115	5.228553759640881
0.18365383433483465	5.220894446117523
0.18407720014689558	5.213237300076628
0.18450154191794738	5.205582328565263
0.18492686189780783	5.197929538036141
0.18535316234148114	5.190278934339143
0.18578044550916986	5.182630522712751
0.18620871366628675	5.174984307775373
0.186637969083467	5.167340293516651
0.18706821403658005	5.159698483288596
0.18749945080674188	5.152052374251989
0.18793168168032684	5.144403605888367
0.18836490894898006	5.136757012102039
0.18879913490962935	5.129112621071056
0.18923436186449755	5.121470460672208
0.18967059212111465	5.113830558475355
0.19010782799233	5.106192941737698
0.19054607179632474	5.098557637398
0.1909853258566238	5.090924672070752
0.19142559250210858	5.083294072040263
0.19186687406702896	5.075665863254693
0.19230917289101584	5.068040071320037
0.1927524913190936	5.060416721494026
0.1931968317016924	5.052795838680003
0.19364219639466074	5.045177447420676
0.19408858775927784	5.037561571891876
0.19453600816226624	5.029948235896193
0.19498445997580455	5.02233746285659
0.19543394557753943	5.014729275809925
0.195884467350599	5.007123697400424
0.19633602768360464	4.999520749873069
0.1967886289706845	4.9919204550669365
0.19724227361148533	4.984322834408478
0.19769696401118608	4.976727908904686
0.1981527025805098	4.969135699136257
0.19860949173573716	4.961546225250628
0.19906733389871864	4.953959506954985
0.19952623149688797	4.946375563509157
0.1999861869632744	4.9387944137185045
0.20044720273651614	4.931216075926659
0.2009092812608728	4.92364056800826
0.20137242498623883	4.916067907361568
0.20183663636815607	4.908498110901037
0.2023019178678272	4.900931195049792
0.20276827195212818	4.893367175732057
0.20323570109362218	4.885806068365473
0.2037042077705718	4.878247887853372
0.20417379446695297	4.870692648576963
0.20464446367246739	4.86314036438743
0.20511621788255657	4.8555910485979705
0.20558905959841414	4.848044713975753
0.20606299132700007	4.840501372733777
0.20653801558105292	4.83296103652268
0.20701413487910425	4.82542371642244
0.20749135174549097	4.817889422934018
0.2079696687103696	4.810358165970904
0.20844908830972886	4.802829954850585
0.20892961308540398	4.795304798285935
0.20941124558508925	4.787782704376514
0.20989398836235246	4.780263680599787
0.21037784397664752	4.772742425262293
0.21086281499332898	4.765220280718647
0.21134890398366465	4.757701195873393
0.2118361135248502	4.7501851980387135
0.21232444620002192	4.742672314170995
0.21281390459827124	4.7351625708645075
0.21330449131465762	4.72765599434506
0.21379620895022325	4.720152610463538
0.21428906011200585	4.712652444689434
0.21478304741305343	4.705155522104259
0.21527817347243727	4.697661867394922
0.21577444091526668	4.690171504847027
0.21627185237270202	4.682684458338109
0.21677041048196952	4.675200751330794
0.21727011788637443	4.667720406865906
0.2177709772353159	4.660243447555473
0.21827299118430013	4.6527698955757035
0.2187761623949553	4.645299772659859
0.21928049353504486	4.637833100091073
0.21978598727848253	4.6303698986950925
0.2202926463053456	4.622910188832947
0.22080047330189004	4.615453990393542
0.22130947096056375	4.608001322786182
0.22181964198002194	4.600552204933028
0.2223309890651403	4.593106655261458
0.22284351492703042	4.585664691696364
0.22335722228305316	4.578226331652388
0.223872113856834	4.570791592026048
0.22438819237827662	4.563360489187818
0.2249054605835781	4.555933038974104
0.22542392121524293	4.548509256679166
0.22594357702209775	4.541089157046943
0.22646443075930595	4.533672754262793
0.2269864851883822	4.526260061945172
0.22750974307720706	4.518851093137227
0.2280342072000418	4.511445860298286
0.22855988033754301	4.504044375295284
0.2290867652767773	4.496646649394106
0.2296148648112362	4.489252693250842
0.23014418174085083	4.481862516902943
0.2306747188720069	4.47447612976032
0.23120647901755947	4.467093540596329
0.23173946499684786	4.45971475753869
0.2322736796357107	4.452339788060298
0.23280912576650079	4.444968638969961
0.23334580622810028	4.4376013164030415
0.23388372386593548	4.43023782581202
0.2344228815319922	4.4228781719569366
0.23496328208483072	4.415522358895779
0.23550492838960096	4.408170389974756
0.2360478233180577	4.4008152633254545
0.23659196974857583	4.393458743856737
0.23713737056616552	4.386106035873244
0.23768402866248767	4.378757169347915
0.23823194693586902	4.371412173902888
0.23878112829131776	4.364071078803175
0.23933157564053875	4.356733912950258
0.23988329190194904	4.349400704875629
0.24043628000069334	4.342071482734246
0.24099054286865948	4.334746274297948
0.24154608344449405	4.327425106948779
0.2421029046736178	4.320108007672264
0.24266100950824154	4.3127950030505975
0.24322040090738153	4.305486119255775
0.24378108183687525	4.298181382042663
0.2443430552693972	4.290880816741972
0.24490632418447456	4.283584448253191
0.24547089156850305	4.276292301037418
0.24603676041476275	4.269004399110151
0.24660393372343392	4.261720766033983
0.24717241450161304	4.254441424911235
0.24774220576332856	4.247166398376507
0.24831331052955705	4.239895708589168
0.2488857318282391	4.2326293772257495
0.24945947269429547	4.225367425472294
0.25003453616964316	4.218109874016593
0.2506109253032114	4.210856743040374
0.251188643150958	4.203608052211397
0.25176769277588557	4.1963638206754785
0.25234807724805747	4.189124067048431
0.2529297996446145	4.181888809407932
0.25351286304979076	4.174658065285303
0.25409727055493053	4.167431851657209
0.2546830252585041	4.160210184937285
0.2552701302661247	4.152993080967671
0.2558585886905646	4.145780555010468
0.25644840365177174	4.138572621739106
0.2570395782768864	4.131369295229645
0.25763211570025757	4.124170588951955
0.25822601906345966	4.116976515760856
0.2588212915153092	4.109787087887123
0.2594179362118814	4.102602316928459
0.2600159563165272	4.095422213840317
0.2606153549998896	4.0882467889266945
0.26121613543992067	4.081076051830794
0.2618183008218985	4.073910011525611
0.26242185433844417	4.066748676304436
0.26302679918953814	4.0595920537712535
0.263633138582538	4.052440150831053
0.2642408757321946	4.0452929736800565
0.2648500138606701	4.038142252633941
0.2654605561975539	4.030990075282009
0.26607250597988097	4.023842592679512
0.2666858664521479	4.0166998430255605
0.26730064086633115	4.009561864245722
0.2679168324819031	4.002428693986344
0.26853444456585074	3.9953003696088123
0.26915348039269155	3.988176928183743
0.26977394324449205	3.981058406485126
0.2703958364108843	3.9739448409843976
0.2710191631890843	3.9668362678444486
0.2716439268839082	3.95973272291359
0.2722701308077913	3.9526342417194233
0.272897778280804	3.9455408594626795
0.27352687263067127	3.9384526110109626
0.27415741719278824	3.9313695308924697
0.2747894153102397	3.924291653289596
0.2754228703338166	3.917219012032516
0.27605778562203465	3.9101516405926757
0.27669416454115114	3.9030895720762273
0.2773320104651841	3.8960328392173853
0.27797132677592884	3.888981474371734
0.2786121168629771	3.881935509509441
0.27925438412373377	3.8748949762084375
0.2798981319634363	3.8678599056474736
0.2805433637951713	3.8608303285991656
0.28119008303989407	3.853806275422933
0.28183829312644537	3.8472571660311288
0.2824879974915708	3.8412699777792456
0.2831391995799379	3.835287870971085
0.2837919028441557	3.8293108420957216
0.28444611074479154	3.82333888685416
0.285101826750391	3.817372000148987
0.28575905433749466	3.811410176073944
0.2864177969906581	3.805453407903393
0.28707805820246907	3.799501688081691
0.28773984147356696	3.7935550082124503
0.28840315031266056	3.787613359047715
0.2890679882365476	3.7816767304770256
0.28973435877013226	3.775745111516392
0.2904022654464451	3.7698184902971406
0.2910717118066605	3.763896854054697
0.29174270140011677	3.757980189117211
0.29241523778433354	3.752068480894134
0.2930893245250321	3.7461617138646393
0.2937649651961531	3.740259871565975
0.29444216337987617	3.7343629365816704
0.29512092266663853	3.728470890529681
0.29580124665515467	3.7225837140503666
0.2964831389524342	3.7167013867944174
0.29716660317380267	3.7108136272572674
0.29785164294291894	3.7049229955318967
0.298538261891796	3.699037089783951
0.2992264636608189	3.69315592890043
0.29991625189876514	3.687279531318482
0.30060763026282306	3.681407915018422
0.3013006024186122	3.675541097516661
0.3019951720402016	3.669679095858591
0.30269134281013055	3.6638219266113747
0.30338911841942706	3.657969605856679
0.3040885025676279	3.6521221491833407
0.3047894989627983	3.6462795716799365
0.3054921113215513	3.6404418879273184
0.3061963433690677	3.6346091119910375
0.30690219883911574	3.628781257413719
0.3076096814740708	3.622958337207351
0.3083187950249354	3.61714036384551
0.30902954325135906	3.6113273492554874
0.309741929921658	3.605519304810372
0.31045595881283555	3.599716241321026
0.31117163371060175	3.5939181690280018
0.3118889584093937	3.5881250975933736
0.3126079367123955	3.582337036092488
0.31332857243155854	3.576553993005646
0.3140508693876217	3.5707759762096853
0.3147748314101316	3.565002992969504
0.31550046233746265	3.559235049929483
0.31622776601683794	3.5534721531048428
0.3169567463043491	3.547714307872905
0.31768740706497706	3.541961518964277
0.3184197521726125	3.53621379045395
0.31915378551007617	3.530471125752307
0.3198895109691398	3.5247335275960627
0.3206269324505466	3.5190009980390915
0.3213660538640317	3.5132735384431872
0.32210687912834346	3.5075511494687315
0.32284941217126356	3.5018338310652646
0.32359365692962827	3.496121582461981
0.32433961734934924	3.490414402158126
0.3250872973854344	3.4847122879132963
0.3258367010020088	3.4790152367376646
0.32658783217233583	3.4733232448820974
0.3273406948788382	3.467636307828191
0.328095293113119	3.4619544202782
0.32885163087598307	3.4562775761448883
0.32960971217745777	3.4506057685412688
0.3303695410368148	3.44493898977026
0.3311311214825911	3.43927723131423
0.3318944575526104	3.4336204838244675
0.33265955329400454	3.4279687371105263
0.333426412763235	3.4223110310697855
0.3341950400261143	3.416650109650668
0.33496543915782767	3.4109940933712815
0.3357376142429547	3.4053430147927135
0.33651156937549076	3.3996969062220668
0.3372873086588689	3.3940557997074
0.3380648362059816	3.3884197270325997
0.33884415613920255	3.382788719712214
0.3396252725904084	3.3771628089862338
0.3404081897010009	3.3715420258148003
0.34119291162192855	3.365926400872879
0.3419794425137089	3.3603159645448724
0.3427677865464504	3.3547107469191677
0.34355794789987465	3.3491107777826414
0.34434993076333853	3.3435160866151032
0.3451437393358563	3.3379267025836707
0.345939377826122	3.332342654537112
0.34673685045253166	3.3267639710001045
0.34753616144320587	3.321190680167446
0.34833731503601184	3.315622809898214
0.34914031547858615	3.3100603877098513
0.3499451670283573	3.3045034407722023
0.350751873952568	3.298951995901482
0.35156044052829816	3.293406079554187
0.35237087104248715	3.287865717820944
0.353183169791957	3.282330936420302
0.3539973410834347	3.276801760692449
0.35481338923357547	3.2712782155928726
0.3556313185689854	3.2657603256859673
0.3564511334262443	3.2602481151385545
0.35727283815192895	3.254741607713363
0.35809643710263606	3.2492408267624198
0.35892193464500527	3.2437457952203954
0.35974933515574237	3.2382565355978694
0.36057864302164244	3.2327730699745376
0.36140986263961333	3.2272954199923456
0.36224299841669866	3.2218236068485537
0.3630780547701014	3.216357651288742
0.36391503612720716	3.2108975735997345
0.36475394692560786	3.2054433936024584
0.36559479161312497	3.1999951306447385
0.36643757464783333	3.1945528035940085
0.3672823004980847	3.1891164308299627
0.3681289736425315	3.183686030237128
0.3689775985701504	3.1782616191973596
0.3698281797802663	3.1728432145822834
0.37068072178257605	3.1674308327456293
0.37153522909717257	3.1620244895155256
0.3723917062545686	3.1566242001866978
0.3732501577957206	3.151229979512594
0.3741105882720534	3.145841484298952
0.3749730022454836	3.1404588181491713
0.3758374042884442	3.1350822596314587
0.37670379898390893	3.129711822762824
0.377572190925416	3.12434752099945
0.37844258471709324	3.1189893672285427
0.3793149849736819	3.113637373760125
0.38018939632056115	3.108291552318727
0.381065823393773	3.102951914035018
0.3819442708400465	3.0976184694373368
0.38282474331682265	3.092291228443158
0.38370724549227875	3.086970200350464
0.38459178204535355	3.081655393829042
0.38547835766577176	3.0763468169116917
0.38636697705406914	3.071044476985357
0.3872576449216172	3.0657483807821575
0.3881503659906482	3.0604585343703543
0.38904514499428056	3.055174943145213
0.3899419866765434	3.0498976118197834
0.390840895792402	3.044626544415604
0.3917418771077831	3.0393617442532963
0.3926449353995998	3.0341032139430886
0.3935500754557774	3.028850955375239
0.3944573020752784	3.0236049697103713
0.3953666200681279	3.0183652573697226
0.39627803425543945	3.01313181802529
0.3971915494694403	3.007904650589896
0.3981071705534972	3.002683753207147
0.39902490236214205	2.9974691232413067
0.39994474976109745	2.9922607572670756
0.4008667176273028	2.987058651059263
0.4017908108489399	2.981862799582377
0.4027170343254591	2.976673196980103
0.40364539296760493	2.9714898365646913
0.4045758916974427	2.9663127108062497
0.40550853544838383	2.9611418113219217
0.40644332916521275	2.9559771288649777
0.40738027780411273	2.950818653313798
0.4083193863326921	2.9456663736607567
0.40926065973001086	2.940520278000995
0.4102041029866068	2.9353803535211016
0.41114972110452225	2.9302465864876726
0.4120975190973302	2.925118962235786
0.4130475019901614	2.919997465157347
0.41399967481973043	2.9148820786893417
0.4149540426343629	2.909772785301977
0.41591061049402206	2.9046695664867075
0.4168693834703354	2.89957240274416
0.41783036664662176	2.894481273571939
0.4187935651179184	2.889396157452323
0.41975898399100753	2.8843108080944604
0.4207266283844441	2.8792267684158754
0.4216965034285822	2.874148636967579
0.422668614265603	2.869076414321866
0.4236429660495411	2.8640101003376643
0.4246195639463129	2.858949694151066
0.4255984131337431	2.853895194165747
0.42657951880159267	2.8488465980433166
0.4275628861515862	2.843803902693558
0.4285485203974395	2.8387671042645986
0.4295364267648873	2.8337361981329607
0.43052661049171065	2.828711178893545
0.43151907682776525	2.8236920403495067
0.43251383103500873	2.818678775502034
0.4335108783875289	2.813671376540044
0.43451022417157154	2.8086698348297654
0.4355118736855686	2.8036741409042434
0.436515832240166	2.7986842844527247
0.4375221051582521	2.793700254309969
0.4385306977749857	2.7887220384454348
0.4395416154378245	2.7837496239523882
0.4405548635065533	2.778782997036893
0.4415704473533125	2.773822143006709
0.44258837236262655	2.7688670462600844
0.44360864393143257	2.7639176902744436
0.4446312674691087	2.758974057594971
0.4456562483975033	2.7540361298230946
0.44668359215096315	2.749103887604853
0.44771330417636257	2.7441773106191656
0.4487453899331322	2.7392563775659857
0.449779854893288	2.734341066154356
0.45081670454146017	2.729431353090345
0.4518559443749224	2.724527214064875
0.4528975799036208	2.7196286237414373
0.4539416166502032	2.7147355557437067
0.4549880601500486	2.7098479826430224
0.4560369159512962	2.7049658759457724
0.4570881896148751	2.700089206080656
0.4581418867145335	2.695217942385823
0.4591980128368686	2.6903520530959137
0.4602565735813561	2.6854915053289643
0.4613175745603794	2.680636265073199
0.46238102139926035	2.6757862971737065
0.46344691973628804	2.6709415653189894
0.46451527522274944	2.6661020320273963
0.465586093522959	2.6612676586334247
0.46665938031428866	2.656438405273913
0.46773514128719823	2.651614230874089
0.46881338214526524	2.6467950931335134
0.46989410860521547	2.6419809485118804
0.47097732639695294	2.6371568439667636
0.47206304126359055	2.6323264858088065
0.4731512589614805	2.627500900997155
0.4742419852602447	2.622680103830093
0.47533522594280536	2.6178641081679115
0.47643098680541573	2.6130529274263634
0.47752927365769093	2.6082465745700376
0.4786300923226384	2.603445062105687
0.47973344863668915	2.5986484020754723
0.4808393484497286	2.5938566060501524
0.4819477976251274	2.589069685122209
0.4830588020397727	2.5842876498988963
0.48417236758409943	2.579510510495226
0.4852885001621211	2.5747382765268974
0.4864072056914617	2.5699709571031315
0.4875284901033864	2.565208560819465
0.48865235934283363	2.5604510957504605
0.48977881936844625	2.5556985694423413
0.4909078761526032	2.550950988905571
0.492039535681451	2.546208360607347
0.49317380395493593	2.5414706904640316
0.4943106869868355	2.536737983833504
0.4954501908047903	2.532010245507448
0.49659232145033616	2.527287479703551
0.49773708497893604	2.5225696900576473
0.4988844874600123	2.5178568796157745
0.5000345349769786	2.513149050826152
0.5011872336272724	2.5084462055310928
0.5023425895223872	2.503748344958832
0.5035006087879049	2.4990554697152816
0.5046612975635284	2.4943675797757034
0.505824662003114	2.489684674476306
0.5069907082747043	2.4850067525057575
0.5081594425605604	2.4803338118966285
0.5093308710571953	2.4756658500167443
0.5105049999754062	2.471002863560457
0.5116818355403077	2.4663448485398427
0.5128613839913648	2.4616918002758075
0.514043651582426	2.457043713389116
0.5152286445817564	2.4524005817913297
0.5164163692720709	2.4477623986756702
0.5176068319505677	2.4431291565077844
0.5188000389289611	2.4385008470164355
0.5199959965335159	2.4338774611840988
0.5211947111050804	2.4292589892374727
0.5223961889991198	2.424645420637904
0.5236004365857502	2.4200367440717203
0.5248074602497725	2.415432947440471
0.5260172663907061	2.4108340178510885
0.5272298614228227	2.4062399416059406
0.5284452517751804	2.40164148037624
0.5296634438916578	2.3970409404397452
0.5308844442309884	2.392445157359491
0.5321082592667942	2.387854153061298
0.5333348954876209	2.383267949156574
0.5345643593969717	2.3786865669370294
0.5357966575133416	2.374110027369333
0.5370317963702527	2.3695383510897106
0.5382697825162883	2.3649715583985036
0.5395106225151276	2.3604096692546555
0.5407543229455808	2.355852703270154
0.5420008904016238	2.351300679704416
0.5432503314924332	2.3467536174586154
0.5445026528424212	2.3422115350699526
0.5457578610912709	2.3376744507058733
0.5470159628939716	2.33314238215822
0.5482769649208538	2.3286153468373385
0.5495408738576245	2.3240933617661113
0.5508076964054034	2.319576443573944
0.5520774392807574	2.3150646084906876
0.5533501092157367	2.310557872340504
0.5546257129579107	2.306056250535661
0.5559042572704036	2.301559758070281
0.5571857489319298	2.2970684095140173
0.5584701947368308	2.292582219005676
0.5597576014951101	2.2881012002467673
0.5610479760324705	2.2836253664950013
0.5623413251903491	2.2791547305577176
0.5636376558259545	2.27468930478525
0.5649369748123025	2.270229101064228
0.5662392890382533	2.2657741308108124
0.5675446054085471	2.261324404963864
0.5688529308438415	2.2568799339780514
0.5701642722807475	2.2524407278168854
0.571478636671867	2.2480067959456904
0.5727960309858292	2.243578147324506
0.5741164622073276	2.2391547904009204
0.5754399373371569	2.2347367331028387
0.5767664633922508	2.230323982831175
0.5780960474057181	2.2259165464524786
0.5794286964268811	2.221514430291488
0.580764417521312	2.2171176401236194
0.5821032177708715	2.212726181167368
0.5834451042737447	2.2083400580766566
0.5847900841444807	2.2039592749330987
0.5861381645140288	2.199583835238188
0.5874893525297767	2.1952137419054236
0.588843655355589	2.1908489972523424
0.5902010801718444	2.1864896029924985
0.591561634175474	2.1821355602273464
0.5929253245799998	2.177784293994093
0.5942921586155727	2.173436452379046
0.5956621435290105	2.1690939477170104
0.5970352865838369	2.1647567894519377
0.5984115950603197	2.160424986525102
0.5997910762555094	2.1560985473679715
0.6011737374832781	2.1517774798950158
0.6025595860743578	2.1474617914964504
0.6039486293763798	2.1431514890309002
0.6053408747539136	2.1388465788180024
0.6067363295885054	2.1345470666309305
0.6081350012787179	2.1302529576888602
0.6095368972401692	2.1259642566493406
0.610942024905572	2.1216809676006205
0.6123503917247736	2.1174030940538744
0.6137620051647943	2.113130638935381
0.6151768727098682	2.108863604578604
0.6165950018614822	2.1046019927162116
0.618016400138416	2.1003458044720156
0.6194410750767815	2.0960950403528393
0.6208690342300636	2.0918497002403
0.6223002851691596	2.087609783382518
0.6237348354824193	2.083375288385754
0.6251726927756859	2.0791462132059553
0.6266138646723355	2.0749225551402324
0.628058358813318	2.07070431081825
0.6295061828571976	2.066491476193541
0.6309573444801934	2.062284046534738
0.6324118513762195	2.058082016416718
0.633869711256927	2.053885379711674
0.6353309318517437	2.0496941295800926
0.6367955209079159	2.0455082584616546
0.6382634861905487	2.0413277580660507
0.6397348354826482	2.0371526193637033
0.6412095765851616	2.0329828325764177
0.6426877173170197	2.0288183871679246
0.6441692655151774	2.024659271834362
0.6456542290346556	2.020505474494642
0.6471426157485832	2.0163569822807474
0.6486344335482385	2.012213781527929
0.6501296903430908	2.0080758577648172
0.6516283940608427	2.003943195703438
0.6531305526474724	1.9998157792291402
0.654636174067275	1.995693591390433
0.6561452663029055	1.9915766143887188
0.6576578373554206	1.9874648295679438
0.6591738952443215	1.9833582174041475
0.6606934480075961	1.979256757494921
0.662216503701762	1.9751604285487583
0.6637430704019089	1.9710692083743226
0.6652731562017414	1.9669738886491108
0.6668067692136223	1.9628767572496524
0.6683439175686147	1.9587846122842423
0.6698846094165265	1.9546974666328132
0.6714288529259524	1.950615332759252
0.6729766562843179	1.9465382227052481
0.6745280276979221	1.9424661480840852
0.6760829753919819	1.9383991200743658
0.6776415076106752	1.934337149413685
0.6792036326171846	1.930280246392234
0.6807693586937414	1.926228420846347
0.6823386941416696	1.9221816821519815
0.6839116472814293	1.9181400392181411
0.6854882264526615	1.9141035004802311
0.6870684400142321	1.9100720738933483
0.688652296344276	1.906045766925512
0.6902398038402419	1.9020245865508245
0.6918309709189364	1.8980085392425716
0.6934258060165691	1.8939976309662494
0.6950243175887968	1.8899918671725322
0.6966265141107687	1.885991252790169
0.6982324040771714	1.8819957922188093
0.6998419960022735	1.8780054893217726
0.7014552984199712	1.8740203474187298
0.7030723198838335	1.8700403692783354
0.7046930689671469	1.8660655571107763
0.7063175542629619	1.8620959125602508
0.7079457843841379	1.8581314366973862
0.7095777679633888	1.8541721300115732
0.711213513653329	1.8502179924032327
0.7128530301265195	1.8462690231760113
0.7144963260755133	1.8423252210289014
0.716143410212902	1.8383865840482867
0.7177942912713617	1.8344531096999106
0.7194489780036994	1.8305247948207781
0.7211074791828996	1.8266016356109702
0.7227698036021702	1.8226836276253888
0.72443596007499	1.8187707657654222
0.7261059574351547	1.8148630442705338
0.727779804536824	1.810960456709772
0.7294575102545687	1.8070629959731963
0.7311390834834174	1.8031706542632338
0.732824533138904	1.7992834230859445
0.734513868157115	1.7954012932422092
0.7362070974947361	1.7915242548188417
0.737904230129101	1.787652297179609
0.7396052750582378	1.7837854089561702
0.7413102413009175	1.779923578038941
0.7430191378967014	1.7760667915678603
0.744731973905989	1.772215035923079
0.7464487584100665	1.7683605021965243
0.7481695005111544	1.7645051370840823
0.7498942093324559	1.7606547146384974
0.7516228940182055	1.7568092510143456
0.7533555637337174	1.7529687620159167
0.7550922276654339	1.7491332630917795
0.7568328950209744	1.7453027693292942
0.7585775750291838	1.7414772954490665
0.7603262769401818	1.7376568557993546
0.762079010025412	1.7338414643504174
0.7638357835776907	1.7300311346888033
0.7655966069112563	1.7262258800115917
0.7673614893618189	1.7224257131205734
0.7691304402866096	1.7186306464163696
0.7709034690644301	1.7148406918925068
0.7726805850957024	1.7110558611294178
0.7744617978025188	1.7072761652883974
0.7762471166286917	1.7035016151054931
0.7780365510398041	1.6997322208853376
0.7798301105232588	1.6959679924949214
0.7816278045883297	1.6922089393573085
0.7834296427662119	1.6884550704452854
0.7852356346100718	1.6847063942749538
0.7870457896950986	1.6809629188992612
0.7888601176185545	1.6772246519014657
0.7906786279998251	1.6734916003885423
0.7925013304804718	1.669763770984523
0.7943282347242815	1.6660411698237765
0.7961593504173188	1.6623238025442173
0.7979946872679766	1.65861167428046
0.7998342550070284	1.6549047896568967
0.8016780633876791	1.6512031527807174
0.8035261221856173	1.6475067672348593
0.8053784411990667	1.6438156360708913
0.8072350302488382	1.64012976180183
0.8090958991783823	1.6364491463948874
0.8109610578538409	1.6327737912641505
0.8128305161640993	1.6291036972631914
0.8147042840208396	1.6254388646776081
0.8165823713585925	1.621779293217493
0.81846478813479	1.6181249820098338
0.8203515443298183	1.6144759295908404
0.8222426499470712	1.6108321338981986
0.8241381150130024	1.607193592263256
0.8260379495771788	1.603560301403128
0.8279421637123342	1.5999322574127348
0.8298507675144225	1.596309455756762
0.8317637711026711	1.5926918912615475
0.8336811846196344	1.5890795581068886
0.835603018231248	1.585472449817779
0.8375292821268826	1.5818649555571296
0.8394599865193975	1.578258477954122
0.8413951416451951	1.574657171119032
0.8433347577642755	1.5710610495322113
0.84527884516029	1.5674701273055172
0.8472274141405965	1.563884418176747
0.8491804750363139	1.5603039355040025
0.8511380382023765	1.5567286922600168
0.8531001140175896	1.5531587010264112
0.8550667128846834	1.5495939739879074
0.8570378452303697	1.5460345229264743
0.8590135215053958	1.5424803592154246
0.8609937521846007	1.5389314938134495
0.8629785477669704	1.535387937258599
0.8649679187756933	1.5318496996622022
0.8669618757582167	1.528316790702728
0.8689604292863019	1.52478921961959
0.8709635899560808	1.5212669952068891
0.8729713683881117	1.5177501258070918
0.8749837752274362	1.5142386193046586
0.8770008211436349	1.5107324831195996
0.8790225168308845	1.5072317242009772
0.8810488730080143	1.5037363490203386
0.8830799004185629	1.5002463635650964
0.8851156098308356	1.4967617733318312
0.887156012037961	1.4932825833195422
0.8892011178579485	1.4898087980228334
0.8912509381337457	1.4863404214250242
0.8933054837332954	1.4828774569912058
0.895364765549594	1.4794199076612282
0.8974287945007486	1.4759677758426166
0.8994975815300353	1.472521063403428
0.9015711376059571	1.4690797716650326
0.9036494737223016	1.4656439013948348
0.9057326008982003	1.4622134527989166
0.9078205301781859	1.458788425514622
0.9099132726322517	1.455368818603062
0.9120108393559097	1.4519546305415567
0.9141132414702502	1.4485458592159988
0.9162204901219997	1.445142501913155
0.9183325964835808	1.441744555312886
0.9204495717531712	1.4383520154802993
0.9225714271547631	1.4349648778578281
0.9246981739382225	1.431583137257233
0.9268298233793492	1.4282067878515339
0.9289663867799363	1.424835823166861
0.9311078754678302	1.4214702360742382
0.933254300796991	1.4181100187812798
0.9354056741475518	1.4147551628238202
0.9375620069258802	1.4114056590574564
0.9397233105646378	1.4080566641477557
0.9418895965228413	1.404709384145995
0.9440608762859233	1.4013673982891008
0.946237161365793	1.3980307150326527
0.9484184633008971	1.394699342392166
0.9506047936562815	1.3913732879368865
0.9527961640236519	1.388052558783534
0.9549925860214359	1.3847371615899784
0.9571940712948444	1.3814271025488618
0.9594006315159331	1.3781223873811526
0.9616122783836646	1.3748230213296444
0.9638290236239705	1.3715290091523904
0.9660508789898133	1.3682403551160742
0.9682778562612491	1.3649570629893175
0.9705099672454897	1.3616791360359297
0.9727472237769651	1.3584065770080844
0.9749896377173869	1.355139388139438
0.9772372209558107	1.351877571138183
0.9794899854086988	1.3486211271800301
0.9817479430199844	1.3453700569011315
0.9840111057611337	1.342124360390931
0.9862794856312105	1.3388840371849517
0.9885530946569389	1.3356490862575128
0.9908319448927676	1.3324195060143793
0.9931160484209338	1.3291952942853424
0.995405417351527	1.3259764483167298
0.9977000638225533	1.3227629647638477
1.	1.3195548396833492
1.0023052380778998	1.316352068525535
1.0046157902783952	1.3131546461265804
1.0069316688518044	1.3099625667006867
1.0092528860766845	1.3067758238321678
1.0115794542598988	1.3035944104674528
1.0139113857366795	1.3004183189070264
1.016248692870696	1.297247540797279
1.0185913880541169	1.2940820671223001
1.0209394837076802	1.2909218881955755
1.023292992280754	1.2877669936516287
1.0256519262514079	1.284617372437564
1.0280162981264735	1.2814730128045522
1.0303861204416165	1.2783339022992164
1.0327614057613974	1.2752000277549616
1.0351421666793441	1.2720713752832025
1.0375284158180127	1.2689479302645286
1.0399201658290596	1.2658296773397741
1.0423174293933042	1.262716600401019
1.0447202192208003	1.2596086825824946
1.0471285480508996	1.256505906251418
1.0495424286523225	1.253408252998732
1.051961873823223	1.250315703629771
1.0543868963912593	1.2472204728981666
1.0568175092136585	1.2441244945079857
1.0592537251772887	1.2410335151225327
1.0616955571987248	1.237947545094468
1.064143018224316	1.2348665943985044
1.066596121230258	1.231790672625925
1.0690548792226577	1.2287197889790644
1.0715193052376064	1.2256539522657226
1.0739894123412446	1.222593170893537
1.076465213629835	1.2195374528642875
1.0789467222298286	1.2164868057681621
1.081433951297938	1.2134412367779497
1.0839269140212033	1.210400752643195
1.0864256236170655	1.207365359684283
1.0889300933334332	1.2043350637864774
1.0914403364487566	1.2013098703938934
1.0939563662720937	1.1982897845034206
1.096478196143185	1.1952748106585824
1.0990058394325208	1.19226495294334
1.101539309541415	1.189260214975836
1.104078619902073	1.1862605999020814
1.1066237839776665	1.1832661103895756
1.1091748152624008	1.1802767486208783
1.1117317272815914	1.1772925162871055
1.1142945335917298	1.1743134145813783
1.1168632477805611	1.1713394441921976
1.1194378834671515	1.1683706052967682
1.1220184543019636	1.1654068975542482
1.1246049739669264	1.1624483200989457
1.1271974561755105	1.1594948715334426
1.1297959146727976	1.1565465499216616
1.1324003632355573	1.1536033527818605
1.1350108156723149	1.15066527707957
1.137627285823431	1.1477323192204554
1.1402497875611686	1.1448044750431214
1.1428783347897717	1.1418817398118415
1.1455129414455354	1.1389641082092257
1.1481536214968828	1.136051574328816
1.1508003889444356	1.1331441316676183
1.1534532578210923	1.1302417731185541
1.1561122421920986	1.1273444909628583
1.1587773561551262	1.1244522768623912
1.1614486138403426	1.12156512185189
1.1641260294104914	1.1186830163311403
1.1668096170609623	1.115805950057085
1.1694993910198712	1.1129339121358492
1.1721953655481303	1.110066891014704
1.1748975549395297	1.1072048744739422
1.1776059735208073	1.1043478496186954
1.1803206356517297	1.1014958028706585
1.1830415557251646	1.0986423142841077
1.1857687481671602	1.0957889811834824
1.1885022274370183	1.0929405462228854
1.1912420080273751	1.0900970200508282
1.193988104464273	1.087258412965778
1.1967405313072437	1.0844247349110443
1.1994993031493788	1.0815959954696215
1.2022644346174132	1.078772203858972
1.2050359403717974	1.0759533689257703
1.2078138351067804	1.0731394991405852
1.2105981335504823	1.0703306025925203
1.2133888504649775	1.067526686983795
1.2161860006463678	1.0647277596242815
1.2189895989248667	1.0619338274259804
1.2217996601648717	1.0591448968974526
1.2246161992650488	1.0563609741381894
1.2274392311584073	1.0535820648329357
1.2302687708123818	1.0508081742459532
1.233104833228909	1.0480393072152352
1.2359474334445106	1.0452754681466592
1.238796586530369	1.0425166610080905
1.2416523075924113	1.0397628893234236
1.244514611771385	1.0370141561665753
1.2473835142429432	1.03427046415541
1.2502590302177201	1.0315318154456175
1.2531411749414163	1.0287982117245267
1.2560299636948749	1.0260696542048655
1.2589254117941675	1.0233461436184552
1.2618275345906707	1.020627680209854
1.2647363474711515	1.0179142637299332
1.2676518658578455	1.0152058934293988
1.270574105208542	1.0125025680522468
1.2735030810166617	1.0098042858291638
1.276438808811344	1.0071110444708582
1.2793813041575246	1.0044228411613354
1.2823305826560218	1.0017396725511065
1.2852866599436155	0.9990615347503362
1.2882495516931343	0.9963884233219239
1.2912192736135342	0.993720333274523
1.2941958414499863	0.991057259055493
1.297179270983956	0.9883991945437892
1.3001695780332907	0.9857461330427828
1.3031667784522993	0.9830980672730184
1.3061708881318417	0.9804549893648987
1.309181922999407	0.9778168908513093
1.3121998990192034	0.9751837626601682
1.3152248321922384	0.9725555951069111
1.3182567385564075	0.9699323778869055
1.3212956341865751	0.9673141000677954
1.324341535194665	0.9647007500817739
1.3273944577297394	0.9620874808271547
1.3304544179780915	0.9594754963732894
1.333521432163324	0.9568683747045599
1.3365955165464425	0.9542661220455618
1.3396766874259352	0.9516687442294401
1.3427649611378643	0.9490762466924545
1.3458603540559484	0.9464886344685022
1.348962882591654	0.9439059121835831
1.3520725631942772	0.9413280840502158
1.3551894123510364	0.9387551538617964
1.3583134465871542	0.9361871249869098
1.3614446824659503	0.9336240003635807
1.3645831365889245	0.9310657824934742
1.3677288255958495	0.928512473436039
1.3708817661648536	0.9259640748026003
1.3740419750125157	0.9234205877503873
1.3772094688939465	0.9208820129765168
1.3803842646028852	0.9183483507119079
1.383566378971781	0.9158196007151506
1.3867558288718889	0.9132957622663065
1.3899526312133532	0.9107768341606612
1.3931568029453036	0.9082628147024089
1.3963683610559376	0.9057537016982866
1.3995873225726185	0.9032494924511406
1.4028137045619582	0.9007501837534398
1.4060475241299144	0.8982557718807233
1.4092887984218747	0.8957662525849918
1.4125375446227548	0.893281621088032
1.4157937799570817	0.8908018720746846
1.4190575216890926	0.8883269996860448
1.4223287871228198	0.8858569975126044
1.425607593602188	0.8833918585873248
1.428893958511103	0.8809315753786516
1.432187899273543	0.8784761397834635
1.435489433353656	0.8760255431199486
1.4387985782558452	0.8735797761204294
1.4421153515248688	0.8711388289241053
1.4454397707459272	0.8687026910697434
1.4487718535447618	0.8662713514882896
1.452111617587742	0.8638447984954212
1.455459080581966	0.8614230197840242
1.4588142602753482	0.8590060024166079
1.4621771744567182	0.8565937328176437
1.4655478409559113	0.8541861967658395
1.468926277643867	0.8517833793863396
1.4723125024327186	0.8493852651428561
1.4757065332758947	0.8469918378297254
1.4791083881682072	0.8446030805638968
1.4825180851459536	0.8422189757768427
1.4859356422870067	0.8398395052064007
1.4893610777109154	0.8374574568258583
1.492794409578996	0.8350746214393289
1.4962356560944337	0.8326963218824237
1.4996848355023733	0.8303225674044213
1.5031419660900225	0.8279533669411113
1.5066070661867417	0.8255887291102463
1.5100801541641484	0.8232286622069427
1.513561248436208	0.8208731741990484
1.5170503674593367	0.8185222727224545
1.5205475297324955	0.8161759650763706
1.5240527537972914	0.8138342582185472
1.5275660582380723	0.8114971587604599
1.5310874616820302	0.8091646729624402
1.5346169827992941	0.8068368067287661
1.5381546403030348	0.8045135656026995
1.5417004529495593	0.8021949547614826
1.545254439538414	0.7998809790112803
1.5488166189124812	0.7975716427820799
1.5523870099580825	0.7952669501225377
1.5559656316050743	0.7929669046947817
1.559552502826954	0.7906715097691577
1.5631476426409538	0.7883807682189351
1.5667510701081493	0.7860946825149517
1.5703628043335522	0.7838132547202195
1.5739828644662197	0.7815364864844675
1.5776112696993485	0.779264379038645
1.5812480392703834	0.7769969331893626
1.5848931924611134	0.7747341493132881
1.5885467485977791	0.7724760273514857
1.59220872705117	0.7702225668037052
1.5958791472367329	0.767973766722613
1.5995580286146687	0.7657296257079752
1.6032453906900417	0.7634901419007806
1.6069412530128773	0.7612553129773139
1.6106456351782708	0.7590251361431664
1.6143585568264862	0.7567996081272008
1.6180800376430662	0.7545787251754498
1.6218100973589298	0.7523624830449656
1.6255487557504842	0.7501508769976063
1.6292960326397223	0.747943901793771
1.6330519478943346	0.7457415516860691
1.6368165214278085	0.7435438204129395
1.6405897731995396	0.7413507011922015
1.6443717232149315	0.739162186714556
1.6481623915255086	0.7369782691370175
1.651961798229015	0.7347989400762924
1.6557699634695284	0.7326241906020923
1.6595869074375604	0.7304540112303883
1.6634126503701698	0.7282883919165993
1.6672472125510627	0.7261273220487252
1.6710906143107078	0.7239662374657978
1.6749428760264373	0.7218062723739712
1.6788040181225607	0.7196507965068151
1.6826740610704674	0.7174998161352982
1.6865530253887415	0.7153533371948106
1.690440931643264	0.7132113652804841
1.6943378004473288	0.7110739056424563
1.6982436524617444	0.708940963181101
1.7021585083949509	0.7068125424422035
1.7060823890031234	0.7046886476120969
1.710015315090288	0.7025692825127472
1.7139573075084253	0.7004544505967973
1.7179083871575884	0.6983441549425566
1.721868574986007	0.69623839824895
1.725837891990204	0.6941371828304145
1.7298163592151015	0.6920405106117526
1.7338039977541384	0.6899483831229294
1.7378008287493754	0.6878608014938287
1.7418068733916146	0.6857777664489544
1.7458221529205038	0.6836992783020848
1.7498466886246573	0.6816253369508745
1.7538805018417611	0.6795559418714096
1.7579236139586931	0.6774910921127054
1.7619760464116292	0.6754307862911599
1.7660378206861649	0.6733750225849495
1.770108958317421	0.6713237987283763
1.7741894808901661	0.6692771120061598
1.7782794100389228	0.6672349592476788
1.78237876744809	0.6651973368211551
1.7864875748520508	0.6631642406277884
1.7906058540352947	0.6611356660958316
1.7947336268325265	0.6591116081746161
1.7988709151287883	0.6570920613285162
1.803017740859569	0.6550770195308641
1.8071741260109275	0.6530664762578022
1.8113400926196026	0.6510604244820841
1.8155156627731361	0.6490588566668142
1.8197008586099834	0.6470617647591322
1.8238957023196385	0.6450691401838385
1.8281002161427427	0.6430809738369617
1.832314422371212	0.6410972560792645
1.8365383433483464	0.6391179767296948
1.8407720014689564	0.6371431250587715
1.8450154191794736	0.6351726897819135
1.8492686189780787	0.633206659052706
1.8535316234148114	0.6312450204561055
1.857804455091699	0.6292877610015823
1.8620871366628675	0.6273348671162029
1.8663796908346704	0.6253863246376449
1.8706821403658007	0.6234421188071536
1.8749945080674193	0.6214979981681908
1.8793168168032686	0.6195550129635021
1.883649089489801	0.6176162933033139
1.8879913490962936	0.6156818398561595
1.892343618644976	0.6137516529065001
1.8967059212111463	0.6118257323496826
1.9010782799233006	0.6099040776868451
1.9054607179632472	0.6079866880197791
1.9098532585662378	0.6060735620457389
1.914255925021086	0.6041646980522064
1.9186687406702891	0.6022600939116063
1.9230917289101586	0.6003597470759691
1.9275249131909356	0.5984636545715492
1.9319683170169242	0.596571812993387
1.936421963946607	0.5946842184998282
1.9408858775927782	0.5928008668069824
1.9453600816226624	0.5909217531831407
1.9498445997580456	0.589046872443133
1.9543394557753944	0.5871762189426392
1.95884467350599	0.585309786572442
1.9633602768360463	0.5834475687526343
1.967886289706845	0.5815895584267641
1.9724227361148534	0.5797357480559334
1.976969640111861	0.5778861296128381
1.9815270258050979	0.5760406945757555
1.9860949173573716	0.574199433922473
1.9906733389871865	0.5723623381241677
1.9952623149688797	0.5705293971392216
1.9998618696327437	0.5687006004069879
2.0044720273651615	0.5668759368414943
2.0090928126087277	0.5650553948250934
2.0137242498623884	0.5632389622020505
2.0183663636815607	0.5614266262720788
2.023019178678272	0.5596183737838089
2.0276827195212817	0.5578141909282053
2.032357010936222	0.5560140633319168
2.037042077705718	0.5542179760505743
2.0417379446695296	0.5524259135620183
2.046444636724674	0.5506378597594747
2.0511621788255656	0.5488537979446598
2.0558905959841414	0.5470737108208313
2.0606299132700006	0.5452975804857686
2.065380155810529	0.5435253884246977
2.0701413487910423	0.5417571155031433
2.0749135174549096	0.5399927419597266
2.079696687103696	0.5382322473988885
2.084490883097289	0.5364756107835555
2.0892961308540396	0.5347228104277326
2.0941124558508926	0.5329738239890365
2.0989398836235242	0.5312286284611559
2.1037784397664754	0.5294806991689038
2.1086281499332897	0.5277316480422102
2.1134890398366464	0.5259862791780363
2.1183611352485023	0.524244594284816
2.123244462000219	0.5225065947498121
2.1281390459827123	0.5207722816348358
2.133044913146576	0.5190416556719321
2.1379620895022327	0.5173147172590181
2.1428906011200586	0.5155914664554866
2.1478304741305343	0.5138719029777614
2.1527817347243725	0.5121560261948189
2.157744409152667	0.5104438351236598
2.16271852372702	0.508735328424746
2.167704104819695	0.5070305043973865
2.1727011788637443	0.5053293609750906
2.1777097723531593	0.5036318957208663
2.1827299118430012	0.501938105822485
2.187761623949553	0.5002479880876942
2.1928049353504484	0.49856153893939303
2.197859872784825	0.49687875441075513
2.202926463053456	0.49519963014031493
2.2080047330189	0.4935241613669992
2.2130947096056377	0.4918523429251215
2.2181964198002193	0.49018416923932295
2.223309890651403	0.48851963431947265
2.2284351492703043	0.48685873175551436
2.2335722228305315	0.48520145471227405
2.23872113856834	0.4835477959242094
2.2438819237827663	0.48189774769012156
2.2490546058357817	0.48025130186781023
2.254239212152429	0.4786084498686849
2.259435770220978	0.4769691826523224
2.2646443075930596	0.4753334907209798
2.2698648518838223	0.4737013641140517
2.2750974307720706	0.47207279240248107
2.2803420720004186	0.47044776468311633
2.28559880337543	0.46882626957301937
2.2908676527677736	0.46720829520371915
2.296148648112362	0.46559382921541603
2.301441817408509	0.4639828587511293
2.306747188720069	0.462375370450797
2.312064790175595	0.4607713504453165
2.3173946499684783	0.45917078435053593
2.3227367963571073	0.4575736572611874
2.328091257665008	0.45597995374476935
2.3334580622810033	0.4543896578353682
2.338837238659355	0.4528027530274308
2.344228815319923	0.4512192222694741
2.3496328208483073	0.4496390479577446
2.35504928389601	0.4480622119298138
2.360478233180577	0.4464822427126944
2.365919697485759	0.444900745149253
2.371373705661655	0.4433224926600058
2.3768402866248772	0.441747492026129
2.38231946935869	0.44017574981588303
2.3878112829131783	0.4386072723815021
2.3933157564053875	0.4370420658560594
2.3988329190194912	0.4354801361502962
2.4043628000069335	0.4339214889494254
2.4099054286865957	0.43236612970990096
2.41546083444494	0.4308140636561591
2.421029046736179	0.4292652957773229
2.4266100950824154	0.4277198308238839
2.432204009073816	0.42617767330434203
2.4378108183687526	0.42463882748182225
2.4434305526939726	0.4231032973706509
2.4490632418447453	0.4215710867329073
2.454708915685031	0.42004219907493423
2.4603676041476272	0.4185166376438235
2.46603933723434	0.41699440542385985
2.4717241450161302	0.41547550513293924
2.4774220576332864	0.41395993921894486
2.4831331052955705	0.41244770985609697
2.4888573182823914	0.410938818941261
2.494594726942955	0.40943326809022584
2.500345361696432	0.4079310586339437
2.506109253032114	0.40643219161473804
2.511886431509581	0.40493666778247067
2.5176769277588558	0.4034444875906787
2.5234807724805757	0.40195565119266935
2.529297996446145	0.4004701584375839
2.5351286304979084	0.3989880088664186
2.540972705549305	0.39750920170801496
2.5468302525850417	0.3960337358750059
2.552701302661247	0.3945616099597296
2.5585858869056453	0.3930928222301013
2.5644840365177175	0.3916273706254483
2.5703957827688635	0.3901652527523074
2.5763211570025755	0.3887064658801796
2.582260190634596	0.3872510069372499
2.588212915153092	0.3857988725060628
2.5941793621188136	0.38435005881916257
2.6001595631652723	0.3829045617546876
2.6061535499988953	0.38146237683192985
2.6121613543992064	0.3800234992068482
2.6181830082189848	0.37858792366754396
2.624218543384442	0.377155644629692
2.6302679918953813	0.37572665613193296
2.6363313858253803	0.37430095183121836
2.642408757321946	0.3728785249981195
2.648500138606701	0.3714556039998636
2.654605561975539	0.37003312883958717
2.6607250597988097	0.3686138879956756
2.666858664521479	0.36719788903910905
2.6730064086633116	0.36578513935124973
2.6791683248190314	0.3643756461210123
2.6853444456585076	0.3629694163420016
2.691534803926915	0.36156645680962857
2.6977394324449206	0.36016677411819176
2.703958364108843	0.3587703746579371
2.7101916318908432	0.35737726461208214
2.7164392688390824	0.35598744995381904
2.7227013080779128	0.35460093644328194
2.7289777828080406	0.35321772962449005
2.7352687263067126	0.35183783482225756
2.741574171927882	0.3504612571390777
2.7478941531023975	0.3490880014519721
2.7542287033381663	0.34771807240931535
2.7605778562203462	0.3463514744276243
2.7669416454115114	0.34498821168832017
2.773320104651841	0.34362828813445684
2.7797132677592886	0.3422717074674215
2.7861211686297707	0.3409184731435995
2.792543841237338	0.33956858837101195
2.798981319634363	0.3382220561059167
2.805433637951713	0.3368788790493824
2.811900830398941	0.33553905964382436
2.8183829312644537	0.3342026000695128
2.8248799749157074	0.3328695022410439
2.831391995799379	0.3315397678037809
2.8379190284415565	0.33021339813025874
2.8444611074479154	0.32889039431655726
2.85101826750391	0.32757075717863815
2.8575905433749464	0.3262544872486499
2.8641779699065815	0.32494158477119456
2.8707805820246906	0.3236320496995642
2.8773984147356697	0.32232588169193654
2.8840315031266055	0.3210230801075411
2.8906798823654762	0.3197236440027828
2.897343587701323	0.3184275721273371
2.904022654464451	0.3171348629202002
2.910717118066605	0.3158455145057106
2.9174270140011673	0.3145595246895267
2.924152377843335	0.31327689095457345
2.9308932452503216	0.31199761045694446
2.9376496519615305	0.3107216800217735
2.9444216337987617	0.3094490961390605
2.9512092266663856	0.3081798549594655
2.9580124665515464	0.3069139522900585
2.9648313895243423	0.3056513835900338
2.971666031738027	0.30438892810809687
2.9785164294291895	0.3031273900192472
2.9853826189179604	0.30186915255145985
2.992264636608189	0.30061422330609644
2.9991625189876516	0.29936260970330475
3.0060763026282307	0.2981143189793099
3.013006024186122	0.29686935818367166
3.019951720402016	0.2956277341765224
3.0269134281013064	0.2943894536257721
3.0338911841942706	0.2931545230042918
3.04088502567628	0.29192294858706413
3.047894989627983	0.29069473644831206
3.054921113215514	0.2894698924585945
3.061963433690677	0.28824842228187925
3.069021988391158	0.2870303313725817
3.076096814740708	0.28581562497258206
3.083187950249355	0.28460430810820725
3.0902954325135905	0.2833963855871889
3.097419299216581	0.2821918619955887
3.1045595881283554	0.2809907416946978
3.1117163371060186	0.27979302881790197
3.118889584093937	0.2785987272675228
3.126079367123956	0.2774078407116223
3.1332857243155856	0.27622037258078336
3.1405086938762183	0.2750363260648537
3.1477483141013156	0.2738557041096647
3.1550046233746274	0.2726785094137141
3.1622776601683795	0.27150474442482064
3.169567463043492	0.2703344113367451
3.1768740706497707	0.26916751208578144
3.1841975217261256	0.2680040483473125
3.1915378551007616	0.26684402153233805
3.198895109691399	0.2656874327839645
3.206269324505466	0.26453428297386733
3.213660538640318	0.263384572698715
3.2210687912834346	0.2622383022765641
3.2284941217126364	0.26109547174321646
3.2359365692962827	0.2599560808485461
3.2433961734934935	0.25882012905278806
3.250872973854344	0.2576876155227967
3.2583670100200885	0.25655853912826443
3.265878321723358	0.2554328984379101
3.273406948788383	0.2543106917156274
3.2809529311311905	0.2531919169166017
3.2885163087598315	0.25207657168338665
3.2960971217745776	0.2509646533419487
3.303695410368149	0.2498561588976705
3.311311214825911	0.2487510850313222
3.3189445755261047	0.2476494280949903
3.326595532940045	0.24655118410797403
3.3342641276323506	0.24545388586176053
3.3419504002611427	0.24435814860191207
3.3496543915782775	0.24326579683550725
3.3573761424295467	0.24217683560718414
3.365115693754908	0.24109126975220446
3.372873086588689	0.24000910389350819
3.380648362059817	0.238930342438738
3.3884415613920256	0.23785498957723775
3.3962527259040853	0.2367830492770193
3.404081897010009	0.23571452528170306
3.4119291162192864	0.23464942110742776
3.4197944251370886	0.23358774003973226
3.4276778654645046	0.23252948513040542
3.4355794789987466	0.23147465919431046
3.443499307633384	0.2304232648061732
3.451437393358563	0.22937530429734526
3.459393778261219	0.22833077975253485
3.4673685045253166	0.22728969300650517
3.4753616144320576	0.22625204564074405
3.483373150360118	0.22521783898010098
3.4914031547858606	0.22418707408939334
3.499451670283573	0.2231597517699788
3.5075187395256795	0.22213587255629938
3.5156044052829816	0.22111543671238842
3.523708710424871	0.22009844422834937
3.53183169791957	0.21908489481679744
3.5399734108343464	0.21807478790927268
3.548133892335755	0.2170681226526146
3.5563131856898527	0.21606489790530806
3.5645113342624426	0.2150651122337899
3.5727283815192883	0.21406876390872728
3.5809643710263606	0.21307585090125503
3.5892193464500517	0.21208637087918408
3.5974933515574232	0.2111003212031698
3.6057864302164235	0.21011769892284912
3.6140986263961334	0.20913850077293816
3.6224299841669856	0.20816272316929751
3.630780547701014	0.20719036220495746
3.639150361272071	0.2062214136461106
3.6475394692560785	0.2052558729280635
3.6559479161312485	0.20429373515115512
3.664375746478333	0.20333499507663405
3.672823004980846	0.20237964712250162
3.681289736425315	0.20142768535931288
3.6897759857015027	0.20047910350594378
3.6982817978026628	0.19953389492531481
3.7068072178257596	0.19859205262007995
3.715352290971726	0.19765356922827274
3.7239170625456848	0.19671843701891578
3.732501577957206	0.19578664788758718
3.741105882720533	0.19485550863614942
3.7497300224548358	0.19392568613699837
3.758374042884441	0.19299916542792714
3.767037989839089	0.19207594820046628
3.77572190925416	0.1911560359074654
3.7844258471709336	0.1902394297599296
3.793149849736819	0.1893261307238293
3.801893963205613	0.18841613951687677
3.81065823393773	0.18750945660527663
3.8194427084004663	0.18660608220044123
3.8282474331682264	0.18570601625568006
3.8370724549227884	0.18480925846285362
3.8459178204535354	0.18391580824900056
3.8547835766577188	0.18302566477292953
3.8636697705406915	0.1821388269217826
3.8725764492161727	0.18125529330756326
3.8815036599064823	0.18037506226363678
3.8904514499428067	0.17949813184119248
3.899419866765434	0.17862449980567896
3.908408957924021	0.1777541636332015
3.9174187710778305	0.17688712050688998
3.926449353995999	0.17602336731323007
3.9355007545577743	0.1751629006383637
3.944573020752785	0.17430571676435203
3.953666200681279	0.17345181166540796
3.9627803425543955	0.17260118100408978
3.971915494694403	0.17175382012746407
3.981071705534973	0.17090972406322946
3.9902490236214203	0.17006888751580845
3.9994474976109755	0.16923130486240018
4.008667176273028	0.16839697014900043
4.0179081084894	0.16756587708638185
4.027170343254591	0.16673801904604046
4.036453929676051	0.16591338905610314
4.045758916974426	0.1650919797971995
4.055085354483839	0.16427378359829414
4.0644332916521275	0.1634587924324838
4.073802778041128	0.1626469979127533
4.083193863326921	0.16183839128769573
4.09260659730011	0.16103296343719156
4.1020410298660686	0.1602307048680509
4.111497211045223	0.1594316057096139
4.120975190973302	0.15863565570931384
4.130475019901614	0.1578428442281978
4.139996748197304	0.15705316023640958
4.149540426343631	0.156266592308629
4.1591061049402205	0.15548312861947317
4.168693834703355	0.1547027569388533
4.178303666466218	0.15392546462729284
4.187935651179185	0.1531512386312012
4.1975898399100755	0.15237650361132152
4.207266283844442	0.15160214218565932
4.216965034285822	0.15083078589380228
4.226686142656031	0.15006243501578573
4.2364296604954115	0.14929708960226543
4.24619563946313	0.1485347494715443
4.2559841313374305	0.14777541420657314
4.265795188015928	0.14701908315192208
4.275628861515862	0.14626575541072542
4.285485203974396	0.14551542984159582
4.295364267648873	0.14476810505551232
4.3052661049171075	0.14402377941267763
4.3151907682776525	0.1432824510193476
4.325138310350088	0.14254411772463024
4.335108783875289	0.1418087771172563
4.345102241715717	0.14107642652231894
4.355118736855686	0.1403470629979846
4.365158322401661	0.1396206833321718
4.375221051582521	0.13889728403920173
4.385306977749858	0.1381768613564156
4.395416154378245	0.1374594112407629
4.405548635065534	0.13674492936535715
4.4157044735331255	0.13603341111600095
4.425883723626267	0.13532485158767824
4.436086439314326	0.1346192455810157
4.446312674691089	0.13391658759871058
4.456562483975033	0.13321687184192724
4.466835921509633	0.13252009220665933
4.477133041763626	0.13182624228006068
4.487453899331323	0.13113531533674075
4.49779854893288	0.13044730433502863
4.508167045414603	0.1297622019132007
4.518559443749224	0.12908000038567688
4.528975799036209	0.12840069173917948
4.539416166502032	0.12772426762885977
4.549880601500488	0.12705071937438758
4.560369159512962	0.1263800379560078
4.570881896148752	0.12571221401055815
4.581418867145335	0.1250472378274547
4.591980128368688	0.12438509934463797
4.6025657358135605	0.12372578814448505
4.613175745603796	0.12306929344968308
4.623810213992603	0.12241560411906734
4.634469197362879	0.12176470864342014
4.645152752227495	0.12111659514123374
4.6558609352295885	0.12047125135443518
4.666593803142887	0.1198286646440706
4.677351412871981	0.11918882198595492
4.688133821452653	0.11855170996627828
4.698941086052153	0.11791731477717743
4.709773263969529	0.11728181685253106
4.720630412635905	0.11664615938373475
4.731512589614805	0.11601315409213497
4.7424198526024455	0.11538280161476304
4.753352259428054	0.11475510239513348
4.7643098680541565	0.11413005668072329
4.775292736576909	0.11350766452042435
4.786300923226383	0.11288792576197498
4.797334486366892	0.11227084004936516
4.808393484497285	0.11165640682021964
4.819477976251274	0.11104462530315502
4.830588020397726	0.11043549451511375
4.841723675840994	0.10982901325867224
4.8528850016212095	0.10922518011932474
4.864072056914616	0.10862399346274161
4.875284901033862	0.10802545143200311
4.886523593428336	0.10742955194480605
4.897788193684462	0.10683629269064682
4.909078761526032	0.10624567112797619
4.920395356814509	0.10565768448132998
4.9317380395493595	0.10507232973843161
4.943106869868354	0.10448960364726967
4.954501908047903	0.10390950271314696
4.96592321450336	0.1033320231957042
4.97737084978936	0.10275716110591494
4.9888448746001215	0.10218491220305441
5.000345349769786	0.1016152719916393
5.011872336272722	0.10104823571834103
5.0234258952238715	0.10048379836886917
5.035006087879047	0.09992195466482866
5.046612975635284	0.09936269906054582
5.05824662003114	0.09880602573986844
5.0699070827470445	0.09825192861293364
5.081594425605605	0.0977004013129097
5.093308710571955	0.0971514371927051
5.105049999754062	0.09660502932165078
5.116818355403078	0.09606117048214992
5.1286138399136485	0.09551985316629923
5.140436515824262	0.09498106957247855
5.152286445817564	0.09444481160191058
5.16416369272071	0.09391107085518853
5.176068319505676	0.09337983862877408
5.188000389289612	0.09285110591146213
5.199959965335159	0.09232486338081523
5.211947111050805	0.09180110139956474
5.223961889991197	0.09127981001198118
5.236004365857504	0.09076097894021021
5.248074602497725	0.09024459758057805
5.2601726639070625	0.08973065499986138
5.2722986142282275	0.08921913993152635
5.284452517751805	0.08870725921364511
5.296634438916578	0.0881957010138478
5.308844442309884	0.08768651926987951
5.321082592667942	0.08717971308739213
5.333348954876211	0.08667528138262186
5.345643593969716	0.086173222879994
5.357966575133418	0.08567353610970338
5.370317963702527	0.08517621940527491
5.382697825162884	0.08468127090109928
5.3951062251512765	0.08418868852994786
5.4075432294558095	0.0836984700204632
5.420008904016238	0.08321061289462782
5.432503314924333	0.08272511446520824
5.445026528424211	0.08224197183317736
5.4575786109127105	0.08176118188511117
5.470159628939716	0.08128274129056372
5.482769649208539	0.08080664649941606
5.495408738576246	0.08033289373920274
5.508076964054036	0.07986147901241238
5.520774392807573	0.07939239809376489
5.533501092157368	0.07892564652746283
5.546257129579107	0.0784612196244188
5.559042572704037	0.07799911245945626
5.5718574893192985	0.07753931986848665
5.584701947368309	0.07708183644565912
5.597576014951102	0.07662665654048591
5.610479760324706	0.07617377425494043
5.623413251903491	0.07572318344053036
5.6363765582595455	0.07527487769534304
5.649369748123025	0.07482885036106521
5.6623928903825345	0.07438509451997505
5.675446054085471	0.07394360299190803
5.688529308438416	0.07350436833119406
5.701642722807475	0.07306738282356891
5.714786366718672	0.07263263848305601
5.727960309858292	0.0722001270488218
5.741164622073277	0.07176983998200168
5.7543993733715695	0.07134176846249851
5.767664633922509	0.07091590338575152
5.780960474057181	0.0704922353594772
5.794286964268812	0.07007075470038021
5.807644175213121	0.06965145143083583
5.821032177708716	0.06923431527554179
5.834451042737448	0.06881933565814138
5.847900841444809	0.06840650169781527
5.861381645140288	0.06799580220584442
5.874893525297769	0.06758722568214078
5.88843655355589	0.06718076031174906
5.902010801718445	0.06677639396131539
5.91561634175474	0.06637411417552692
5.9292532458	0.06597113181951969
5.942921586155727	0.0655681325855494
5.956621435290106	0.0651671653919545
5.970352865838369	0.06476822818108798
5.984115950603199	0.06437131871796734
5.997910762555095	0.06397643458808884
6.011737374832782	0.06358357319522101
6.025595860743578	0.06319273175917876
6.0394862937638	0.06280390731357617
6.0534087475391365	0.062417096703559806
6.067363295885055	0.062032296583520254
6.08135001278718	0.06164950341478379
6.095368972401694	0.06126871346328215
6.109420249055721	0.06088992279720199
6.123503917247737	0.06051312728461179
6.137620051647943	0.06013832259106866
6.151768727098683	0.05976550417720194
6.165950018614822	0.05939466729627628
6.180164001384161	0.059025806991731426
6.1944107507678146	0.05865891809470075
6.208690342300634	0.058293995221506544
6.223002851691596	0.057931032771133206
6.237348354824191	0.05757002492267785
6.251726927756859	0.0572109656327768
6.266138646723353	0.05685384863301055
6.2805835881331795	0.05649866742728378
6.295061828571975	0.05614541528918322
6.309573444801933	0.0557940852593106
6.324118513762193	0.05544467014259273
6.33869711256927	0.05509716250556632
6.353309318517436	0.054751554673640034
6.367955209079159	0.05440783872833019
6.382634861905486	0.05406600650447354
6.397348354826482	0.05372604958741376
6.412095765851615	0.05338795931016392
6.4268771731701975	0.05305172675054268
6.441692655151772	0.052717342728286105
6.456542290346556	0.05238479780213244
6.471426157485831	0.05205408226688249
6.486344335482385	0.05172518615043235
6.501296903430906	0.05139809921078124
6.516283940608428	0.051072810933011574
6.531305526474723	0.05074931052624339
6.546361740672751	0.05042758692056072
6.561452663029053	0.05010762876391203
6.576578373554206	0.04978942441898181
6.591738952443213	0.04947296196003623
6.606934480075961	0.04915822916973921
6.622165037017619	0.04884521353594214
6.637430704019089	0.04853390224844384
6.652731562017413	0.048221293983347895
6.668067692136222	0.04790812745111079
6.6834391756861455	0.04759660866379365
6.698846094165265	0.04728673620223906
6.714288529259523	0.046978508507950496
6.729766562843179	0.04667192388136628
6.745280276979219	0.04636698048011866
6.760829753919819	0.046063676317276224
6.77641507610675	0.04576200925957064
6.792036326171846	0.04546197702560688
6.807693586937414	0.0451635771840574
6.823386941416698	0.0448668071518393
6.839116472814292	0.04457166419227568
6.8548822645266165	0.044278145413239246
6.870684400142321	0.043986247765279936
6.886522963442762	0.04369596803973474
6.902398038402419	0.04340730286682116
6.918309709189366	0.04312024871371239
6.934258060165691	0.04283480188259601
6.9502431758879695	0.04255095850871428
6.966265141107686	0.04226871455838755
6.982324040771715	0.041988065827018604
6.998419960022734	0.0417090079370805
7.014552984199714	0.04143153633608475
7.030723198838334	0.04115564629453243
7.046930689671471	0.04088133290384577
7.06317554262962	0.040608591074282184
7.07945784384138	0.0403374155328285
7.095777679633888	0.040067800821077165
7.112135136533292	0.03979974129308279
7.128530301265195	0.03953323111319995
7.1449632607551345	0.03926826425390106
7.16143410212902	0.03900483449357541
7.177942912713619	0.03874293541430781
7.194489780036995	0.038482560399638134
7.211074791828998	0.03822370263230005
7.227698036021702	0.037966355091940504
7.2443596007499025	0.037710510552817954
7.261059574351547	0.03745616158148111
7.277798045368242	0.037203300534425894
7.294575102545687	0.036951919555732855
7.311390834834176	0.03670201057468241
7.3282453313890406	0.03645356530335
7.345138681571151	0.03620657523417893
7.362070974947361	0.03596103163753277
7.379042301291012	0.035716925559225045
7.396052750582378	0.03547424781802817
7.413102413009177	0.035232989003159285
7.430191378967014	0.034993139471745066
7.447319739059893	0.034754689346263
7.464487584100665	0.03451541391789497
7.481695005111545	0.034275860240594744
7.498942093324558	0.03403766278596471
7.516228940182057	0.03380082006185902
7.533555637337174	0.033565330458298494
7.550922276654341	0.03333119224602536
7.568328950209744	0.03309840357504562
7.58577575029184	0.03286696247315736
7.603262769401819	0.03263686684446631
7.620790100254123	0.03240811446788708
7.638357835776907	0.03218070299563158
7.655966069112566	0.03195462995168292
7.67361489361819	0.0317298927302561
7.691304402866098	0.031506488594244084
7.709034690644301	0.03128441467365045
7.726805850957025	0.03106366796400708
7.744617978025188	0.03084424532477831
7.76247116628692	0.030626143477749838
7.78036551039804	0.030409359005403914
7.798301105232589	0.03019388834927896
7.816278045883297	0.029979727808315274
7.83429642766212	0.02976687353718509
7.852356346100718	0.029555321544608163
7.870457896950989	0.02934506769165166
7.888601176185544	0.029136107690015466
7.906786279998253	0.028928437100301234
7.925013304804718	0.028722051330266844
7.943282347242818	0.028516945633064273
7.961593504173188	0.028313115105462663
7.979946872679768	0.028110554686054466
7.9983425500702845	0.027909259153446612
8.016780633876794	0.027709223124434537
8.035261221856173	0.027510441052160762
8.05378441199067	0.027312907224256375
8.072350302488383	0.02711661576096657
8.090958991783825	0.026921560613258913
8.109610578538408	0.02672773556091544
8.128305161640995	0.026535134210607082
8.147042840208396	0.026343749993951764
8.165823713585926	0.026153576165554637
8.1846478813479	0.02596460580103143
8.203515443298185	0.025776831795013957
8.222426499470712	0.025590246859138313
8.241381150130026	0.025404843520014913
8.260379495771788	0.02522061411718111
8.279421637123345	0.025037550801035188
8.298507675144226	0.02485564553075273
8.317637711026709	0.024674890072184087
8.336811846196344	0.024495275995733767
8.356030182312479	0.024316794674221123
8.375292821268827	0.024137565483607442
8.394599865193973	0.023958050522335055
8.413951416451951	0.023779630985960115
8.433347577642753	0.023602305337908278
8.452788451602899	0.023426071942870972
8.472274141405963	0.023250929065608664
8.491804750363139	0.023076874869742924
8.511380382023763	0.02290390741653785
8.531001140175896	0.02273202466366995
8.550667128846833	0.022561224463987433
8.570378452303697	0.0223915045642576
8.590135215053957	0.02222286260390343
8.609937521846007	0.022055296113728376
8.629785477669701	0.021888802514629744
8.649679187756934	0.02172337911630044
8.669618757582166	0.02155902311591908
8.689604292863018	0.021395731596827977
8.709635899560805	0.021233501527199654
8.729713683881117	0.021072329758690923
8.74983775227436	0.020912213025085256
8.770008211436348	0.020753147940922482
8.790225168308842	0.020595131000116743
8.810488730080142	0.020438158574561487
8.830799004185627	0.020282226912722464
8.851156098308357	0.02012733213821766
8.871560120379607	0.019973470248385004
8.892011178579486	0.01982063711283671
8.912509381337454	0.01966882847200138
8.933054837332953	0.019518039935652407
8.953647655495937	0.019368266981423927
8.974287945007486	0.019219504953312875
8.994975815300352	0.019071749060168442
9.01571137605957	0.018924994374167385
9.036494737223014	0.018779235829276424
9.057326008982002	0.018634468219700436
9.078205301781857	0.01849068619831747
9.099132726322518	0.018347884275099306
9.120108393559097	0.01820605681551861
9.141132414702504	0.018065198038941375
9.162204901219997	0.01792530201700592
9.183325964835811	0.017786362671986775
9.204495717531712	0.017648373775144832
9.225714271547634	0.017511328945062375
9.246981739382225	0.017375221645964056
9.268298233793494	0.017240045186022394
9.289663867799362	0.01710579271564915
9.311078754678306	0.01697245722577088
9.33254300796991	0.016840031546090237
9.354056741475521	0.01670850834333114
9.375620069258803	0.016577880119469347
9.39723310564638	0.01644651279236612
9.418895965228414	0.016314807894918015
9.440608762859236	0.01618396557712794
9.462371613657929	0.016053984530696987
9.484184633008974	0.015924863368928625
9.506047936562814	0.015796600625783353
9.527961640236521	0.015669194754923996
9.549925860214358	0.015542644128753082
9.571940712948447	0.015416947037440815
9.594006315159332	0.01529210168794479
9.616122783836648	0.015168106203020362
9.638290236239705	0.01504495862022246
9.660508789898136	0.014922656890897985
9.68277856261249	0.014801198879169556
9.7050996724549	0.014680582360909545
9.727472237769652	0.01456080502270547
9.749896377173872	0.014441864460815431
9.772372209558107	0.014323758180114783
9.79489985408699	0.01420648359303275
9.817479430199844	0.014090038018479991
9.84011105761134	0.013974418680766145
9.862794856312105	0.013859622708508006
9.885530946569391	0.013745647133527562
9.908319448927676	0.013632488889740618
9.93116048420934	0.013520144812034991
9.954054173515269	0.013408611635139142
9.977000638225535	0.013297885992480305
10.	0.013187964415032873
10.023052380778994	0.013078843330156055
10.046157902783957	0.012970519060421503
10.069316688518045	0.012862987822430625
10.092528860766844	0.012756245725620874
10.115794542598982	0.012650288771061993
10.1391138573668	0.012545112850241237
10.16248692870696	0.01244071374383822
10.18591388054117	0.012337087120488298
10.209394837076797	0.012234228535535598
10.232929922807546	0.01213213342977471
10.256519262514079	0.012030797128181548
10.280162981264736	0.01193021483863257
10.303861204416158	0.011830381650613129
10.32761405761398	0.011731292533914224
10.351421666793442	0.01163294233731801
10.375284158180126	0.011535325787271374
10.39920165829059	0.011438437486548183
10.423174293933046	0.011342271912899665
10.447202192208003	0.011246823417693124
10.471285480508996	0.011152086224538303
10.495424286523221	0.01105805442790222
10.519618738232236	0.010964721991711519
10.543868963912592	0.010870835225409029
10.568175092136585	0.010776701826324018
10.592537251772887	0.010683242056396359
10.616955571987253	0.01059045461020542
10.641430182243164	0.01049833811781957
10.665961212302578	0.010406891144028402
10.690548792226577	0.010316112187568567
10.71519305237607	0.01022599968034227
10.739894123412451	0.01013655198662898
10.76465213629835	0.010047767402289576
10.789467222298287	0.009959644153963821
10.814339512979387	0.00987218039826024
10.83926914021204	0.00978537422093908
10.864256236170656	0.00969922363608738
10.889300933334333	0.009613726585287181
10.91440336448757	0.00952888093677593
10.939563662720943	0.009444684484599598
10.964781961431852	0.009361134947757905
10.990058394325208	0.009278229969342187
11.015393095414156	0.009195967115665378
11.040786199020735	0.009114343875384434
11.066237839776663	0.009033357658614561
11.091748152624008	0.008953005796035906
11.117317272815919	0.008873285537992083
11.142945335917304	0.008794194053580869
11.168632477805613	0.008715728429736494
11.194378834671515	0.008637885670304095
11.220184543019629	0.008560662695105808
11.24604973966927	0.008484056338998564
11.271974561755105	0.008408063350923726
11.297959146727976	0.008332680392947933
11.324003632355566	0.008257904039295848
11.350108156723154	0.008183730775374145
11.37627285823431	0.008110156996787014
11.402497875611685	0.008037179008342782
11.428783347897712	0.007964793023051966
11.45512941445536	0.007892995161116386
11.481536214968829	0.007821781448909586
11.508003889444357	0.0077511478179479116
11.534532578210918	0.007681090103852922
11.561122421920993	0.007611604045304463
11.587773561551263	0.0075426852829847835
11.614486138403427	0.00747432935851308
11.641260294104908	0.007406531713370975
11.66809617060963	0.007339287687818497
11.694993910198711	0.00727259251980068
11.721953655481304	0.007206441343844382
11.748975549395292	0.007140829189945715
11.776059735208078	0.007075750982447649
11.803206356517299	0.007011201538907954
11.830415557251646	0.006946114732181758
11.857687481671597	0.006880752173143177
11.88502227437019	0.00681589637431566
11.91242008027375	0.006751546193444485
11.93988104464273	0.006687700437926986
11.967405313072431	0.006624357864219561
11.994993031493793	0.006561517177239132
12.02264434617413	0.006499177029759382
12.050359403717973	0.006437336021801308
12.078138351067798	0.006375992700018529
12.10598133550483	0.006315145557076945
12.133888504649775	0.006254793031028954
12.161860006463678	0.006194933504681821
12.189895989248662	0.006135565304960629
12.217996601648723	0.006076686702265386
12.246161992650489	0.00601829590982254
12.274392311584071	0.005960391083030416
12.30268770812381	0.005902970318799097
12.331048332289097	0.005846031654884253
12.359474334445107	0.0057895730692152005
12.387965865303691	0.005733592479216672
12.416523075924106	0.005678087741124896
12.445146117713856	0.005623056649297361
12.473835142429433	0.005568496935516665
12.5025903021772	0.005514406268287907
12.531411749414156	0.005460782252130093
12.560299636948754	0.005407622426861161
12.589254117941675	0.005354924266876782
12.618275345906707	0.005302685180422558
12.64736347471151	0.005250902508860057
12.67651865857846	0.005199573525926186
12.705741052085418	0.0051486954369862024
12.735030810166617	0.005098265378279904
12.764388088113435	0.005048280416161433
12.793813041575252	0.004998737546332216
12.823305826560219	0.00494963369306733
12.852866599436155	0.004900965708434861
12.882495516931336	0.004852730371508608
12.912192736135347	0.004804924387573761
12.941958414499863	0.004757544387325771
12.971792709839558	0.004710586926061982
13.001695780332899	0.0046640484828663975
13.031667784523	0.004617925459787211
13.061708881318419	0.004572214181007284
13.09181922999407	0.004526910892007175
13.121998990192028	0.004482011758721065
13.15224832192239	0.004437512866685241
13.182567385564074	0.004393410220179269
13.212956341865752	0.004349699741359501
13.243415351946643	0.004306377269385256
13.273944577297401	0.004262584283852822
13.304544179780914	0.004218531474618224
13.33521432163324	0.004174849008806379
13.365955165464419	0.004131535991445022
13.396766874259358	0.0040885914902073295
13.427649611378643	0.004046014534974294
13.458603540559483	0.004003804117392983
13.489628825916533	0.003961959190431011
13.52072563194278	0.003920478667926926
13.551894123510364	0.0038793614241366113
13.583134465871542	0.003838606293275495
13.614446824659497	0.0037982120690568124
13.645831365889252	0.0037581775042256215
13.677288255958494	0.003718501310088787
13.708817661648537	0.0036791821560405434
13.740419750125149	0.0036402186690840635
13.772094688939474	0.00360160943334858
13.803842646028853	0.003563352989602372
13.83566378971781	0.0035254478347612073
13.867558288718882	0.0034878924213926042
13.89952631213354	0.003450685157215572
13.931568029453036	0.0034138244045960175
13.963683610559377	0.0033773084800375144
13.995873225726179	0.0033411356536677123
14.028137045619589	0.003305304148720122
14.060475241299143	0.003269812141011378
14.092887984218748	0.003234657758413759
14.12537544622754	0.0031998390803231877
14.157937799570824	0.0031653541371224323
14.190575216890926	0.003131200909639709
14.223287871228198	0.003097377328602299
14.25607593602188	0.003063881274085578
14.288939585111036	0.003030710574957062
14.321878992735439	0.0029978630083156658
14.35489433353656	0.00296533629892591
14.387985782558452	0.002933128118647288
14.421153515248696	0.002901236085858569
14.45439770745928	0.002869657764877115
14.487718535447618	0.002838390665373007
14.52111617587742	0.0028074322417781556
14.554590805819668	0.002776779892690206
14.58814260275349	0.002746430960271281
14.621771744567184	0.0027163827296413754
14.655478409559112	0.0026866324282665754
14.689262776438676	0.0026571772253418933
14.723125024327194	0.0026280142311687887
14.757065332758946	0.0025991404965271603
14.791083881682072	0.0025705530120420034
14.825180851459544	0.0025422487075445086
14.859356422870075	0.002514224451427669
14.893610777109155	0.0024858451963533507
14.92794409578996	0.0024572667220782536
14.962356560944343	0.0024289550690948024
14.99684835502374	0.002400909521169765
15.031419660900225	0.0023731293344005935
15.066070661867418	0.0023456137368938453
15.100801541641477	0.002318361928440645
15.135612484362087	0.002291373080189253
15.170503674593368	0.002264646334314743
15.205475297324954	0.0022381808036856174
15.240527537972907	0.0022119755715275563
15.275660582380732	0.0021860296910840953
15.310874616820303	0.0021603421852743267
15.346169827992941	0.002134912046347465
15.381546403030342	0.0021097382355344204
15.4170045294956	0.002084819682696222
15.452544395384141	0.0020601552859693707
15.488166189124811	0.002035743911407937
15.523870099580817	0.0020115843926225853
15.55965631605075	0.0019876755304163367
15.595525028269538	0.001964016092417173
15.631476426409538	0.0019406048127072653
15.667510701081484	0.001917440391449046
15.70362804333553	0.0018945214945079046
15.739828644662197	0.0018718467530716174
15.776112696993485	0.0018494147632663067
15.812480392703826	0.0018272240857691413
15.848931924611142	0.0018052732454175264
15.88546748597779	0.0017835607308149552
15.9220872705117	0.001762084993933264
15.95879147236732	0.0017408444497115146
15.995580286146694	0.0017198374756512795
16.032453906900418	0.001699062411408439
16.069412530128773	0.0016785175583813176
16.106456351782697	0.0016582011792952965
16.143585568264868	0.0016381114977837303
16.18080037643066	0.0016182466979652727
16.218100973589298	0.0015986049240174086
16.255487557504836	0.0015791842797463467
16.292960326397232	0.0015599828281531326
16.330519478943348	0.0015409985909959933
16.368165214278086	0.0015222295483488298
16.40589773199539	0.0015036736381559182
16.443717232149325	0.0014853287557827053
16.481623915255085	0.0014671927535627562
16.51961798229015	0.0014492634403406675
16.557699634695275	0.0014315385810111216
16.595869074375614	0.0014140158960538778
16.634126503701697	0.0013966930610647974
16.672472125510627	0.0013795677062827234
16.71090614310707	0.0013621937699804746
16.749428760264383	0.0013446804550195529
16.788040181225607	0.001327354806692263
16.82674061070467	0.0013102161420685335
16.865530253887407	0.0012932637564661246
16.90440931643265	0.0012764969232031554
16.94337800447329	0.0012599148933484694
16.982436524617444	0.001243516895469724
17.0215850839495	0.001227302135379292
17.060823890031244	0.0012112697958778689
17.10015315090288	0.001195419036495868
17.139573075084254	0.0011797489932324208
17.179083871575877	0.0011642587782921638
17.21868574986008	0.0011489474798196313
17.25837891990204	0.0011338141616313638
17.298163592151013	0.0011188578629455616
17.338039977541374	0.0011040775981094335
17.378008287493763	0.0010894723563240958
17.418068733916144	0.0010750411013670876
17.458221529205037	0.0010607827713123741
17.498466886246565	0.001046696278247962
17.53880501841762	0.0010327805079909864
17.579236139586932	0.0010190343198003273
17.619760464116293	0.0010054565460866675
17.66037820686164	0.0009920459921200356
17.70108958317422	0.00097880143573478
17.741894808901662	0.0009657216270319792
17.78279410038923	0.0009528052880791988
17.82378767448089	0.0009400511126076822
17.864875748520518	0.000927457765706858
17.906058540352948	0.0009150238835162228
17.947336268325266	0.0009027480729144778
17.988709151287875	0.0008906289112060126
18.030177408595698	0.000878664945804637
18.071741260109274	0.0008668546939145734
18.113400926196025	0.0008551966422086528
18.15515662773135	0.0008436892465037426
18.197008586099845	0.000832330931433345
18.238957023196384	0.00082112009011738
18.281002161427427	0.0008100550838290555
18.323144223712113	0.0007991342416589107
18.365383433483473	0.0007883558601759211
18.407720014689563	0.0007777182030856958
18.450154191794738	0.0007672195008856909
18.492686189780777	0.0007568579505174799
18.535316234148123	0.000746631715016004
18.57804455091699	0.000736538923155829
18.620871366628677	0.0007265776690943056
18.663796908346693	0.0007167460120117125
18.706821403658015	0.0007070419757482644
18.74994508067419	0.0006970868930757242
18.793168168032686	0.0006869735193931636
18.836490894898002	0.0006769795615095318
18.879913490962945	0.0006671044884496683
18.92343618644976	0.0006573477541375298
18.967059212111465	0.0006477087972269088
19.010782799232995	0.0006381870409306965
19.054607179632484	0.0006287818928486033
19.098532585662387	0.00061949274479339
19.14255925021086	0.0006103189726155161
19.18668740670289	0.0006012599360262858
19.230917289101594	0.0005923149784194101
19.275249131909366	0.0005834834266910174
19.31968317016924	0.0005747645910580458
19.364219639466068	0.0005661577648750735
19.408858775927794	0.0005576622244495184
19.453600816226633	0.0005492772288552383
19.498445997580454	0.0005410020197444535
19.543394557753942	0.0005328358211580685
19.58844673505991	0.0005247778393342994
19.633602768360475	0.0005168272625156562
19.67886289706845	0.0005089832607541954
19.724227361148536	0.0005012449857151126
19.76969640111862	0.0004936115704785975
19.81527025805099	0.00048608212933997665
19.860949173573715	0.0004786557576080904
19.906733389871864	0.0004713315314019359
19.952623149688808	0.0004641085074455307
19.998618696327448	0.00045698572286100535
20.044720273651613	0.00044996219495987066
20.090928126087277	0.00044303692103250146
20.137242498623895	0.00043620887813577915
20.183663636815616	0.0004294770228789078
20.23019178678272	0.00042284029120734763
20.276827195212817	0.00041629759818490833
20.32357010936221	0.00040984783777394247
20.37042077705719	0.00040348988261363993
20.417379446695296	0.00039722258379642204
20.46444636724674	0.00039104477064237685
20.511621788255646	0.00038495525047178185
20.558905959841425	0.00037895280837564377
20.606299132700006	0.0003730362069842859
20.65380155810529	0.00036720418623391364
20.701413487910415	0.0003614554631311997
20.749135174549107	0.0003557887315158359
20.79696687103696	0.0003502026618210554
20.844908830972887	0.0003446959008320813
20.892961308540386	0.00033926707144252695
20.941124558508935	0.0003339147724086942
20.989398836235246	0.0003286375781017871
21.03778439766475	0.0003231583769730564
21.086281499332888	0.0003175450772210429
21.134890398366476	0.0003120009482419173
21.183611352485023	0.00030652562818658954
21.23244462000219	0.000301118745724933
21.28139045982711	0.0002957799199407631
21.330449131465773	0.0002905087602258839
21.379620895022324	0.00028530486617321085
21.428906011200585	0.0002801678274689294
21.47830474130533	0.00027509722378373246
21.527817347243737	0.00027009262466308335
21.57744409152667	0.000265153589416533
21.6271852372702	0.00026027966700604375
21.67704104819694	0.0002554703959333523
21.727011788637455	0.00025072530412633873
21.77709772353159	0.0002460439088244116
21.827299118430012	0.0002414257164628683
21.87761623949552	0.00023687022255626912
21.9280493535045	0.00023237691158078033
21.978598727848254	0.00022794525685550145
22.02926463053456	0.00022357472042273927
22.080047330188993	0.00021926475292726008
22.13094709605639	0.0002150147934944803
22.181964198002195	0.0002108242696076049
22.23309890651403	0.00020669259698368608
22.28435149270303	0.00020261917944862002
22.335722228305325	0.0001986034088110507
22.3872113856834	0.00019464466473519018
22.438819237827662	0.00019074231461252195
22.490546058357804	0.00018689571343240852
22.542392121524305	0.00018310420365157253
22.59435770220978	0.0001793671150624593
22.646443075930595	0.000175683764660445
22.698648518838212	0.00017205345650991768
22.750974307720718	0.00016847548160919238
22.803420720004187	0.00016494911775427368
22.8559880337543	0.00016147362940142814
22.908676527677724	0.00015804826752859047
22.961486481123632	0.00015467226949557038
23.01441817408509	0.00015134485890306738
23.06747188720069	0.00014806524545045915
23.12064790175594	0.0001448326247923856
23.173946499684796	0.00014164617839409758
23.227367963571073	0.00013850507338557117
23.280912576650078	0.00013540846241436158
23.33458062281002	0.00013235548349721274
23.38837238659356	0.0001293452598703899
23.442288153199225	0.0001263768998387421
23.49632820848307	0.00012344949662346273
23.55049283896009	0.00012056212820856612
23.604782331805783	0.00011771385718604722
23.65919697485759	0.0001149037305997302
23.71373705661655	0.00011213077978777535
23.76840286624876	0.00010939402022385882
23.823194693586913	0.00010669245135699735
23.878112829131783	0.00010402505645001577
23.933157564053875	0.00010139080241663562
23.9883291901949	0.00009878863965719088
24.043628000069347	0.00009621750189294646
24.099054286865954	0.0000936763059990178
24.154608344449404	0.00009116395183586671
24.210290467361776	0.00008867932207938326
24.266100950824168	0.00008622128204952207
24.32204009073816	0.00008378867953750041
24.378108183687527	0.00008138034463152469
24.434305526939713	0.00007899508954105831
24.49063241844747	0.00007663170841960018
24.547089156850312	0.00007428897718597835
24.603676041476273	0.00007196565334412628
24.660393372343385	0.00006966047580135324
24.717241450161318	0.00006737216468508139
24.774220576332862	0.00006509942115804782
24.831331052955704	0.00006284092723194325
24.888573182823905	0.000060595345579498664
24.94594726942956	0.00005836131934498764
25.003453616964322	0.000056137471953146934
25.06109253032114	0.00005392240691648571
25.118864315095795	0.00005171470764099193
25.17676927758857	0.000049512937230205143
25.234807724805755	0.000047315638287659425
25.29297996446145	0.000045121332717662677
25.35128630497907	0.00004292852152442293
25.409727055493065	0.00004073568460949171
25.46830252585042	0.000038541280567523366
25.527013026612472	0.00003634374648032161
25.58585886905645	0.00003414149770917986
25.64484036517719	0.00003193292768548552
25.703957827688647	0.000029716407699588765
25.763211570025756	0.000027490286687903742
25.82260190634596	0.000025252891018250967
25.88212915153093	0.000023002524273409477
25.94179362118815	0.00002073746703287778
26.001595631652723	0.000018455976652814545
26.06153549998895	0.00001615628704416322
26.12161354399208	0.000013836608448931034
26.18183008218986	0.000011495127214622363
26.24218543384442	9.1300055667924e-6
26.302679918953814	6.739381379730459e-6
26.363313858253814	4.3213679452388895e-6
26.424087573219474	1.8740537395089253e-6