0.1	7.783149634134605
0.10023052380778996	7.774193186589574
0.10046157902783952	7.7652374193111635
0.10069316688518042	7.756282337166433
0.10092528860766845	7.747327944389384
0.10115794542598985	7.738374244571973
0.10139113857366794	7.729421240654999
0.10162486928706957	7.720468934918963
0.1018591388054117	7.71151732897475
0.102093948370768	7.702566423754308
0.10232929922807542	7.693616219501187
0.10256519262514076	7.684666715760989
0.10280162981264736	7.675717911371762
0.10303861204416162	7.666769804454254
0.10327614057613975	7.657822392402107
0.10351421666793438	7.648875671871949
0.10375284158180126	7.639929638773367
0.10399201658290592	7.630977251091843
0.10423174293933042	7.6220203323827365
0.10447202192208001	7.6130640460089785
0.10471285480508996	7.604108414361833
0.10495424286523224	7.5951534594450765
0.1051961873823223	7.586199202868323
0.1054386896391259	7.577245665840342
0.10568175092136585	7.568292869162279
0.10592537251772889	7.559340833220821
0.10616955571987247	7.550389577981291
0.10641430182243161	7.5414391229806785
0.10665961212302578	7.532489487320567
0.1069054879222658	7.523540689660041
0.10715193052376065	7.514592748208477
0.10739894123412448	7.505645680718297
0.1076465213629835	7.496699504477624
0.10789467222298288	7.487754236302863
0.1081433951297938	7.478809892531233
0.10839269140212036	7.469866489013214
0.10864256236170655	7.460924041104884
0.10889300933334335	7.451982563660252
0.10914403364487565	7.4430420710234255
0.10939563662720939	7.434102577020791
0.1096478196143185	7.425164094953029
0.10990058394325211	7.416226637587144
0.11015393095414151	7.407290217148323
0.11040786199020733	7.398354845311775
0.11066237839776664	7.389420533194461
0.11091748152624012	7.380487291346775
0.11117317272815914	7.371555129744094
0.11142945335917301	7.362624057778298
0.11168632477805612	7.353694084249148
0.11194378834671516	7.344765217355645
0.11220184543019636	7.3358374646872715
0.11246049739669266	7.3269108332151065
0.11271974561755105	7.317985329282955
0.11297959146727979	7.30906095859829
0.11324003632355571	7.300137726223162
0.11350108156723152	7.291215636565013
0.1137627285823431	7.2822946933673816
0.11402497875611688	7.273374899700544
0.11428783347897718	7.26445625795204
0.11455129414455358	7.255538769817136
0.1148153621496883	7.246622436289164
0.11508003889444356	7.237707257649809
0.11534532578210924	7.228793233459225
0.11561122421920987	7.219880362546171
0.11587773561551262	7.21096864299795
0.11614486138403426	7.202058072150318
0.11641260294104915	7.193148646577231
0.11668096170609624	7.18423423120271
0.11694993910198712	7.175316414644696
0.11721953655481303	7.166399695092442
0.11748975549395298	7.1574840917320355
0.11776059735208072	7.148569623293305
0.11803206356517298	7.1396563080424365
0.11830415557251646	7.130744163774554
0.118576874816716	7.121833207806197
0.11885022274370183	7.1129234569677315
0.11912420080273747	7.1040149275957
0.1193988104464273	7.095107635525059
0.11967405313072434	7.086201596081381
0.11994993031493788	7.077296824072953
0.12022644346174129	7.068393333782809
0.12050359403717974	7.059491138960672
0.120781383510678	7.050590252814815
0.12105981335504823	7.041690688003866
0.12133888504649772	7.032792456628514
0.12161860006463679	7.0238955702231145
0.12189895989248664	7.015000039747259
0.12217996601648717	7.0061058755772105
0.12246161992650487	6.997213087497299
0.12274392311584072	6.988321684691205
0.12302687708123815	6.97943167573317
0.1233104833228909	6.970543068579099
0.12359474334445104	6.961655870557635
0.1238796586530369	6.952770088361061
0.1241652307592411	6.943885728036188
0.1244514611771385	6.935002794975109
0.12473835142429429	6.926121293905895
0.125025903021772	6.917241228883167
0.1253141174941416	6.9083626032786105
0.1256029963694875	6.899485419771378
0.12589254117941673	6.890609680338402
0.12618275345906707	6.881735386244606
0.12647363474711512	6.872862538033062
0.12676518658578456	6.863991135514989
0.12705741052085415	6.855121177759716
0.12735030810166617	6.846252663084502
0.12764388088113438	6.837385589044287
0.12793813041575247	6.828519952421359
0.12823305826560213	6.819655749214853
0.12852866599436155	6.810792974630236
0.1288249551693134	6.801931623068649
0.12912192736135342	6.793071688116127
0.1294195841449986	6.784213162532771
0.12971792709839558	6.7753560382417675
0.13001695780332903	6.7665003063183375
0.13031667784522993	6.757645956978547
0.13061708881318415	6.748792979568066
0.1309181922999407	6.739932641012569
0.13121998990192033	6.731067195871304
0.13152248321922383	6.722203037964844
0.1318256738556407	6.713340189692154
0.1321295634186575	6.704478673033148
0.13243415351946647	6.695618509541666
0.13273944577297395	6.6867597203383875
0.1330454417978091	6.677902326103655
0.1333521432163324	6.669046347070249
0.13365955165464422	6.660191803016071
0.1339676687425935	6.6513387132567505
0.1342764961137864	6.642487096638201
0.13458603540559483	6.633636971529083
0.13489628825916536	6.624788355813184
0.13520725631942773	6.615941266881745
0.1355189412351036	6.607095721625702
0.1358313446587154	6.598251736427838
0.136144468246595	6.589409327154874
0.13645831365889247	6.580568509149462
0.13677288255958492	6.571729297222125
0.13708817661648537	6.562891705643089
0.13740419750125152	6.554055748134066
0.13772094688939465	6.545221437859917
0.1380384264602885	6.536388787420259
0.1383566378971781	6.5275578088409985
0.13867558288718884	6.518728513565748
0.13899526312133534	6.509900912447184
0.13931568029453031	6.50107501573832
0.13963683610559377	6.4922508330836735
0.13995873225726183	6.483428373510376
0.14028137045619582	6.474607645419171
0.1406047524129914	6.465788656575343
0.14092887984218747	6.45697141409953
0.14125375446227545	6.44815592445849
0.14157937799570816	6.439342193455746
0.14190575216890922	6.430530226222133
0.142232878712282	6.421720027206293
0.14256075936021884	6.412911600165034
0.1428893958511103	6.4041049481536305
0.14321878992735435	6.395300073516
0.1435489433353656	6.386496977874814
0.14387985782558455	6.377695662121496
0.14421153515248689	6.368896126406126
0.14454397707459277	6.360098370127247
0.14487718535447616	6.3513023919215845
0.14521116175877424	6.3425081896536515
0.14554590805819662	6.3337157604052745
0.14588142602753484	6.324925100464993
0.14621771744567183	6.316136205317381
0.14655478409559117	6.307349069632254
0.1468926277643867	6.298554923301165
0.1472312502432719	6.289756037345094
0.14757065332758945	6.280958842237885
0.14791083881682077	6.2721633661084715
0.14825180851459538	6.263369636727372
0.1485935642287007	6.254577681500194
0.14893610777109154	6.245787527461072
0.14927944095789963	6.236999201266058
0.14962356560944334	6.2282127291864215
0.1499684835502373	6.219428137101887
0.15031419660900225	6.210645450493814
0.15066070661867417	6.201864694438294
0.15100801541641484	6.193085893599174
0.1513561248436208	6.184309072221034
0.1517050367459337	6.175534254122061
0.15205475297324955	6.166761462686864
0.15240527537972914	6.157990720859231
0.15275660582380723	6.149222051134793
0.15310874616820302	6.140455475553611
0.15346169827992942	6.13169101569271
0.1538154640303035	6.122928692658524
0.15417004529495593	6.114168527079271
0.1545254439538414	6.105410539097225
0.1548816618912481	6.096654748360959
0.15523870099580825	6.087901174017471
0.15559656316050743	6.079149834704253
0.15595525028269538	6.070400748541264
0.15631476426409538	6.061653933122834
0.15667510701081494	6.052909405509485
0.15703628043335524	6.044167182219683
0.15739828644662196	6.035427279221476
0.15776112696993486	6.026689711924082
0.15812480392703834	6.017954495169382
0.15848931924611134	6.009221643223337
0.15885467485977792	6.000491169767278
0.159220872705117	5.9917630878891925
0.15958791472367329	5.983037410074841
0.15995580286146688	5.9743141481988395
0.16032453906900418	5.965593313515628
0.1606941253012877	5.956874916650378
0.16106456351782708	5.948158967589768
0.16143585568264862	5.939445475672731
0.16180800376430657	5.930734449581026
0.16218100973589297	5.922025897329815
0.16255487557504839	5.913319826258083
0.16292960326397224	5.9046162430189755
0.16330519478943342	5.895915153570057
0.16368165214278085	5.887216563163467
0.16405897731995392	5.878520476335995
0.16443717232149316	5.869826896899018
0.1648162391525508	5.861128391896492
0.1651961798229015	5.852426896505659
0.1655769963469528	5.843727875076408
0.16595869074375605	5.835031359664132
0.16634126503701693	5.826337381981488
0.16672472125510626	5.817645973391933
0.16710906143107074	5.808957164903226
0.16749428760264373	5.8002709871608396
0.16788040181225602	5.791587470441318
0.16826740610704674	5.782906644645562
0.16865530253887412	5.774228539292047
0.16904409316432642	5.765553183509964
0.16943378004473283	5.756880606032296
0.16982436524617442	5.748210835188826
0.17021585083949506	5.739543898899064
0.17060823890031235	5.730879824665119
0.17100153150902875	5.722218639564485
0.17139573075084252	5.713560370242729
0.17179083871575881	5.704905042906179
0.1721868574986007	5.696252683314456
0.17258378919902034	5.687603316772973
0.17298163592151014	5.678956968125354
0.17338039977541378	5.670313661745768
0.17378008287493754	5.6616734215312015
0.17418068733916142	5.653036270893618
0.17458221529205037	5.644402232752097
0.1749846688624657	5.635771329524824
0.1753880501841761	5.627143583121061
0.17579236139586926	5.618519014933009
0.1761976046411629	5.609897645827581
0.17660378206861643	5.601279496138112
0.17701089583174212	5.592664585655983
0.17741894808901656	5.5840529336221465
0.1778279410038923	5.575444558718589
0.17823787674480895	5.566839479059693
0.17864875748520506	5.558237712183523
0.17906058540352943	5.54963927504302
0.17947336268325265	5.5410441839971085
0.1798870915128788	5.532452454801724
0.1803017740859569	5.523864102600746
0.1807174126010927	5.515279141916837
0.18113400926196024	5.506697586642202
0.18155156627731356	5.49811945002925
0.18197008586099836	5.489544744681173
0.18238957023196378	5.480973482542416
0.1828100216142743	5.47240567488908
0.18323144223712115	5.4638413323192
0.18365383433483465	5.455280464742956
0.18407720014689558	5.44672308137278
0.18450154191794738	5.438169190713351
0.18492686189780783	5.429612732731807
0.18535316234148114	5.42105529169484
0.18578044550916986	5.412501331561071
0.18620871366628675	5.403950883400685
0.186637969083467	5.395403977879096
0.18706821403658005	5.3868606452497225
0.18749945080674188	5.378320915346797
0.18793168168032684	5.369784817578013
0.18836490894898006	5.361252380917144
0.18879913490962935	5.352723633896574
0.18923436186449755	5.3441986045997485
0.18967059212111465	5.33567732065355
0.19010782799233	5.327159809220616
0.19054607179632474	5.318646096991544
0.1909853258566238	5.310136210177046
0.19142559250210858	5.301630174500013
0.19186687406702896	5.293128015187502
0.19230917289101584	5.284629756962634
0.1927524913190936	5.2761354240364335
0.1931968317016924	5.267645040099561
0.19364219639466074	5.259158628313971
0.19408858775927784	5.2506762113045005
0.19453600816226624	5.242197811150346
0.19498445997580455	5.233723449376486
0.19543394557753943	5.2252531469450005
0.195884467350599	5.216786924246297
0.19633602768360464	5.208324801090282
0.1967886289706845	5.199866796697396
0.19724227361148533	5.19141292968962
0.19769696401118608	5.182963218081323
0.1981527025805098	5.1745176792700995
0.19860949173573716	5.166076330027436
0.19906733389871864	5.1576391864893525
0.19952623149688797	5.149206264146909
0.1999861869632744	5.140777577836639
0.20044720273651614	5.13235314173088
0.2009092812608728	5.123932969328026
0.20137242498623883	5.115517073442663
0.20183663636815607	5.1071054661956214
0.2023019178678272	5.098698159003926
0.20276827195212818	5.090295162570662
0.20323570109362218	5.081896486874713
0.2037042077705718	5.0735021411604455
0.20417379446695297	5.065112133927241
0.20464446367246739	5.056726472918963
0.20511621788255657	5.04834516511332
0.20558905959841414	5.039968216711107
0.20606299132700007	5.03159563312535
0.20653801558105292	5.0232274189703805
0.20701413487910425	5.01486357805073
0.20749135174549097	5.006496107005299
0.2079696687103696	4.998127089073969
0.20844908830972886	4.9897624073126305
0.20892961308540398	4.9814020958184555
0.20941124558508925	4.973046188289513
0.20989398836235246	4.964694718017568
0.21037784397664752	4.95634771788082
0.21086281499332898	4.948005220336506
0.21134890398366465	4.939667257413513
0.2118361135248502	4.931333860704835
0.21232444620002192	4.923005061360014
0.21281390459827124	4.914680890077475
0.21330449131465762	4.9063613770967835
0.21379620895022325	4.898046552190817
0.21428906011200585	4.889736444657898
0.21478304741305343	4.8814310833137915
0.21527817347243727	4.873130496483668
0.21577444091526668	4.864834711993944
0.21627185237270202	4.8565437571640935
0.21677041048196952	4.848257658798316
0.21727011788637443	4.8399764431771715
0.2177709772353159	4.831700136049102
0.21827299118430013	4.823428762621889
0.2187761623949553	4.81516234755399
0.21928049353504486	4.806900914945849
0.21978598727848253	4.798644488331057
0.2202926463053456	4.790393090667462
0.22080047330189004	4.782146744328183
0.22130947096056375	4.773905471092536
0.22181964198002194	4.765669292136852
0.2223309890651403	4.757438228025251
0.22284351492703042	4.749212298700249
0.22335722228305316	4.740991523473371
0.223872113856834	4.732775921015568
0.22438819237827662	4.724565509347628
0.2249054605835781	4.716360305830431
0.22542392121524293	4.7081603271551495
0.22594357702209775	4.6999655893333205
0.22646443075930595	4.691776107686851
0.2269864851883822	4.683591896837902
0.22750974307720706	4.675412970698693
0.2280342072000418	4.667239342461181
0.22855988033754301	4.65907102458668
0.2290867652767773	4.650908028795334
0.2296148648112362	4.642750366055523
0.23014418174085083	4.634598046573154
0.2306747188720069	4.626451079780835
0.23120647901755947	4.618309474326977
0.23173946499684786	4.61017323806476
0.2322736796357107	4.602042378040999
0.23280912576650079	4.59390744172777
0.23334580622810028	4.585770893139293
0.23388372386593548	4.577639685577895
0.2344228815319922	4.569513862499361
0.23496328208483072	4.561393467048266
0.23550492838960096	4.553278542051516
0.2360478233180577	4.5451691300118195
0.23659196974857583	4.537065273101079
0.23713737056616552	4.528967013153722
0.23768402866248767	4.5208743916599605
0.23823194693586902	4.512787449758988
0.23878112829131776	4.504706228232085
0.23933157564053875	4.496630767495679
0.23988329190194904	4.488561107594303
0.24043628000069334	4.480497288193517
0.24099054286865948	4.472439348572711
0.24154608344449405	4.464387327617884
0.2421029046736178	4.456341263814306
0.24266100950824154	4.448301195239124
0.24322040090738153	4.440267159553895
0.24378108183687525	4.4322391939970265
0.2443430552693972	4.424217335376162
0.24490632418447456	4.416201620060469
0.24547089156850305	4.408192083972852
0.24603676041476275	4.400188762582096
0.24660393372343392	4.392191690894916
0.24717241450161304	4.384200903447941
0.24774220576332856	4.3767536022498295
0.24831331052955705	4.369942386607226
0.2488857318282391	4.363136951780191
0.24945947269429547	4.356337293772154
0.25003453616964316	4.349543407689973
0.2506109253032114	4.342755287732172
0.251188643150958	4.335972927177073
0.25176769277588557	4.3291963183708
0.25234807724805747	4.3224254527152155
0.2529297996446145	4.315660320655678
0.25351286304979076	4.308900911668747
0.25409727055493053	4.302147214249731
0.2546830252585041	4.295399215900141
0.2552701302661247	4.28865690311502
0.2558585886905646	4.281920261370148
0.25644840365177174	4.2751892751091445
0.2570395782768864	4.268463927730433
0.25763211570025757	4.261744201574095
0.25822601906345966	4.2550300779086
0.2588212915153092	4.248321536917412
0.2594179362118814	4.241618557685472
0.2600159563165272	4.234921118185549
0.2606153549998896	4.228229195264483
0.26121613543992067	4.2215310369675905
0.2618183008218985	4.2148296662181215
0.26242185433844417	4.208133671962298
0.26302679918953814	4.201443075685239
0.263633138582538	4.194757898360275
0.2642408757321946	4.188078160441011
0.2648500138606701	4.181403881853268
0.2654605561975539	4.174735081987006
0.26607250597988097	4.1680717796881055
0.2666858664521479	4.161413993250115
0.26730064086633115	4.154761740405889
0.2679168324819031	4.148115038319162
0.26853444456585074	4.141473903576022
0.26915348039269155	4.134838352176323
0.26977394324449205	4.128208399524991
0.2703958364108843	4.121584060423258
0.2710191631890843	4.114965349059811
0.2716439268839082	4.1083522790018545
0.2722701308077913	4.1017448631860685
0.272897778280804	4.0951431139095185
0.27352687263067127	4.088547042820428
0.27415741719278824	4.081956660908908
0.2747894153102397	4.075371978497553
0.2754228703338166	4.068793005231988
0.27605778562203465	4.062219750071301
0.27669416454115114	4.05565222127838
0.2773320104651841	4.049090426410173
0.27797132677592884	4.042534372307837
0.2786121168629771	4.035984065086812
0.27925438412373377	4.02943951012679
0.2798981319634363	4.022900712061573
0.2805433637951713	4.016367674768866
0.28119008303989407	4.009840401359946
0.28183829312644537	4.00331889416925
0.2824879974915708	3.99680315474384
0.2831391995799379	3.990293183832809
0.2837919028441557	3.9837889813765393
0.28444611074479154	3.977290546495891
0.285101826750391	3.9707978774812807
0.28575905433749466	3.964310971781648
0.2864177969906581	3.9578298259933247
0.28707805820246907	3.951354435848807
0.28773984147356696	3.944884796205405
0.28840315031266056	3.9384209010337976
0.2890679882365476	3.9319627434064737
0.28973435877013226	3.9255103154860747
0.2904022654464451	3.9190636085136097
0.2910717118066605	3.9126226127965804
0.29174270140011677	3.906187317696973
0.29241523778433354	3.8997577116191695
0.2930893245250321	3.89332126689549
0.2937649651961531	3.886881223027752
0.29444216337987617	3.8804467595168624
0.29512092266663853	3.8740179134046566
0.29580124665515467	3.867594721444012
0.2964831389524342	3.861177220093096
0.29716660317380267	3.8547654455095204
0.29785164294291894	3.8483594335444877
0.298538261891796	3.8419592197368204
0.2992264636608189	3.83556483930697
0.29991625189876514	3.8291763271509414
0.30060763026282306	3.822793717834172
0.3013006024186122	3.8164170455853177
0.3019951720402016	3.810046344290017
0.30269134281013055	3.803681647484553
0.30338911841942706	3.7973229883494715
0.3040885025676279	3.7909703997031254
0.3047894989627983	3.784623913995159
0.3054921113215513	3.778283563299916
0.3061963433690677	3.7719493793097936
0.30690219883911574	3.765621393328514
0.3076096814740708	3.7592996362643447
0.3083187950249354	3.75298413862323
0.30902954325135906	3.74667493050187
0.309741929921658	3.7403720415807156
0.31045595881283555	3.7340755011169127
0.31117163371060175	3.727785337937152
0.3118889584093937	3.7215015804304565
0.3126079367123955	3.715224256540903
0.31332857243155854	3.708953393760264
0.3140508693876217	3.702689019120571
0.3147748314101316	3.6964311591866172
0.31550046233746265	3.6901798400483714
0.31622776601683794	3.6839350873133196
0.3169567463043491	3.67769692609874
0.31768740706497706	3.671465381023888
0.3184197521726125	3.6652404762021162
0.31915378551007617	3.659022235232895
0.3198895109691398	3.652810681193786
0.3206269324505466	3.6466058366323075
0.3213660538640317	3.6404077235577343
0.32210687912834346	3.6342163634328095
0.32284941217126356	3.6280317771653885
0.32359365692962827	3.6218539850999774
0.32433961734934924	3.615683007009211
0.3250872973854344	3.6095188620852348
0.3258367010020088	3.6033615689310072
0.32658783217233583	3.5972111455515114
0.3273406948788382	3.5910676093448886
0.328095293113119	3.5849309770934843
0.32885163087598307	3.5788008564376588
0.32960971217745777	3.5726773690867653
0.3303695410368148	3.5665608300324863
0.3311311214825911	3.5604512552193306
0.3318944575526104	3.5543486599537637
0.33265955329400454	3.5482530588949466
0.333426412763235	3.5421644660453855
0.3341950400261143	3.5360828947414875
0.33496543915782767	3.53000835764403
0.3357376142429547	3.5239408667285397
0.33651156937549076	3.5178804332755718
0.3372873086588689	3.511827067860903
0.3380648362059816	3.505780780345625
0.33884415613920255	3.499741579866143
0.3396252725904084	3.493709474824086
0.3404081897010009	3.487684472876106
0.34119291162192855	3.481666580923597
0.3419794425137089	3.4756558051023028
0.3427677865464504	3.469652150771827
0.34355794789987465	3.463655622505056
0.34434993076333853	3.457666224077461
0.3451437393358563	3.4516839584563153
0.345939377826122	3.4457088277897974
0.34673685045253166	3.4397408333960033
0.34753616144320587	3.4337799757518415
0.34833731503601184	3.4278262544818348
0.34914031547858615	3.4218796683468065
0.3499451670283573	3.4159402152324634
0.350751873952568	3.410007892137878
0.35156044052829816	3.404082695163852
0.35237087104248715	3.398164619501172
0.353183169791957	3.3922536594187656
0.3539973410834347	3.386349808251732
0.35481338923357547	3.3804530583892722
0.3556313185689854	3.374563401262494
0.3564511334262443	3.368680827332119
0.35727283815192895	3.3628053260760615
0.35809643710263606	3.356936885976896
0.35892193464500527	3.3510754945092063
0.35974933515574237	3.3452211381268255
0.36057864302164244	3.3393738022499457
0.36140986263961333	3.3335334712521125
0.36224299841669866	3.3277001284471046
0.3630780547701014	3.3218737560756812
0.36391503612720716	3.3160543352922165
0.36475394692560786	3.3102418461512015
0.36559479161312497	3.3044362675936387
0.36643757464783333	3.2986375774332815
0.3672823004980847	3.2928457523427785
0.3681289736425315	3.2870607678396677
0.3689775985701504	3.281275484345413
0.3698281797802663	3.275491724147228
0.37068072178257605	3.2697146853579735
0.37153522909717257	3.2639443686265195
0.3723917062545686	3.2581807737901585
0.3732501577957206	3.2524238998638273
0.3741105882720534	3.2466737450292094
0.3749730022454836	3.240930306623764
0.3758374042884442	3.235193581129614
0.37670379898390893	3.229463564162358
0.377572190925416	3.223740250459776
0.37844258471709324	3.218023633870402
0.3793149849736819	3.2123137073420276
0.38018939632056115	3.206610462910067
0.381065823393773	3.200913891685835
0.3819442708400465	3.1952239838446963
0.38282474331682265	3.1895407286141193
0.38370724549227875	3.1838641142616164
0.38459178204535355	3.1781941280825614
0.38547835766577176	3.1725307563879044
0.38636697705406914	3.1668739844917737
0.3872576449216172	3.1612237966989496
0.3881503659906482	3.155580176292239
0.38904514499428056	3.14994310551972
0.3899419866765434	3.1443125655818767
0.390840895792402	3.1386885366186115
0.3917418771077831	3.1330709976961346
0.3926449353995998	3.127459926793741
0.3935500754557774	3.1218553007904606
0.3944573020752784	3.1162570954515805
0.3953666200681279	3.1106652854150574
0.39627803425543945	3.1050798441777916
0.3971915494694403	3.0995007440817774
0.3981071705534972	3.0939279563001394
0.39902490236214205	3.088361450823023
0.39994474976109745	3.082801196443365
0.4008667176273028	3.0772471607425387
0.4017908108489399	3.071699310075859
0.4027170343254591	3.06615760955796
0.40364539296760493	3.0606220230480408
0.4045758916974427	3.055092513134972
0.40550853544838383	3.0495690411222736
0.40644332916521275	3.0440515670129518
0.40738027780411273	3.0385400494941956
0.4083193863326921	3.0330344459219494
0.40926065973001086	3.027534712305327
0.4102041029866068	3.0220408032908925
0.41114972110452225	3.016552672146807
0.4120975190973302	3.01107027074682
0.4130475019901614	3.0055935495541206
0.41399967481973043	3.0001054170324446
0.4149540426343629	2.9946102501294165
0.41591061049402206	2.989120513594291
0.4168693834703354	2.9836362236919385
0.41783036664662176	2.978157396188943
0.4187935651179184	2.972684046346137
0.41975898399100753	2.9672161889110806
0.4207266283844441	2.9617538381104556
0.4216965034285822	2.956297007642393
0.422668614265603	2.9508457106687183
0.4236429660495411	2.945399959807127
0.4246195639463129	2.939959767123286
0.4255984131337431	2.9345251441228517
0.42657951880159267	2.92909610174341
0.4275628861515862	2.923672650346352
0.4285485203974395	2.9182547997086576
0.4295364267648873	2.9128425590145977
0.43052661049171065	2.9074359368473743
0.43151907682776525	2.9020349411806627
0.43251383103500873	2.8966395793700745
0.4335108783875289	2.891249858144554
0.43451022417157154	2.8858657835976684
0.4355118736855686	2.880487361178837
0.436515832240166	2.8751145956844617
0.4375221051582521	2.869747491248979
0.4385306977749857	2.8643860513358286
0.4395416154378245	2.859030278728326
0.4405548635065533	2.853680175520465
0.4415704473533125	2.8483357431076164
0.44258837236262655	2.842996982177148
0.44360864393143257	2.837663892698951
0.4446312674691087	2.8323364739158845
0.4456562483975033	2.8270147243341173
0.44668359215096315	2.82169864171339
0.44771330417636257	2.8163882230571797
0.4487453899331322	2.8110834646027723
0.449779854893288	2.8057843618112432
0.45081670454146017	2.8004909093573414
0.4518559443749224	2.7952031011192844
0.4528975799036208	2.789920930168449
0.4539416166502032	2.7846443887589705
0.4549880601500486	2.7793734683172455
0.4560369159512962	2.7741081594313375
0.4570881896148751	2.768848451840275
0.4581418867145335	2.7635943344232623
0.4591980128368686	2.758345795188784
0.4602565735813561	2.753102821263599
0.4613175745603794	2.7478653988816584
0.46238102139926035	2.7426335133728847
0.46344691973628804	2.737407149151881
0.46451527522274944	2.73217574660871
0.465586093522959	2.7269420287594928
0.46665938031428866	2.7217137225419177
0.46773514128719823	2.7164908528985845
0.46881338214526524	2.711273444414396
0.46989410860521547	2.7060615213105392
0.47097732639695294	2.7008551074383997
0.47206304126359055	2.695654226273432
0.4731512589614805	2.6904589009089537
0.4742419852602447	2.6852691540498803
0.47533522594280536	2.680085008006401
0.47643098680541573	2.674906484687595
0.47752927365769093	2.669733605594968
0.4786300923226384	2.6645663918159443
0.47973344863668915	2.659404864017281
0.4808393484497286	2.6542490424384195
0.4819477976251274	2.649098946884778
0.4830588020397727	2.6439545967209663
0.48417236758409943	2.638816010863944
0.4852885001621211	2.633683207776101
0.4864072056914617	2.6285562054582825
0.4875284901033864	2.6234350214427318
0.48865235934283363	2.6183196727859754
0.48977881936844625	2.6132101760616298
0.4909078761526032	2.6081065473531426
0.492039535681451	2.603008802246463
0.49317380395493593	2.5979169558226327
0.4943106869868355	2.5928310226503206
0.4954501908047903	2.5877510167782676
0.49659232145033616	2.582676951727666
0.49773708497893604	2.5776088404844666
0.4988844874600123	2.5725466954916087
0.5000345349769786	2.567490528641173
0.5011872336272724	2.5624403512664644
0.5023425895223872	2.5573961741340048
0.5035006087879049	2.5523580074354735
0.5046612975635284	2.5473258607795417
0.505824662003114	2.542299743183646
0.5069907082747043	2.5372796630656786
0.5081594425605604	2.5322656282355998
0.5093308710571953	2.527257645886961
0.5105049999754062	2.5222557225883624
0.5116818355403077	2.5172598642748105
0.5128613839913648	2.5122700762390107
0.514043651582426	2.507286363122562
0.5152286445817564	2.5023087289070807
0.5164163692720709	2.497337176905228
0.5176068319505677	2.4923717097516613
0.5188000389289611	2.487412329393896
0.5199959965335159	2.482459037083079
0.5211947111050804	2.4775088895553106
0.5223961889991198	2.472562651825097
0.5236004365857502	2.467622485626248
0.5248074602497725	2.462688401700985
0.5260172663907061	2.457760410219641
0.5272298614228227	2.4528385207725574
0.5284452517751804	2.4479227423618957
0.5296634438916578	2.4430130833933874
0.5308844442309884	2.438109551667984
0.5321082592667942	2.433212154373443
0.5333348954876209	2.4283208980758264
0.5345643593969717	2.4234357887109157
0.5357966575133416	2.418556831575555
0.5370317963702527	2.4136840313189016
0.5382697825162883	2.4088173919335936
0.5395106225151276	2.4039569167468438
0.5407543229455808	2.3991026084114333
0.5420008904016238	2.3942544688966336
0.5432503314924332	2.3894124994790396
0.5445026528424212	2.3845767007333047
0.5457578610912709	2.379747072522809
0.5470159628939716	2.374923613990215
0.5482769649208538	2.3701063235479576
0.5495408738576245	2.3652951988686284
0.5508076964054034	2.360490236875274
0.5520774392807574	2.3556914337316086
0.5533501092157367	2.3508987848321286
0.5546257129579107	2.3461122847921314
0.5559042572704036	2.3413319274376536
0.5571857489319298	2.336557705795301
0.5584701947368308	2.331789612081993
0.5597576014951101	2.3270276376946093
0.5610479760324705	2.3222717731995313
0.5623413251903491	2.3175220083221033
0.5636376558259545	2.3127783319359816
0.5649369748123025	2.308040732052388
0.5662392890382533	2.3033091958092666
0.5675446054085471	2.298583709460338
0.5688529308438415	2.2938642583640543
0.5701642722807475	2.289150826972445
0.571478636671867	2.2844433988198745
0.5727960309858292	2.279741956511673
0.5741164622073276	2.275046481712688
0.5754399373371569	2.270356955135715
0.5767664633922508	2.265673356529819
0.5780960474057181	2.2609956646685654
0.5794286964268811	2.256323857338123
0.580764417521312	2.2516579113252733
0.5821032177708715	2.2469978024053017
0.5834451042737447	2.2423435053297798
0.5847900841444807	2.237684494832898
0.5861381645140288	2.233023472581021
0.5874893525297767	2.2283681231085724
0.588843655355589	2.2237184610669276
0.5902010801718444	2.219074500634138
0.591561634175474	2.214436255507929
0.5929253245799998	2.209803738898634
0.5942921586155727	2.2051769635220646
0.5956621435290105	2.2005559415923015
0.5970352865838369	2.1959406848144285
0.5984115950603197	2.191331204377182
0.5997910762555094	2.1867275109455417
0.6011737374832781	2.1821296146532405
0.6025595860743578	2.1775375250952105
0.6039486293763798	2.1729512513199465
0.6053408747539136	2.1683708018218084
0.6067363295885054	2.163796184533236
0.6081350012787179	2.1592274068169024
0.6095368972401692	2.154664475457778
0.610942024905572	2.1501073966551356
0.6123503917247736	2.1455561760144612
0.6137620051647943	2.141010818539304
0.6151768727098682	2.1364713286230343
0.6165950018614822	2.131937710040535
0.618016400138416	2.1274099659398034
0.6194410750767815	2.1228880988334864
0.6208690342300636	2.118372110590318
0.6223002851691596	2.1138620024264942
0.6237348354824193	2.109357774896953
0.6251726927756859	2.1048594278865753
0.6266138646723355	2.1003669606013085
0.628058358813318	2.0958803715591987
0.6295061828571976	2.0913996585813397
0.6309573444801934	2.086924818782746
0.6324118513762195	2.0824558485631255
0.633869711256927	2.0779927435975765
0.6353309318517437	2.0735354988271943
0.6367955209079159	2.069084108449588
0.6382634861905487	2.064638565909314
0.6397348354826482	2.0601988638882105
0.6412095765851616	2.0557649942956533
0.6426877173170197	2.0513369482587125
0.6441692655151774	2.046914716112222
0.6456542290346556	2.0424982873887543
0.6471426157485832	2.038087650808504
0.6486344335482385	2.0336827942690734
0.6501296903430908	2.029283704835172
0.6516283940608427	2.02489036872821
0.6531305526474724	2.0205027713158024
0.654636174067275	2.016120897101179
0.6561452663029055	2.0117358203444446
0.6576578373554206	2.0073498395991445
0.6591738952443215	2.0029694818522383
0.6606934480075961	1.9985947654806522
0.662216503701762	1.9942257084627995
0.6637430704019089	1.9898623283723935
0.6652731562017414	1.9855046423722071
0.6668067692136223	1.9811526672077664
0.6683439175686147	1.9768064192009847
0.6698846094165265	1.9724659142437269
0.6714288529259524	1.9681311677913256
0.6729766562843179	1.9638021948560174
0.6745280276979221	1.9594790100003272
0.6760829753919819	1.9551616273303805
0.6776415076106752	1.9508500604891554
0.6792036326171846	1.9465443226496635
0.6807693586937414	1.9422444265080736
0.6823386941416696	1.937950384276755
0.6839116472814293	1.9336622076772696
0.6854882264526615	1.929379907933283
0.6870684400142321	1.9251034957634119
0.688652296344276	1.920832981374005
0.6902398038402419	1.9165683744518511
0.6918309709189364	1.9123096841568155
0.6934258060165691	1.908056919114411
0.6950243175887968	1.903810087408294
0.6966265141107687	1.8995691965726869
0.6982324040771714	1.8953342535847326
0.6998419960022735	1.8911052648567719
0.7014552984199712	1.8868822362285502
0.7030723198838335	1.8826651729593447
0.7046930689671469	1.8784540797200275
0.7063175542629619	1.8742489605850379
0.7079457843841379	1.87004981902429
0.7095777679633888	1.865856657895002
0.711213513653329	1.8616694794334416
0.7128530301265195	1.8574882852465997
0.7144963260755133	1.853313076303785
0.716143410212902	1.849143852928134
0.7177942912713617	1.8449806147880474
0.7194489780036994	1.840823360888539
0.7211074791828996	1.8366720895625124
0.7227698036021702	1.8325267984619444
0.72443596007499	1.8283874845489954
0.7261059574351547	1.8242541440870312
0.727779804536824	1.820126772631562
0.7294575102545687	1.8160053650210959
0.7311390834834174	1.8118899153679087
0.732824533138904	1.8077804170487248
0.734513868157115	1.8036768626953164
0.7362070974947361	1.799572838989777
0.737904230129101	1.795470001947251
0.7396052750582378	1.7913730473935825
0.7413102413009175	1.7872819918009881
0.7430191378967014	1.783196851222452
0.744731973905989	1.7791176412854002
0.7464487584100665	1.7750443771852853
0.7481695005111544	1.7709770736791335
0.7498942093324559	1.766915745079013
0.7516228940182055	1.7628604052454437
0.7533555637337174	1.758811067580744
0.7550922276654339	1.7547677450223134
0.7568328950209744	1.7507304500358436
0.7585775750291838	1.7466991946084727
0.7603262769401818	1.742673990241867
0.762079010025412	1.7386548479452368
0.7638357835776907	1.7346417782282906
0.7655966069112563	1.730634791094109
0.7673614893618189	1.726633896031966
0.7691304402866096	1.7226391020100666
0.7709034690644301	1.7186504174682231
0.7726805850957024	1.7146678503104613
0.7744617978025188	1.7106914078975501
0.7762471166286917	1.7067210970394642
0.7780365510398041	1.702756923987776
0.7798301105232588	1.6987988944279708
0.7816278045883297	1.6948470134716913
0.7834296427662119	1.6909012856489085
0.7852356346100718	1.686961714900015
0.7870457896950986	1.6830283045678482
0.7888601176185545	1.6791010573896357
0.7906786279998251	1.6751799754888619
0.7925013304804718	1.6712650603670618
0.7943282347242815	1.6673563128955347
0.7961593504173188	1.6634537333069803
0.7979946872679766	1.6595573211870567
0.7998342550070284	1.6556670754658582
0.8016780633876791	1.6517829944093125
0.8035261221856173	1.6479050756104985
0.8053784411990667	1.6440333159808822
0.8072350302488382	1.64016771174147
0.8090958991783823	1.63630825841388
0.8109610578538409	1.632454950811326
0.8128305161640993	1.628607783029527
0.8147042840208396	1.6247667484375203
0.8165823713585925	1.6209318396683976
0.81846478813479	1.6171030486099476
0.8203515443298183	1.613280366395222
0.8222426499470712	1.6094637833930003
0.8241381150130024	1.6056532891981814
0.8260379495771788	1.6018433477857754
0.8279421637123342	1.5980353832439278
0.8298507675144225	1.5942334415302737
0.8317637711026711	1.5904375322628204
0.8336811846196344	1.5866476645589207
0.835603018231248	1.58286384702822
0.8375292821268826	1.5790860877655346
0.8394599865193975	1.5753143943436565
0.8413951416451951	1.5715487738060996
0.8433347577642755	1.5677892326597644
0.84527884516029	1.5640357768675455
0.8472274141405965	1.5602884118408569
0.8491804750363139	1.5565471424320951
0.8511380382023765	1.5528119729270227
0.8531001140175896	1.549082907037089
0.8550667128846834	1.5453599478916682
0.8570378452303697	1.5416430980302307
0.8590135215053958	1.537932359394437
0.8609937521846007	1.5342277333201593
0.8629785477669704	1.530529220529425
0.8649679187756933	1.5268368211222876
0.8669618757582167	1.523150534568617
0.8689604292863019	1.5194703596998151
0.8709635899560808	1.5157962947004557
0.8729713683881117	1.5121283370998415
0.8749837752274362	1.5084664837634836
0.8770008211436349	1.504810730884503
0.8790225168308845	1.5011610739749486
0.8810488730080143	1.4975175078570393
0.8830799004185629	1.4938800266543162
0.8851156098308356	1.490248623782722
0.887156012037961	1.4866232919415887
0.8892011178579485	1.4830040231045478
0.8912509381337457	1.4793908085103515
0.8933054837332954	1.475783638653614
0.895364765549594	1.4721825032754607
0.8974287945007486	1.4685873913540943
0.8994975815300353	1.464998291095277
0.9015711376059571	1.461415189922717
0.9036494737223016	1.4578380744683723
0.9057326008982003	1.4542669305626643
0.9078205301781859	1.4507017432245983
0.9099132726322517	1.4471424966517967
0.9120108393559097	1.4435891742104392
0.9141132414702502	1.440041758425109
0.9162204901219997	1.436500230968551
0.9183325964835808	1.4329645726513283
0.9204495717531712	1.4294347634113935
0.9225714271547631	1.4259107823035533
0.9246981739382225	1.422392607488852
0.9268298233793492	1.4188713403035695
0.9289663867799363	1.4153492642061447
0.9311078754678302	1.4118328751811093
0.933254300796991	1.408322185004847
0.9354056741475518	1.4048172050237537
0.9375620069258802	1.40131794614801
0.9397233105646378	1.3978244188452962
0.9418895965228413	1.3943366331344402
0.9440608762859233	1.3908545985790115
0.946237161365793	1.387378324280848
0.9484184633008971	1.3839078188735234
0.9506047936562815	1.3804430905157519
0.9527961640236519	1.3769841468847284
0.9549925860214359	1.3735309951694037
0.9571940712948444	1.3700836420637004
0.9594006315159331	1.3666420937596577
0.9616122783836646	1.3632063559405156
0.9638290236239705	1.359776433773732
0.9660508789898133	1.3563523319039288
0.9682778562612491	1.3529340544457802
0.9705099672454897	1.349521604976825
0.9727472237769651	1.3461149865302136
0.9749896377173869	1.3427142015873894
0.9772372209558107	1.3393192520706938
0.9794899854086988	1.3359301393359124
0.9817479430199844	1.3325468641647367
0.9840111057611337	1.3291694267571676
0.9862794856312105	1.3257978267238395
0.9885530946569389	1.3224320630782767
0.9908319448927676	1.3190721342290737
0.9931160484209338	1.315718037972004
0.995405417351527	1.3123697714820541
0.9977000638225533	1.3090273313053862
1.	1.3056907133512192
1.0023052380778998	1.3023599128836396
1.0046157902783952	1.2990349245133357
1.0069316688518044	1.29571574218925
1.0092528860766845	1.2924023591901603
1.0115794542598988	1.2890947681161764
1.0139113857366795	1.2857929608801655
1.016248692870696	1.2824969286990873
1.0185913880541169	1.2792066620852607
1.0209394837076802	1.2759221508375405
1.023292992280754	1.2726433840324185
1.0256519262514079	1.2693703500150373
1.0280162981264735	1.266103036390127
1.0303861204416165	1.2628414300128517
1.0327614057613974	1.2595855169795802
1.0351421666793441	1.2563352826185605
1.0375284158180127	1.2530907114805228
1.0399201658290596	1.249844465450616
1.0423174293933042	1.246598430671234
1.0447202192208003	1.24335796821796
1.0471285480508996	1.240123090203834
1.0495424286523225	1.2368938083436543
1.051961873823223	1.2336701339481668
1.0543868963912593	1.2304520779181916
1.0568175092136585	1.2272396507386945
1.0592537251772887	1.224032862472799
1.0616955571987248	1.2208317227557446
1.064143018224316	1.2176362407887862
1.066596121230258	1.214446425333028
1.0690548792226577	1.2112622847032097
1.0715193052376064	1.2080838267614225
1.0739894123412446	1.2049110589107714
1.076465213629835	1.2017439880889742
1.0789467222298286	1.1985826207618997
1.081433951297938	1.1954269629170442
1.0839269140212033	1.1922770200569481
1.0864256236170655	1.1891327971925416
1.0889300933334332	1.185994298836442
1.0914403364487566	1.1828615289961701
1.0939563662720937	1.1797344911673184
1.096478196143185	1.1766131883266386
1.0990058394325208	1.173497622925079
1.101539309541415	1.1703877968807441
1.104078619902073	1.167283711571797
1.1066237839776665	1.1641853678292848
1.1091748152624008	1.1610927659299097
1.1117317272815914	1.1580059055887155
1.1142945335917298	1.1549247859517235
1.1168632477805611	1.1518494055884823
1.1194378834671515	1.1487797624845617
1.1220184543019636	1.145715854033965
1.1246049739669264	1.1426576770314814
1.1271974561755105	1.139605227664956
1.1297959146727976	1.136558501507496
1.1324003632355573	1.1335174935095989
1.1350108156723149	1.130482197991212
1.137627285823431	1.1274526086337127
1.1402497875611686	1.1244287184718222
1.1428783347897717	1.1214105198854314
1.1455129414455354	1.118398004591368
1.1481536214968828	1.11539116363507
1.1508003889444356	1.1123899873821976
1.1534532578210923	1.1093944655101542
1.1561122421920986	1.1064045869995414
1.1587773561551262	1.1034203401255225
1.1614486138403426	1.1004417124491215
1.1641260294104914	1.0974686908084246
1.1668096170609623	1.0944957348853313
1.1694993910198712	1.0915242665283875
1.1721953655481303	1.0885583302629889
1.1748975549395297	1.0855979331692478
1.1776059735208073	1.0826430818819306
1.1803206356517297	1.0796937825842774
1.1830415557251646	1.07675004100177
1.1857687481671602	1.0738118623958344
1.1885022274370183	1.0708792515574885
1.1912420080273751	1.0679522128009258
1.193988104464273	1.0650307499570415
1.1967405313072437	1.0621148663668911
1.1994993031493788	1.0592045648750972
1.2022644346174132	1.056299847823183
1.2050359403717974	1.0534007170428508
1.2078138351067804	1.050507173849191
1.2105981335504823	1.0476192190338347
1.2133888504649775	1.0447368528580323
1.2161860006463678	1.041860075045676
1.2189895989248667	1.03898888477625
1.2217996601648717	1.0361232806777194
1.2246161992650488	1.0332632608193497
1.2274392311584073	1.0304088227044594
1.2302687708123818	1.0275599632631047
1.233104833228909	1.0247166788447002
1.2359474334445106	1.0218789652105604
1.238796586530369	1.0190468175263863
1.2416523075924113	1.0162202303546666
1.244514611771385	1.0133991976470225
1.2473835142429432	1.010583712736469
1.2502590302177201	1.0077737683296155
1.2531411749414163	1.004969356498783
1.2560299636948749	1.0021704686740613
1.2589254117941675	0.9993770956352778
1.2618275345906707	0.9965892275039073
1.2647363474711515	0.9938068537348942
1.2676518658578455	0.991029963108409
1.270574105208542	0.9882585437215219
1.2735030810166617	0.9854925829798069
1.276438808811344	0.9827320675888592
1.2793813041575246	0.9799769835457462
1.2823305826560218	0.9772273161303693
1.2852866599436155	0.9744830498967568
1.2882495516931343	0.9717441686642663
1.2912192736135342	0.9690106555087166
1.2941958414499863	0.9662824927534331
1.297179270983956	0.9635596619602136
1.3001695780332907	0.960842143920209
1.3031667784522993	0.9581299186447266
1.3061708881318417	0.9554229653559416
1.309181922999407	0.9527130405920786
1.3121998990192034	0.9500022590828469
1.3152248321922384	0.9472966377185581
1.3182567385564075	0.944596187020546
1.3212956341865751	0.9419009171534976
1.324341535194665	0.9392108379202706
1.3273944577297394	0.9365259587566735
1.3304544179780915	0.9338462887261814
1.333521432163324	0.9311718365146152
1.3365955165464425	0.9285026104247552
1.3396766874259352	0.9258386183709167
1.3427649611378643	0.923179867873461
1.3458603540559484	0.9205263660532648
1.348962882591654	0.9178781196261271
1.3520725631942772	0.9152351348971303
1.3551894123510364	0.9125974177549415
1.3583134465871542	0.9099649736660653
1.3614446824659503	0.9073378076690348
1.3645831365889245	0.9047159243685545
1.3677288255958495	0.9020993279295808
1.3708817661648536	0.8994880220713548
1.3740419750125157	0.8968820100613667
1.3772094688939465	0.8942812947092765
1.3803842646028852	0.8916858783607647
1.383566378971781	0.8890957628913359
1.3867558288718889	0.8865109497000536
1.3899526312133532	0.8839314397032264
1.3931568029453036	0.8813572333280243
1.3963683610559376	0.8787883305060453
1.3995873225726185	0.8762247306668111
1.4028137045619582	0.873666432731213
1.4060475241299144	0.8711134351048847
1.4092887984218747	0.8685657356715245
1.4125375446227548	0.8660233317861444
1.4157937799570817	0.8634862202682672
1.4190575216890926	0.8609543973950472
1.4223287871228198	0.8584278588943408
1.425607593602188	0.8559065999377015
1.428893958511103	0.8533906151333152
1.432187899273543	0.8508798985188698
1.435489433353656	0.8483744435543562
1.4387985782558452	0.8458742431148057
1.4421153515248688	0.8433792894829564
1.4454397707459272	0.8408895743418571
1.4487718535447618	0.8384050887673958
1.452111617587742	0.835925823220769
1.455459080581966	0.8334517675408697
1.4588142602753482	0.8309829109366169
1.4621771744567182	0.8285192419792056
1.4655478409559113	0.8260607485942925
1.468926277643867	0.8236022138681545
1.4723125024327186	0.8211449771352365
1.4757065332758947	0.8186928475186823
1.4791083881682072	0.8162458321515318
1.4825180851459536	0.8138039377850437
1.4859356422870067	0.8113671707833718
1.4893610777109154	0.8089355371181793
1.492794409578996	0.8065090423632109
1.4962356560944337	0.8040876916888029
1.4996848355023733	0.8016714898563534
1.5031419660900225	0.7992604412127277
1.5066070661867417	0.7968545496846201
1.5100801541641484	0.7944538187728556
1.513561248436208	0.7920582515466431
1.5170503674593367	0.7896678506377689
1.5205475297324955	0.7872826182347401
1.5240527537972914	0.7849025560768688
1.5275660582380723	0.7825276654483034
1.5310874616820302	0.7801579471720027
1.5346169827992941	0.7777934016036525
1.5381546403030348	0.7754340286255258
1.5417004529495593	0.7730798276402874
1.545254439538414	0.7707307975647345
1.5488166189124812	0.7683869368234872
1.5523870099580825	0.7660482433426116
1.5559656316050743	0.7637147145431904
1.559552502826954	0.7613863473348271
1.5631476426409538	0.7590631381090965
1.5667510701081493	0.7567450827329272
1.5703628043335522	0.7544321765419291
1.5739828644662197	0.7521244143336527
1.5776112696993485	0.7498217903607935
1.5812480392703834	0.7475242983243232
1.5848931924611134	0.7452319313665688
1.5885467485977791	0.7429446820642179
1.59220872705117	0.7406625424212664
1.5958791472367329	0.7383855038618958
1.5995580286146687	0.7361135572232897
1.6032453906900417	0.7338466927483798
1.6069412530128773	0.731584900078529
1.6106456351782708	0.7293281682461442
1.6143585568264862	0.7270764856672236
1.6180800376430662	0.7248298401338332
1.6218100973589298	0.7225882188065185
1.6255487557504842	0.7203516082066406
1.6292960326397223	0.7181199942086506
1.6330519478943346	0.7158933620322832
1.6368165214278085	0.7136716962346897
1.6405897731995396	0.7114549807024914
1.6443717232149315	0.7092431986437646
1.6481623915255086	0.7070314905977291
1.651961798229015	0.7048210969670546
1.6557699634695284	0.7026155559692311
1.6595869074375604	0.7004148683636239
1.6634126503701698	0.6982190344726502
1.6672472125510627	0.6960280541760419
1.6710906143107078	0.6938419269050485
1.6749428760264373	0.6916606516365945
1.6788040181225607	0.689484226887371
1.6826740610704674	0.6873126507078842
1.6865530253887415	0.6851459206764375
1.690440931643264	0.6829840338930661
1.6943378004473288	0.6808269869734068
1.6982436524617444	0.6786747760425208
1.7021585083949509	0.6765273967286477
1.7060823890031234	0.6743848441569124
1.710015315090288	0.6722471129429641
1.7139573075084253	0.6701141971865645
1.7179083871575884	0.6679860904651107
1.721868574986007	0.6658627858271008
1.725837891990204	0.6637442757855397
1.7298163592151015	0.6616305523112832
1.7338039977541384	0.6595216068263186
1.7378008287493754	0.6574174301969895
1.7418068733916146	0.6553180127271504
1.7458221529205038	0.6532233441512665
1.7498466886246573	0.6511334136274419
1.7538805018417611	0.6490482097303925
1.7579236139586931	0.6469677204443458
1.7619760464116292	0.6448919331558858
1.7660378206861649	0.6428208346467201
1.770108958317421	0.6407544110863947
1.7741894808901661	0.6386926480249293
1.7782794100389228	0.636635530385397
1.78237876744809	0.6345830424564264
1.7864875748520508	0.6325351678846451
1.7906058540352947	0.630491889667046
1.7947336268325265	0.6284531901432895
1.7988709151287883	0.626419050987935
1.803017740859569	0.6243894532026012
1.8071741260109275	0.6223643771080551
1.8113400926196026	0.6203438023362325
1.8155156627731361	0.6183277078221815
1.8197008586099834	0.6163160717959391
1.8238957023196385	0.6143088717743274
1.8281002161427427	0.6123060845526862
1.832314422371212	0.6103076861965183
1.8365383433483464	0.6083136520330731
1.8407720014689564	0.6063239566428423
1.8450154191794736	0.604338573850991
1.8492686189780787	0.6023500458845884
1.8535316234148114	0.6003602765281817
1.857804455091699	0.5983746962460939
1.8620871366628675	0.5963933069809133
1.8663796908346704	0.5944161103098355
1.8706821403658007	0.592443107439802
1.8749945080674193	0.5904742992025837
1.8793168168032686	0.5885096860498262
1.883649089489801	0.586549268048041
1.8879913490962936	0.5845930448735557
1.892343618644976	0.5826410158074129
1.8967059212111463	0.5806931797302246
1.9010782799233006	0.5787495351169739
1.9054607179632472	0.5768100800317748
1.9098532585662378	0.5748748121225752
1.914255925021086	0.572943728615816
1.9186687406702891	0.5710168263110416
1.9230917289101586	0.5690941015754527
1.9275249131909356	0.5671755503384178
1.9319683170169242	0.5652611680859261
1.936421963946607	0.5633509498549953
1.9408858775927782	0.5614448902280214
1.9453600816226624	0.5595429833270816
1.9498445997580456	0.5576452228081812
1.9543394557753944	0.5557516018554498
1.95884467350599	0.5538621131752803
1.9633602768360463	0.5519767489904197
1.967886289706845	0.5500955010339981
1.9724227361148534	0.5482183605435107
1.976969640111861	0.5463453182547374
1.9815270258050979	0.5444763643956133
1.9860949173573716	0.5426114886800355
1.9906733389871865	0.5407506803016218
1.9952623149688797	0.5388939279274039
1.9998618696327437	0.5370412196914705
2.0044720273651615	0.5351925431885448
2.0090928126087277	0.5333478854675132
2.0137242498623884	0.5315072330248825
2.0183663636815607	0.5296705717981907
2.023019178678272	0.5278378871593471
2.0276827195212817	0.5260091639079204
2.032357010936222	0.5241843862643577
2.037042077705718	0.5223635378631508
2.0417379446695296	0.5205466017459325
2.046444636724674	0.5187335603545172
2.0511621788255656	0.5169243955238727
2.0558905959841414	0.5151190884750351
2.0606299132700006	0.5133176198079517
2.065380155810529	0.5115199694942681
2.0701413487910423	0.5097261168700433
2.0749135174549096	0.5079286649476729
2.079696687103696	0.5061295089299958
2.084490883097289	0.5043340446416823
2.0892961308540396	0.5025422797965784
2.0941124558508926	0.5007542218662995
2.0989398836235242	0.49896987807669296
2.1037784397664754	0.4971892554042704
2.1086281499332897	0.49541236057260224
2.1134890398366464	0.4936392000486798
2.1183611352485023	0.49186978003923976
2.123244462000219	0.49010410648705766
2.1281390459827123	0.4883421850671991
2.133044913146576	0.486584021183243
2.1379620895022327	0.4848296199634602
2.1428906011200586	0.48307898625696377
2.1478304741305343	0.4813321246298152
2.1527817347243725	0.47958903936109903
2.157744409152667	0.4778497344389549
2.16271852372702	0.47611421355657935
2.167704104819695	0.47438248010817846
2.1727011788637443	0.4726545371848944
2.1777097723531593	0.4709303875706829
2.1827299118430012	0.469210033738159
2.187761623949553	0.46749347784439826
2.1928049353504484	0.46578072172670304
2.197859872784825	0.4640717668983231
2.202926463053456	0.4623666145441427
2.2080047330189	0.4606652655163197
2.2130947096056377	0.4589677203298907
2.2181964198002193	0.4572739791583287
2.223309890651403	0.4555840418290644
2.2284351492703043	0.45389790781896017
2.2335722228305315	0.45221557624974773
2.23872113856834	0.4505370458834159
2.2438819237827663	0.4488623151175634
2.2490546058357817	0.4471913819807005
2.254239212152429	0.44552424412751335
2.259435770220978	0.44386089883407814
2.2646443075930596	0.4422013429930375
2.2698648518838223	0.44054557310872533
2.2750974307720706	0.4388935852922519
2.2803420720004186	0.437245375256539
2.28559880337543	0.4356009383113134
2.2908676527677736	0.4339602693580492
2.296148648112362	0.4323233628848684
2.301441817408509	0.4306902129613902
2.306747188720069	0.42906081323353573
2.312064790175595	0.4274351569182827
2.3173946499684783	0.4258132367983749
2.3227367963571073	0.4241950452169778
2.328091257665008	0.42257627112239876
2.3334580622810033	0.4209580244278275
2.338837238659355	0.4193434572265515
2.344228815319923	0.4177325781309946
2.3496328208483073	0.4161253955378594
2.35504928389601	0.4145219176249006
2.360478233180577	0.41292215234767704
2.365919697485759	0.41132610743626297
2.371373705661655	0.40973379039193425
2.3768402866248772	0.40814520848381636
2.38231946935869	0.4065603687455078
2.3878112829131783	0.4049792779716614
2.3933157564053875	0.4034019427145413
2.3988329190194912	0.4018283692805399
2.4043628000069335	0.4002585637266677
2.4099054286865957	0.3986925318570023
2.41546083444494	0.39713027921911076
2.421029046736179	0.3955718111004299
2.4266100950824154	0.39401713252462045
2.432204009073816	0.3924662482478775
2.4378108183687526	0.3909191627552137
2.4434305526939726	0.38937588025670056
2.4490632418447453	0.3878364046836792
2.454708915685031	0.38630073968492956
2.4603676041476272	0.38476888862281006
2.46603933723434	0.38324085456935264
2.4717241450161302	0.3817166403023294
2.4774220576332864	0.3801962483012728
2.4831331052955705	0.37867968074346714
2.4888573182823914	0.37716693949989505
2.494594726942955	0.3756580261311504
2.500345361696432	0.3741529418833102
2.506109253032114	0.37265168768376905
2.511886431509581	0.37115426413703245
2.5176769277588558	0.36966067152047394
2.5234807724805757	0.36817090978004885
2.529297996446145	0.36668497852597076
2.5351286304979084	0.3652028770283451
2.540972705549305	0.36372460421276437
2.5468302525850417	0.3622501586558596
2.552701302661247	0.36077953858081374
2.5585858869056453	0.3593127418528287
2.5644840365177175	0.3578497659745549
2.5703957827688635	0.35639060808147593
2.5763211570025755	0.3549352649372488
2.582260190634596	0.35348373292900603
2.588212915153092	0.35203600806260793
2.5941793621188136	0.35059208595785635
2.6001595631652723	0.3491519618436603
2.6061535499988953	0.34771563055316035
2.6121613543992064	0.3462794106967458
2.6181830082189848	0.34484425175731787
2.624218543384442	0.3434128477417708
2.6302679918953813	0.341985207297119
2.6363313858253803	0.3405613388642129
2.642408757321946	0.3391412506746582
2.648500138606701	0.3377249507476948
2.654605561975539	0.33631244688705525
2.6607250597988097	0.3349037466777844
2.666858664521479	0.3334988574830348
2.6730064086633116	0.33209778644082655
2.6791683248190314	0.3307005404607791
2.6853444456585076	0.32930712622080777
2.691534803926915	0.32791755016379315
2.6977394324449206	0.32653181849421353
2.703958364108843	0.32514993717475
2.7101916318908432	0.3237719119228533
2.7164392688390824	0.3223977482072835
2.7227013080779128	0.3210274512446119
2.7289777828080406	0.3196610259956928
2.7352687263067126	0.31829847716209864
2.741574171927882	0.3169398091825246
2.7478941531023975	0.3155850262291549
2.7542287033381663	0.3142341322039988
2.7605778562203462	0.31288713073518726
2.7669416454115114	0.3115440251732396
2.773320104651841	0.31020481858728893
2.7797132677592886	0.3088695137612778
2.7861211686297707	0.3075381131901127
2.792543841237338	0.30621061907578634
2.798981319634363	0.30488703332345973
2.805433637951713	0.30356735753751113
2.811900830398941	0.3022515930175439
2.8183829312644537	0.30093974075436053
2.8248799749157074	0.2996318014258957
2.831391995799379	0.29832777539311356
2.8379190284415565	0.2970276626958652
2.8444611074479154	0.2957314630487082
2.85101826750391	0.29443917583668566
2.8575905433749464	0.2931508001110692
2.8641779699065815	0.29186633458505634
2.8707805820246906	0.2905857776294361
2.8773984147356697	0.2893091272682049
2.8840315031266055	0.28803638117415037
2.8906798823654762	0.2867675366643871
2.897343587701323	0.28550259069585704
2.904022654464451	0.28424153986078265
2.910717118066605	0.28298438038208323
2.9174270140011673	0.2817311081087438
2.924152377843335	0.2804817185111464
2.9308932452503216	0.27923339151852644
2.9376496519615305	0.2779868535736037
2.9444216337987617	0.2767441670984374
2.9512092266663856	0.2755053378313385
2.9580124665515464	0.27427037127241477
2.9648313895243423	0.27303927268022016
2.971666031738027	0.2718120470683704
2.9785164294291895	0.2705886992021271
2.9853826189179604	0.2693692335949474
2.992264636608189	0.2681536545050043
2.9991625189876516	0.2669419659316692
3.0060763026282307	0.2657341716119661
3.013006024186122	0.26453027501698745
3.019951720402016	0.2633302793482799
3.0269134281013064	0.26213418753419254
3.0338911841942706	0.260942002226194
3.04088502567628	0.2597537257951508
3.047894989627983	0.2585693603275755
3.054921113215514	0.2573889076218334
3.061963433690677	0.25621236918432067
3.069021988391158	0.2550397462255995
3.076096814740708	0.2538710396565028
3.083187950249355	0.252706250084198
3.0902954325135905	0.25154537780821745
3.097419299216581	0.25038842281644874
3.1045595881283554	0.24923538478109028
3.1117163371060186	0.24808626305456608
3.118889584093937	0.24694105666540642
3.126079367123956	0.2457997643140852
3.1332857243155856	0.24466238436882431
3.1405086938762183	0.24352891486135245
3.1477483141013156	0.24239935348263206
3.1550046233746274	0.24127369757853906
3.1622776601683795	0.24015194414550914
3.169567463043492	0.23903408982613866
3.1768740706497707	0.2379201309047491
3.1841975217261256	0.23681006330290646
3.1915378551007616	0.23570388257490404
3.198895109691399	0.2346015839031982
3.206269324505466	0.23350316209380803
3.213660538640318	0.23240861157166678
3.2210687912834346	0.23131792637593637
3.2284941217126364	0.23023110015527368
3.2359365692962827	0.22914812616305788
3.2433961734934935	0.22806899725257046
3.250872973854344	0.2269937058721347
3.2583670100200885	0.22592224406020686
3.265878321723358	0.22485460344042693
3.273406948788383	0.2237907752166195
3.2809529311311905	0.22273075016775423
3.2885163087598315	0.22167144993251908
3.2960971217745776	0.22061366207447577
3.303695410368149	0.21955963045203414
3.311311214825911	0.21850935698880522
3.3189445755261047	0.21746284333685648
3.326595532940045	0.21642009087311687
3.3342641276323506	0.21538110069574348
3.3419504002611427	0.21434587362045887
3.3496543915782775	0.21331441017684916
3.3573761424295467	0.21228671060463192
3.365115693754908	0.21126277484988595
3.372873086588689	0.2102426025612481
3.380648362059817	0.20922619308607254
3.3884415613920256	0.20821354546655677
3.3962527259040853	0.20720465843582853
3.404081897010009	0.20619953041400013
3.4119291162192864	0.20519815950418166
3.4197944251370886	0.20420054348846195
3.4276778654645046	0.20320667982384777
3.4355794789987466	0.2022165656381701
3.443499307633384	0.20123019772594775
3.451437393358563	0.2002475725442168
3.459393778261219	0.1992686862083196
3.4673685045253166	0.19829353448765502
3.4753616144320576	0.19732211280139045
3.483373150360118	0.19635441621413335
3.4914031547858606	0.19539043943156445
3.499451670283573	0.1944301767960286
3.5075187395256795	0.1934736222820886
3.5156044052829816	0.19252076949203434
3.523708710424871	0.19157161165135503
3.53183169791957	0.19062614160416566
3.5399734108343464	0.18968435180859666
3.548133892335755	0.18874623433213633
3.5563131856898527	0.18781178084693598
3.5645113342624426	0.18688098262506728
3.5727283815192883	0.18595383053374145
3.5809643710263606	0.18503031503048098
3.5892193464500517	0.18411042615825024
3.5974933515574232	0.1831941535405403
3.6057864302164235	0.1822814863764106
3.6140986263961334	0.18137241343548444
3.6224299841669856	0.18046692305290082
3.630780547701014	0.17956500312421875
3.639150361272071	0.17866664110027777
3.6475394692560785	0.17777182398201039
3.6559479161312485	0.17688053831520906
3.664375746478333	0.17599277018524495
3.672823004980846	0.17510850521174112
3.681289736425315	0.17422772854319502
3.6897759857015027	0.17334635353144875
3.6982817978026628	0.17246542262431627
3.7068072178257596	0.1715879104620202
3.715352290971726	0.17071381736243318
3.7239170625456848	0.1698431433824688
3.732501577957206	0.16897588831469873
3.741105882720533	0.16811205168394092
3.7497300224548358	0.1672516327438136
3.758374042884441	0.16639463047325984
3.767037989839089	0.16554104357303678
3.77572190925416	0.16469087046217576
3.7844258471709336	0.16384410927440607
3.793149849736819	0.16300075785454884
3.801893963205613	0.1621608137548747
3.81065823393773	0.16132427423143064
3.8194427084004663	0.1604911362403297
3.8282474331682264	0.15966139643401
3.8370724549227884	0.15883505115745605
3.8459178204535354	0.15801209644438804
3.8547835766577188	0.15719252801341368
3.8636697705406915	0.15637634126414712
3.8725764492161727	0.15556353127328995
3.8815036599064823	0.15475409279067828
3.8904514499428067	0.15394802023529178
3.899419866765434	0.15314530769122867
3.908408957924021	0.15234594890364078
3.9174187710778305	0.15154993727463487
3.926449353995999	0.1507572658591336
3.9355007545577743	0.14996792736070136
3.944573020752785	0.1491819141273299
3.953666200681279	0.1483992181471879
3.9627803425543955	0.1476198310443294
3.971915494694403	0.14684374407436618
3.981071705534973	0.14607094812009802
3.9902490236214203	0.14530143368710638
3.9994474976109755	0.14453519089930514
4.008667176273028	0.143772209494454
4.0179081084894	0.14301247881962936
4.027170343254591	0.14225598782665552
4.036453929676051	0.14150272506749395
4.045758916974426	0.1407526786895921
4.055085354483839	0.14000583643118888
4.0644332916521275	0.13926218561657985
4.073802778041128	0.13852171315133785
4.083193863326921	0.13778440551749313
4.09260659730011	0.13705024876866756
4.1020410298660686	0.13631922852516853
4.111497211045223	0.13559132996903547
4.120975190973302	0.13486653783904556
4.130475019901614	0.13414483642567168
4.139996748197304	0.13342185992617994
4.149540426343631	0.13269872232063956
4.1591061049402205	0.1319786019254026
4.168693834703355	0.13126149946458213
4.178303666466218	0.13054741544213389
4.187935651179185	0.12983635013898526
4.1975898399100755	0.1291283036101395
4.207266283844442	0.1284232756817518
4.216965034285822	0.127721265948179
4.226686142656031	0.1270222737690007
4.2364296604954115	0.12632629826601452
4.24619563946313	0.12563333832020102
4.2559841313374305	0.12494339256866281
4.265795188015928	0.12425645940153336
4.275628861515862	0.12357253695885935
4.285485203974396	0.12289162312745155
4.295364267648873	0.12221371553770909
4.3052661049171075	0.12153881156041284
4.3151907682776525	0.12086690830349016
4.325138310350088	0.12019800260874913
4.335108783875289	0.11953209104858348
4.345102241715717	0.11886916992264662
4.355118736855686	0.11820923525449581
4.365158322401661	0.1175522827882047
4.375221051582521	0.11689830798494608
4.385306977749858	0.11624730601954175
4.395416154378245	0.1155992717769827
4.405548635065534	0.11495419984891604
4.4157044735331255	0.11431208453010071
4.425883723626267	0.11367291981483045
4.436086439314326	0.11303669939332507
4.446312674691089	0.11240341664808712
4.456562483975033	0.11177306465022815
4.466835921509633	0.11114563615575869
4.477133041763626	0.11052112360184727
4.487453899331323	0.10989951910304345
4.49779854893288	0.10928081444746825
4.508167045414603	0.10866500109296896
4.518559443749224	0.10805207016324053
4.528975799036209	0.10744201244391002
4.539416166502032	0.10683481837858858
4.549880601500488	0.10623047806488471
4.560369159512962	0.10562898125038468
4.570881896148752	0.10503031732859397
4.581418867145335	0.10443447533484523
4.591980128368688	0.10384144394216673
4.6025657358135605	0.10325121145711616
4.613175745603796	0.10266376581557503
4.623810213992603	0.10207909457850768
4.634469197362879	0.10149718492768019
4.645152752227495	0.1009148442571519
4.6558609352295885	0.10033288539955902
4.666593803142887	0.09975363007741084
4.677351412871981	0.0991770772726841
4.688133821452653	0.09860322575186196
4.698941086052153	0.0980320740632098
4.709773263969529	0.09746362053402205
4.720630412635905	0.09689786326784706
4.731512589614805	0.09633480014168375
4.7424198526024455	0.0957744288031541
4.753352259428054	0.09521674666764822
4.7643098680541565	0.09466175091544508
4.775292736576909	0.09410943848880425
4.786300923226383	0.09355980608903343
4.797334486366892	0.09301285017352724
4.808393484497285	0.09246856695278025
4.819477976251274	0.09192695238737124
4.830588020397726	0.09138800218492182
4.841723675840994	0.09085171179702509
4.8528850016212095	0.09031807641614822
4.864072056914616	0.0897870909725054
4.875284901033862	0.08925875013090338
4.886523593428336	0.0887330482875573
4.897788193684462	0.08820997956687876
4.909078761526032	0.08768953781823359
4.920395356814509	0.08717171661267116
4.9317380395493595	0.0866565092396233
4.943106869868354	0.0861439087035742
4.954501908047903	0.08563390772069915
4.96592321450336	0.0851264987154742
4.97737084978936	0.08462167381725379
4.9888448746001215	0.08411942485681899
5.000345349769786	0.08361974336289335
5.011872336272722	0.08312262055862879
5.0234258952238715	0.08262804735805805
5.035006087879047	0.08213601436251768
5.046612975635284	0.08164651185703627
5.05824662003114	0.08115952980669307
5.0699070827470445	0.0806750578529413
5.081594425605605	0.08019308530990106
5.093308710571955	0.079713601160617
5.105049999754062	0.07923659405328431
5.116818355403078	0.0787620522974394
5.1286138399136485	0.07828996386011848
5.140436515824262	0.07782031636198002
5.152286445817564	0.0773530970733943
5.16416369272071	0.076888292910497
5.176068319505676	0.07642589043120879
5.188000389289612	0.07596587583121857
5.199959965335159	0.07550823493993222
5.211947111050805	0.07504977976085107
5.223961889991197	0.07459132025453949
5.236004365857504	0.07413517246118471
5.248074602497725	0.07368133403939171
5.2601726639070625	0.07322980244601539
5.2722986142282275	0.07278057493367444
5.284452517751805	0.07233364854824116
5.296634438916578	0.0718890201263087
5.308844442309884	0.07144668629263488
5.321082592667942	0.07100664345756338
5.333348954876211	0.07056888781442008
5.345643593969716	0.07013341533688731
5.357966575133418	0.06970022177635234
5.370317963702527	0.06926930265923367
5.382697825162884	0.06884065328428106
5.3951062251512765	0.068414268719853
5.4075432294558095	0.06799014380116761
5.420008904016238	0.06756827312753008
5.432503314924333	0.06714865105953392
5.445026528424211	0.06673127171623812
5.4575786109127105	0.06631612897231713
5.470159628939716	0.06590321645518694
5.482769649208539	0.06549252754210351
5.495408738576246	0.06508405535723666
5.508076964054036	0.064677792768716
5.520774392807573	0.06427373238565201
5.533501092157368	0.0638718665551286
5.546257129579107	0.06347218735917019
5.559042572704037	0.06307468661168043
5.5718574893192985	0.06267935585535442
5.584701947368309	0.062286186358562395
5.597576014951102	0.06189516911220644
5.610479760324706	0.06150629482654821
5.623413251903491	0.06111955392800916
5.6363765582595455	0.060734936555941574
5.649369748123025	0.060352432559371345
5.6623928903825345	0.059972031493711074
5.675446054085471	0.05959372261744507
5.688529308438416	0.05921749488878333
5.701642722807475	0.058843336962287385
5.714786366718672	0.05847123718546488
5.727960309858292	0.058101183595335115
5.741164622073277	0.057733163914963
5.7543993733715695	0.05736716554996365
5.767664633922509	0.05700317558497462
5.780960474057181	0.05664118078009846
5.794286964268812	0.05628116756731252
5.807644175213121	0.05592312204684825
5.821032177708716	0.05556702998353756
5.834451042737448	0.05521287680312806
5.847900841444809	0.0548572319725793
5.861381645140288	0.05450096804905397
5.874893525297769	0.0541465786526692
5.88843655355589	0.05379406216851465
5.902010801718445	0.05344341682315695
5.91561634175474	0.053094640682677545
5.9292532458	0.05274773165069074
5.942921586155727	0.052402687466345285
5.956621435290106	0.05205950570230607
5.970352865838369	0.05171818376271878
5.984115950603199	0.051378718881154764
5.997910762555095	0.05104110811853796
6.011737374832782	0.05070534836105232
6.025595860743578	0.0503714363180308
6.0394862937638	0.050039368519824254
6.0534087475391365	0.04970914131565204
6.067363295885055	0.04938075087143199
6.08135001278718	0.04905419316759162
6.095368972401694	0.04872946399685875
6.109420249055721	0.048406558962032664
6.123503917247737	0.048085473473734715
6.137620051647943	0.04776620274813894
6.151768727098683	0.047448741804681685
6.165950018614822	0.04713308546375126
6.180164001384161	0.04681922834435594
6.1944107507678146	0.04650716486177181
6.208690342300634	0.04619688922516874
6.223002851691596	0.04588839543521529
6.237348354824191	0.045581677281662555
6.251726927756859	0.04527672834090516
6.266138646723353	0.04497354197352198
6.2805835881331795	0.0446721113217932
6.295061828571975	0.044372429307196606
6.309573444801933	0.04407448862788036
6.324118513762193	0.04377828175611411
6.33869711256927	0.043483800935716306
6.353309318517436	0.043191038179460066
6.367955209079159	0.042899985266454214
6.382634861905486	0.04261063373950261
6.397348354826482	0.04232297490243859
6.412095765851615	0.04203699981743715
6.4268771731701975	0.04175269930230177
6.441692655151772	0.041470063927728645
6.456542290346556	0.04118908401454538
6.471426157485831	0.04090974963092636
6.486344335482385	0.040632050589582525
6.501296903430906	0.04035597644492717
6.516283940608428	0.04008151649021594
6.531305526474723	0.0398086597546624
6.546361740672751	0.039537395000527255
6.561452663029053	0.03926517937302816
6.576578373554206	0.038992659064535896
6.591738952443213	0.038721681637183515
6.606934480075961	0.03845224539309217
6.622165037017619	0.038184348500327474
6.637430704019089	0.037917988991254994
6.652731562017413	0.03765316476088221
6.668067692136222	0.03738987356518401
6.6834391756861455	0.03712811301941399
6.698846094165265	0.03686788059639936
6.714288529259523	0.03660917362482138
6.729766562843179	0.03635198928747892
6.745280276979219	0.036096324619537525
6.760829753919819	0.03584217650676139
6.77641507610675	0.035589541683730304
6.792036326171846	0.03533841673203949
6.807693586937414	0.03508879807848415
6.823386941416698	0.034840681993226444
6.839116472814292	0.03459406458794718
6.8548822645266165	0.03434894181397945
6.870684400142321	0.034105309460426704
6.886522963442762	0.033863163152262864
6.902398038402419	0.033622498348416074
6.918309709189366	0.03338331033983457
6.934258060165691	0.033145594247535784
6.9502431758879695	0.032909345020637346
6.966265141107686	0.03267455743437109
6.982324040771715	0.032441226088078326
6.998419960022734	0.03220934540318841
7.014552984199714	0.031978909621177866
7.030723198838334	0.031749912801512535
7.046930689671471	0.03152234881957032
7.06317554262962	0.031296211364546134
7.07945784384138	0.03107149393733768
7.095777679633888	0.030848189848412862
7.112135136533292	0.03062629221565766
7.128530301265195	0.03040579396220553
7.1449632607551345	0.03018668781424686
7.16143410212902	0.029968966298819684
7.177942912713619	0.029752621741580013
7.194489780036995	0.02953764626455338
7.211074791828998	0.029324031783865397
7.227698036021702	0.029111770007453325
7.2443596007499025	0.02890085243275649
7.261059574351547	0.02869127034438713
7.277798045368242	0.028483014811779922
7.294575102545687	0.028276076686821545
7.311390834834176	0.028070446601458705
7.3282453313890406	0.027866114965285724
7.345138681571151	0.027663071963110342
7.362070974947361	0.027459168032497296
7.379042301291012	0.027254949026544472
7.396052750582378	0.027051976209044967
7.413102413009177	0.026850247831635168
7.430191378967014	0.026649762033624652
7.447319739059893	0.026450516840634094
7.464487584100665	0.0262525101632216
7.481695005111545	0.026055739795495775
7.498942093324558	0.025860203413717017
7.516228940182057	0.025665898574885142
7.533555637337174	0.025472822715315153
7.550922276654341	0.025280973149199276
7.568328950209744	0.025090347067156623
7.58577575029184	0.024900941534769187
7.603262769401819	0.024712753491105115
7.620790100254123	0.024525779747228128
7.638357835776907	0.024340016984694013
7.655966069112566	0.02415546175403305
7.67361489361819	0.023972110473219305
7.691304402866098	0.02378995942612556
7.709034690644301	0.02360900476096499
7.726805850957025	0.023429242488718242
7.744617978025188	0.023250668481546968
7.76247116628692	0.02307327847119257
7.78036551039804	0.022897068047361236
7.798301105232589	0.022722032656093787
7.816278045883297	0.022548167598121817
7.83429642766212	0.022375468027208273
7.852356346100718	0.022203928948473985
7.870457896950989	0.022033545216708715
7.888601176185544	0.021864311534667603
7.906786279998253	0.021696222451352054
7.925013304804718	0.021529272360275756
7.943282347242818	0.021363455497714862
7.961593504173188	0.021198765940943127
7.979946872679768	0.021035197606450843
7.9983425500702845	0.02087274424814863
8.016780633876794	0.02071139945555465
8.035261221856173	0.02055115665196652
8.05378441199067	0.020392009092616247
8.072350302488383	0.02023394986280982
8.090958991783825	0.020076971876049433
8.109610578538408	0.01992106787213999
8.128305161640995	0.01976623041527826
8.147042840208396	0.01961245189212588
8.165823713585926	0.019459724509864697
8.1846478813479	0.01930804029423575
8.203515443298185	0.019157391087560437
8.222426499470712	0.01900776854674481
8.241381150130026	0.018859164141265962
8.260379495771788	0.018709710107274846
8.279421637123345	0.018559880754392716
8.298507675144226	0.018411032697882666
8.317637711026709	0.01826316444913766
8.336811846196344	0.018116274430360114
8.356030182312479	0.017970360973486095
8.375292821268827	0.01782542231909935
8.394599865193973	0.017681456615336124
8.413951416451951	0.017538461916779317
8.433347577642753	0.01739643618334324
8.452788451602899	0.017255377279147804
8.472274141405963	0.01711528297138282
8.491804750363139	0.016976150929161826
8.511380382023763	0.01683797872236577
8.531001140175896	0.016700763820475965
8.550667128846833	0.016564503591396964
8.570378452303697	0.016429195300268228
8.590135215053957	0.016294836108265737
8.609937521846007	0.016161423071392365
8.629785477669701	0.01602895313925764
8.649679187756934	0.01589742315384635
8.669618757582166	0.01576682984827647
8.689604292863018	0.015637169845545428
8.709635899560805	0.015508439657265706
8.729713683881117	0.015380635682388717
8.74983775227436	0.015253754205917614
8.770008211436348	0.015127791397608248
8.790225168308842	0.015002743310658968
8.810488730080142	0.014878605880388331
8.830799004185627	0.014755374922901444
8.851156098308357	0.014633046133744066
8.871560120379607	0.014511615086545132
8.892011178579486	0.01439107723164681
8.912509381337454	0.014271427894722896
8.933054837332953	0.01415266227538447
8.953647655495937	0.01403477544577365
8.974287945007486	0.013917762349144538
8.994975815300352	0.013801617798431982
9.01571137605957	0.013686336474807327
9.036494737223014	0.013571912926221777
9.057326008982002	0.013458341565936631
9.078205301781857	0.01334561667104085
9.099132726322518	0.013233732380955255
9.120108393559097	0.01312268269592393
9.141132414702504	0.013012461475492036
9.162204901219997	0.012903062436970605
9.183325964835811	0.012794479153887485
9.204495717531712	0.012686705054425132
9.225714271547634	0.012579733419844296
9.246981739382225	0.012473557382894367
9.268298233793494	0.012366743970696857
9.289663867799362	0.012259656662646853
9.311078754678306	0.012153335694365395
9.33254300796991	0.012047779580562806
9.354056741475521	0.011942986762556802
9.375620069258803	0.011838955607399624
9.39723310564638	0.011735684406996847
9.418895965228414	0.011633171377218596
9.440608762859236	0.011531414657002331
9.462371613657929	0.011430412307447999
9.484184633008974	0.011330162310904501
9.506047936562814	0.011230662570048509
9.527961640236521	0.011131910906954394
9.549925860214358	0.011033905062156369
9.571940712948447	0.01093664269370169
9.594006315159332	0.010840121376195807
9.616122783836648	0.010744338599838593
9.638290236239705	0.010649291769452219
9.660508789898136	0.01055497820350009
9.68277856261249	0.01046139513309729
9.7050996724549	0.01036853970101184
9.727472237769652	0.010276408960657435
9.749896377173872	0.010184999875076801
9.772372209558107	0.010094309315916376
9.79489985408699	0.010004334062391531
9.817479430199844	0.009915070800242875
9.84011105761134	0.009826516120683046
9.862794856312105	0.009738666519334388
9.885530946569391	0.009651518395156935
9.908319448927676	0.009565068049367216
9.93116048420934	0.009479311684347168
9.954054173515269	0.00939424540254369
9.977000638225535	0.009309865205358191
10.	0.00922616699202663
10.023052380778994	0.009143146558489402
10.046157902783957	0.009060799596251399
10.069316688518045	0.00897912169123216
10.092528860766844	0.008898108322605557
10.115794542598982	0.008817754861629584
10.1391138573668	0.00873805657046574
10.16248692870696	0.008659008600988189
10.18591388054117	0.008580605993582173
10.209394837076797	0.008502843675932202
10.232929922807546	0.008425716461799446
10.256519262514079	0.008349219049788673
10.280162981264736	0.008273346022103984
10.303861204416158	0.008198091843294132
10.32761405761398	0.00812345085898654
10.351421666793442	0.008049417294610657
10.375284158180126	0.007975985254109703
10.39920165829059	0.007901936150526428
10.423174293933046	0.007827579023649061
10.447202192208003	0.007753798401168395
10.471285480508996	0.007680592983461204
10.495424286523221	0.007607961413625042
10.519618738232236	0.0075359022768033855
10.543868963912592	0.007464414099504885
10.568175092136585	0.007393495348916196
10.592537251772887	0.007323144432208914
10.616955571987253	0.007253359695840127
10.641430182243164	0.007184139424846812
10.665961212302578	0.007115481842133624
10.690548792226577	0.007047385107754608
10.71519305237607	0.006979847318188288
10.739894123412451	0.006912866505606431
10.76465213629835	0.006846440637135995
10.789467222298287	0.00678056761411477
10.814339512979387	0.006715245271340205
10.83926914021204	0.006650471376311693
10.864256236170656	0.006586243628465834
10.889300933334333	0.006522559658405162
10.91440336448757	0.0064594170271198665
10.939563662720943	0.006396813225202725
10.964781961431852	0.00633474567205684
10.990058394325208	0.0062732117150965765
11.015393095414156	0.006212208628941263
11.040786199020735	0.006151733614601958
11.066237839776663	0.006091783798660682
11.091748152624008	0.006032356232442727
11.117317272815919	0.0059734478911814565
11.142945335917304	0.005915055673175903
11.168632477805613	0.005857176398940683
11.194378834671515	0.005799806810348672
11.220184543019629	0.005742943569766027
11.24604973966927	0.005686583259179554
11.271974561755105	0.005630722379316613
11.297959146727976	0.005575357348756946
11.324003632355566	0.005520484503037049
11.350108156723154	0.0054661000937465
11.37627285823431	0.005412200287616523
11.402497875611685	0.0053587811656003554
11.428783347897712	0.005305838721945773
11.45512941445536	0.005253368863259424
11.481536214968829	0.005201367407563078
11.508003889444357	0.005149830083341475
11.534532578210918	0.005098752528582032
11.561122421920993	0.005048130289806102
11.587773561551263	0.004997958821091937
11.614486138403427	0.0049482334830889
11.641260294104908	0.004898949542023353
11.66809617060963	0.004849125706076225
11.694993910198711	0.00479901086145564
11.721953655481304	0.004749317329544443
11.748975549395292	0.0047000440920765205
11.776059735208078	0.00465119008828857
11.803206356517299	0.004602754214422225
11.830415557251646	0.004554735323221547
11.857687481671597	0.004507132223426109
11.88502227437019	0.004459943679259538
11.91242008027375	0.0044131684099134325
11.93988104464273	0.004366805089026579
11.967405313072431	0.004320852344159627
11.994993031493793	0.004275308756264996
12.02264434617413	0.004230172859152108
12.050359403717973	0.004185443138947671
12.078138351067798	0.004141118033551362
12.10598133550483	0.004097195932086512
12.133888504649775	0.004053675174346004
12.161860006463678	0.004010554050233083
12.189895989248662	0.003967830799197347
12.217996601648723	0.003925503609665641
12.246161992650489	0.003883570618467993
12.274392311584071	0.0038420299102582696
12.30268770812381	0.003800879516929908
12.331048332289097	0.0037601174170263383
12.359474334445107	0.003719741535146311
12.387965865303691	0.003679749741343772
12.416523075924106	0.003640139850522653
12.445146117713856	0.0036009096218261685
12.473835142429433	0.0035620567580208692
12.5025903021772	0.003523578904875099
12.531411749414156	0.0034854736505320985
12.560299636948754	0.0034477385248775825
12.589254117941675	0.00341037099890177
12.618275345906707	0.003373368484055716
12.64736347471151	0.0033367283316021387
12.67651865857846	0.0033004478319604287
12.705741052085418	0.0032645242140460777
12.735030810166617	0.003228954644604113
12.764388088113435	0.0031937362275368986
12.793813041575252	0.003158866003225961
12.823305826560219	0.0031243409478479566
12.852866599436155	0.003090157972684578
12.882495516931336	0.003056313923426549
12.912192736135347	0.003022805579471492
12.941958414499863	0.0029896296532157573
12.971792709839558	0.002956782789339987
13.001695780332899	0.0029242615640885507
13.031667784523	0.0028920624845427153
13.061708881318419	0.0028601819878875403
13.09181922999407	0.0028278942130887507
13.121998990192028	0.002795383183867824
13.15224832192239	0.0027631756975559857
13.182567385564074	0.002731270939256563
13.212956341865752	0.0026996680625943335
13.243415351946643	0.0026683661893496646
13.273944577297401	0.0026373644090892973
13.304544179780914	0.0026066617787938984
13.33521432163324	0.0025762573224821375
13.365955165464419	0.002546150030831531
13.396766874259358	0.002516338860795835
13.427649611378643	0.002486822735219076
13.458603540559483	0.002457600542446027
13.489628825916533	0.002428671135929306
13.52072563194278	0.002400033333832955
13.551894123510364	0.002371685918632507
13.583134465871542	0.0023436276367114033
13.614446824659497	0.0023158571979539446
13.645831365889252	0.0022883732753345557
13.677288255958494	0.0022611745045034762
13.708817661648537	0.0022342594833686543
13.740419750125149	0.0022076267716740765
13.772094688939474	0.0021812748905742766
13.803842646028853	0.002155202322205171
13.83566378971781	0.0021294075092509706
13.867558288718882	0.002103888854507406
13.89952631213354	0.0020786447204410186
13.931568029453036	0.0020536734287446433
13.963683610559377	0.002028973259888876
13.995873225726179	0.002004542452669687
14.028137045619589	0.0019803792037520187
14.060475241299143	0.001956481667209423
14.092887984218748	0.0019328479540595617
14.12537544622754	0.0019094761317957414
14.157937799570824	0.00188636422391429
14.190575216890926	0.0018635102094378426
14.223287871228198	0.0018409120224343704
14.25607593602188	0.001818567551532113
14.288939585111036	0.0017964746394302125
14.321878992735439	0.0017746310824051233
14.35489433353656	0.00175303462981265
14.387985782558452	0.0017316829835857337
14.421153515248696	0.0017105737977278022
14.45439770745928	0.0016897046778017863
14.487718535447618	0.0016690731804146007
14.52111617587742	0.0016486768126972313
14.554590805819668	0.001628513031780281
14.58814260275349	0.0016085792442649956
14.621771744567184	0.0015888728056896464
14.655478409559112	0.0015693910199913686
14.689262776438676	0.0015496240381854352
14.723125024327194	0.001529700870035162
14.757065332758946	0.0015099911958253735
14.791083881682072	0.0014904942385644251
14.825180851459544	0.0014712091965138722
14.859356422870075	0.001452135242906988
14.893610777109155	0.001433271525664683
14.92794409578996	0.0014146171671089874
14.962356560944343	0.0013961712636739298
14.99684835502374	0.0013779328856139143
15.031419660900225	0.0013599010767093966
15.066070661867418	0.0013420748539700763
15.100801541641477	0.0013244532073353784
15.135612484362087	0.0013070350993723127
15.170503674593368	0.0012898194649706846
15.205475297324954	0.001272805211035548
15.240527537972907	0.0012559912161770113
15.275660582380732	0.0012393763303972674
15.310874616820303	0.0012229593747749136
15.346169827992941	0.0012067391411464039
15.381546403030342	0.0011907143917847965
15.4170045294956	0.001174883859075614
15.452544395384141	0.001159246245189909
15.488166189124811	0.0011438002217543882
15.523870099580817	0.0011285444295187183
15.55965631605075	0.0011134774780198703
15.595525028269538	0.0010985979452435696
15.631476426409538	0.0010839043772827204
15.667510701081484	0.0010693952879929104
15.70362804333553	0.0010550691586448642
15.739828644662197	0.00104092443757391
15.776112696993485	0.0010269595398263232
15.812480392703826	0.0010131728468026513
15.848931924611142	0.0009995627058979025
15.88546748597779	0.000986127430138638
15.9220872705117	0.0009728652978168455
15.95879147236732	0.0009597745521207072
15.995580286146694	0.0009468534007621158
16.032453906900418	0.0009341000156010008
16.069412530128773	0.0009215125322663452
16.106456351782697	0.0009090890497739757
16.143585568264868	0.0008968276301410125
16.18080037643066	0.0008847262979970226
16.218100973589298	0.0008727830401917627
16.255487557504836	0.0008609958053995801
16.292960326397232	0.0008493625037203854
16.330519478943348	0.0008378810062772041
16.368165214278086	0.0008265491448102219
16.40589773199539	0.0008153647112673798
16.443717232149325	0.0008043254573914256
16.481623915255085	0.0007929985659758189
16.51961798229015	0.0007814936142911498
16.557699634695275	0.0007701245125088797
16.595869074375614	0.0007588906565269403
16.634126503701697	0.0007477914250634599
16.672472125510627	0.0007368261794641794
16.71090614310707	0.0007259942635082043
16.749428760264383	0.0007152950032120155
16.788040181225607	0.0007047277066317768
16.82674061070467	0.0006942916636638445
16.865530253887407	0.0006839861458435637
16.90440931643265	0.0006738104061422741
16.94337800447329	0.0006637636787625353
16.982436524617444	0.0006538451789315237
17.0215850839495	0.000644054102692646
17.060823890031244	0.0006343896266952958
17.10015315090288	0.0006248509079827988
17.139573075084254	0.0006154370837784439
17.179083871575877	0.0006061472712696882
17.21868574986008	0.0005969805673904451
17.25837891990204	0.0005879360486014924
17.298163592151013	0.0005790127706689193
17.338039977541374	0.0005702097684406787
17.378008287493763	0.0005615260556211634
17.418068733916144	0.0005529606245438435
17.458221529205037	0.0005445124459418757
17.498466886246565	0.0005361804687167647
17.53880501841762	0.0005279636197049797
17.579236139586932	0.0005198608034425655
17.619760464116293	0.0005118709019276766
17.66037820686164	0.0005039927743810801
17.70108958317422	0.000496225257004565
17.741894808901662	0.0004885671627372724
17.78279410038923	0.0004810172810098878
17.82378767448089	0.00047357437749673536
17.864875748520518	0.0004662371938657081
17.906058540352948	0.00045900444752606156
17.947336268325266	0.00045187483137398913
17.988709151287875	0.000444847013536044
18.030177408595698	0.0004379196371103226
18.071741260109274	0.000431091319905439
18.113400926196025	0.0004243606541772226
18.15515662773135	0.00041772620636318
18.197008586099845	0.00041118651681465755
18.238957023196384	0.0004047400995267179
18.281002161427427	0.0003983854418656718
18.323144223712113	0.00039212100429429945
18.365383433483473	0.0003859452200947032
18.407720014689563	0.00037985649508879546
18.450154191794738	0.0003738532073563766
18.492686189780777	0.0003676186178697672
18.535316234148123	0.000361232949446966
18.57804455091699	0.0003549259709706526
18.620871366628677	0.0003486972707596759
18.663796908346693	0.00034254642634661876
18.706821403658015	0.00033647300435830327
18.74994508067419	0.00033047656039526655
18.793168168032686	0.0003245566389101446
18.836490894898002	0.0003187127730850142
18.879913490962945	0.00031294448470763704
18.92343618644976	0.00030725128404663704
18.967059212111465	0.00030163266972555114
19.010782799232995	0.0002960881285958078
19.054607179632484	0.00029061713560856703
19.098532585662387	0.0002852191536854634
19.14255925021086	0.00027989363358818623
19.18668740670289	0.00027464001378694813
19.230917289101594	0.0002694577203277889
19.275249131909366	0.0002643461666987329
19.31968317016924	0.00025930475369475995
19.364219639466068	0.00025433286928162055
19.408858775927794	0.00024942988845845087
19.453600816226633	0.0002445951731192076
19.498445997580454	0.00023982807191287397
19.543394557753942	0.000235127920102475
19.58844673505991	0.00023049403942285542
19.633602768360475	0.00022592573793723793
19.67886289706845	0.00022142230989251284
19.724227361148536	0.0002169830355733016
19.76969640111862	0.00021260718115474148
19.81527025805099	0.00020829399855400865
19.860949173573715	0.00020404272528054088
19.906733389871864	0.0001998525842849854
19.952623149688808	0.0001957227838068327
19.998618696327448	0.00019165251722074673
20.044720273651613	0.00018764096288155407
20.090928126087277	0.0001836872839679168
20.137242498623895	0.00017979062832464891
20.183663636815616	0.0001759501283036904
20.23019178678272	0.00017216490060369344
20.276827195212817	0.000168434046108255
20.32357010936221	0.00016475664972274818
20.37042077705719	0.00016113178020975806
20.417379446695296	0.00015755849002311556
20.46444636724674	0.0001540358151404936
20.511621788255646	0.0001505627748945911
20.558905959841425	0.00014713837180285885
20.606299132700006	0.00014376159139578717
20.65380155810529	0.0001404314020437082
20.701413487910415	0.0001371467547821364
20.749135174549107	0.00013390658313561623
20.79696687103696	0.00013070980294007108
20.844908830972887	0.00012755531216363284
20.892961308540386	0.00012444199072595693
20.941124558508935	0.00012136870031599585
20.989398836235246	0.00011833428420823317
21.03778439766475	0.00011533756707734318
21.086281499332888	0.00011237735481129151
21.134890398366476	0.00010945243432284687
21.183611352485023	0.00010656157335949909
21.23244462000219	0.00010370352031176058
21.28139045982711	0.0001008770040198531
21.330449131465773	0.00009808073357875914
21.379620895022324	0.00009531339814162896
21.428906011200585	0.00009257366672151633
21.47830474130533	0.00008986018799145705
21.527817347243737	0.00008717159008284925
21.57744409152667	0.00008450648038214706
21.6271852372702	0.0000818634453258269
21.67704104819694	0.00007924105019364156
21.727011788637455	0.00007663783890012838
21.77709772353159	0.00007405233378437243
21.827299118430012	0.00007148303539799043
21.87761623949552	0.0000689284222913495
21.9280493535045	0.00006638695079798342
21.978598727848254	0.00006385705481720803
22.02926463053456	0.00006133714559490608
22.080047330188993	0.00005882561150248544
22.13094709605639	0.00005632081781398274
22.181964198002195	0.00005382110648130857
22.23309890651403	0.00005132479590760251
22.28435149270303	0.000048830180718707934
22.335722228305325	0.00004633553153273092
22.3872113856834	0.00004383909472768311
22.438819237827662	0.0000413390922071782
22.490546058357804	0.00003883372116418393
22.542392121524305	0.00003632115384280282
22.59435770220978	0.0000337995372980753
22.646443075930595	0.00003126699315377381
22.698648518838212	0.000028721617358195284
22.750974307720718	0.00002616147993791689
22.803420720004187	0.000023584624749515325
22.8559880337543	0.000020989069229212473
22.908676527677724	0.000018372804140457293
22.961486481123632	0.000015733793319408263
23.01441817408509	0.000013069973418314385
23.06747188720069	0.000010379253646758484
23.12064790175594	7.659515510772939e-6
23.173946499684796	4.90861254978987e-6
23.227367963571073	2.1243700714230916e-6