0.1	8.997076645900382
0.10023052380778996	8.986054354560567
0.10046157902783952	8.9750335132529
0.10069316688518042	8.964014148920757
0.10092528860766845	8.952996287982797
0.10115794542598985	8.94197995632423
0.10139113857366794	8.930965179287963
0.10162486928706957	8.919951981665694
0.1018591388054117	8.908940387688915
0.102093948370768	8.897930421019796
0.10232929922807542	8.886922104741998
0.10256519262514076	8.875915461351404
0.10280162981264736	8.86491051274672
0.10303861204416162	8.85390728022002
0.10327614057613975	8.842905784447195
0.10351421666793438	8.83190604547826
0.10375284158180126	8.820908082727636
0.10399201658290592	8.809911914964275
0.10423174293933042	8.798917560301705
0.10447202192208001	8.787925036188009
0.10471285480508996	8.77693435939565
0.10495424286523224	8.765945546011245
0.1051961873823223	8.754958611425185
0.1054386896391259	8.743973570321225
0.10568175092136585	8.732990436665897
0.10592537251772889	8.722009223697869
0.10616955571987247	8.711029943917177
0.10641430182243161	8.700052609074351
0.10665961212302578	8.689077230159471
0.1069054879222658	8.67810381739104
0.10715193052376065	8.66713238020484
0.10739894123412448	8.656154521104511
0.1076465213629835	8.645176356508056
0.10789467222298288	8.634200163030686
0.1081433951297938	8.623225972765745
0.10839269140212036	8.612253817325916
0.10864256236170655	8.601283727834813
0.10889300933334335	8.590315734918514
0.10914403364487565	8.579349868696974
0.10939563662720939	8.56838615877541
0.1096478196143185	8.557424634235524
0.10990058394325211	8.546465323626682
0.11015393095414151	8.535508254956994
0.11040786199020733	8.52455345568432
0.11066237839776664	8.513600952707138
0.11091748152624012	8.502650772355386
0.11117317272815914	8.491702940381147
0.11142945335917301	8.480757481949283
0.11168632477805612	8.469814421627966
0.11194378834671516	8.458873783379106
0.11220184543019636	8.447935590548685
0.11246049739669266	8.436999865857008
0.11271974561755105	8.426066631388823
0.11297959146727979	8.415135908583395
0.11324003632355571	8.404207718224427
0.11350108156723152	8.393282080429927
0.1137627285823431	8.382359014641928
0.11402497875611688	8.371438539616157
0.11428783347897718	8.360520673411557
0.11455129414455358	8.349605433379741
0.1148153621496883	8.338692836154314
0.11508003889444356	8.327782897640114
0.11534532578210924	8.316875633002308
0.11561122421920987	8.305971056655448
0.11587773561551262	8.29506918225235
0.11614486138403426	8.284170022672914
0.11641260294104915	8.273273590012787
0.11668096170609624	8.262379895571984
0.11694993910198712	8.25148894984332
0.11721953655481303	8.240600762500787
0.11748975549395298	8.22971534238779
0.11776059735208072	8.218832697505286
0.11803206356517298	8.20795283499979
0.11830415557251646	8.197075761151273
0.118576874816716	8.186201481360955
0.11885022274370183	8.175330000138954
0.11912420080273747	8.164461321091842
0.1193988104464273	8.153595446910069
0.11967405313072434	8.14273237935526
0.11994993031493788	8.1318721192474
0.12022644346174129	8.121014666451915
0.12050359403717974	8.110151371639112
0.120781383510678	8.099288517229404
0.12105981335504823	8.088428435103829
0.12133888504649772	8.077571147826168
0.12161860006463679	8.066716677309074
0.12189895989248664	8.055865044803932
0.12217996601648717	8.045016270890617
0.12246161992650487	8.03417037546715
0.12274392311584072	8.023327377739268
0.12302687708123815	8.012487296209862
0.1233104833228909	8.001650148668341
0.12359474334445104	7.990815952179874
0.1238796586530369	7.979984723074527
0.1241652307592411	7.969156476936291
0.1244514611771385	7.958331228592031
0.12473835142429429	7.94750899210026
0.125025903021772	7.936689780739897
0.1253141174941416	7.925873606998823
0.1256029963694875	7.915060482562387
0.12589254117941673	7.904250418301783
0.12618275345906707	7.893443424262301
0.12647363474711512	7.8826395096514705
0.12676518658578456	7.871838682827099
0.12705741052085415	7.861040951285202
0.12735030810166617	7.850246321647768
0.12764388088113438	7.839454799650471
0.12793813041575247	7.828666390130218
0.12823305826560213	7.817881097012591
0.12852866599436155	7.807098923299167
0.1288249551693134	7.796319871054735
0.12912192736135342	7.785543941394349
0.1294195841449986	7.774771134470294
0.12971792709839558	7.764001449458909
0.13001695780332903	7.75323488454729
0.13031667784522993	7.742471436919875
0.13061708881318415	7.731711102744868
0.1309181922999407	7.720953877160586
0.13121998990192033	7.710199754261612
0.13152248321922383	7.6994487270848895
0.1318256738556407	7.688700787595616
0.1321295634186575	7.677955926673048
0.13243415351946647	7.6672141340961515
0.13273944577297395	7.656475398529132
0.1330454417978091	7.645739707506807
0.1333521432163324	7.635007047419856
0.13365955165464422	7.624277403499915
0.1339676687425935	7.613550759804583
0.1342764961137864	7.602827099202189
0.13458603540559483	7.592106403356525
0.13489628825916536	7.581388652711365
0.13520725631942773	7.570656493176969
0.1355189412351036	7.559922498490158
0.1358313446587154	7.549191325204248
0.136144468246595	7.538463002136116
0.13645831365889247	7.5277375575447625
0.13677288255958492	7.517015019122077
0.13708817661648537	7.50629541398356
0.13740419750125152	7.495578768658928
0.13772094688939465	7.484865109082602
0.1380384264602885	7.47415446058415
0.1383566378971781	7.463446847878586
0.13867558288718884	7.452742295056595
0.13899526312133534	7.442040825574672
0.13931568029453031	7.431342462245132
0.13963683610559377	7.420647227226041
0.13995873225726183	7.409955142011057
0.14028137045619582	7.3992662274191305
0.1406047524129914	7.388580503584157
0.14092887984218747	7.377897989944479
0.14125375446227545	7.3672187052323075
0.14157937799570816	7.35654266746305
0.14190575216890922	7.3458698939244975
0.142232878712282	7.33520040116595
0.14256075936021884	7.324534204987199
0.1428893958511103	7.3138713204274115
0.14321878992735435	7.303211761753927
0.1435489433353656	7.292555542450903
0.14387985782558455	7.281902675207901
0.14421153515248689	7.2712531719083096
0.14454397707459277	7.2606070436176955
0.14487718535447616	7.249964300572019
0.14521116175877424	7.239324952165737
0.14554590805819662	7.228689006939804
0.14588142602753484	7.218056472569548
0.14621771744567183	7.207427355852407
0.14655478409559117	7.196801662695613
0.1468926277643867	7.186179398103665
0.1472312502432719	7.175560566165752
0.14757065332758945	7.164945170043048
0.14791083881682077	7.154333211955842
0.14825180851459538	7.143724693170583
0.1485935642287007	7.133119613986794
0.14893610777109154	7.122517973723855
0.14927944095789963	7.111919770707657
0.14962356560944334	7.101325002257141
0.1499684835502373	7.090733664670688
0.15031419660900225	7.080145753212399
0.15066070661867417	7.069561262098255
0.15100801541641484	7.058980184482093
0.1513561248436208	7.048402512441519
0.1517050367459337	7.037812065252454
0.15205475297324955	7.027220584474045
0.15240527537972914	7.016632425112973
0.15275660582380723	7.006047624629343
0.15310874616820302	6.995466220026307
0.15346169827992942	6.984888247841788
0.1538154640303035	6.9743137441401135
0.15417004529495593	6.963742744503562
0.1545254439538414	6.953175284023815
0.1548816618912481	6.942611397293366
0.15523870099580825	6.932051118396752
0.15559656316050743	6.9214944809018055
0.15595525028269538	6.9109415178507145
0.15631476426409538	6.90039226175109
0.15667510701081494	6.889846744566835
0.15703628043335524	6.879304997709038
0.15739828644662196	6.868767052026655
0.15776112696993486	6.858232937797216
0.15812480392703834	6.847702684717329
0.15848931924611134	6.83717632189317
0.15885467485977792	6.826653877830827
0.159220872705117	6.816135380426587
0.15958791472367329	6.80562085695708
0.15995580286146688	6.795110334069366
0.16032453906900418	6.7846038377708995
0.1606941253012877	6.7741013934194045
0.16106456351782708	6.76360302571264
0.16143585568264862	6.753108758678077
0.16180800376430657	6.74261861566244
0.16218100973589297	6.7321326193212085
0.16255487557504839	6.721650791607934
0.16292960326397224	6.711173153763532
0.16330519478943342	6.700699726305397
0.16368165214278085	6.690230529016452
0.16405897731995392	6.679765580934093
0.16443717232149316	6.669304900339002
0.1648162391525508	6.658848504743854
0.1651961798229015	6.64839641088193
0.1655769963469528	6.637948634695606
0.16595869074375605	6.627505191324734
0.16634126503701693	6.617066095094907
0.16672472125510626	6.6066313595056
0.16710906143107074	6.596200997218226
0.16749428760264373	6.585775020044035
0.16788040181225602	6.5753534389319315
0.16826740610704674	6.564936263956155
0.16865530253887412	6.554523504303835
0.16904409316432642	6.544115168262458
0.16943378004473283	6.533711263207169
0.16982436524617442	6.523311795587978
0.17021585083949506	6.512904483556476
0.17060823890031235	6.5024982606661395
0.17100153150902875	6.492096448011121
0.17139573075084252	6.48169908607264
0.17179083871575881	6.471306214866654
0.1721868574986007	6.460917873935374
0.17258378919902034	6.450534102338686
0.17298163592151014	6.440154938645476
0.17338039977541378	6.4297804209248675
0.17378008287493754	6.419410586737401
0.17418068733916142	6.409045473126068
0.17458221529205037	6.398685116607296
0.1749846688624657	6.38832955316182
0.1753880501841761	6.377978818225494
0.17579236139586926	6.367632946679946
0.1761976046411629	6.3572919728432105
0.17660378206861643	6.346955930460218
0.17701089583174212	6.336624852693198
0.17741894808901656	6.32629877211201
0.1778279410038923	6.315977720684333
0.17823787674480895	6.3056617297658
0.17864875748520506	6.295350830090003
0.17906058540352943	6.285045051758414
0.17947336268325265	6.2747444242301995
0.1798870915128788	6.264448976311937
0.1803017740859569	6.254158736147216
0.1807174126010927	6.2438737312061585
0.18113400926196024	6.233593988274809
0.18155156627731356	6.223319533444444
0.18197008586099836	6.213050392100756
0.18238957023196378	6.202786588912941
0.1828100216142743	6.192528147822671
0.18323144223712115	6.182275092032972
0.18365383433483465	6.172027443996966
0.18407720014689558	6.161785225406535
0.18450154191794738	6.151548457180848
0.18492686189780783	6.1413171594547835
0.18535316234148114	6.131091351567247
0.18578044550916986	6.120871052049348
0.18620871366628675	6.110656278612506
0.186637969083467	6.100447048136398
0.18706821403658005	6.090243376656804
0.18749945080674188	6.080045279353337
0.18793168168032684	6.069852770537063
0.18836490894898006	6.059665863637966
0.18879913490962935	6.049484571192339
0.18923436186449755	6.039308904830018
0.18967059212111465	6.0291388752615
0.19010782799233	6.018974492264946
0.19054607179632474	6.008815764673053
0.1909853258566238	5.998651714615148
0.19142559250210858	5.988490332126153
0.19186687406702896	5.9783345891931505
0.19230917289101584	5.96818452458454
0.1927524913190936	5.958040176525745
0.1931968317016924	5.947901582689825
0.19364219639466074	5.937768780188011
0.19408858775927784	5.927641805560131
0.19453600816226624	5.917520694764945
0.19498445997580455	5.90740548317037
0.19543394557753943	5.897296205543648
0.195884467350599	5.887192896041342
0.19633602768360464	5.877095588199313
0.1967886289706845	5.867004314922529
0.19724227361148533	5.856919108474821
0.19769696401118608	5.846840000468493
0.1981527025805098	5.836767021853875
0.19860949173573716	5.826700202908728
0.19906733389871864	5.816639573227575
0.19952623149688797	5.806585161710902
0.1999861869632744	5.796536996554276
0.20044720273651614	5.786495105237333
0.2009092812608728	5.776459514512678
0.20137242498623883	5.76643025039464
0.20183663636815607	5.756407338147971
0.2023019178678272	5.7463908022763786
0.20276827195212818	5.736380666510984
0.20323570109362218	5.726376953798627
0.2037042077705718	5.716379686290121
0.20417379446695297	5.706388885328313
0.20464446367246739	5.696404571436102
0.20511621788255657	5.686426764304268
0.20558905959841414	5.676455482779248
0.20606299132700007	5.666490744850757
0.20653801558105292	5.656532567639282
0.20701413487910425	5.646580967383486
0.20749135174549097	5.63663595942746
0.2079696687103696	5.626697558207864
0.20844908830972886	5.616765777240951
0.20892961308540398	5.606840629109444
0.20941124558508925	5.596922125449307
0.20989398836235246	5.587010276936378
0.21037784397664752	5.577105093272886
0.21086281499332898	5.567206583173801
0.21134890398366465	5.557314754353119
0.2118361135248502	5.547429613509937
0.21232444620002192	5.537551166314466
0.21281390459827124	5.527679417393855
0.21330449131465762	5.517814370317924
0.21379620895022325	5.507956027584712
0.21428906011200585	5.4980908106453805
0.21478304741305343	5.488228588111368
0.21527817347243727	5.478373025667667
0.21577444091526668	5.468524163223447
0.21627185237270202	5.458682040122948
0.21677041048196952	5.44884669513581
0.21727011788637443	5.439018166447285
0.2177709772353159	5.429196491648384
0.21827299118430013	5.419381707725896
0.2187761623949553	5.409573851052327
0.21928049353504486	5.399772957375714
0.21978598727848253	5.38997906180936
0.2202926463053456	5.38019219882146
0.22080047330189004	5.37041240222461
0.22130947096056375	5.360639705165233
0.22181964198002194	5.350874140112869
0.2223309890651403	5.341115738849404
0.22284351492703042	5.331364532458136
0.22335722228305316	5.321620551312779
0.223872113856834	5.311883825066334
0.22438819237827662	5.302154382639862
0.2249054605835781	5.292432252211119
0.22542392121524293	5.282717461203129
0.22594357702209775	5.273010036272593
0.22646443075930595	5.263310003298208
0.2269864851883822	5.253617387368872
0.22750974307720706	5.243932212771784
0.2280342072000418	5.234254502980375
0.22855988033754301	5.224584280642202
0.2290867652767773	5.214921567566652
0.2296148648112362	5.205266384712556
0.23014418174085083	5.195618752175701
0.2306747188720069	5.185978689176175
0.23120647901755947	5.176346214045628
0.23173946499684786	5.166721344214395
0.2322736796357107	5.1571040961984815
0.23280912576650079	5.147494485586456
0.23334580622810028	5.137892527026175
0.23388372386593548	5.1282982342114165
0.2344228815319922	5.118711619868353
0.23496328208483072	5.109132695741921
0.23550492838960096	5.099561472582048
0.2360478233180577	5.089997960129735
0.23659196974857583	5.080442167103031
0.23713737056616552	5.070894101182849
0.23768402866248767	5.061353768998657
0.23823194693586902	5.051821176114053
0.23878112829131776	5.0422963270121395
0.23933157564053875	5.032779225080846
0.23988329190194904	5.02326987259803
0.24043628000069334	5.013752905402549
0.24099054286865948	5.004239489190303
0.24154608344449405	4.994733771340917
0.2421029046736178	4.985235796887117
0.24266100950824154	4.975745610332538
0.24322040090738153	4.966263255642325
0.24378108183687525	4.956788776233643
0.2443430552693972	4.9473222149660705
0.24490632418447456	4.937863614131913
0.24547089156850305	4.928413015446424
0.24603676041476275	4.918970460037896
0.24660393372343392	4.909535988437692
0.24717241450161304	4.900109640570144
0.24774220576332856	4.8906914557423615
0.24831331052955705	4.881281472633943
0.2488857318282391	4.871879729286577
0.24945947269429547	4.862486263093532
0.25003453616964316	4.853101110789069
0.2506109253032114	4.843724308437701
0.251188643150958	4.834355891423394
0.25176769277588557	4.824995894438634
0.25234807724805747	4.815644351473381
0.2529297996446145	4.806301295803931
0.25351286304979076	4.796966759981667
0.25409727055493053	4.787640775821661
0.2546830252585041	4.778323374391226
0.2552701302661247	4.769961680415575
0.2558585886905646	4.761790423672059
0.25644840365177174	4.753627278188272
0.2570395782768864	4.745472236827387
0.25763211570025757	4.737325291275603
0.25822601906345966	4.729186432026832
0.2588212915153092	4.721055648367291
0.2594179362118814	4.712932928359909
0.2600159563165272	4.704818258828614
0.2606153549998896	4.696711625342463
0.26121613543992067	4.68861301219963
0.2618183008218985	4.680522402411237
0.26242185433844417	4.672439777685028
0.26302679918953814	4.664365118408923
0.263633138582538	4.656298403634372
0.2642408757321946	4.648239611059612
0.2648500138606701	4.640188717012694
0.2654605561975539	4.63214569643444
0.26607250597988097	4.62411052286116
0.2666858664521479	4.616083168407277
0.26730064086633115	4.608063603747741
0.2679168324819031	4.600051798100314
0.26853444456585074	4.592047719207671
0.26915348039269155	4.584051333319355
0.26977394324449205	4.576039669270975
0.2703958364108843	4.568029357357981
0.2710191631890843	4.560026551766673
0.2716439268839082	4.552031283264687
0.2722701308077913	4.544043582015075
0.272897778280804	4.5360634775666835
0.27352687263067127	4.528090998844438
0.27415741719278824	4.520126174139528
0.2747894153102397	4.512169031099483
0.2754228703338166	4.504219596718167
0.27605778562203465	4.496277897325662
0.27669416454115114	4.488343958578071
0.2773320104651841	4.480417805447184
0.27797132677592884	4.472499462210093
0.2786121168629771	4.46458895243865
0.27925438412373377	4.456686298988868
0.2798981319634363	4.448791523990186
0.2805433637951713	4.440904648834659
0.28119008303989407	4.433025694166003
0.28183829312644537	4.425154679868572
0.2824879974915708	4.417291625056211
0.2831391995799379	4.409436548060992
0.2837919028441557	4.401589466421856
0.28444611074479154	4.393750396873137
0.285101826750391	4.385919355332976
0.28575905433749466	4.3780963568916285
0.2864177969906581	4.370281415799641
0.28707805820246907	4.362474545455944
0.28773984147356696	4.354675758395794
0.28840315031266056	4.346885066278638
0.2890679882365476	4.33910247987582
0.28973435877013226	4.331328009058216
0.2904022654464451	4.323561662783696
0.2910717118066605	4.315803449084526
0.29174270140011677	4.308053375054602
0.29241523778433354	4.300311446836577
0.2930893245250321	4.29257766960888
0.2937649651961531	4.284852047572589
0.29444216337987617	4.277134583938196
0.29512092266663853	4.269425280912235
0.29580124665515467	4.261724139683786
0.2964831389524342	4.25403116041087
0.29716660317380267	4.246346342206665
0.29785164294291894	4.238669683125662
0.298538261891796	4.231001180149624
0.2992264636608189	4.223340829173463
0.29991625189876514	4.215688624990944
0.30060763026282306	4.208044561280292
0.3013006024186122	4.200408630589628
0.3019951720402016	4.192780824322299
0.30269134281013055	4.18514008519052
0.30338911841942706	4.177501697106941
0.3040885025676279	4.169871330630866
0.3047894989627983	4.162249037292639
0.3054921113215513	4.154634868302868
0.3061963433690677	4.14702887454558
0.30690219883911574	4.139431106571276
0.3076096814740708	4.1318416145899395
0.3083187950249354	4.124260448463953
0.30902954325135906	4.116687657700949
0.309741929921658	4.109123291446579
0.31045595881283555	4.101567398477218
0.31117163371060175	4.0940200271925855
0.3118889584093937	4.086481225608285
0.3126079367123955	4.078951041348268
0.31332857243155854	4.071429521637244
0.3140508693876217	4.063916713292952
0.3147748314101316	4.056412662718434
0.31550046233746265	4.048917415894153
0.31622776601683794	4.041431018370076
0.3169567463043491	4.033953515257662
0.31768740706497706	4.026484951221753
0.3184197521726125	4.01902537047242
0.31915378551007617	4.011574816756675
0.3198895109691398	4.004133333350145
0.3206269324505466	3.9967009630486245
0.3213660538640317	3.989277748159572
0.32210687912834346	3.981863730493494
0.32284941217126356	3.9744589513552624
0.32359365692962827	3.967063451535328
0.32433961734934924	3.9596772713008472
0.3250872973854344	3.952300450386744
0.3258367010020088	3.944933027986637
0.32658783217233583	3.9375750427437124
0.3273406948788382	3.930226532741493
0.328095293113119	3.9228875354945045
0.32885163087598307	3.915558087938864
0.32960971217745777	3.9082382264227693
0.3303695410368148	3.9009279866968796
0.3311311214825911	3.8936274039046324
0.3318944575526104	3.88633651257242
0.33265955329400454	3.8790553465997073
0.333426412763235	3.8717839392490285
0.3341950400261143	3.8645223231358994
0.33496543915782767	3.85727053021861
0.3357376142429547	3.85002859178794
0.33651156937549076	3.8427965384567515
0.3372873086588689	3.8355744001494965
0.3380648362059816	3.828362206091607
0.33884415613920255	3.82115998479879
0.3396252725904084	3.8139699707547416
0.3404081897010009	3.8067905874643104
0.34119291162192855	3.7996212654589385
0.3419794425137089	3.7924620235065536
0.3427677865464504	3.7853128795158075
0.34355794789987465	3.7781738505238125
0.34434993076333853	3.7710449526837566
0.3451437393358563	3.7639262012524144
0.345939377826122	3.756817610577521
0.34673685045253166	3.749719194085037
0.34753616144320587	3.7426309642662825
0.34833731503601184	3.7355529326649592
0.34914031547858615	3.7284851098640326
0.3499451670283573	3.7214275054725015
0.350751873952568	3.714380128112044
0.35156044052829816	3.7073429854035216
0.35237087104248715	3.7003160839533673
0.353183169791957	3.693299429339838
0.3539973410834347	3.686293026099145
0.35481338923357547	3.6792968777114403
0.3556313185689854	3.6723109865866825
0.3564511334262443	3.6653353540503604
0.35727283815192895	3.6583699803290886
0.35809643710263606	3.651414864536058
0.35892193464500527	3.6444700046563634
0.35974933515574237	3.637535397532179
0.36057864302164244	3.630611038847801
0.36140986263961333	3.6236969231145553
0.36224299841669866	3.616793043655546
0.3630780547701014	3.6098993925902865
0.36391503612720716	3.603015960819166
0.36475394692560786	3.5961427380077757
0.36559479161312497	3.5892797125710993
0.36643757464783333	3.582426871657541
0.3672823004980847	3.5755842011328194
0.3681289736425315	3.56875168556369
0.3689775985701504	3.5619293082015515
0.3698281797802663	3.555117050965862
0.37068072178257605	3.5483148944274254
0.37153522909717257	3.5415228177915186
0.3723917062545686	3.534740798880854
0.3732501577957206	3.527968814118398
0.3741105882720534	3.521206838510021
0.3749730022454836	3.5144548456269904
0.3758374042884442	3.5077128075883004
0.37670379898390893	3.500980695042848
0.377572190925416	3.4942584771514333
0.37844258471709324	3.4875461215686
0.3793149849736819	3.48084359442431
0.38018939632056115	3.4741508603054556
0.381065823393773	3.4674541178991807
0.3819442708400465	3.4607633309344106
0.38282474331682265	3.4540821755268754
0.38370724549227875	3.4474106523161576
0.38459178204535355	3.44074876089266
0.38547835766577176	3.4340964997837413
0.38636697705406914	3.4274538664397323
0.3872576449216172	3.4208208572198053
0.3881503659906482	3.414197467377722
0.38904514499428056	3.407583691047443
0.3899419866765434	3.4009795212286043
0.390840895792402	3.394384949771858
0.3917418771077831	3.3877999673640717
0.3926449353995998	3.3812245635133955
0.3935500754557774	3.3746587265341916
0.3944573020752784	3.368102443531809
0.3953666200681279	3.3615557003872385
0.39627803425543945	3.355018481741604
0.3971915494694403	3.3484907709805256
0.3981071705534972	3.341972550218326
0.39902490236214205	3.335463800282102
0.39994474976109745	3.328964500695638
0.4008667176273028	3.3224746296631786
0.4017908108489399	3.3159941640530426
0.4027170343254591	3.3095230793810986
0.40364539296760493	3.3030613497940755
0.4045758916974427	3.29660894805273
0.40550853544838383	3.2901658455148506
0.40644332916521275	3.2837320121181093
0.40738027780411273	3.277307416362758
0.4083193863326921	3.2708920252941636
0.40926065973001086	3.2644858044851843
0.4102041029866068	3.2580887180183833
0.41114972110452225	3.2517007284680823
0.4120975190973302	3.2453217968822496
0.4130475019901614	3.2389518827642214
0.41399967481973043	3.2325909440542606
0.4149540426343629	3.2262389371109474
0.41591061049402206	3.219895816692395
0.4168693834703354	3.2135615359373046
0.41783036664662176	3.2072360463458343
0.4187935651179184	3.20091929776031
0.41975898399100753	3.1946112383457566
0.4207266283844441	3.1883118145702407
0.4216965034285822	3.1820209711850596
0.422668614265603	3.1757386512047234
0.4236429660495411	3.16946479588679
0.4246195639463129	3.163199344711477
0.4255984131337431	3.1569422353611327
0.42657951880159267	3.1506934036994902
0.4275628861515862	3.144424173057711
0.4285485203974395	3.1381552664493837
0.4295364267648873	3.131894338834282
0.43052661049171065	3.1256414067514027
0.43151907682776525	3.1193964860387897
0.43251383103500873	3.1131595918234467
0.4335108783875289	3.1069307385111484
0.43451022417157154	3.100709939776158
0.4355118736855686	3.0944972085508327
0.436515832240166	3.0882925570151465
0.4375221051582521	3.0820959965860966
0.4385306977749857	3.0759075379070224
0.4395416154378245	3.069727190836808
0.4405548635065533	3.063554964438994
0.4415704473533125	3.0573908669707746
0.44258837236262655	3.0512349058718993
0.44360864393143257	3.0450870877534584
0.4446312674691087	3.038947418386575
0.4456562483975033	3.0328159026909747
0.44668359215096315	3.0266925447234567
0.44771330417636257	3.0205773476662507
0.4487453899331322	3.0144703138152726
0.449779854893288	3.008371444568247
0.45081670454146017	3.002280740412753
0.4518559443749224	2.996198200914115
0.4528975799036208	2.990123824703215
0.4539416166502032	2.9840576094641715
0.4549880601500486	2.9779995519219025
0.4560369159512962	2.9719496478295846
0.4570881896148751	2.9659078919559785
0.4581418867145335	2.9598742780726446
0.4591980128368686	2.9538487989410385
0.4602565735813561	2.947831446299481
0.4613175745603794	2.9418222108500167
0.46238102139926035	2.9358210822451345
0.46344691973628804	2.929828049074379
0.46451527522274944	2.9238430988508273
0.465586093522959	2.9178662179974455
0.46665938031428866	2.9118973918333175
0.46773514128719823	2.905936604559745
0.46881338214526524	2.899983839246216
0.46989410860521547	2.8940390778162497
0.47097732639695294	2.888102301033107
0.47206304126359055	2.882173488485364
0.4731512589614805	2.876252618572363
0.4742419852602447	2.870339668489525
0.47533522594280536	2.864434614213519
0.47643098680541573	2.8585374304873046
0.47752927365769093	2.8526480908050367
0.4786300923226384	2.846766567396826
0.47973344863668915	2.840873745240346
0.4808393484497286	2.834983463407306
0.4819477976251274	2.829100843316175
0.4830588020397727	2.823225910797102
0.48417236758409943	2.817358691154507
0.4852885001621211	2.8114992091588666
0.4864072056914617	2.805647489038388
0.4875284901033864	2.799803554470622
0.48865235934283363	2.7939674285739806
0.48977881936844625	2.7881391338991794
0.4909078761526032	2.782318692420589
0.492039535681451	2.7765061255275114
0.49317380395493593	2.770701454015357
0.4943106869868355	2.7649046980767475
0.4954501908047903	2.7591158772925297
0.49659232145033616	2.7533350106226937
0.49773708497893604	2.7475621163972126
0.4988844874600123	2.74179721230679
0.5000345349769786	2.73604031539351
0.5011872336272724	2.7302914420414117
0.5023425895223872	2.724550607966959
0.5035006087879049	2.718817828209422
0.5046612975635284	2.713093117121173
0.505824662003114	2.707376488357874
0.5069907082747043	2.701667954868585
0.5081594425605604	2.695967528885765
0.5093308710571953	2.690275221915189
0.5105049999754062	2.6845910447257513
0.5116818355403077	2.678915007339196
0.5128613839913648	2.67324711901972
0.514043651582426	2.667587388263497
0.5152286445817564	2.6619358227881005
0.5164163692720709	2.656292429521813
0.5176068319505677	2.6506572145928438
0.5188000389289611	2.6450301833184473
0.5199959965335159	2.639411340193926
0.5211947111050804	2.633800688881537
0.5223961889991198	2.628198232199296
0.5236004365857502	2.62260397210967
0.5248074602497725	2.61701790970816
0.5260172663907061	2.611440045211784
0.5272298614228227	2.605870377947455
0.5284452517751804	2.600308906340226
0.5296634438916578	2.5947556279014607
0.5308844442309884	2.5892105392168543
0.5321082592667942	2.5836736359343773
0.5333348954876209	2.5781449127520752
0.5345643593969717	2.5726243634057844
0.5357966575133416	2.5671119806567018
0.5370317963702527	2.561607756278864
0.5382697825162883	2.55610381474046
0.5395106225151276	2.550605862099101
0.5407543229455808	2.5451160109361477
0.5420008904016238	2.539634273188508
0.5432503314924332	2.5341606600780655
0.5445026528424212	2.5286951821016865
0.5457578610912709	2.5232378490211054
0.5470159628939716	2.5177886698527328
0.5482769649208538	2.5123476528573527
0.5495408738576245	2.5069148055297346
0.5508076964054034	2.501490134588131
0.5520774392807574	2.496073645963689
0.5533501092157367	2.490665344789755
0.5546257129579107	2.4852652353910765
0.5559042572704036	2.4798733212729025
0.5571857489319298	2.474489605109984
0.5584701947368308	2.4691140887354717
0.5597576014951101	2.4637467731296945
0.5610479760324705	2.4583876584088524
0.5623413251903491	2.4530367438135907
0.5636376558259545	2.4476940276974686
0.5649369748123025	2.4423595075153193
0.5662392890382533	2.4370331798115026
0.5675446054085471	2.4317150402080463
0.5688529308438415	2.4264050833926767
0.5701642722807475	2.4211033031067357
0.571478636671867	2.4158096921329872
0.5727960309858292	2.410524242283309
0.5741164622073276	2.4052469443862665
0.5754399373371569	2.399977788274579
0.5767664633922508	2.394716762772459
0.5780960474057181	2.3894638556828407
0.5794286964268811	2.3842190537744887
0.580764417521312	2.3789823427689885
0.5821032177708715	2.373753707327607
0.5834451042737447	2.3685331310380495
0.5847900841444807	2.3633205964010746
0.5861381645140288	2.3581160848170004
0.5874893525297767	2.3529195765720807
0.588843655355589	2.347731050824749
0.5902010801718444	2.3425504855917496
0.591561634175474	2.337377857734132
0.5929253245799998	2.332213142943118
0.5942921586155727	2.327056315725838
0.5956621435290105	2.321907349390943
0.5970352865838369	2.3167662160340754
0.5984115950603197	2.311632886523216
0.5997910762555094	2.306507330483892
0.6011737374832781	2.301389516284246
0.6025595860743578	2.296279411019982
0.6039486293763798	2.29115951744301
0.6053408747539136	2.2860424901313454
0.6067363295885054	2.280933007169225
0.6081350012787179	2.2758310842197393
0.6095368972401692	2.27073673634333
0.610942024905572	2.2656499779890846
0.6123503917247736	2.2605708229859345
0.6137620051647943	2.255499284533784
0.6151768727098682	2.2504353751945394
0.6165950018614822	2.2453791068830626
0.618016400138416	2.24033049085803
0.6194410750767815	2.235289537712709
0.6208690342300636	2.230256257365643
0.6223002851691596	2.225230659051247
0.6237348354824193	2.22021275131032
0.6251726927756859	2.215202541980451
0.6266138646723355	2.2102000381863545
0.628058358813318	2.205205246330095
0.6295061828571976	2.2002181720812324
0.6309573444801934	2.195238820366861
0.6324118513762195	2.19026719536157
0.633869711256927	2.185303300477291
0.6353309318517437	2.1803471383530644
0.6367955209079159	2.1753987108446964
0.6382634861905487	2.170458019014333
0.6397348354826482	2.1655250631199197
0.6412095765851616	2.16059984260457
0.6426877173170197	2.15568235608584
0.6441692655151774	2.1507726013448867
0.6456542290346556	2.14587057531554
0.6471426157485832	2.140976274073261
0.6486344335482385	2.136089692824003
0.6501296903430908	2.1312108258929676
0.6516283940608427	2.126339666713252
0.6531305526474724	2.1214762078143945
0.654636174067275	2.116620440810814
0.6561452663029055	2.111772356390134
0.6576578373554206	2.1069319443014085
0.6591738952443215	2.102099193343231
0.6606934480075961	2.097274091351737
0.662216503701762	2.092456625188491
0.6637430704019089	2.087646780728268
0.6652731562017414	2.082844542846714
0.6668067692136223	2.078049895407901
0.6683439175686147	2.07326282125176
0.6698846094165265	2.0684833021813973
0.6714288529259524	2.063711318950306
0.6729766562843179	2.058946851249443
0.6745280276979221	2.0541898776941996
0.6760829753919819	2.049440375811247
0.6776415076106752	2.0446836210314485
0.6792036326171846	2.0399302715985175
0.6807693586937414	2.035184270853789
0.6823386941416696	2.0304456371346347
0.6839116472814293	2.025714388251118
0.6854882264526615	2.0209905414781533
0.6870684400142321	2.016274113547596
0.688652296344276	2.011565120640248
0.6902398038402419	2.0068635783777937
0.6918309709189364	2.0021695018146493
0.6934258060165691	1.997482905429739
0.6950243175887968	1.9928038031181912
0.6966265141107687	1.9881322081829513
0.6982324040771714	1.9834681333263178
0.6998419960022735	1.9788115906413912
0.7014552984199712	1.9741625916034493
0.7030723198838335	1.9695211470612293
0.7046930689671469	1.9648872672281343
0.7063175542629619	1.9602609616733528
0.7079457843841379	1.955642239312891
0.7095777679633888	1.951031108400525
0.711213513653329	1.9464275765186603
0.7128530301265195	1.9418316505691062
0.7144963260755133	1.9372433367637678
0.716143410212902	1.9326626406152403
0.7177942912713617	1.9280895669273195
0.7194489780036994	1.9235241197854243
0.7211074791828996	1.9189663025469204
0.7227698036021702	1.9144161178313635
0.72443596007499	1.909873567510638
0.7261059574351547	1.9053386526990157
0.727779804536824	1.9008113737431067
0.7294575102545687	1.8962917302117304
0.7311390834834174	1.8917797208856781
0.732824533138904	1.8872753437473884
0.734513868157115	1.8827785959705203
0.7362070974947361	1.8782894739094333
0.737904230129101	1.8738079730885646
0.7396052750582378	1.8693340881917082
0.7413102413009175	1.8648678130511966
0.7430191378967014	1.8604091406369787
0.744731973905989	1.8559580630455967
0.7464487584100665	1.8515145714890586
0.7481695005111544	1.8470786562836117
0.7498942093324559	1.8426503068384086
0.7516228940182055	1.8382295116440681
0.7533555637337174	1.8338162582611277
0.7550922276654339	1.8294105333084003
0.7568328950209744	1.8250123224512047
0.7585775750291838	1.8206216103895063
0.7603262769401818	1.8162269328103586
0.762079010025412	1.811836591518108
0.7638357835776907	1.8074536591303323
0.7655966069112563	1.8030781516405838
0.7673614893618189	1.7987100845058834
0.7691304402866096	1.7943494726388944
0.7709034690644301	1.7899963304000237
0.7726805850957024	1.7856506715894487
0.7744617978025188	1.7813125094390603
0.7762471166286917	1.776981856604338
0.7780365510398041	1.7726587251561372
0.7798301105232588	1.7683431265724026
0.7816278045883297	1.7640350717298043
0.7834296427662119	1.7597345708952845
0.7852356346100718	1.7554416337175347
0.7870457896950986	1.7511562692183855
0.7888601176185545	1.7468784857841062
0.7906786279998251	1.742608291156644
0.7925013304804718	1.7383456924247536
0.7943282347242815	1.7340906960150573
0.7961593504173188	1.7298433076830202
0.7979946872679766	1.7256035325038308
0.7998342550070284	1.721371374863207
0.8016780633876791	1.7171468384481037
0.8035261221856173	1.7129299262373376
0.8053784411990667	1.7087206404921294
0.8072350302488382	1.7045189827465421
0.8090958991783823	1.700324953797843
0.8109610578538409	1.6961385536967697
0.8128305161640993	1.6919597817377028
0.8147042840208396	1.687788636448748
0.8165823713585925	1.6836251155817261
0.81846478813479	1.679469216102067
0.8203515443298183	1.6753209341786135
0.8222426499470712	1.6711802651733219
0.8241381150130024	1.667047203630874
0.8260379495771788	1.6629217432681915
0.8279421637123342	1.6588038769638445
0.8298507675144225	1.6546935967473733
0.8317637711026711	1.650590893788502
0.8336811846196344	1.646495758386256
0.835603018231248	1.6424081799579766
0.8375292821268826	1.6383281470282374
0.8394599865193975	1.634255647217651
0.8413951416451951	1.6301906672315816
0.8433347577642755	1.6261331928487455
0.84527884516029	1.6220832089097101
0.8472274141405965	1.6180406993052856
0.8491804750363139	1.614005646964813
0.8511380382023765	1.6099780338443392
0.8531001140175896	1.605947783760059
0.8550667128846834	1.6019221850297658
0.8570378452303697	1.5979039319758925
0.8590135215053958	1.593893033530953
0.8609937521846007	1.589889498023719
0.8629785477669704	1.5858933331708793
0.8649679187756933	1.5819045460686127
0.8669618757582167	1.5779231431840832
0.8689604292863019	1.5739491303468556
0.8709635899560808	1.5699825127402258
0.8729713683881117	1.5660232948924737
0.8749837752274362	1.56207148066803
0.8770008211436349	1.5581270732585575
0.8790225168308845	1.554190075173954
0.8810488730080143	1.5502604882332667
0.8830799004185629	1.5463383135555187
0.8851156098308356	1.5424235515504536
0.887156012037961	1.538516201909192
0.8892011178579485	1.534616263594798
0.8912509381337457	1.530723734832757
0.8933054837332954	1.5268386131013685
0.895364765549594	1.5229608951220448
0.8974287945007486	1.5190905768495213
0.8994975815300353	1.5152276534619726
0.9015711376059571	1.5113721193510403
0.9036494737223016	1.5075239681117643
0.9057326008982003	1.5036831925324239
0.9078205301781859	1.499849784584278
0.9099132726322517	1.4960237354112205
0.9120108393559097	1.4922050353193295
0.9141132414702502	1.4883936737663235
0.9162204901219997	1.484589639350924
0.9183325964835808	1.480792919802112
0.9204495717531712	1.4770035019682917
0.9225714271547631	1.4732213718063512
0.9246981739382225	1.469446514370623
0.9268298233793492	1.4656789138017423
0.9289663867799363	1.4619185533154038
0.9311078754678302	1.4581654151910157
0.933254300796991	1.4544194807602473
0.9354056741475518	1.4506807303954732
0.9375620069258802	1.446949143498111
0.9397233105646378	1.4432246984868558
0.9418895965228413	1.439507372785799
0.9440608762859233	1.4357971428124479
0.946237161365793	1.43209398396563
0.9484184633008971	1.4283978706132885
0.9506047936562815	1.4247087760801689
0.9527961640236519	1.4210266726353908
0.9549925860214359	1.4173515314799063
0.9571940712948444	1.4136690104345848
0.9594006315159331	1.409989479003411
0.9616122783836646	1.4063167693227228
0.9638290236239705	1.4026508922949386
0.9660508789898133	1.3989918583022607
0.9682778562612491	1.3953396771993334
0.9705099672454897	1.3916943583058283
0.9727472237769651	1.3880559103989643
0.9749896377173869	1.3844243417059454
0.9772372209558107	1.3807996598963426
0.9794899854086988	1.3771818720743858
0.9817479430199844	1.3735709847711939
0.9840111057611337	1.3699670039369276
0.9862794856312105	1.3663699349328637
0.9885530946569389	1.3627797825234023
0.9908319448927676	1.3591965508679897
0.9931160484209338	1.3556202435129714
0.995405417351527	1.3520508633833639
0.9977000638225533	1.3484884127745502
1.	1.3449328933438973
1.0023052380778998	1.3413843061022948
1.0046157902783952	1.3378426514056136
1.0069316688518044	1.3343079289460806
1.0092528860766845	1.3307801377435826
1.0115794542598988	1.327259276136874
1.0139113857366795	1.323745341774718
1.016248692870696	1.320238331606929
1.0185913880541169	1.3167382418753477
1.0209394837076802	1.3132450681047136
1.023292992280754	1.3097588050934732
1.0256519262514079	1.3062794469044812
1.0280162981264735	1.3028069868556331
1.0303861204416165	1.2993414175103997
1.0327614057613974	1.2958827306682792
1.0351421666793441	1.2924309173551543
1.0375284158180127	1.288985967813572
1.0399201658290596	1.2855478714929176
1.0423174293933042	1.2821166170395137
1.0447202192208003	1.2786921922866146
1.0471285480508996	1.2752745842443172
1.0495424286523225	1.2718637790893736
1.051961873823223	1.2684597621549165
1.0543868963912593	1.2650625179200792
1.0568175092136585	1.2616720299995337
1.0592537251772887	1.2582882811329201
1.0616955571987248	1.2549112531741877
1.064143018224316	1.2515409270808395
1.066596121230258	1.2481772829030662
1.0690548792226577	1.244820299772797
1.0715193052376064	1.2414699558926392
1.0739894123412446	1.2381143089742594
1.076465213629835	1.2347619970401444
1.0789467222298286	1.2314162136291518
1.081433951297938	1.2280769698428269
1.0839269140212033	1.2247442763065826
1.0864256236170655	1.2214181431629263
1.0889300933334332	1.2180985800646393
1.0914403364487566	1.214785596167873
1.0939563662720937	1.2114792001251933
1.096478196143185	1.2081794000785477
1.0990058394325208	1.2048862036521755
1.101539309541415	1.2015996179454382
1.104078619902073	1.1983196495255939
1.1066237839776665	1.1950463044204938
1.1091748152624008	1.1917795881112148
1.1117317272815914	1.188519505524616
1.1142945335917298	1.1852660610258356
1.1168632477805611	1.1820192584107012
1.1194378834671515	1.178779100898084
1.1220184543019636	1.1755455911221675
1.1246049739669264	1.172318731124656
1.1271974561755105	1.169098522346895
1.1297959146727976	1.1658849656219323
1.1324003632355573	1.162678061166492
1.1350108156723149	1.159477808572883
1.137627285823431	1.156284206800823
1.1402497875611686	1.1530972541691944
1.1428783347897717	1.1499169483477127
1.1455129414455354	1.14674328634853
1.1481536214968828	1.143576264517746
1.1508003889444356	1.1404158785268528
1.1534532578210923	1.1372621233640885
1.1561122421920986	1.1341149933257215
1.1587773561551262	1.1309744820072412
1.1614486138403426	1.1278405822944815
1.1641260294104914	1.1247132863546467
1.1668096170609623	1.121592585627268
1.1694993910198712	1.1184784708150652
1.1721953655481303	1.1153709318747322
1.1748975549395297	1.1122699580076312
1.1776059735208073	1.1091755376504064
1.1803206356517297	1.1060876584655062
1.1830415557251646	1.1030063073316214
1.1857687481671602	1.0999314703340353
1.1885022274370183	1.0968631327548843
1.1912420080273751	1.0938012790633265
1.193988104464273	1.0907458929056282
1.1967405313072437	1.0876969570951482
1.1994993031493788	1.0846544536022429
1.2022644346174132	1.0816183635440664
1.2050359403717974	1.0785795466528532
1.2078138351067804	1.0755446100189987
1.2105981335504823	1.0725159946121394
1.2133888504649775	1.0694937061367373
1.2161860006463678	1.0664777497819162
1.2189895989248667	1.0634681302144486
1.2217996601648717	1.060464851571689
1.2246161992650488	1.057467917454427
1.2274392311584073	1.0544773309196844
1.2302687708123818	1.0514930944734353
1.233104833228909	1.048515210063266
1.2359474334445106	1.045543679070954
1.238796586530369	1.0425785023049934
1.2416523075924113	1.0396196799930308
1.244514611771385	1.0366672117742506
1.2473835142429432	1.033721096691669
1.2502590302177201	1.0307813331843723
1.2531411749414163	1.0278479190796712
1.2560299636948749	1.0249208515851898
1.2589254117941675	1.0220001272808723
1.2618275345906707	1.0190857421109263
1.2647363474711515	1.0161776913756775
1.2676518658578455	1.0132759697233626
1.270574105208542	1.0103805711418337
1.2735030810166617	1.0074914889501945
1.276438808811344	1.0046087157903534
1.2793813041575246	1.0017322436185039
1.2823305826560218	0.9988620636965165
1.2852866599436155	0.995998166583265
1.2882495516931343	0.9931405421258583
1.2912192736135342	0.9902891794508027
1.2941958414499863	0.9874440669550746
1.297179270983956	0.9846051922971182
1.3001695780332907	0.9817725423877527
1.3031667784522993	0.9789461033810042
1.3061708881318417	0.9761258606648454
1.309181922999407	0.9733117988518583
1.3121998990192034	0.9705039017698034
1.3152248321922384	0.9677021524521108
1.3182567385564075	0.9649065331282773
1.3212956341865751	0.9621170252141814
1.324341535194665	0.959333609302304
1.3273944577297394	0.9565562651518694
1.3304544179780915	0.9537849716788828
1.333521432163324	0.9510197069460938
1.3365955165464425	0.9482604481528527
1.3396766874259352	0.9455071716248874
1.3427649611378643	0.9427598528039797
1.3458603540559484	0.9400184662375526
1.348962882591654	0.937282985568159
1.3520725631942772	0.9345407425508145
1.3551894123510364	0.9318008949419758
1.3583134465871542	0.929066826575718
1.3614446824659503	0.926338546319929
1.3645831365889245	0.923616062624512
1.3677288255958495	0.9208993835154984
1.3708817661648536	0.9181885165891123
1.3740419750125157	0.9154834690057676
1.3772094688939465	0.9127842474840208
1.3803842646028852	0.9100908582944518
1.383566378971781	0.9074033072534999
1.3867558288718889	0.9047215997172298
1.3899526312133532	0.9020457405750477
1.3931568029453036	0.89937573424335
1.3963683610559376	0.8967115846591179
1.3995873225726185	0.8940532952734465
1.4028137045619582	0.8914008690450171
1.4060475241299144	0.8887543084335027
1.4092887984218747	0.8861136153929188
1.4125375446227548	0.8834787913648998
1.4157937799570817	0.8808498372719287
1.4190575216890926	0.8782267535104836
1.4223287871228198	0.8756095399441394
1.425607593602188	0.872998195896587
1.428893958511103	0.8703927201446013
1.432187899273543	0.8677931109109357
1.435489433353656	0.86519936585715
1.4387985782558452	0.8626114820763774
1.4421153515248688	0.8600294560860161
1.4454397707459272	0.8574532838203596
1.4487718535447618	0.8548829606231534
1.452111617587742	0.8523184812400869
1.455459080581966	0.8497598398112102
1.4588142602753482	0.8472070298632879
1.4621771744567182	0.8446600443020736
1.4655478409559113	0.8421188754045217
1.468926277643867	0.8395835148109178
1.4723125024327186	0.8370539535169468
1.4757065332758947	0.8345301818656771
1.4791083881682072	0.832012189539481
1.4825180851459536	0.8294999655518721
1.4859356422870067	0.8269934982392754
1.4893610777109154	0.8244927752527135
1.492794409578996	0.8219977835494268
1.4962356560944337	0.8195085093844048
1.4996848355023733	0.8170249383018517
1.5031419660900225	0.8145470551265642
1.5066070661867417	0.8120748439552389
1.5100801541641484	0.8096082881476923
1.513561248436208	0.8071473703180071
1.5170503674593367	0.8046835693295585
1.5205475297324955	0.8022230452446221
1.5240527537972914	0.7997680741329564
1.5275660582380723	0.7973186617365959
1.5310874616820302	0.7948748133701523
1.5346169827992941	0.7924365339149677
1.5381546403030348	0.7900038278132072
1.5417004529495593	0.7875766990619046
1.545254439538414	0.7851551512069423
1.5488166189124812	0.7827391873369808
1.5523870099580825	0.7803288100773265
1.5559656316050743	0.7779240215837464
1.559552502826954	0.7755248235362185
1.5631476426409538	0.773131217132629
1.5667510701081493	0.7707432030824062
1.5703628043335522	0.7683607816000977
1.5739828644662197	0.7659839523988827
1.5776112696993485	0.7636127146840321
1.5812480392703834	0.7612470671462956
1.5848931924611134	0.7588870079552382
1.5885467485977791	0.7565325347525057
1.59220872705117	0.7541836446450354
1.5958791472367329	0.7518403341981941
1.5995580286146687	0.7495025994288632
1.6032453906900417	0.7471704357984487
1.6069412530128773	0.7448438382058353
1.6106456351782708	0.7425228009802686
1.6143585568264862	0.7402073178741754
1.6180800376430662	0.7378973820559152
1.6218100973589298	0.7355929861024672
1.6255487557504842	0.7332941219920449
1.6292960326397223	0.7310007810966507
1.6330519478943346	0.7287129541745515
1.6368165214278085	0.7264306313626961
1.6405897731995396	0.7241538021690527
1.6443717232149315	0.7218824554648835
1.6481623915255086	0.7196165794769431
1.651961798229015	0.717356161779612
1.6557699634695284	0.7151011892869484
1.6595869074375604	0.7128516482446778
1.6634126503701698	0.7106075242221002
1.6672472125510627	0.7083688021039319
1.6710906143107078	0.7061354660820645
1.6749428760264373	0.7039074996472556
1.6788040181225607	0.7016848855807397
1.6826740610704674	0.6994676059457667
1.6865530253887415	0.6972556420790575
1.690440931643264	0.6950489745821894
1.6943378004473288	0.692847583312896
1.6982436524617444	0.6906514473762974
1.7021585083949509	0.6884528641616854
1.7060823890031234	0.6862573928466971
1.710015315090288	0.6840670840267268
1.7139573075084253	0.6818819373751178
1.7179083871575884	0.6797019520961581
1.721868574986007	0.6775271269189868
1.725837891990204	0.6753574600914346
1.7298163592151015	0.6731929493738155
1.7338039977541384	0.6710335920326538
1.7378008287493754	0.6688793848343583
1.7418068733916146	0.6667303240388315
1.7458221529205038	0.6645864053930267
1.7498466886246573	0.6624476241244369
1.7538805018417611	0.6603139749345327
1.7579236139586931	0.6581854519921293
1.7619760464116292	0.6560620489267022
1.7660378206861649	0.6539437588216314
1.770108958317421	0.6518305742073935
1.7741894808901661	0.6497224870546793
1.7782794100389228	0.6476194887674599
1.78237876744809	0.6455215701759789
1.7864875748520508	0.6434287215296884
1.7906058540352947	0.6413409324901126
1.7947336268325265	0.6392581921236522
1.7988709151287883	0.637180488894319
1.803017740859569	0.6351078106564064
1.8071741260109275	0.6330401446470898
1.8113400926196026	0.6309774774789634
1.8155156627731361	0.6289197951325053
1.8197008586099834	0.6268670829484767
1.8238957023196385	0.624819325620248
1.8281002161427427	0.6227765071860615
1.832314422371212	0.6207386110212153
1.8365383433483464	0.6187056198301859
1.8407720014689564	0.6166775156386693
1.8450154191794736	0.6146542797855585
1.8492686189780787	0.6126358929148426
1.8535316234148114	0.6106223349674359
1.857804455091699	0.6086135851729311
1.8620871366628675	0.6066096220412812
1.8663796908346704	0.6046104233544002
1.8706821403658007	0.6026159661576963
1.8749945080674193	0.6006262267515217
1.8793168168032686	0.5986411806825503
1.883649089489801	0.5966608027350743
1.8879913490962936	0.5946850669222264
1.892343618644976	0.5927139464771195
1.8967059212111463	0.5907474138439112
1.9010782799233006	0.5887854406687821
1.9054607179632472	0.5868279977908424
1.9098532585662378	0.5848642263267114
1.914255925021086	0.5829019646352759
1.9186687406702891	0.5809441048046089
1.9230917289101586	0.5789906477210222
1.9275249131909356	0.5770415938803625
1.9319683170169242	0.5750969433828743
1.936421963946607	0.5731566959280165
1.9408858775927782	0.5712208508092276
1.9453600816226624	0.5692894069086456
1.9498445997580456	0.5673623626917743
1.9543394557753944	0.5654397162021046
1.95884467350599	0.5635214650556802
1.9633602768360463	0.5616076064356187
1.967886289706845	0.5596981370865746
1.9724227361148534	0.5577930533091594
1.976969640111861	0.5558923509543002
1.9815270258050979	0.5539960254175555
1.9860949173573716	0.5521040716333699
1.9906733389871865	0.5502164840692829
1.9952623149688797	0.5483332567200775
1.9998618696327437	0.5464543831018811
2.0044720273651615	0.5445798562462056
2.0090928126087277	0.5427096686939394
2.0137242498623884	0.5408438124892775
2.0183663636815607	0.5389822791736001
2.023019178678272	0.5371250597792931
2.0276827195212817	0.5352721448235144
2.032357010936222	0.533423524301897
2.037042077705718	0.5315791876822031
2.0417379446695296	0.5297391238979121
2.046444636724674	0.5279033213417555
2.0511621788255656	0.5260717678591892
2.0558905959841414	0.5242444507418096
2.0606299132700006	0.5224213567207049
2.065380155810529	0.5206024719597534
2.0701413487910423	0.518787782048851
2.0749135174549096	0.516977271997087
2.079696687103696	0.5151709262258499
2.084490883097289	0.5133687285618783
2.0892961308540396	0.5115706622302402
2.0941124558508926	0.5097767098472568
2.0989398836235242	0.5079868534133575
2.1037784397664754	0.5062010743058719
2.1086281499332897	0.504419353271757
2.1134890398366464	0.5026416704202588
2.1183611352485023	0.5008680052155053
2.123244462000219	0.4990983364690396
2.1281390459827123	0.49733264233227564
2.133044913146576	0.49557090028889705
2.1379620895022327	0.4938130871471792
2.1428906011200586	0.49204858251575345
2.1478304741305343	0.4902850621170939
2.1527817347243725	0.4885253616685769
2.157744409152667	0.48676948785075314
2.16271852372702	0.48501744708274297
2.167704104819695	0.48326924551850037
2.1727011788637443	0.4815248890430503
2.1777097723531593	0.47978438326868034
2.1827299118430012	0.478047733531106
2.187761623949553	0.47631494488558906
2.1928049353504484	0.4745860221030281
2.197859872784825	0.4728609696660034
2.202926463053456	0.4711397917647928
2.2080047330189	0.4694224922933395
2.2130947096056377	0.467709074845192
2.2181964198002193	0.46599954270939614
2.223309890651403	0.46429389886635564
2.2284351492703043	0.4625921459836473
2.2335722228305315	0.46089428641180236
2.23872113856834	0.4592003221800414
2.2438819237827663	0.4575102549919765
2.2490546058357817	0.45582408622126513
2.254239212152429	0.45414181690723054
2.259435770220978	0.4524634477504329
2.2646443075930596	0.4507889791082078
2.2698648518838223	0.44911841099015454
2.2750974307720706	0.4474517430535878
2.2803420720004186	0.44578897459894357
2.28559880337543	0.44413010456514457
2.2908676527677736	0.4424751315249187
2.296148648112362	0.4408240536800789
2.301441817408509	0.43917686885675333
2.306747188720069	0.43753357450057684
2.312064790175595	0.43589416767183176
2.3173946499684783	0.4342586450405496
2.3227367963571073	0.43262700288156114
2.328091257665008	0.4309992370695074
2.3334580622810033	0.4293753430737973
2.338837238659355	0.42775531595352456
2.344228815319923	0.4261391503523331
2.3496328208483073	0.4245268404932398
2.35504928389601	0.422918380173404
2.360478233180577	0.42131376275885407
2.365919697485759	0.41971298117916067
2.371373705661655	0.4181160279220663
2.3768402866248772	0.4165228950280593
2.38231946935869	0.41493357408490505
2.3878112829131783	0.41334805622211945
2.3933157564053875	0.41176633210540015
2.3988329190194912	0.4101883919309984
2.4043628000069335	0.4086079132745695
2.4099054286865957	0.4070294722932461
2.41546083444494	0.40545476197386215
2.421029046736179	0.4038837900278178
2.4266100950824154	0.4023165639382463
2.432204009073816	0.4007530909566718
2.4378108183687526	0.399193378099642
2.4434305526939726	0.3976374321453204
2.4490632418447453	0.3960852596300527
2.454708915685031	0.3945368668448942
2.4603676041476272	0.39299225983211017
2.46603933723434	0.3914514443816345
2.4717241450161302	0.3899144260275032
2.4774220576332864	0.3883812100442459
2.4831331052955705	0.3868518014432492
2.4888573182823914	0.3853262049690797
2.494594726942955	0.38380442509577645
2.500345361696432	0.38228646602310457
2.506109253032114	0.3807723316727771
2.511886431509581	0.3792620256846349
2.5176769277588558	0.3777555514127983
2.5234807724805757	0.37625291192177357
2.529297996446145	0.3747541099825306
2.5351286304979084	0.3732591480685359
2.540972705549305	0.37176802835175554
2.5468302525850417	0.37028075269861277
2.552701302661247	0.3687973226659155
2.5585858869056453	0.36731773949673724
2.5644840365177175	0.36584200411626605
2.5703957827688635	0.364370117127611
2.5763211570025755	0.36290207880756925
2.582260190634596	0.3614378891023556
2.588212915153092	0.35997754762328904
2.5941793621188136	0.3585210536424423
2.6001595631652723	0.35706840608824686
2.6061535499988953	0.3556196035410619
2.6121613543992064	0.35417464422869616
2.6181830082189848	0.3527335260218938
2.624218543384442	0.35129624642977264
2.6302679918953813	0.3498628025952264
2.6363313858253803	0.34843319129027717
2.642408757321946	0.34700740891139203
2.648500138606701	0.3455854514747493
2.654605561975539	0.34416731461146716
2.6607250597988097	0.3427529935627834
2.666858664521479	0.3413424831751948
2.6730064086633116	0.33993577789554685
2.6791683248190314	0.3385328717660845
2.6853444456585076	0.3371337584194502
2.691534803926915	0.3357384310736432
2.6977394324449206	0.3343415708897561
2.703958364108843	0.3329470301075462
2.7101916318908432	0.3315562347735862
2.7164392688390824	0.33016919276316353
2.7227013080779128	0.32878591173826405
2.7289777828080406	0.32740639914443304
2.7352687263067126	0.3260306622076035
2.741574171927882	0.3246587079308964
2.7478941531023975	0.3232905430913865
2.7542287033381663	0.3219261742368416
2.7605778562203462	0.320565607682425
2.7669416454115114	0.31920884950737144
2.773320104651841	0.3178559055516266
2.7797132677592886	0.3165067814124585
2.7861211686297707	0.3151614824410321
2.792543841237338	0.31382001373895546
2.798981319634363	0.3124823801547887
2.805433637951713	0.3111485862805244
2.811900830398941	0.30981863644802826
2.8183829312644537	0.308492534725453
2.8248799749157074	0.3071702849136116
2.831391995799379	0.3058518905423208
2.8379190284415565	0.3045373548667071
2.8444611074479154	0.30322668086347954
2.85101826750391	0.30191987122716507
2.8575905433749464	0.30061692836631254
2.8641779699065815	0.29931785439965375
2.8707805820246906	0.2980226511522371
2.8773984147356697	0.2967313201515163
2.8840315031266055	0.29544386262340966
2.8906798823654762	0.29416027948831597
2.897343587701323	0.29288057135709883
2.904022654464451	0.2916047385270276
2.910717118066605	0.2903327809776859
2.9174270140011673	0.28906469836683696
2.924152377843335	0.2878004900262548
2.9308932452503216	0.2865401549575116
2.9376496519615305	0.2852836918277315
2.9444216337987617	0.284031098965299
2.9512092266663856	0.2827823743555325
2.9580124665515464	0.28153751563631396
2.9648313895243423	0.28029652009368106
2.971666031738027	0.2790593846573748
2.9785164294291895	0.27782610589635054
2.9853826189179604	0.2765966800142428
2.992264636608189	0.27537110284479255
2.9991625189876516	0.2741493698472276
3.0060763026282307	0.2729314761016057
3.013006024186122	0.2717174163041098
3.019951720402016	0.27050718476230395
3.0269134281013064	0.2692967341894819
3.0338911841942706	0.2680889947658619
3.04088502567628	0.26688505069895124
3.047894989627983	0.26568490714602855
3.054921113215514	0.2644885690242714
3.061963433690677	0.26329604100740944
3.069021988391158	0.2621073275223428
3.076096814740708	0.26092243274573046
3.083187950249355	0.25974136060054454
3.0902954325135905	0.2585641147525937
3.097419299216581	0.2573906986070106
3.1045595881283554	0.25622111530471003
3.1117163371060186	0.25505536771880954
3.118889584093937	0.25389345845102007
3.126079367123956	0.2527353898279978
3.1332857243155856	0.2515811638976675
3.1405086938762183	0.25043078242550526
3.1477483141013156	0.24928424689079104
3.1550046233746274	0.24814155848282257
3.1622776601683795	0.24700271809709673
3.169567463043492	0.24586772633145157
3.1768740706497707	0.24473658348217642
3.1841975217261256	0.243609289540081
3.1915378551007616	0.24248584418653293
3.198895109691399	0.2413662467894526
3.206269324505466	0.2402504963992765
3.213660538640318	0.23913859174487734
3.2210687912834346	0.23803053122945178
3.2284941217126364	0.23692631292636476
3.2359365692962827	0.23582593457495934
3.2433961734934935	0.23472939357632489
3.250872973854344	0.2336366869890286
3.2583670100200885	0.2325478115248042
3.265878321723358	0.23146276354420559
3.273406948788383	0.2303815390522142
3.2809529311311905	0.22930413369381278
3.2885163087598315	0.22823054274951202
3.2960971217745776	0.22716076113084088
3.303695410368149	0.2260947833757919
3.311311214825911	0.22503260364422809
3.3189445755261047	0.2239742157132441
3.326595532940045	0.22291961297248836
3.3342641276323506	0.22186878841943913
3.3419504002611427	0.22082173465464106
3.3496543915782775	0.21977844387689396
3.3573761424295467	0.21873890787840203
3.365115693754908	0.21770311803987502
3.372873086588689	0.21667106532558789
3.380648362059817	0.2156427402783933
3.3884415613920256	0.21461813301469085
3.3962527259040853	0.21359293299817542
3.404081897010009	0.21257025436653199
3.4119291162192864	0.21155124695445596
3.4197944251370886	0.2105359123719653
3.4276778654645046	0.20952425196076355
3.4355794789987466	0.20851626679070098
3.443499307633384	0.20751195765619967
3.451437393358563	0.2065113250726461
3.459393778261219	0.2055143692727522
3.4673685045253166	0.20452109020287798
3.4753616144320576	0.20353148751932437
3.483373150360118	0.20254556058458792
3.4914031547858606	0.20156330846358347
3.499451670283573	0.2005847299198289
3.5075187395256795	0.19960982341159753
3.5156044052829816	0.19863858708803164
3.523708710424871	0.1976710187852229
3.53183169791957	0.19670711602225352
3.5399734108343464	0.19574687599720417
3.548133892335755	0.19479029558312128
3.5563131856898527	0.19383737132395104
3.5645113342624426	0.1928880994304318
3.5727283815192883	0.19194247577595278
3.5809643710263606	0.1910004958923708
3.5892193464500517	0.1900621549657922
3.5974933515574232	0.18912744783231245
3.6057864302164235	0.18819636897371994
3.6140986263961334	0.18726891251315778
3.6224299841669856	0.1863450722107485
3.630780547701014	0.18542484145917543
3.639150361272071	0.18450821327922748
3.6475394692560785	0.1835951803152999
3.6559479161312485	0.18268573483085668
3.664375746478333	0.18177986870384938
3.672823004980846	0.18087757342209668
3.681289736425315	0.17997884007861917
3.6897759857015027	0.17908365936693496
3.6982817978026628	0.17819202157630895
3.7068072178257596	0.17730391658696326
3.715352290971726	0.17641933386523992
3.7239170625456848	0.1755382624587242
3.732501577957206	0.1746606909913193
3.741105882720533	0.1737866076582814
3.7497300224548358	0.1729160002212053
3.758374042884441	0.17204885600296924
3.767037989839089	0.17118516188263005
3.77572190925416	0.17032490429027616
3.7844258471709336	0.1694680692018315
3.793149849736819	0.16861464213381502
3.801893963205613	0.1677646081380509
3.81065823393773	0.16691243663800667
3.8194427084004663	0.1660621195014089
3.8282474331682264	0.1652151294062596
3.8370724549227884	0.1643714664861392
3.8459178204535354	0.16353113061874922
3.8547835766577188	0.16269412142260367
3.8636697705406915	0.1618604382536928
3.8725764492161727	0.1610300802021125
3.8815036599064823	0.1602030460886659
3.8904514499428067	0.15937933446142963
3.899419866765434	0.15855894359229203
3.908408957924021	0.15774187147345584
3.9174187710778305	0.15692811581391178
3.926449353995999	0.15611767403587604
3.9355007545577743	0.15531054327119878
3.944573020752785	0.15450672035773547
3.953666200681279	0.1537062018356888
3.9627803425543955	0.152908983943913
3.971915494694403	0.15211506261618785
3.981071705534973	0.15132443347745514
3.9902490236214203	0.15053709184002398
3.9994474976109755	0.14975303269973775
4.008667176273028	0.14897225073210946
4.0179081084894	0.14819474028841853
4.027170343254591	0.147420495391775
4.036453929676051	0.14664950973314497
4.045758916974426	0.14588177666734237
4.055085354483839	0.14511728920898154
4.0644332916521275	0.1443560400283961
4.073802778041128	0.14359802144751765
4.083193863326921	0.1428432254357198
4.09260659730011	0.14209164360562132
4.1020410298660686	0.14134326720885562
4.111497211045223	0.14059808713179703
4.120975190973302	0.13985609389125248
4.130475019901614	0.1391172776301115
4.139996748197304	0.1383816281129591
4.149540426343631	0.13764913472164703
4.1591061049402205	0.13691978645082722
4.168693834703355	0.13619357190344264
4.178303666466218	0.13547047928618047
4.187935651179185	0.13475049640488138
4.1975898399100755	0.13403361065991065
4.207266283844442	0.13331980904148472
4.216965034285822	0.13260907812495873
4.226686142656031	0.13190140406606937
4.2364296604954115	0.13119677259613782
4.24619563946313	0.13049516901722694
4.2559841313374305	0.12979657819725782
4.265795188015928	0.12910098456508073
4.275628861515862	0.12840255821520585
4.285485203974396	0.12770550752760704
4.295364267648873	0.1270113852918308
4.3052661049171075	0.1263201920451631
4.3151907682776525	0.12563192810927065
4.325138310350088	0.12494659358739774
4.335108783875289	0.12426418836153832
4.345102241715717	0.12358471208958073
4.355118736855686	0.12290816420242638
4.365158322401661	0.12223454390108124
4.375221051582521	0.12156385015372119
4.385306977749858	0.12089608169272845
4.395416154378245	0.12023123701170269
4.405548635065534	0.11956931436244263
4.4157044735331255	0.118910311751901
4.425883723626267	0.11825422693911052
4.436086439314326	0.11760105743208228
4.446312674691089	0.11695080048467446
4.456562483975033	0.11630345309343398
4.466835921509633	0.11565901199440666
4.477133041763626	0.1150174736599208
4.487453899331323	0.11437883429533884
4.49779854893288	0.11374308983578096
4.508167045414603	0.11311023594281765
4.518559443749224	0.11248026800113271
4.528975799036209	0.11185318111515487
4.539416166502032	0.11122897010566009
4.549880601500488	0.11060762950634095
4.560369159512962	0.10998915356034715
4.570881896148752	0.10937353621679162
4.581418867145335	0.10876077112722818
4.591980128368688	0.10815085164209395
4.6025657358135605	0.10754377080712244
4.613175745603796	0.10693952135972122
4.623810213992603	0.1063380957253199
4.634469197362879	0.10573948601368201
4.645152752227495	0.10514368401518569
4.6558609352295885	0.1045506811970705
4.666593803142887	0.10396046869964877
4.677351412871981	0.1033730373324855
4.688133821452653	0.10278837757054082
4.698941086052153	0.10220647955028095
4.709773263969529	0.10162733306575092
4.720630412635905	0.10105092756461512
4.731512589614805	0.10047725214415988
4.7424198526024455	0.09990629554726213
4.753352259428054	0.09933804615831991
4.7643098680541565	0.09877249199914932
4.775292736576909	0.09820962072484136
4.786300923226383	0.09764941961958504
4.797334486366892	0.09708760605862454
4.808393484497285	0.09652726916121655
4.819477976251274	0.09596954781634634
4.830588020397726	0.0954144409381712
4.841723675840994	0.09486194723116775
4.8528850016212095	0.09431206518748465
4.864072056914616	0.09376479308426919
4.875284901033862	0.09322012898097103
4.886523593428336	0.092678070716619
4.897788193684462	0.09213861590707499
4.909078761526032	0.0916017619422608
4.920395356814509	0.09106750598336065
4.9317380395493595	0.09053584495999685
4.943106869868354	0.09000677556738151
4.954501908047903	0.08948029426343937
4.96592321450336	0.0889563972659074
4.97737084978936	0.08843508054940478
4.9888448746001215	0.08791633984247912
5.000345349769786	0.087400170624623
5.011872336272722	0.08688656812326558
5.0234258952238715	0.08637552731073489
5.035006087879047	0.08586704290119439
5.046612975635284	0.08536110934754958
5.05824662003114	0.08485772083832886
5.0699070827470445	0.08435687129453362
5.081594425605605	0.08385855436646235
5.093308710571955	0.0833627634305034
5.105049999754062	0.08286949158590125
5.116818355403078	0.08237873165149137
5.1286138399136485	0.08189047616240724
5.140436515824262	0.08140471736675678
5.152286445817564	0.08092144722226914
5.16416369272071	0.08044065739291108
5.176068319505676	0.0799623392454736
5.188000389289612	0.07948648384612661
5.199959965335159	0.07901308195694458
5.211947111050805	0.07854212403239881
5.223961889991197	0.07807360021582045
5.236004365857504	0.07760750033582983
5.248074602497725	0.07714381390273602
5.2601726639070625	0.0766825301049018
5.2722986142282275	0.07622363780507863
5.284452517751805	0.07576712553670703
5.296634438916578	0.07531298150018519
5.308844442309884	0.07486119355910342
5.321082592667942	0.07441174923644642
5.333348954876211	0.07396463571076003
5.345643593969716	0.07351983981228603
5.357966575133418	0.07307734801906036
5.370317963702527	0.07263714645297935
5.382697825162884	0.07219500529081223
5.3951062251512765	0.07175397331620573
5.4075432294558095	0.07131517373583802
5.420008904016238	0.07087860419686597
5.432503314924333	0.07044426215047266
5.445026528424211	0.07001214484945603
5.4575786109127105	0.06958224934579361
5.470159628939716	0.06915457248818688
5.482769649208539	0.06872911091958137
5.495408738576246	0.06830586107466567
5.508076964054036	0.06788481917734646
5.520774392807573	0.0674659812382013
5.533501092157368	0.0670493430519075
5.546257129579107	0.06663490019464866
5.559042572704037	0.06622264802149617
5.5718574893192985	0.0658125816637686
5.584701947368309	0.06540469602636553
5.597576014951102	0.06499898578507872
5.610479760324706	0.06459544538387742
5.623413251903491	0.06419406903217076
5.6363765582595455	0.06379485070204383
5.649369748123025	0.0633977841254702
5.6623928903825345	0.06300286279149794
5.675446054085471	0.06261007994341196
5.688529308438416	0.06221942857586883
5.701642722807475	0.061830901432007764
5.714786366718672	0.061444491000534056
5.727960309858292	0.061060189512777745
5.741164622073277	0.060677988939724536
5.7543993733715695	0.060297880989021356
5.767664633922509	0.05991985710195419
5.780960474057181	0.05954390845039964
5.794286964268812	0.05917002593374844
5.807644175213121	0.058798200175802375
5.821032177708716	0.05842842152164282
5.834451042737448	0.05806068003447204
5.847900841444809	0.05769496549242548
5.861381645140288	0.05733126738535691
5.874893525297769	0.05696957491159367
5.88843655355589	0.05660987697466453
5.902010801718445	0.056252162179996984
5.91561634175474	0.055896418831586914
5.9292532458	0.055542634928637195
5.942921586155727	0.055190798162167945
5.956621435290106	0.054840895911595654
5.970352865838369	0.05449291524128319
5.984115950603199	0.05414684289705829
5.997910762555095	0.05380266530270233
6.011737374832782	0.05346036855640735
6.025595860743578	0.053119938427202695
6.0394862937638	0.05277682804090345
6.0534087475391365	0.052434316041727484
6.067363295885055	0.0520936108801738
6.08135001278718	0.051754710938080095
6.095368972401694	0.051417614443698315
6.109420249055721	0.05108231946979539
6.123503917247737	0.05074882393173585
6.137620051647943	0.05041712558554794
6.151768727098683	0.05008722202597101
6.165950018614822	0.049759110684485776
6.180164001384161	0.04943278882732596
6.1944107507678146	0.049108253553472536
6.208690342300634	0.04878550179262886
6.223002851691596	0.048464530303177794
6.237348354824191	0.04814533567012069
6.251726927756859	0.04782791430299626
6.266138646723353	0.047512262433782336
6.2805835881331795	0.04719837611477695
6.295061828571975	0.04688625121646147
6.309573444801933	0.0465758834253434
6.324118513762193	0.04626726824178065
6.33869711256927	0.04596040097778488
6.353309318517436	0.04565527675480665
6.367955209079159	0.045351890501498765
6.382634861905486	0.045050236951461174
6.397348354826482	0.04475031064096414
6.412095765851615	0.04445210590665208
6.4268771731701975	0.044155616883225786
6.441692655151772	0.04386083750110487
6.456542290346556	0.04356776148406803
6.471426157485831	0.043276382346873546
6.486344335482385	0.042986693392857
6.501296903430906	0.042698687711509
6.516283940608428	0.04241235817602988
6.531305526474723	0.042127697440863816
6.546361740672751	0.04184469793920978
6.561452663029053	0.04156335188051142
6.576578373554206	0.041283651247923527
6.591738952443213	0.04100558779575702
6.606934480075961	0.04072915304690017
6.622165037017619	0.04045433829021799
6.637430704019089	0.04018113457792751
6.652731562017413	0.03990953272295075
6.668067692136222	0.03963952329624333
6.6834391756861455	0.039371096624100405
6.698846094165265	0.0391042427854378
6.714288529259523	0.038838951609050064
6.729766562843179	0.03857521267084346
6.745280276979219	0.03831301529104536
6.760829753919819	0.038052348531388246
6.77641507610675	0.0377898510195366
6.792036326171846	0.03752794579891012
6.807693586937414	0.03726752566078372
6.823386941416698	0.037008588927455795
6.839116472814292	0.03675113379161939
6.8548822645266165	0.03649515831477407
6.870684400142321	0.0362406604256245
6.886522963442762	0.03598763791846323
6.902398038402419	0.03573608845153976
6.918309709189366	0.03548600954541376
6.934258060165691	0.03523739858129422
6.9502431758879695	0.03499025279936269
6.966265141107686	0.03474456929708197
6.982324040771715	0.03450034502748866
6.998419960022734	0.034257576797471226
7.014552984199714	0.03401626126603134
7.030723198838334	0.03377639494253054
7.046930689671471	0.033537974184920064
7.06317554262962	0.03330099519795568
7.07945784384138	0.03306545403139527
7.095777679633888	0.0328313465781814
7.112135136533292	0.03259866857260635
7.128530301265195	0.032367415588461575
7.1449632607551345	0.032137583037169765
7.16143410212902	0.03190916616590082
7.177942912713619	0.03168216005567017
7.194489780036995	0.03145655961942094
7.211074791828998	0.031232359600087856
7.227698036021702	0.031009554568644994
7.2443596007499025	0.03078813892213489
7.261059574351547	0.03056810688168119
7.277798045368242	0.030349452490482518
7.294575102545687	0.030132169611789373
7.311390834834176	0.02991625192686211
7.3282453313890406	0.029701692932911722
7.345138681571151	0.02948848594102125
7.362070974947361	0.02927662407404972
7.379042301291012	0.029066100264516687
7.396052750582378	0.02885690725246859
7.413102413009177	0.028649037583325654
7.430191378967014	0.02844248360571044
7.447319739059893	0.028237237469256268
7.464487584100665	0.028033291122397278
7.481695005111545	0.027830636310137966
7.498942093324558	0.027629264571804073
7.516228940182057	0.027429167238772555
7.533555637337174	0.027230335432182597
7.550922276654341	0.027032760060625605
7.568328950209744	0.02683643181781562
7.58577575029184	0.026641341180238625
7.603262769401819	0.026444653848640916
7.620790100254123	0.02624841240949532
7.638357835776907	0.026053369282822203
7.655966069112566	0.025859522755844355
7.67361489361819	0.025666871007345327
7.691304402866098	0.025475412106355556
7.709034690644301	0.025285144010827498
7.726805850957025	0.02509606456629776
7.744617978025188	0.02490817150453787
7.76247116628692	0.02472146244219213
7.78036551039804	0.024535934879403743
7.798301105232589	0.02435158619842778
7.816278045883297	0.024168413662232366
7.83429642766212	0.02398641441308643
7.852356346100718	0.023805585471135447
7.870457896950989	0.023625923732963603
7.888601176185544	0.023447425970143678
7.906786279998253	0.02327008882777318
7.925013304804718	0.023093908822997982
7.943282347242818	0.02291888234352201
7.961593504173188	0.022745005646104228
7.979946872679768	0.022572274855041402
7.9983425500702845	0.022400685960637996
8.016780633876794	0.022230234817661655
8.035261221856173	0.022060917143785518
8.05378441199067	0.02189272851801597
8.072350302488383	0.02172566437910699
8.090958991783825	0.021559720023959675
8.109610578538408	0.021394890606008125
8.128305161640995	0.021231171133590375
8.147042840208396	0.021068556468305365
8.165823713585926	0.020907041323354796
8.1846478813479	0.02074662026187064
8.203515443298185	0.020587287695227535
8.222426499470712	0.020429037881340407
8.241381150130026	0.02027186492294677
8.260379495771788	0.02011576276587418
8.279421637123345	0.019960725197291838
8.298507675144226	0.019806745843947367
8.317637711026709	0.019653818170387378
8.336811846196344	0.019501935477162783
8.356030182312479	0.019351090899018236
8.375292821268827	0.019201277403065233
8.394599865193973	0.019052487786939788
8.413951416451951	0.01890471467694317
8.433347577642753	0.018757950526166994
8.452788451602899	0.01861218761260126
8.472274141405963	0.01846741803722628
8.491804750363139	0.01832363372208743
8.511380382023763	0.018180826408353546
8.531001140175896	0.018036538732810675
8.550667128846833	0.017892541653995557
8.570378452303697	0.01774948754955582
8.590135215053957	0.017607374963482622
8.609937521846007	0.01746620235370449
8.629785477669701	0.017325968091050106
8.649679187756934	0.01718667045820147
8.669618757582166	0.017048307648637826
8.689604292863018	0.01691087776556957
8.709635899560805	0.01677437882086301
8.729713683881117	0.01663880873395493
8.74983775227436	0.016504165330757773
8.770008211436348	0.016370446342554378
8.790225168308842	0.016237649404883363
8.810488730080142	0.01610577205641387
8.830799004185627	0.015974811737810672
8.851156098308357	0.0158447657905886
8.871560120379607	0.015715631455957123
8.892011178579486	0.015587405873654049
8.912509381337454	0.0154600860807693
8.933054837332953	0.015333669010557575
8.953647655495937	0.015208151491240907
8.974287945007486	0.015083530244799989
8.994975815300352	0.01495980188575521
9.01571137605957	0.014836962919936242
9.036494737223014	0.014715009743241195
9.057326008982002	0.014593938640384198
9.078205301781857	0.01447374578363226
9.099132726322518	0.014354427231530483
9.120108393559097	0.014235978927616346
9.141132414702504	0.014118396699122083
9.162204901219997	0.014001676255666055
9.183325964835811	0.013885813187932045
9.204495717531712	0.01377080296633723
9.225714271547634	0.013656640939687947
9.246981739382225	0.013543322333824118
9.268298233793494	0.013430842250250983
9.289663867799362	0.013319195664759498
9.311078754678306	0.01320837742603384
9.33254300796991	0.013098382254247316
9.354056741475521	0.012989204739645226
9.375620069258803	0.01288083934111586
9.39723310564638	0.01277328038474845
9.418895965228414	0.012666522062378798
9.440608762859236	0.012560558430121799
9.462371613657929	0.0124553834068915
9.484184633008974	0.012350990772907657
9.506047936562814	0.012247374168189832
9.527961640236521	0.01214452709103765
9.549925860214358	0.012042442896498381
9.571940712948447	0.011939236648923771
9.594006315159332	0.011836266225339351
9.616122783836648	0.011734031627378384
9.638290236239705	0.011632531408787386
9.660508789898136	0.011531764052553321
9.68277856261249	0.011431727970062582
9.7050996724549	0.01133242150025201
9.727472237769652	0.011233842908752699
9.749896377173872	0.011135990387025545
9.772372209558107	0.011038862051489505
9.79489985408699	0.010942455942641535
9.817479430199844	0.010846770024169023
9.84011105761134	0.010751802182053866
9.862794856312105	0.010657550223668844
9.885530946569391	0.010564011876865492
9.908319448927676	0.010471184789054221
9.93116048420934	0.010379066526275776
9.954054173515269	0.010287654572264745
9.977000638225535	0.010196946327504362
10.	0.010106939108273193
10.023052380778994	0.010017630145682986
10.046157902783957	0.009929016584708131
10.069316688518045	0.00984109548320658
10.092528860766844	0.009753863810931645
10.115794542598982	0.009667318448535401
10.1391138573668	0.009581456186563041
10.16248692870696	0.009496273724438477
10.18591388054117	0.009411767669440567
10.209394837076797	0.009327934535670667
10.232929922807546	0.009244770743010796
10.256519262514079	0.009162272616072812
10.280162981264736	0.009080436383137908
10.303861204416158	0.008999258175087144
10.32761405761398	0.008918734024322268
10.351421666793442	0.008838859863677277
10.375284158180126	0.00875963152532002
10.39920165829059	0.008681044739644456
10.423174293933046	0.008603095134153005
10.447202192208003	0.008525778232329239
10.471285480508996	0.008449089452500353
10.495424286523221	0.00837302410668999
10.519618738232236	0.008297577399460798
10.543868963912592	0.008222744426747057
10.568175092136585	0.00814852017467673
10.592537251772887	0.008074899518383591
10.616955571987253	0.008001877220808718
10.641430182243164	0.007929447931491772
10.665961212302578	0.007857606185351336
10.690548792226577	0.007786346401455004
10.71519305237607	0.007715662881778554
10.739894123412451	0.0076439504683458
10.76465213629835	0.007572365436510242
10.789467222298287	0.007501333539972036
10.814339512979387	0.007430853527914871
10.83926914021204	0.007360924094493593
10.864256236170656	0.007291543878185834
10.889300933334333	0.007222711461138107
10.91440336448757	0.007154425368505837
10.939563662720943	0.007086684067787576
10.964781961431852	0.0070194859681530185
10.990058394325208	0.006952829419765192
11.015393095414156	0.006886712713096448
11.040786199020735	0.006821134078238471
11.066237839776663	0.0067560916842057915
11.091748152624008	0.006691583638233409
11.117317272815919	0.006627607985067912
11.142945335917304	0.006564162706252459
11.168632477805613	0.006501245719405093
11.194378834671515	0.006438854877490889
11.220184543019629	0.0063769879680874875
11.24604973966927	0.0063156427126440885
11.271974561755105	0.006254816765734002
11.297959146727976	0.006194507714300247
11.324003632355566	0.006134713076894778
11.350108156723154	0.006075430302910759
11.37627285823431	0.006016656771808197
11.402497875611685	0.00595838979233251
11.428783347897712	0.005900626601726333
11.45512941445536	0.005843364364934319
11.481536214968829	0.005786600173801006
11.508003889444357	0.0057303310462613515
11.534532578210918	0.005674553925524418
11.561122421920993	0.005619265679249659
11.587773561551263	0.00556446309871619
11.614486138403427	0.005510142897984412
11.641260294104908	0.005456301713050581
11.66809617060963	0.00540293610099378
11.694993910198711	0.005350042539115561
11.721953655481304	0.005297617424071795
11.748975549395292	0.005245657070997189
11.776059735208078	0.005194157712621945
11.803206356517299	0.005143115498380883
11.830415557251646	0.005092526493514546
11.857687481671597	0.005042386678162648
11.88502227437019	0.004992691946449532
11.91242008027375	0.004943438105561744
11.93988104464273	0.004894620874817378
11.967405313072431	0.004846235884727547
11.994993031493793	0.004798278676049547
12.02264434617413	0.004750744698831925
12.050359403717973	0.004702349823415703
12.078138351067798	0.004654019095312456
12.10598133550483	0.0046060931390551636
12.133888504649775	0.004558570974745793
12.161860006463678	0.004511451581621711
12.189895989248662	0.004464733897576958
12.217996601648723	0.004418416818679133
12.246161992650489	0.004372499198682003
12.274392311584071	0.004326979848533565
12.30268770812381	0.004281857535879893
12.331048332289097	0.004237130984564387
12.359474334445107	0.00419279887412271
12.387965865303691	0.004148859839272932
12.416523075924106	0.004105312469401395
12.445146117713856	0.004062155308043789
12.473835142429433	0.004019386852361765
12.5025903021772	0.003977005552614693
12.531411749414156	0.0039350098116268314
12.560299636948754	0.003893397984249752
12.589254117941675	0.0038521683768199923
12.618275345906707	0.0038113192466117684
12.64736347471151	0.00377084880128499
12.67651865857846	0.003730755198328277
12.705741052085418	0.003691036544497123
12.735030810166617	0.003651690895246951
12.764388088113435	0.003612716254161305
12.793813041575252	0.0035741105723748634
12.823305826560219	0.0035358717479914946
12.852866599436155	0.003497997625497001
12.882495516931336	0.0034604859951668314
12.912192736135347	0.003423334592468489
12.941958414499863	0.003386541097458798
12.971792709839558	0.0033501031341756854
13.001695780332899	0.0033140182700247675
13.031667784523	0.0032782840151604933
13.061708881318419	0.003242897821861919
13.09181922999407	0.0032078570839028852
13.121998990192028	0.0031731591359167913
13.15224832192239	0.0031388012527557695
13.182567385564074	0.003104780648844318
13.212956341865752	0.0030710944775271345
13.243415351946643	0.003037739830411417
13.273944577297401	0.0030047137367033355
13.304544179780914	0.0029720131625388157
13.33521432163324	0.002939635010308329
13.365955165464419	0.0029075761179759843
13.396766874259358	0.0028758332583925833
13.427649611378643	0.0028444031386028034
13.458603540559483	0.0028132823991462367
13.489628825916533	0.002782467613352488
13.52072563194278	0.0027510100079433347
13.551894123510364	0.002719592935849401
13.583134465871542	0.0026884679828204057
13.614446824659497	0.002657634358948756
13.645831365889252	0.002627091243944788
13.677288255958494	0.0025968377867837994
13.708817661648537	0.0025668731053497627
13.740419750125149	0.002537196286076015
13.772094688939474	0.0025078063835825967
13.803842646028853	0.002478702420310468
13.83566378971781	0.0024498833861523028
13.867558288718882	0.0024213482380801205
13.89952631213354	0.0023930958997695232
13.931568029453036	0.0023651252612206406
13.963683610559377	0.002337435178375602
13.995873225726179	0.0023100244727326984
14.028137045619589	0.0022828919309570623
14.060475241299143	0.0022560363044879465
14.092887984218748	0.0022294563091424125
14.12537544622754	0.0022031506247156057
14.157937799570824	0.002177117894577432
14.190575216890926	0.0021513567252657378
14.223287871228198	0.002125865686075749
14.25607593602188	0.002100643308646033
14.288939585111036	0.0020756880865407104
14.321878992735439	0.0020509984748280645
14.35489433353656	0.002026572889655307
14.387985782558452	0.0020024097078197344
14.421153515248696	0.001978507266336021
14.45439770745928	0.001954863861999789
14.487718535447618	0.0019314777509472243
14.52111617587742	0.0019083471482109504
14.554590805819668	0.0018854702272719248
14.58814260275349	0.001862845119607483
14.621771744567184	0.0018404699142353222
14.655478409559112	0.0018183426572535959
14.689262776438676	0.0017964613513769192
14.723125024327194	0.0017748239554684002
14.757065332758946	0.0017534283840674673
14.791083881682072	0.0017322725069136946
14.825180851459544	0.0017113541484664063
14.859356422870075	0.0016906710874201663
14.893610777109155	0.0016702210562159559
14.92794409578996	0.0016500017405481858
14.962356560944343	0.001630010778867385
14.99684835502374	0.0016102457618786237
15.031419660900225	0.00159070423203549
15.066070661867418	0.0015713836830297744
15.100801541641477	0.001552281559276698
15.135612484362087	0.0015333952553956733
15.170503674593368	0.0015140526819742888
15.205475297324954	0.0014947375972942983
15.240527537972907	0.0014756279856401613
15.275660582380732	0.0014567230999539688
15.310874616820303	0.0014380221693607118
15.346169827992941	0.0014195243988972292
15.381546403030342	0.0014012289692388504
15.4170045294956	0.001383135036423544
15.452544395384141	0.0013652417315736577
15.488166189124811	0.001347548160615127
15.523870099580817	0.0013300534039942448
15.55965631605075	0.0013127565163919019
15.595525028269538	0.001295656526435318
15.631476426409538	0.001278752436407158
15.667510701081484	0.0012620432219521557
15.70362804333553	0.0012455278317810858
15.739828644662197	0.0012292051873721882
15.776112696993485	0.001213074182669863
15.812480392703826	0.0011971336837808006
15.848931924611142	0.0011813825286673867
15.88546748597779	0.001165819526838456
15.9220872705117	0.0011504434590372476
15.95879147236732	0.0011352530769267078
15.995580286146694	0.0011202471027719698
16.032453906900418	0.0011054242291201077
16.069412530128773	0.001090783118477008
16.106456351782697	0.0010763224029814837
16.143585568264868	0.0010620406840764912
16.18080037643066	0.0010479365321775247
16.218100973589298	0.001034008486338046
16.255487557504836	0.001020255053912051
16.292960326397232	0.001006674710213673
16.330519478943348	0.0009932658981738416
16.368165214278086	0.0009800270279939018
16.40589773199539	0.0009669564767962801
16.443717232149325	0.0009540525882720755
16.481623915255085	0.0009413136723256301
16.51961798229015	0.0009287380047159522
16.557699634695275	0.0009163238266950935
16.595869074375614	0.0009040693446433579
16.634126503701697	0.0008919727297013834
16.672472125510627	0.0008800321173989885
16.71090614310707	0.0008682456072808649
16.749428760264383	0.0008566112625290065
16.788040181225607	0.0008451271095819085
16.82674061070467	0.0008337911377504299
16.865530253887407	0.0008226012988304032
16.90440931643265	0.0008115555067118711
16.94337800447329	0.0008006516369849933
16.982436524617444	0.0007898875265425181
17.0215850839495	0.0007786964131008202
17.060823890031244	0.0007674863100928367
17.10015315090288	0.0007564073629973964
17.139573075084254	0.0007454589895054417
17.179083871575877	0.0007346405907268789
17.21868574986008	0.0007239515510046782
17.25837891990204	0.000713391237727367
17.298163592151013	0.0007029590011398031
17.338039977541374	0.0006926541741523307
17.378008287493763	0.0006824760721482255
17.418068733916144	0.0006724239927894573
17.458221529205037	0.000662497215820702
17.498466886246565	0.0006526950028716751
17.53880501841762	0.0006430165972576916
17.579236139586932	0.000633461223778497
17.619760464116293	0.0006240280885153008
17.66037820686164	0.0006147163786260506
17.70108958317422	0.0006055252621389017
17.741894808901662	0.0005964538877438931
17.78279410038923	0.000587501384582759
17.82378767448089	0.0005786668620369431
17.864875748520518	0.000569949409513734
17.906058540352948	0.000561348096230556
17.947336268325266	0.0005528619709973361
17.988709151287875	0.0005444900619970148
18.030177408595698	0.00053623137656412
18.071741260109274	0.0005280849009614282
18.113400926196025	0.0005200496001546586
18.15515662773135	0.0005121244175852302
18.197008586099845	0.0005043082749410346
18.238957023196384	0.0004966000719252308
18.281002161427427	0.0004889986860230068
18.323144223712113	0.0004815029722663471
18.365383433483473	0.00047411176299674986
18.407720014689563	0.0004668238676259017
18.450154191794738	0.0004596380723942582
18.492686189780777	0.00045255314012756424
18.535316234148123	0.0004455678099912567
18.57804455091699	0.00043868079724276345
18.620871366628677	0.0004318907929816382
18.663796908346693	0.0004251964638975737
18.706821403658015	0.00041859645201622184
18.74994508067419	0.0004120893744428522
18.793168168032686	0.0004056738231037721
18.836490894898002	0.00039934836448555816
18.879913490962945	0.00039311153937202764
18.92343618644976	0.0003869618625789748
18.967059212111465	0.00038089782268660135
19.010782799232995	0.0003749178817696883
19.054607179632484	0.0003690204751254346
19.098532585662387	0.00036278937198030346
19.14255925021086	0.00035652426359069413
19.18668740670289	0.0003503354527713377
19.230917289101594	0.0003442225426065716
19.275249131909366	0.0003381851257481319
19.31968317016924	0.00033222278429951104
19.364219639466068	0.0003263350896993207
19.408858775927794	0.0003205216026036126
19.453600816226633	0.00031478187276717996
19.498445997580454	0.00030911543892378485
19.543394557753942	0.0003035218286653651
19.58844673505991	0.0002980005583201588
19.633602768360475	0.000292551132829782
19.67886289706845	0.00028717304562519584
19.724227361148536	0.0002818657785016166
19.76969640111862	0.0002766288014923193
19.81527025805099	0.000271461572741344
19.860949173573715	0.0002663635383750754
19.906733389871864	0.0002613341323727162
19.952623149688808	0.0002563727764356242
19.998618696327448	0.0002514788798555193
20.044720273651613	0.000246651839381521
20.090928126087277	0.0002418910390860535
20.137242498623895	0.0002371958502295692
20.183663636815616	0.00023256563112410952
20.23019178678272	0.00022799972699566196
20.276827195212817	0.0002234974698453427
20.32357010936221	0.00021905817830936543
20.37042077705719	0.0002146811575177982
20.417379446695296	0.0002103656989521066
20.46444636724674	0.0002061110803014459
20.511621788255646	0.00020191656531773125
20.558905959841425	0.0001977814036694433
20.606299132700006	0.00019370483079418483
20.65380155810529	0.00018968606774994777
20.701413487910415	0.00018572432106511477
20.749135174549107	0.00018181878258716292
20.79696687103696	0.00017796862933007032
20.844908830972887	0.00017417302332039964
20.892961308540386	0.00017043111144207144
20.941124558508935	0.00016674202527979846
20.989398836235246	0.00016310488096118485
21.03778439766475	0.00015951877899745648
21.086281499332888	0.00015598280412284073
21.134890398366476	0.00015249602513256694
21.183611352485023	0.0001490574947194842
21.23244462000219	0.0001456662493092725
21.28139045982711	0.00014232130889425742
21.330449131465773	0.00013902167686580112
21.379620895022324	0.00013576633984526939
21.428906011200585	0.00013255426751354477
21.47830474130533	0.00012938441243910188
21.527817347243737	0.00012625570990461
21.57744409152667	0.0001231670777320703
21.6271852372702	0.00012011741610645218
21.67704104819694	0.00011710560739784396
21.727011788637455	0.00011413051598208852
21.77709772353159	0.00011119098805990296
21.827299118430012	0.00010828585147445168
21.87761623949552	0.00010541391552738959
21.9280493535045	0.00010257397079333673
21.978598727848254	0.00009976478893279343
22.02926463053456	0.00009698512250345965
22.080047330188993	0.00009423370476997254
22.13094709605639	0.00009150924951203275
22.181964198002195	0.00008881045083091387
22.23309890651403	0.00008613598295433288
22.28435149270303	0.00008348450003968493
22.335722228305325	0.00008085463597561672
22.3872113856834	0.00007824500418193294
22.438819237827662	0.00007565419740781235
22.490546058357804	0.00007308078752833546
22.542392121524305	0.00007052332533929873
22.59435770220978	0.00006798034035031138
22.646443075930595	0.00006545034057614517
22.698648518838212	0.0000629318123263464
22.750974307720718	0.00006042321999307834
22.803420720004187	0.00005792300583719256
22.8559880337543	0.00005542958977249949
22.908676527677724	0.000052941369148245344
22.961486481123632	0.00005045671852976416
23.01441817408509	0.00004797398947730469
23.06747188720069	0.000045491510322997865
23.12064790175594	0.000043007585945975717
23.173946499684796	0.000040520497545608885
23.227367963571073	0.00003802850241285875
23.280912576650078	0.00003552983369971624
23.33458062281002	0.0000330227001867309
23.38837238659356	0.00003050528604860082
23.442288153199225	0.00002797575061781863
23.49632820848307	0.00002543222814634311
23.55049283896009	0.000022872827565303236
23.604782331805783	0.000020295632242700124
23.65919697485759	0.000017698699739106097
23.71373705661655	0.00001508006156132778
23.76840286624876	0.00001243772291403795
23.823194693586913	9.76966244934592e-6
23.878112829131783	7.0738320143001065e-6
23.933157564053875	4.348156396292147e-6
23.9883291901949	1.5905330663666341e-6