0.1	27.176818915726653
0.10023052380778996	27.146148772475346
0.10046157902783952	27.11546858040416
0.10069316688518042	27.084778345107335
0.10092528860766845	27.054078070583508
0.10115794542598985	27.02336775921249
0.10139113857366794	26.992647411731955
0.10162486928706957	26.961917027213705
0.1018591388054117	26.93117660303993
0.102093948370768	26.900426134878998
0.10232929922807542	26.86966561666121
0.10256519262514076	26.83889504055421
0.10280162981264736	26.808110540816493
0.10303861204416162	26.77728664847249
0.10327614057613975	26.746452523504885
0.10351421666793438	26.715608230554185
0.10375284158180126	26.684753833482652
0.10399201658290592	26.65388939535899
0.10423174293933042	26.62301497844289
0.10447202192208001	26.59213064416931
0.10471285480508996	26.561236453132736
0.10495424286523224	26.530332465071165
0.1051961873823223	26.49941873884994
0.1054386896391259	26.46849533244549
0.10568175092136585	26.43756230292877
0.10592537251772889	26.406619706448648
0.10616955571987247	26.3756675982151
0.10641430182243161	26.344706032482108
0.10665961212302578	26.31373506253057
0.1069054879222658	26.282754740650898
0.10715193052376065	26.251765118125455
0.10739894123412448	26.220766245210903
0.1076465213629835	26.189758171120204
0.10789467222298288	26.158740944004613
0.1081433951297938	26.12771461093535
0.10839269140212036	26.09667921788518
0.10864256236170655	26.0656348097097
0.10889300933334335	26.03458143012859
0.10914403364487565	26.003519121706468
0.10939563662720939	25.972447925833777
0.1096478196143185	25.94136788270726
0.10990058394325211	25.910279031310406
0.11015393095414151	25.879181409393613
0.11040786199020733	25.848075053454153
0.11066237839776664	25.816959998715998
0.11091748152624012	25.785836279109304
0.11117317272815914	25.754703927249896
0.11142945335917301	25.723562974418336
0.11168632477805612	25.692413450538915
0.11194378834671516	25.661255384158405
0.11220184543019636	25.63008880242456
0.11246049739669266	25.59891373106444
0.11271974561755105	25.567730194362525
0.11297959146727979	25.536538215138584
0.11324003632355571	25.505337814725316
0.11350108156723152	25.474129012945838
0.1137627285823431	25.442911828090836
0.11402497875611688	25.411686276895608
0.11428783347897718	25.380452374516803
0.11455129414455358	25.34921013450894
0.1148153621496883	25.31795956880074
0.11508003889444356	25.286700687671175
0.11534532578210924	25.255430740848578
0.11561122421920987	25.224131521544965
0.11587773561551262	25.192823907057157
0.11614486138403426	25.161507957895658
0.11641260294104915	25.13018373359274
0.11668096170609624	25.098851292684788
0.11694993910198712	25.067510692694317
0.11721953655481303	25.036161990111996
0.11748975549395298	25.00480524037826
0.11776059735208072	24.97344049786496
0.11803206356517298	24.94206781585662
0.11830415557251646	24.910687246531655
0.118576874816716	24.87929884094329
0.11885022274370183	24.847902649000375
0.11912420080273747	24.81649871944791
0.1193988104464273	24.785087099847487
0.11967405313072434	24.753667836557376
0.11994993031493788	24.722240974712577
0.12022644346174129	24.690806558204528
0.12050359403717974	24.65936462966074
0.120781383510678	24.627915230424055
0.12105981335504823	24.596458400531915
0.12133888504649772	24.564994178695184
0.12161860006463679	24.53352260227697
0.12189895989248664	24.502043707271064
0.12217996601648717	24.47055752828029
0.12246161992650487	24.439064098494544
0.12274392311584072	24.407563449668682
0.12302687708123815	24.376055612100146
0.1233104833228909	24.344540614606387
0.12359474334445104	24.313018484502024
0.1238796586530369	24.281489247575855
0.1241652307592411	24.24995292806756
0.1244514611771385	24.218409548644196
0.12473835142429429	24.186859130376508
0.125025903021772	24.155301692714914
0.1253141174941416	24.123737253465332
0.1256029963694875	24.092165828764735
0.12589254117941673	24.060587433056483
0.12618275345906707	24.02900207906538
0.12647363474711512	23.997409777772496
0.12676518658578456	23.9658105383898
0.12705741052085415	23.934204368334434
0.12735030810166617	23.902591273202848
0.12764388088113438	23.870971256744596
0.12793813041575247	23.839344320835945
0.12823305826560213	23.807710465453166
0.12852866599436155	23.77606968864561
0.1288249551693134	23.744421986508492
0.12912192736135342	23.712767353155446
0.1294195841449986	23.68110195075108
0.12971792709839558	23.64940048466856
0.13001695780332903	23.617691918084027
0.13031667784522993	23.58597631613702
0.13061708881318415	23.554253742947445
0.1309181922999407	23.52252426159711
0.13121998990192033	23.490787934111065
0.13152248321922383	23.459044821438752
0.1318256738556407	23.42729498343495
0.1321295634186575	23.395538478840567
0.13243415351946647	23.36377536526315
0.13273944577297395	23.332005699157296
0.1330454417978091	23.30022953580477
0.1333521432163324	23.268446929294495
0.13365955165464422	23.23665793250229
0.1339676687425935	23.2048625970704
0.1342764961137864	23.173060973386868
0.13458603540559483	23.141253110564627
0.13489628825916536	23.109439056420452
0.13520725631942773	23.077618857453622
0.1355189412351036	23.045792558824434
0.1358313446587154	23.013960204332466
0.136144468246595	22.982121836394636
0.13645831365889247	22.950277496022988
0.13677288255958492	22.91842722280237
0.13708817661648537	22.886571054867748
0.13740419750125152	22.854709028881413
0.13772094688939465	22.822841180009846
0.1380384264602885	22.790967541900493
0.1383566378971781	22.75908814665817
0.13867558288718884	22.727203024821304
0.13899526312133534	22.695312205337935
0.13931568029453031	22.663415715541454
0.13963683610559377	22.63151358112616
0.13995873225726183	22.599605826122453
0.14028137045619582	22.567692472871958
0.1406047524129914	22.535773542002204
0.14092887984218747	22.503849052401243
0.14125375446227545	22.471919021191884
0.14157937799570816	22.43998346370573
0.14190575216890922	22.40804239345695
0.142232878712282	22.376095822115786
0.14256075936021884	22.34414375948187
0.1428893958511103	22.312186213457117
0.14321878992735435	22.280223190018546
0.1435489433353656	22.248254693190685
0.14387985782558455	22.216280725017832
0.14421153515248689	22.184301285535927
0.14454397707459277	22.152316372744217
0.14487718535447616	22.120325982576684
0.14521116175877424	22.08832374135574
0.14554590805819662	22.05626760339293
0.14588142602753484	22.024205731314993
0.14621771744567183	21.992138244231622
0.14655478409559117	21.96006526087429
0.1468926277643867	21.927986899583544
0.1472312502432719	21.895903278296245
0.14757065332758945	21.863814514532667
0.14791083881682077	21.831720725383345
0.14825180851459538	21.799622027495932
0.1485935642287007	21.767518537061743
0.14893610777109154	21.735410369802267
0.14927944095789963	21.703297640955476
0.14962356560944334	21.671180465262005
0.1499684835502373	21.639058956951132
0.15031419660900225	21.60693322972666
0.15066070661867417	21.57480339675261
0.15100801541641484	21.54266957063874
0.1513561248436208	21.510531863425953
0.1517050367459337	21.47839038657148
0.15205475297324955	21.446245250933966
0.15240527537972914	21.414096566758328
0.15275660582380723	21.381944443660508
0.15310874616820302	21.34978899061199
0.15346169827992942	21.317630315924234
0.1538154640303035	21.285468527232844
0.15417004529495593	21.253303731481648
0.1545254439538414	21.221136034906547
0.1548816618912481	21.188965543019215
0.15523870099580825	21.1567923605906
0.15559656316050743	21.12461659163433
0.15595525028269538	21.092438339389794
0.15631476426409538	21.06025770630517
0.15667510701081494	21.028074794020178
0.15703628043335524	20.99588970334878
0.15739828644662196	20.9637025342615
0.15776112696993486	20.93151338586773
0.15812480392703834	20.89932235639777
0.15848931924611134	20.867129543184685
0.15885467485977792	20.834935042645938
0.159220872705117	20.80273895026495
0.15958791472367329	20.770541360572263
0.15995580286146688	20.738342367126716
0.16032453906900418	20.706142062496255
0.1606941253012877	20.67394053823869
0.16106456351782708	20.641737884882076
0.16143585568264862	20.609534191905073
0.16180800376430657	20.577329547716964
0.16218100973589297	20.54512403963751
0.16255487557504839	20.51291775387664
0.16292960326397224	20.48070659567268
0.16330519478943342	20.44846305426265
0.16368165214278085	20.416218834735453
0.16405897731995392	20.38397410512473
0.16443717232149316	20.351729033453392
0.1648162391525508	20.31948378772363
0.1651961798229015	20.2872385359067
0.1655769963469528	20.254993445932634
0.16595869074375605	20.22274868567983
0.16634126503701693	20.19050442296444
0.16672472125510626	20.158260825529748
0.16710906143107074	20.126018061035296
0.16749428760264373	20.093776297045956
0.16788040181225602	20.061535701020826
0.16826740610704674	20.029296440302016
0.16865530253887412	19.997058682103262
0.16904409316432642	19.964822593498468
0.16943378004473283	19.93258834141003
0.16982436524617442	19.900356092597065
0.17021585083949506	19.868126013643476
0.17060823890031235	19.835898270945926
0.17100153150902875	19.80367303070157
0.17139573075084252	19.771450458895753
0.17179083871575881	19.73923072128948
0.1721868574986007	19.70701398340675
0.17258378919902034	19.674800410521776
0.17298163592151014	19.642590167646038
0.17338039977541378	19.610383419515138
0.17378008287493754	19.578180330575588
0.17418068733916142	19.545981064971365
0.17458221529205037	19.513785786530356
0.1749846688624657	19.481594658750595
0.1753880501841761	19.44940784478642
0.17579236139586926	19.417225507434388
0.1761976046411629	19.385047809119076
0.17660378206861643	19.3528749118787
0.17701089583174212	19.32070697735057
0.17741894808901656	19.28854416675639
0.1778279410038923	19.25638664088737
0.17823787674480895	19.224234560089183
0.17864875748520506	19.192088084246752
0.17906058540352943	19.15994737276884
0.17947336268325265	19.127812584572514
0.1798870915128788	19.095683878067366
0.1803017740859569	19.06356141113963
0.1807174126010927	19.031445341136067
0.18113400926196024	18.99933582484767
0.18155156627731356	18.967233018493236
0.18197008586099836	18.935137077702695
0.18238957023196378	18.90304815750029
0.1828100216142743	18.870966840665126
0.18323144223712115	18.838896109044004
0.18365383433483465	18.806832874876903
0.18407720014689558	18.774777281731136
0.18450154191794738	18.742729472357922
0.18492686189780783	18.710689588673215
0.18535316234148114	18.678657771738358
0.18578044550916986	18.646634161740455
0.18620871366628675	18.61461889797263
0.186637969083467	18.582612118813977
0.18706821403658005	18.550613961709356
0.18749945080674188	18.518624563148954
0.18793168168032684	18.486644058647652
0.18836490894898006	18.454672582724093
0.18879913490962935	18.42271026887965
0.18923436186449755	18.39075724957706
0.18967059212111465	18.358813656218903
0.19010782799233	18.326879619125805
0.19054607179632474	18.294955267514446
0.1909853258566238	18.263040729475343
0.19142559250210858	18.231136131950336
0.19186687406702896	18.199241600709918
0.19230917289101584	18.167357260330277
0.1927524913190936	18.135483234170117
0.1931968317016924	18.103619644347233
0.19364219639466074	18.07176661171485
0.19408858775927784	18.03992425583768
0.19453600816226624	18.008092694967804
0.19498445997580455	17.976272046020195
0.19543394557753943	17.94446242454813
0.195884467350599	17.912663944718208
0.19633602768360464	17.880876719285205
0.1967886289706845	17.849100859566597
0.19724227361148533	17.817336475416944
0.19769696401118608	17.78558367520183
0.1981527025805098	17.753842565771716
0.19860949173573716	17.722113252435392
0.19906733389871864	17.690395838933256
0.19952623149688797	17.658690427410228
0.1999861869632744	17.626997118388495
0.20044720273651614	17.595316010739868
0.2009092812608728	17.56364720165795
0.20137242498623883	17.531990786629965
0.20183663636815607	17.500346859408346
0.2023019178678272	17.46871551198197
0.20276827195212818	17.437096834547212
0.20323570109362218	17.40549091547857
0.2037042077705718	17.373897841299137
0.20417379446695297	17.342317696650642
0.20464446367246739	17.31075056426333
0.20511621788255657	17.27919377104674
0.20558905959841414	17.247629215117914
0.20606299132700007	17.21607780758896
0.20653801558105292	17.184539680207205
0.20701413487910425	17.153014963446218
0.20749135174549097	17.12150378648149
0.2079696687103696	17.0900062771657
0.20844908830972886	17.058522562003887
0.20892961308540398	17.027052766128215
0.20941124558508925	16.995597013272615
0.20989398836235246	16.964155425747037
0.21037784397664752	16.932728124411558
0.21086281499332898	16.90131522865009
0.21134890398366465	16.869916856343988
0.2118361135248502	16.838533123845178
0.21232444620002192	16.807164145949237
0.21281390459827124	16.775810035867995
0.21330449131465762	16.744470905202004
0.21379620895022325	16.71314686391263
0.21428906011200585	16.68183802029394
0.21478304741305343	16.65054448094423
0.21527817347243727	16.61926635073732
0.21577444091526668	16.588003732793513
0.21627185237270202	16.556756728450345
0.21677041048196952	16.525525437232897
0.21727011788637443	16.494309956823972
0.2177709772353159	16.46311038303381
0.21827299118430013	16.431926809769685
0.2187761623949553	16.400759329004988
0.21928049353504486	16.36960803074818
0.21978598727848253	16.33847300301132
0.2202926463053456	16.307354331778356
0.22080047330189004	16.27625210097302
0.22130947096056375	16.245166392426505
0.22181964198002194	16.2140972858447
0.2223309890651403	16.18304485877524
0.22284351492703042	16.15200918657406
0.22335722228305316	16.12099034237182
0.223872113856834	16.089988397039797
0.22438819237827662	16.059003419155612
0.2249054605835781	16.028035474968494
0.22542392121524293	15.99708462836425
0.22594357702209775	15.966150940829953
0.22646443075930595	15.935234471418143
0.2269864851883822	15.904335276710825
0.22750974307720706	15.873453410783009
0.2280342072000418	15.842588925165956
0.22855988033754301	15.811741868810042
0.2290867652767773	15.780912288047245
0.2296148648112362	15.750100226553322
0.23014418174085083	15.719300723553546
0.2306747188720069	15.68848079644495
0.23120647901755947	15.657678321183049
0.23173946499684786	15.626893433907012
0.2322736796357107	15.596126269345804
0.23280912576650079	15.565376960791944
0.23334580622810028	15.534645640075025
0.23388372386593548	15.503932437534939
0.2344228815319922	15.47323748199481
0.23496328208483072	15.442560900733701
0.23550492838960096	15.411902819458987
0.2360478233180577	15.381263362278478
0.23659196974857583	15.35064265167224
0.23713737056616552	15.320040808464157
0.23768402866248767	15.28945795179315
0.23823194693586902	15.258894199084162
0.23878112829131776	15.228349666018817
0.23933157564053875	15.197824466505782
0.23988329190194904	15.167318712650843
0.24043628000069334	15.13683251472666
0.24099054286865948	15.10636598114225
0.24154608344449405	15.075919218412107
0.2421029046736178	15.04549233112508
0.24266100950824154	15.01508542191288
0.24322040090738153	14.984698591418322
0.24378108183687525	14.954331938263191
0.2443430552693972	14.923985559015835
0.24490632418447456	14.89365954815844
0.24547089156850305	14.863353998053928
0.24603676041476275	14.83306899891256
0.24660393372343392	14.802804638758229
0.24717241450161304	14.772561003394365
0.24774220576332856	14.742338176369557
0.24831331052955705	14.712136238942792
0.2488857318282391	14.681955270048377
0.24945947269429547	14.6517953462605
0.25003453616964316	14.621656541757464
0.2506109253032114	14.591538928285553
0.251188643150958	14.56144257512253
0.25176769277588557	14.531367549040807
0.25234807724805747	14.501313914270249
0.2529297996446145	14.47128173246058
0.25351286304979076	14.441271062643487
0.25409727055493053	14.411281961194284
0.2546830252585041	14.38131448179325
0.2552701302661247	14.351368675386576
0.2558585886905646	14.321444590146951
0.25644840365177174	14.291542271433714
0.2570395782768864	14.261661761752693
0.25763211570025757	14.231803100715585
0.25822601906345966	14.201960675358777
0.2588212915153092	14.17209722129553
0.2594179362118814	14.142255511215815
0.2600159563165272	14.11243568961868
0.2606153549998896	14.082637899527771
0.26121613543992067	14.052862282463987
0.2618183008218985	14.023108978417893
0.26242185433844417	13.993378125821843
0.26302679918953814	13.96366986152187
0.263633138582538	13.933984320749174
0.2642408757321946	13.904321637091458
0.2648500138606701	13.87468194246384
0.2654605561975539	13.845065367079577
0.26607250597988097	13.815472039420397
0.2666858664521479	13.78590208620662
0.26730064086633115	13.756355632366905
0.2679168324819031	13.726832801007731
0.26853444456585074	13.69733371338253
0.26915348039269155	13.667858488860594
0.26977394324449205	13.63840724489552
0.2703958364108843	13.60898009699353
0.2710191631890843	13.579577158681275
0.2716439268839082	13.550198541473478
0.2722701308077913	13.520844354840142
0.272897778280804	13.491514706173527
0.27352687263067127	13.46220970075467
0.27415741719278824	13.432929441719732
0.2747894153102397	13.403674030025842
0.2754228703338166	13.374443564416747
0.27605778562203465	13.345238141388014
0.27669416454115114	13.316057855151985
0.2773320104651841	13.286902797602256
0.27797132677592884	13.25777305827795
0.2786121168629771	13.228668724327534
0.27925438412373377	13.199589880472335
0.2798981319634363	13.170536608969632
0.2805433637951713	13.141508989575499
0.28119008303989407	13.112507099507154
0.28183829312644537	13.083531013405045
0.2824879974915708	13.054580803294478
0.2831391995799379	13.025656538546954
0.2837919028441557	12.996758285841054
0.28444611074479154	12.967886109123016
0.285101826750391	12.939040069566833
0.28575905433749466	12.910220225534088
0.2864177969906581	12.881426632533266
0.28707805820246907	12.852659343178804
0.28773984147356696	12.823918407149613
0.28840315031266056	12.79520387114732
0.2890679882365476	12.766515778854016
0.28973435877013226	12.737848235470791
0.2904022654464451	12.709162093757522
0.2910717118066605	12.680502292129031
0.29174270140011677	12.651868984548598
0.29241523778433354	12.623262323452632
0.2930893245250321	12.594682459722394
0.2937649651961531	12.5661295426555
0.29444216337987617	12.53760371993709
0.29512092266663853	12.509105137610721
0.29580124665515467	12.480633940048953
0.2964831389524342	12.452190269923669
0.29716660317380267	12.423774268176004
0.29785164294291894	12.395386073986087
0.298538261891796	12.367025824742367
0.2992264636608189	12.338693656010724
0.29991625189876514	12.310389701503166
0.30060763026282306	12.282114093046314
0.3013006024186122	12.253866960549477
0.3019951720402016	12.22564843197248
0.30269134281013055	12.197458633293103
0.30338911841942706	12.169297688474241
0.3040885025676279	12.141165719430731
0.3047894989627983	12.113062845995803
0.3054921113215513	12.084989185887242
0.3061963433690677	12.056944854673212
0.30690219883911574	12.028929965737692
0.3076096814740708	12.000944630245627
0.3083187950249354	11.972988957107699
0.30902954325135906	11.94506305294473
0.309741929921658	11.91716702205181
0.31045595881283555	11.889300966361949
0.31117163371060175	11.861464985409514
0.3118889584093937	11.833659176293159
0.3126079367123955	11.805883633638514
0.31332857243155854	11.778138449560423
0.3140508693876217	11.750423713624844
0.3147748314101316	11.722739512810403
0.31550046233746265	11.695085931469496
0.31622776601683794	11.667463051289092
0.3169567463043491	11.639870951251098
0.31768740706497706	11.612309707592367
0.3184197521726125	11.5847793937643
0.31915378551007617	11.557280080392072
0.3198895109691398	11.529811835233431
0.3206269324505466	11.502374723137148
0.3213660538640317	11.474968806001005
0.32210687912834346	11.447594142729423
0.32284941217126356	11.42025078919067
0.32359365692962827	11.392938798173617
0.32433961734934924	11.365658219344157
0.3250872973854344	11.33840204795923
0.3258367010020088	11.311123776053124
0.32658783217233583	11.283876789396345
0.3273406948788382	11.256661270591406
0.328095293113119	11.229477400924617
0.32885163087598307	11.202325360339474
0.32960971217745777	11.175205327409747
0.3303695410368148	11.148117479312308
0.3311311214825911	11.12106199179964
0.3318944575526104	11.094039039172086
0.33265955329400454	11.067048794249818
0.333426412763235	11.040091428344487
0.3341950400261143	11.013167111230604
0.33496543915782767	10.986276011116619
0.3357376142429547	10.959418294615693
0.33651156937549076	10.932594126716179
0.3372873086588689	10.905803670751801
0.3380648362059816	10.879047088371541
0.33884415613920255	10.852324539509151
0.3396252725904084	10.825636182352474
0.3404081897010009	10.798982173312313
0.34119291162192855	10.772362666991105
0.3419794425137089	10.745777816151197
0.3427677865464504	10.719227771682835
0.34355794789987465	10.694303600221994
0.34434993076333853	10.66954500540749
0.3451437393358563	10.644820932915401
0.345939377826122	10.62013147377563
0.34673685045253166	10.595476716429465
0.34753616144320587	10.570856746690938
0.34833731503601184	10.546271647707783
0.34914031547858615	10.521721499922052
0.3499451670283573	10.49720638103031
0.350751873952568	10.472726365943464
0.35156044052829816	10.4482815267462
0.35237087104248715	10.423871932656018
0.353183169791957	10.399497649981894
0.3539973410834347	10.375158742082503
0.35481338923357547	10.350855269324082
0.3556313185689854	10.32658728903785
0.3564511334262443	10.302354855477063
0.35727283815192895	10.278158019773594
0.35809643710263606	10.253996829894154
0.35892193464500527	10.229871330596069
0.35974933515574237	10.20578156338263
0.36057864302164244	10.181727566458019
0.36140986263961333	10.157709374681817
0.36224299841669866	10.133727019523054
0.3630780547701014	10.109780529013854
0.36391503612720716	10.085869927702609
0.36475394692560786	10.061989792123399
0.36559479161312497	10.038104196043687
0.36643757464783333	10.014254343181111
0.3672823004980847	9.990440356305395
0.3681289736425315	9.966662356030158
0.3689775985701504	9.942920460778486
0.3698281797802663	9.919214786748167
0.37068072178257605	9.895545447876572
0.37153522909717257	9.871912555805196
0.3723917062545686	9.848316219843847
0.3732501577957206	9.824756546934491
0.3741105882720534	9.801233641614713
0.3749730022454836	9.777747605980855
0.3758374042884442	9.754298539650765
0.37670379898390893	9.730886539726196
0.377572190925416	9.707511700754834
0.37844258471709324	9.684174114691936
0.3793149849736819	9.66087387086163
0.38018939632056115	9.637611055917816
0.381065823393773	9.614385753804665
0.3819442708400465	9.591198045716785
0.38282474331682265	9.568048010058966
0.38370724549227875	9.544935722405521
0.38459178204535355	9.52186125545928
0.38547835766577176	9.498824679010145
0.38636697705406914	9.475826059893269
0.3872576449216172	9.452865461946814
0.3881503659906482	9.429942945969323
0.38904514499428056	9.407058569676662
0.3899419866765434	9.384212387658563
0.390840895792402	9.361404451334742
0.3917418771077831	9.338634808910596
0.3926449353995998	9.315903505332484
0.3935500754557774	9.293210582242574
0.3944573020752784	9.270556077933266
0.3953666200681279	9.247940027301158
0.39627803425543945	9.22536246180062
0.3971915494694403	9.202823409396867
0.3981071705534972	9.18032289451864
0.39902490236214205	9.157860938010407
0.39994474976109745	9.135437557084119
0.4008667176273028	9.113052765270513
0.4017908108489399	9.090706572369955
0.4027170343254591	9.068398984402803
0.40364539296760493	9.04613000355934
0.4045758916974427	9.02389962814918
0.40550853544838383	9.001707852550256
0.40644332916521275	8.979554667157291
0.40738027780411273	8.957440058329796
0.4083193863326921	8.935364008339583
0.40926065973001086	8.91331981254757
0.4102041029866068	8.891263326233094
0.41114972110452225	8.869245077174623
0.4120975190973302	8.847265169008937
0.4130475019901614	8.825323702940404
0.41399967481973043	8.803420777703998
0.4149540426343629	8.781556489528016
0.41591061049402206	8.759730932096387
0.4168693834703354	8.737944196510638
0.41783036664662176	8.716196371251465
0.4187935651179184	8.694487542139955
0.41975898399100753	8.67281779229842
0.4207266283844441	8.651187202110851
0.4216965034285822	8.629595849182975
0.422668614265603	8.608043808301966
0.4236429660495411	8.586531151395713
0.4246195639463129	8.56505794749174
0.4255984131337431	8.5436242626757
0.42657951880159267	8.522230160049494
0.4275628861515862	8.500875699688958
0.4285485203974395	8.47956093860117
0.4295364267648873	8.458285930681333
0.43052661049171065	8.437050726669266
0.43151907682776525	8.41585537410543
0.43251383103500873	8.394699917286596
0.4335108783875289	8.373584397221046
0.43451022417157154	8.352508851583368
0.4355118736855686	8.3314733146688
0.436515832240166	8.310477817347177
0.4375221051582521	8.289522387016405
0.4385306977749857	8.268607047555502
0.4395416154378245	8.247731819277206
0.4405548635065533	8.22689671888013
0.4415704473533125	8.206101759400465
0.44258837236262655	8.185346950163206
0.44360864393143257	8.164632296732963
0.4446312674691087	8.14395780086427
0.4456562483975033	8.123323460451443
0.44668359215096315	8.102729269477964
0.44771330417636257	8.082175217965386
0.4487453899331322	8.061661291921778
0.449779854893288	8.04118747328966
0.45081670454146017	8.020753739893467
0.4518559443749224	8.000360065386523
0.4528975799036208	7.980006419197521
0.4539416166502032	7.959692766476493
0.4549880601500486	7.939419068040302
0.4560369159512962	7.9191852803175795
0.4570881896148751	7.898991355293224
0.4581418867145335	7.878837240452308
0.4591980128368686	7.858715686607283
0.4602565735813561	7.838579150788807
0.4613175745603794	7.81848197815681
0.46238102139926035	7.798424246413793
0.46344691973628804	7.7784060305461935
0.46451527522274944	7.758427402785084
0.465586093522959	7.738488432566545
0.46665938031428866	7.7185891864916165
0.46773514128719823	7.698729728285863
0.46881338214526524	7.6789101187585755
0.46989410860521547	7.659130415761569
0.47097732639695294	7.639390674147574
0.47206304126359055	7.619690945728248
0.4731512589614805	7.600031279231767
0.4742419852602447	7.580411720260035
0.47533522594280536	7.5608323112454565
0.47643098680541573	7.541293091407326
0.47752927365769093	7.521794096707777
0.4786300923226384	7.502335359807333
0.47973344863668915	7.482916910020026
0.4808393484497286	7.463538773268082
0.4819477976251274	7.444200972036204
0.4830588020397727	7.424903525325383
0.48417236758409943	7.405646448606314
0.4852885001621211	7.386429753772348
0.4864072056914617	7.367253449091994
0.4875284901033864	7.348117539161
0.48865235934283363	7.3290220248539635
0.48977881936844625	7.309966903275491
0.4909078761526032	7.290952167710907
0.492039535681451	7.271977807576498
0.49317380395493593	7.253043808369268
0.4943106869868355	7.234150151616273
0.4954501908047903	7.21529681482344
0.49659232145033616	7.196483771423926
0.49773708497893604	7.177710990725985
0.4988844874600123	7.158978437860375
0.5000345349769786	7.1402860737272436
0.5011872336272724	7.121633854942546
0.5023425895223872	7.103021733783948
0.5035006087879049	7.0844496581362435
0.5046612975635284	7.065917571436261
0.505824662003114	7.047425412617243
0.5069907082747043	7.028973116052751
0.5081594425605604	7.010560611500018
0.5093308710571953	6.992187824042792
0.5105049999754062	6.973854674033646
0.5116818355403077	6.955561077035796
0.5128613839913648	6.937306943764303
0.514043651582426	6.919092180026831
0.5152286445817564	6.900910175914542
0.5164163692720709	6.882717844239432
0.5176068319505677	6.864564332401304
0.5188000389289611	6.846449660666198
0.5199959965335159	6.82837384596367
0.5211947111050804	6.8103369018422475
0.5223961889991198	6.792338838424493
0.5236004365857502	6.77437966236158
0.5248074602497725	6.756459376787503
0.5260172663907061	6.738577981272819
0.5272298614228227	6.720735471777981
0.5284452517751804	6.702931840606211
0.5296634438916578	6.685167076355953
0.5308844442309884	6.6674411638728595
0.5321082592667942	6.649754084201353
0.5333348954876209	6.6321058145357075
0.5345643593969717	6.6144963281707145
0.5357966575133416	6.596925594451844
0.5370317963702527	6.579393578724971
0.5382697825162883	6.561900242285623
0.5395106225151276	6.544445542327779
0.5407543229455808	6.527029431892153
0.5420008904016238	6.509651859814031
0.5432503314924332	6.492312770670627
0.5445026528424212	6.475012104727925
0.5457578610912709	6.457749797887062
0.5470159628939716	6.440525781630192
0.5482769649208538	6.423339982965873
0.5495408738576245	6.406192324373929
0.5508076964054034	6.389082723749831
0.5520774392807574	6.3720110943485375
0.5533501092157367	6.354977344727857
0.5546257129579107	6.33798137869125
0.5559042572704036	6.321023095230145
0.5571857489319298	6.304102388465699
0.5584701947368308	6.287219147590053
0.5597576014951101	6.270373256807026
0.5610479760324705	6.253564595272275
0.5623413251903491	6.2367930370329345
0.5636376558259545	6.220058450966672
0.5649369748123025	6.203360700720207
0.5662392890382533	6.186699644647273
0.5675446054085471	6.1700751357460195
0.5688529308438415	6.153487021595835
0.5701642722807475	6.136935144293602
0.571478636671867	6.1204193403893985
0.5727960309858292	6.103939440821572
0.5741164622073276	6.087495270851278
0.5754399373371569	6.071086649996397
0.5767664633922508	6.054713391964859
0.5780960474057181	6.0383635707662595
0.5794286964268811	6.021959523339698
0.580764417521312	6.005589817063857
0.5821032177708715	5.989254484472833
0.5834451042737447	5.972953555328617
0.5847900841444807	5.956687056583298
0.5861381645140288	5.940455012340942
0.5874893525297767	5.9242574438191005
0.588843655355589	5.908094369309933
0.5902010801718444	5.891965804140998
0.591561634175474	5.875871760635648
0.5929253245799998	5.8598122480730614
0.5942921586155727	5.843787272647889
0.5956621435290105	5.8277968374295375
0.5970352865838369	5.811840942321053
0.5984115950603197	5.795919584017628
0.5997910762555094	5.780032755964716
0.6011737374832781	5.764180448315759
0.6025595860743578	5.748362647889508
0.6039486293763798	5.732579338126962
0.6053408747539136	5.7168304990478935
0.6067363295885054	5.70111610720696
0.6081350012787179	5.685436135649431
0.6095368972401692	5.66979055386649
0.610942024905572	5.654179327750112
0.6123503917247736	5.638602419547535
0.6137620051647943	5.623059787815316
0.6151768727098682	5.607551387372936
0.6165950018614822	5.592077169256009
0.618016400138416	5.576637080669016
0.6194410750767815	5.561231064937666
0.6208690342300636	5.5458590614607495
0.6223002851691596	5.530521005661578
0.6237348354824193	5.51521682893901
0.6251726927756859	5.499946458617958
0.6266138646723355	5.484709817899502
0.628058358813318	5.469506825810512
0.6295061828571976	5.454337397152822
0.6309573444801934	5.439201442451933
0.6324118513762195	5.4240988679052595
0.633869711256927	5.409029575329876
0.6353309318517437	5.3939934621098224
0.6367955209079159	5.378990421142902
0.6382634861905487	5.3640203407870075
0.6397348354826482	5.3490831048059535
0.6412095765851616	5.334178592314826
0.6426877173170197	5.319306677724816
0.6441692655151774	5.304467230687581
0.6456542290346556	5.2896601160390775
0.6471426157485832	5.274885193742903
0.6486344335482385	5.260131867448424
0.6501296903430908	5.245330988711093
0.6516283940608427	5.230561471844355
0.6531305526474724	5.21582337295955
0.654636174067275	5.201116746015378
0.6561452663029055	5.186441642787111
0.6576578373554206	5.171798112835503
0.6591738952443215	5.157186203475387
0.6606934480075961	5.142605959743998
0.662216503701762	5.128057424368966
0.6637430704019089	5.11354063773602
0.6652731562017414	5.099055637856379
0.6668067692136223	5.08460246033382
0.6683439175686147	5.070181138331458
0.6698846094165265	5.055791702538177
0.6714288529259524	5.0414341811347745
0.6729766562843179	5.02710859975975
0.6745280276979221	5.012814981474811
0.6760829753919819	4.998553346730003
0.6776415076106752	4.984323713328556
0.6792036326171846	4.970126096391364
0.6807693586937414	4.955960508321154
0.6823386941416696	4.94182695876629
0.6839116472814293	4.927725454584272
0.6854882264526615	4.913655999804857
0.6870684400142321	4.899618595592854
0.688652296344276	4.885613240210564
0.6902398038402419	4.871639928979866
0.6918309709189364	4.857698654243952
0.6934258060165691	4.843789405328702
0.6950243175887968	4.8299121685037
0.6966265141107687	4.816066926942875
0.6982324040771714	4.802253660684799
0.6998419960022735	4.7884723465925925
0.7014552984199712	4.7747229583134665
0.7030723198838335	4.761005466237891
0.7046930689671469	4.747319837458377
0.7063175542629619	4.733666035727889
0.7079457843841379	4.720044021417853
0.7095777679633888	4.706453751475801
0.711213513653329	4.692895179382603
0.7128530301265195	4.679368255109311
0.7144963260755133	4.665872925073609
0.716143410212902	4.652409132095869
0.7177942912713617	4.638976815354772
0.7194489780036994	4.625575910342569
0.7211074791828996	4.612206348819879
0.7227698036021702	4.598868058770119
0.72443596007499	4.585560964353487
0.7261059574351547	4.57228498586053
0.727779804536824	4.559033813153052
0.7294575102545687	4.545766252131063
0.7311390834834174	4.532529317491231
0.732824533138904	4.519323042384336
0.734513868157115	4.506147457646676
0.7362070974947361	4.493002591768292
0.737904230129101	4.479888470860943
0.7396052750582378	4.466805118625737
0.7413102413009175	4.453752556320477
0.7430191378967014	4.440730802726706
0.744731973905989	4.427739874116405
0.7464487584100665	4.414779784218416
0.7481695005111544	4.401850544184523
0.7498942093324559	4.388952162555225
0.7516228940182055	4.376084645225183
0.7533555637337174	4.363247995408348
0.7550922276654339	4.350442213602738
0.7568328950209744	4.337667297554926
0.7585775750291838	4.3249232422241635
0.7603262769401818	4.3122100397461685
0.762079010025412	4.299527679396599
0.7638357835776907	4.286876147554159
0.7655966069112563	4.2742554276633795
0.7673614893618189	4.261665500197043
0.7691304402866096	4.249106342618257
0.7709034690644301	4.236577929342183
0.7726805850957024	4.2240802316974095
0.7744617978025188	4.211613217886958
0.7762471166286917	4.199176852948938
0.7780365510398041	4.186771098716823
0.7798301105232588	4.174395913779394
0.7816278045883297	4.162051253440256
0.7834296427662119	4.149737069677047
0.7852356346100718	4.137453311100217
0.7870457896950986	4.125199922911459
0.7888601176185545	4.112976846861744
0.7906786279998251	4.100784021208984
0.7925013304804718	4.088621380675285
0.7943282347242815	4.076488856403833
0.7961593504173188	4.064386375915363
0.7979946872679766	4.052313863064251
0.7998342550070284	4.040271237994189
0.8016780633876791	4.028258417093465
0.8035261221856173	4.016275312949822
0.8053784411990667	4.004321834304927
0.8072350302488382	3.9923978860084115
0.8090958991783823	3.9805033689714895
0.8109610578538409	3.968638180120172
0.8128305161640993	3.9568022123480415
0.8147042840208396	3.944995354468612
0.8165823713585925	3.9332099177819715
0.81846478813479	3.92139578443071
0.8203515443298183	3.909610126681254
0.8222426499470712	3.897852973216896
0.8241381150130024	3.886124350577812
0.8260379495771788	3.8744242831317917
0.8279421637123342	3.8627527930446917
0.8298507675144225	3.8511099002506066
0.8317637711026711	3.8394956224217656
0.8336811846196344	3.8279099749381316
0.835603018231248	3.816352970856725
0.8375292821268826	3.8048246208806535
0.8394599865193975	3.79332493332785
0.8413951416451951	3.7818539140995138
0.8433347577642755	3.770411566648264
0.84527884516029	3.7589978919459845
0.8472274141405965	3.7476128884513673
0.8491804750363139	3.736256552077168
0.8511380382023765	3.7249288761571293
0.8531001140175896	3.713629851412615
0.8550667128846834	3.702359465918931
0.8570378452303697	3.6911177050713184
0.8590135215053958	3.679904551550645
0.8609937521846007	3.668719985288776
0.8629785477669704	3.6575639834336084
0.8649679187756933	3.6464365203138067
0.8669618757582167	3.6353375674031825
0.8689604292863019	3.624267093284766
0.8709635899560808	3.613225063614538
0.8729713683881117	3.6022114410848256
0.8749837752274362	3.5912261853873586
0.8770008211436349	3.5802692531759956
0.8790225168308845	3.5693405980290853
0.8810488730080143	3.5584401704115103
0.8830799004185629	3.5475679176363597
0.8851156098308356	3.536723783826257
0.887156012037961	3.525907709874336
0.8892011178579485	3.515119633404855
0.8912509381337457	3.5043594887334555
0.8933054837332954	3.493627206827051
0.895364765549594	3.4829227152633573
0.8974287945007486	3.472245938190045
0.8994975815300353	3.4615967962835272
0.9015711376059571	3.450975206707367
0.9036494737223016	3.4403810830703128
0.9057326008982003	3.4298143353839423
0.9078205301781859	3.4192748700199327
0.9099132726322517	3.4087625896669356
0.9120108393559097	3.3982773932870676
0.9141132414702502	3.387819176071999
0.9162204901219997	3.3773806338176713
0.9183325964835808	3.366914149883251
0.9204495717531712	3.356474045609845
0.9225714271547631	3.3460603495196652
0.9246981739382225	3.3356730882118315
0.9268298233793492	3.325312286335995
0.9289663867799363	3.3149779665657286
0.9311078754678302	3.304670149571651
0.933254300796991	3.2943888539943096
0.9354056741475518	3.2841340964167984
0.9375620069258802	3.2739058913371135
0.9397233105646378	3.2637042511402634
0.9418895965228413	3.253529186070092
0.9440608762859233	3.243380704200867
0.946237161365793	3.2332588114085667
0.9484184633008971	3.2231635113419292
0.9506047936562815	3.213094805393207
0.9527961640236519	3.2030526926686593
0.9549925860214359	3.1930371699587625
0.9571940712948444	3.1830482317081445
0.9594006315159331	3.1730858699852402
0.9616122783836646	3.1631500744516603
0.9638290236239705	3.153240832331275
0.9660508789898133	3.14335812837901
0.9682778562612491	3.13350194484936
0.9705099672454897	3.123672261464591
0.9727472237769651	3.113869055382673
0.9749896377173869	3.104092301164892
0.9772372209558107	3.0943419707431765
0.9794899854086988	3.084618033387119
0.9817479430199844	3.0749204556706884
0.9840111057611337	3.065249201438641
0.9862794856312105	3.055604231772619
0.9885530946569389	3.045985504956936
0.9908319448927676	3.036392976444052
0.9931160484209338	3.0268265988197247
0.995405417351527	3.017286321767846
0.9977000638225533	3.0077720920349575
1.	2.998283853394436
1.0023052380778998	2.9888215466103496
1.0046157902783952	2.9793851094009995
1.0069316688518044	2.969974476402102
1.0092528860766845	2.960589579129662
1.0115794542598988	2.951230345942486
1.0139113857366795	2.941896702004374
1.016248692870696	2.9325885692459472
1.0185913880541169	2.923305866326151
1.0209394837076802	2.9140485085933774
1.023292992280754	2.9048164080462824
1.0256519262514079	2.8956094732941926
1.0280162981264735	2.8864214439385845
1.0303861204416165	2.8772115174545605
1.0327614057613974	2.868026237350738
1.0351421666793441	2.8588656258273977
1.0375284158180127	2.8497297032684292
1.0399201658290596	2.8406184882166707
1.0423174293933042	2.831531997349045
1.0447202192208003	2.8224702454514303
1.0471285480508996	2.8134332453933224
1.0495424286523225	2.8044210081022305
1.051961873823223	2.7954335425378636
1.0543868963912593	2.7864708556660376
1.0568175092136585	2.777532952432374
1.0592537251772887	2.7686198357357137
1.0616955571987248	2.7597315064013155
1.064143018224316	2.7508679631537896
1.066596121230258	2.742029202589768
1.0690548792226577	2.733215219150341
1.0715193052376064	2.724426005093212
1.0739894123412446	2.7156615504646164
1.076465213629835	2.706921843070962
1.0789467222298286	2.698206868450215
1.081433951297938	2.6895166098430128
1.0839269140212033	2.68085104816352
1.0864256236170655	2.6722101619699954
1.0889300933334332	2.663593927435114
1.0914403364487566	2.65500231831598
1.0939563662720937	2.646435305923896
1.096478196143185	2.6378928590938338
1.0990058394325208	2.629374944153626
1.101539309541415	2.620881524892877
1.104078619902073	2.6124125625315933
1.1066237839776665	2.603968015688506
1.1091748152624008	2.5955478403491368
1.1117317272815914	2.587151989833523
1.1142945335917298	2.5787804147637057
1.1168632477805611	2.5704330630308547
1.1194378834671515	2.56210987976216
1.1220184543019636	2.553810807287363
1.1246049739669264	2.545535785105022
1.1271974561755105	2.5372847498484465
1.1297959146727976	2.5290576352513385
1.1324003632355573	2.520854372113103
1.1350108156723149	2.5126748882638705
1.137627285823431	2.5045191085291596
1.1402497875611686	2.4963869546942727
1.1428783347897717	2.488278345468316
1.1455129414455354	2.4801931964479382
1.1481536214968828	2.4721314200807063
1.1508003889444356	2.4640929256281825
1.1534532578210923	2.4560722034851983
1.1561122421920986	2.448033403154497
1.1587773561551262	2.4400173958340483
1.1614486138403426	2.4320241897019743
1.1641260294104914	2.4240537911207602
1.1668096170609623	2.4161062046133144
1.1694993910198712	2.4081814328387847
1.1721953655481303	2.4002794765681714
1.1748975549395297	2.3924003346596803
1.1776059735208073	2.3845440040338812
1.1803206356517297	2.3767104796485996
1.1830415557251646	2.368899754473602
1.1857687481671602	2.361111819465029
1.1885022274370183	2.353346663539597
1.1912420080273751	2.345604273548555
1.193988104464273	2.337884634251412
1.1967405313072437	2.330187728289395
1.1994993031493788	2.3225135361586995
1.2022644346174132	2.3148620361834493
1.2050359403717974	2.307233204488442
1.2078138351067804	2.2996270149716174
1.2105981335504823	2.2920434392762985
1.2133888504649775	2.2844824467631386
1.2161860006463678	2.276944004481854
1.2189895989248667	2.2694280771426585
1.2217996601648717	2.261934627087463
1.2246161992650488	2.2544636142607954
1.2274392311584073	2.247014996180457
1.2302687708123818	2.239588727907914
1.233104833228909	2.232184762018418
1.2359474334445106	2.2248030485708394
1.238796586530369	2.2174435350772557
1.2416523075924113	2.210106166472225
1.244514611771385	2.2027908850818143
1.2473835142429432	2.1954976305923135
1.2502590302177201	2.188226340018699
1.2531411749414163	2.180976947672778
1.2560299636948749	2.173749385131068
1.2589254117941675	2.1665435812023714
1.2618275345906707	2.159359461895064
1.2647363474711515	2.152196950384081
1.2676518658578455	2.1450559669776115
1.270574105208542	2.1379364290834864
1.2735030810166617	2.1308382511752684
1.276438808811344	2.1237613447580275
1.2793813041575246	2.1167056183338224
1.2823305826560218	2.1096709773668554
1.2852866599436155	2.1026573242483284
1.2882495516931343	2.095664558260971
1.2912192736135342	2.088692575543263
1.2941958414499863	2.0817352080225007
1.297179270983956	2.074752331413607
1.3001695780332907	2.0677896865626244
1.3031667784522993	2.060847282054963
1.3061708881318417	2.053925124894046
1.309181922999407	2.0470232204803964
1.3121998990192034	2.0401415725905054
1.3152248321922384	2.033280183355516
1.3182567385564075	2.0264390532397005
1.3212956341865751	2.0196181810187452
1.324341535194665	2.012817563757815
1.3273944577297394	2.0060371967894373
1.3304544179780915	1.9992770736911532
1.333521432163324	1.992537186262986
1.3365955165464425	1.985817524504676
1.3396766874259352	1.979118076592727
1.3427649611378643	1.9724388288572188
1.3458603540559484	1.9657797657584215
1.348962882591654	1.9591408698631774
1.3520725631942772	1.9525221218210824
1.3551894123510364	1.9459235003404283
1.3583134465871542	1.939344982163941
1.3614446824659503	1.9327865420442762
1.3645831365889245	1.9262481527193112
1.3677288255958495	1.9197297848871833
1.3708817661648536	1.9132314071811278
1.3740419750125157	1.906752986144057
1.3772094688939465	1.9002944862029287
1.3803842646028852	1.8938558696428593
1.383566378971781	1.887437096581025
1.3867558288718889	1.881038124940294
1.3899526312133532	1.8746589104226494
1.3931568029453036	1.8682994064823373
1.3963683610559376	1.8619595642988032
1.3995873225726185	1.8556393327493506
1.4028137045619582	1.8493386583815798
1.4060475241299144	1.843057485385545
1.4092887984218747	1.8367957555656955
1.4125375446227548	1.8305534083125212
1.4157937799570817	1.8243303805739823
1.4190575216890926	1.818126606826644
1.4223287871228198	1.8119420190465783
1.425607593602188	1.8057765466799816
1.428893958511103	1.7996301166135407
1.432187899273543	1.793502653144534
1.435489433353656	1.7873940779506408
1.4387985782558452	1.781304310059511
1.4421153515248688	1.7752332658180332
1.4454397707459272	1.769180858861346
1.4487718535447618	1.7631470000815541
1.452111617587742	1.7571263761030353
1.455459080581966	1.7510844207136305
1.4588142602753482	1.7450605392732355
1.4621771744567182	1.7390547394036657
1.4655478409559113	1.7330670273272903
1.468926277643867	1.7270974078485242
1.4723125024327186	1.7211458843351628
1.4757065332758947	1.715212458699524
1.4791083881682072	1.7092971313794345
1.4825180851459536	1.7033999013190122
1.4859356422870067	1.6975207659492988
1.4893610777109154	1.6916597211686832
1.492794409578996	1.6858167613231672
1.4962356560944337	1.6799918791864232
1.4996848355023733	1.6741850659396935
1.5031419660900225	1.6683963111514717
1.5066070661867417	1.6626256027570288
1.5100801541641484	1.6568729270377178
1.513561248436208	1.6511382686001148
1.5170503674593367	1.6454216103549415
1.5205475297324955	1.639722933495818
1.5240527537972914	1.6340422174777942
1.5275660582380723	1.6283794399957077
1.5310874616820302	1.6227345769623203
1.5346169827992941	1.6171076024862716
1.5381546403030348	1.6114984888498158
1.5417004529495593	1.6059072064863666
1.545254439538414	1.6003337239578226
1.5488166189124812	1.5947780079316989
1.5523870099580825	1.589240023158038
1.5559656316050743	1.5837197324461179
1.559552502826954	1.5782170966409375
1.5631476426409538	1.5727320745995053
1.5667510701081493	1.567264623166885
1.5703628043335522	1.561814697152054
1.5739828644662197	1.5563822493035142
1.5776112696993485	1.550967230284703
1.5812480392703834	1.5455695886491643
1.5848931924611134	1.5401892708155085
1.5885467485977791	1.5348262210421322
1.59220872705117	1.5294803814017226
1.5958791472367329	1.5241516917555173
1.5995580286146687	1.5188400897273469
1.6032453906900417	1.5135455106774263
1.6069412530128773	1.5082678876759286
1.6106456351782708	1.5030071514763
1.6143585568264862	1.497763230488356
1.6180800376430662	1.4925360507511172
1.6218100973589298	1.487325535905416
1.6255487557504842	1.4821316071662416
1.6292960326397223	1.4769499634374867
1.6330519478943346	1.471752662126128
1.6368165214278085	1.4665715420743224
1.6405897731995396	1.4614066018110243
1.6443717232149315	1.4562578385130183
1.6481623915255086	1.4511252479874601
1.651961798229015	1.4460088246542717
1.6557699634695284	1.4409085615283523
1.6595869074375604	1.435824450201648
1.6634126503701698	1.4307564808250288
1.6672472125510627	1.425704642090021
1.6710906143107078	1.4206689212103518
1.6749428760264373	1.4156493039033393
1.6788040181225607	1.4106457743710932
1.6826740610704674	1.405658315281562
1.6865530253887415	1.4006869077493813
1.690440931643264	1.3957315313165726
1.6943378004473288	1.3907921639330376
1.6982436524617444	1.3858687819368998
1.7021585083949509	1.3809613600346367
1.7060823890031234	1.3760698712810577
1.710015315090288	1.3711942870590776
1.7139573075084253	1.3663345770593185
1.7179083871575884	1.3614907092595139
1.721868574986007	1.3566626499037362
1.725837891990204	1.3518503634814214
1.7298163592151015	1.347053812706219
1.7338039977541384	1.3422729584946291
1.7378008287493754	1.3375077599444687
1.7418068733916146	1.3327581743131143
1.7458221529205038	1.3280241569955775
1.7498466886246573	1.323305661502354
1.7538805018417611	1.318602639437092
1.7579236139586931	1.3139150404740447
1.7619760464116292	1.3092428123353324
1.7660378206861649	1.3045859007679783
1.770108958317421	1.2999442495207663
1.7741894808901661	1.2953178003208574
1.7782794100389228	1.2907064928502259
1.78237876744809	1.2861102647218583
1.7864875748520508	1.2815290514557574
1.7906058540352947	1.2769627864547135
1.7947336268325265	1.2724114009798777
1.7988709151287883	1.2678748241260938
1.803017740859569	1.2633529827970327
1.8071741260109275	1.2588458016800808
1.8113400926196026	1.2543532032210252
1.8155156627731361	1.2498751075984944
1.8197008586099834	1.245411432698187
1.8238957023196385	1.2409620940868547
1.8281002161427427	1.236522250104049
1.832314422371212	1.2320604205738963
1.8365383433483464	1.2276124867172744
1.8407720014689564	1.2231784529275518
1.8450154191794736	1.21875832251538
1.8492686189780787	1.2143520976944553
1.8535316234148114	1.2099597795671633
1.857804455091699	1.2055813681100684
1.8620871366628675	1.2012168621592916
1.8663796908346704	1.1968662593957284
1.8706821403658007	1.1925295563301486
1.8749945080674193	1.1882067482881395
1.8793168168032686	1.1838978293949283
1.883649089489801	1.1796027925600423
1.8879913490962936	1.1753216294618472
1.892343618644976	1.1710543305319239
1.8967059212111463	1.1668008849393157
1.9010782799233006	1.1625612805746168
1.9054607179632472	1.158335504033926
1.9098532585662378	1.154123540602639
1.914255925021086	1.1499253742391036
1.9186687406702891	1.145740987558119
1.9230917289101586	1.1415703618142774
1.9275249131909356	1.1374134768851663
1.9319683170169242	1.1332703112543991
1.936421963946607	1.1291408419945101
1.9408858775927782	1.1250250447496701
1.9453600816226624	1.1209228937182663
1.9498445997580456	1.1168343616353027
1.9543394557753944	1.1127594197546582
1.95884467350599	1.1086980378311642
1.9633602768360463	1.1046501841025376
1.967886289706845	1.1006158252711304
1.9724227361148534	1.0965949264855324
1.976969640111861	1.0925874513219875
1.9815270258050979	1.088593361765659
1.9860949173573716	1.0846126181917086
1.9906733389871865	1.0806451793462195
1.9952623149688797	1.0766910023269334
1.9998618696327437	1.0727500425638226
2.0044720273651615	1.0688222537994783
2.0090928126087277	1.0649075880693348
2.0137242498623884	1.0610059956816962
2.0183663636815607	1.0571174251976034
2.023019178678272	1.0532418234105039
2.0276827195212817	1.0493791353257502
2.032357010936222	1.0455293041399025
2.037042077705718	1.0416922712198606
2.0417379446695296	1.0378679760817915
2.046444636724674	1.0340563563698841
2.0511621788255656	1.0302539576843264
2.0558905959841414	1.0264383325895996
2.0606299132700006	1.0226350609615145
2.065380155810529	1.0188441428740922
2.0701413487910423	1.0150655773968542
2.0749135174549096	1.01129936258182
2.079696687103696	1.0075454954503713
2.084490883097289	1.003803971980006
2.0892961308540396	1.0000747870909588
2.0941124558508926	0.996357934632704
2.0989398836235242	0.9926534073703296
2.1037784397664754	0.9889611969707868
2.1086281499332897	0.9852812939890124
2.1134890398366464	0.9816136878539203
2.1183611352485023	0.977958366854264
2.123244462000219	0.9743153181243758
2.1281390459827123	0.9706845276297583
2.133044913146576	0.9670659801525651
2.1379620895022327	0.9634596592769222
2.1428906011200586	0.9598655473741448
2.1478304741305343	0.9562836255877846
2.1527817347243725	0.9527138738185709
2.157744409152667	0.9491562707091901
2.16271852372702	0.9456107936289442
2.167704104819695	0.9420774186582513
2.1727011788637443	0.9385561205730231
2.1777097723531593	0.935046872828881
2.1827299118430012	0.9315496475452465
2.187761623949553	0.9280644154892704
2.1928049353504484	0.9245911460596289
2.197859872784825	0.9211298072701618
2.202926463053456	0.9176803657333721
2.2080047330189	0.9142427866437667
2.2130947096056377	0.9108170337610529
2.2181964198002193	0.907403069393178
2.223309890651403	0.9040008543792203
2.2284351492703043	0.9006103480721196
2.2335722228305315	0.8972315083212598
2.23872113856834	0.893864291454883
2.2438819237827663	0.8905086522623589
2.2490546058357817	0.887164543976282
2.254239212152429	0.8838319182544182
2.259435770220978	0.8805107251614777
2.2646443075930596	0.8772009131507397
2.2698648518838223	0.8739024290454955
2.2750974307720706	0.8706152180203387
2.2803420720004186	0.8673392235822786
2.28559880337543	0.8640743875516943
2.2908676527677736	0.8608206500431058
2.296148648112362	0.8575779494457884
2.301441817408509	0.8543433245180522
2.306747188720069	0.851097578725315
2.312064790175595	0.8478625689435526
2.3173946499684783	0.8446382864139711
2.3227367963571073	0.8414247213877566
2.328091257665008	0.8382218631136736
2.3334580622810033	0.835029699825535
2.338837238659355	0.8318482187295667
2.344228815319923	0.8286774059916496
2.3496328208483073	0.8255172467244501
2.35504928389601	0.8223677249744248
2.360478233180577	0.8192288237087137
2.365919697485759	0.816100524801907
2.371373705661655	0.8129828090226957
2.3768402866248772	0.809875656020395
2.38231946935869	0.8067790443113504
2.3878112829131783	0.8036929512652122
2.3933157564053875	0.8006173530910945
2.3988329190194912	0.7975522248235957
2.4043628000069335	0.794497540308707
2.4099054286865957	0.791453272189575
2.41546083444494	0.7884193918921536
2.421029046736179	0.7853958696107083
2.4266100950824154	0.782382674293203
2.432204009073816	0.7793797736265446
2.4378108183687526	0.7763871340217025
2.4434305526939726	0.7734047205986828
2.4490632418447453	0.7704324971713802
2.454708915685031	0.7674704262322796
2.4603676041476272	0.7645184689370319
2.46603933723434	0.7615765850888804
2.4717241450161302	0.7586447331229563
2.4774220576332864	0.7557228700904253
2.4831331052955705	0.752810951642498
2.4888573182823914	0.7499089320142911
2.494594726942955	0.7470167640085503
2.500345361696432	0.744134398979221
2.506109253032114	0.741261786814878
2.511886431509581	0.7383988759219996
2.5176769277588558	0.7355456132081043
2.5234807724805757	0.7327019440647213
2.529297996446145	0.7298678123502236
2.5351286304979084	0.7270431603724984
2.540972705549305	0.7242279288714706
2.5468302525850417	0.7214220570014622
2.552701302661247	0.7186254823134071
2.5585858869056453	0.7158381407368943
2.5644840365177175	0.7130599665620617
2.5703957827688635	0.7102908924213286
2.5763211570025755	0.7075308492709595
2.582260190634596	0.7047763975596123
2.588212915153092	0.702005224432495
2.5941793621188136	0.6992427422530205
2.6001595631652723	0.6964889447779372
2.6061535499988953	0.6937438249636989
2.6121613543992064	0.6910073749563838
2.6181830082189848	0.6882795860815242
2.624218543384442	0.6855604488338364
2.6302679918953813	0.6828499528668647
2.6363313858253803	0.6801480869825195
2.642408757321946	0.6774548391205293
2.648500138606701	0.6747701963477867
2.654605561975539	0.6720941448476038
2.6607250597988097	0.6694266699088638
2.666858664521479	0.6667677559150774
2.6730064086633116	0.664117386333334
2.6791683248190314	0.6614755437031585
2.6853444456585076	0.6588422096252583
2.691534803926915	0.656217364750176
2.6977394324449206	0.6536009887668301
2.703958364108843	0.6509930603909612
2.7101916318908432	0.6483935573534604
2.7164392688390824	0.6458024563886057
2.7227013080779128	0.6432197332221792
2.7289777828080406	0.6406453625594862
2.7352687263067126	0.6380793180732568
2.741574171927882	0.6355215723914475
2.7478941531023975	0.6329720970849223
2.7542287033381663	0.630430862655033
2.7605778562203462	0.6278978385210771
2.7669416454115114	0.625372993007651
2.773320104651841	0.6228562933318833
2.7797132677592886	0.6203477055905584
2.7861211686297707	0.6178471947471181
2.792543841237338	0.6153547246185522
2.798981319634363	0.6128702578621685
2.805433637951713	0.6103937559622445
2.811900830398941	0.6079251792165582
2.8183829312644537	0.6054644867228038
2.8248799749157074	0.603011636364877
2.831391995799379	0.600566584799046
2.8379190284415565	0.5981292874399945
2.8444611074479154	0.5956996984467414
2.85101826750391	0.5932777707084342
2.8575905433749464	0.5908634558300203
2.8641779699065815	0.5884567041177808
2.8707805820246906	0.5860574645647502
2.8773984147356697	0.5836656848359908
2.8840315031266055	0.5812813112537515
2.8906798823654762	0.5789042887824806
2.897343587701323	0.5765314711002758
2.904022654464451	0.5741424012602951
2.910717118066605	0.5717603966137214
2.9174270140011673	0.5693854604642702
2.924152377843335	0.5670175955710907
2.9308932452503216	0.5646568041415453
2.9376496519615305	0.5623030878239302
2.9444216337987617	0.5599564477001169
2.9512092266663856	0.5576168842781377
2.9580124665515464	0.5552843974846888
2.9648313895243423	0.5529589866575736
2.971666031738027	0.5506406505380679
2.9785164294291895	0.5483293872632212
2.9853826189179604	0.5460251943580771
2.992264636608189	0.5437280687278317
2.9991625189876516	0.5414380066499087
3.0060763026282307	0.5391550037659708
3.013006024186122	0.5368790550738471
3.019951720402016	0.5346101549193967
3.0269134281013064	0.5323482969882841
3.0338911841942706	0.5300934742976924
3.04088502567628	0.5278456791879467
3.047894989627983	0.525604903314072
3.054921113215514	0.5233711376372626
3.061963433690677	0.5211443724162839
3.069021988391158	0.518924597198783
3.076096814740708	0.5167118008125323
3.083187950249355	0.51450597135658
3.0902954325135905	0.5123070961923317
3.097419299216581	0.5101151619345385
3.1045595881283554	0.5079301544422149
3.1117163371060186	0.5057520588094604
3.118889584093937	0.5035808593562102
3.126079367123956	0.5014165396188912
3.1332857243155856	0.4992590823410009
3.1405086938762183	0.4971084694635924
3.1477483141013156	0.49496468211568245
3.1550046233746274	0.4928277006045616
3.1622776601683795	0.49069750440602816
3.169567463043492	0.48857407215452126
3.1768740706497707	0.48645738163317626
3.1841975217261256	0.4843474097637805
3.1915378551007616	0.4822441325966455
3.198895109691399	0.4801475253003817
3.206269324505466	0.4780575621515873
3.213660538640318	0.47597421652443717
3.2210687912834346	0.4738974608801847
3.2284941217126364	0.4718272667565637
3.2359365692962827	0.4697636047570993
3.2433961734934935	0.4677064445403192
3.250872973854344	0.4656538348854517
3.2583670100200885	0.46359306847865533
3.265878321723358	0.4615386371410751
3.273406948788383	0.45949054636006126
3.2809529311311905	0.45744880117565756
3.2885163087598315	0.45541340617454557
3.2960971217745776	0.45338436548394234
3.303695410368149	0.4513616827654283
3.311311214825911	0.44934536120873053
3.3189445755261047	0.4473354035254331
3.326595532940045	0.4453318119426418
3.3342641276323506	0.443334588196578
3.3419504002611427	0.4413437335261218
3.3496543915782775	0.439359248666286
3.3573761424295467	0.43738113384163724
3.365115693754908	0.4354093887596484
3.372873086588689	0.4334440126039946
3.380648362059817	0.4314850040277818
3.3884415613920256	0.4295323611467174
3.3962527259040853	0.427586081532211
3.404081897010009	0.425646162204419
3.4119291162192864	0.4237125996252148
3.4197944251370886	0.42178538969110463
3.4276778654645046	0.4198645277260671
3.4355794789987466	0.41795000847433567
3.443499307633384	0.4160418260931075
3.451437393358563	0.4141399741451882
3.459393778261219	0.41224444559157036
3.4673685045253166	0.41035523278393765
3.4753616144320576	0.40847232745710754
3.483373150360118	0.406595720721398
3.4914031547858606	0.4047254030549288
3.499451670283573	0.40286136429584785
3.5075187395256795	0.4010035936344917
3.5156044052829816	0.3991520796054675
3.523708710424871	0.3973068100796695
3.53183169791957	0.3954677722562158
3.5399734108343464	0.39363495265431875
3.548133892335755	0.3918083371050733
3.5563131856898527	0.3899879107431776
3.5645113342624426	0.38817365799857295
3.5727283815192883	0.3863655625880125
3.5809643710263606	0.3845636075065476
3.5892193464500517	0.38276777501894316
3.5974933515574232	0.38097804665100915
3.6057864302164235	0.37919440318085973
3.6140986263961334	0.37741682463008674
3.6224299841669856	0.3756452902548598
3.630780547701014	0.37387977853694027
3.639150361272071	0.3721202671746196
3.6475394692560785	0.37036516704317
3.6559479161312485	0.368604115546015
3.664375746478333	0.36684893568310817
3.672823004980846	0.3650996343239924
3.681289736425315	0.36335621795931744
3.6897759857015027	0.3616186926956254
3.6982817978026628	0.3598870642500781
3.7068072178257596	0.3581613379451441
3.715352290971726	0.35644151870322655
3.7239170625456848	0.3547276110412472
3.732501577957206	0.35301961906517376
3.741105882720533	0.35131754646449986
3.7497300224548358	0.34962139650666985
3.758374042884441	0.3479311720314536
3.767037989839089	0.3462468754452648
3.77572190925416	0.34456850871543176
3.7844258471709336	0.3428960733644071
3.793149849736819	0.3412295704639301
3.801893963205613	0.3395690006291287
3.81065823393773	0.33791436401257086
3.8194427084004663	0.3362656602982565
3.8282474331682264	0.33462288869555773
3.8370724549227884	0.3329860479330968
3.8459178204535354	0.3313551362525736
3.8547835766577188	0.32973015140253004
3.8636697705406915	0.3281110906320609
3.8725764492161727	0.3264979506844625
3.8815036599064823	0.3248907277908269
3.8904514499428067	0.3232894176635709
3.899419866765434	0.32169401548991244
3.908408957924021	0.32010451592527966
3.9174187710778305	0.318520913086665
3.926449353995999	0.3169432005459128
3.9355007545577743	0.31537137132295034
3.944573020752785	0.31380541787895155
3.953666200681279	0.31224533210944305
3.9627803425543955	0.3106911053373413
3.971915494694403	0.3091427283059315
3.981071705534973	0.30760019117177706
3.9902490236214203	0.3060634834975691
3.9994474976109755	0.30453259424490586
4.008667176273028	0.30300751176701035
4.0179081084894	0.30148822380137813
4.027170343254591	0.29997471746236104
4.036453929676051	0.29846697923368043
4.045758916974426	0.2969649949608761
4.055085354483839	0.2954687498436817
4.0644332916521275	0.29397822842833654
4.073802778041128	0.2924934145998219
4.083193863326921	0.2910142915740332
4.09260659730011	0.2895397063893979
4.1020410298660686	0.2880621444941469
4.111497211045223	0.2865901776086734
4.120975190973302	0.2851238096835762
4.130475019901614	0.2836630442872489
4.139996748197304	0.2822078846007704
4.149540426343631	0.280758333412739
4.1591061049402205	0.2793143931140663
4.168693834703355	0.27787606569271467
4.178303666466218	0.27644335272839177
4.187935651179185	0.27501625538719
4.1975898399100755	0.2735947744161805
4.207266283844442	0.2721789101379519
4.216965034285822	0.2707686624451031
4.226686142656031	0.2693640307946791
4.2364296604954115	0.26796501420256125
4.24619563946313	0.2665716112377992
4.2559841313374305	0.2651838200168951
4.265795188015928	0.26380163819803026
4.275628861515862	0.2624250629752437
4.285485203974396	0.26105409107255095
4.295364267648873	0.25968871873801247
4.3052661049171075	0.2583289417377456
4.3151907682776525	0.25697475534988223
4.325138310350088	0.2556261543584685
4.335108783875289	0.25428313304731126
4.345102241715717	0.25294568519376637
4.355118736855686	0.2516138040624693
4.365158322401661	0.250287482399009
4.375221051582521	0.24896671242354412
4.385306977749858	0.2476514858243598
4.395416154378245	0.24634179375136592
4.405548635065534	0.24503762680953536
4.4157044735331255	0.2437389750522837
4.425883723626267	0.24244582797478648
4.436086439314326	0.24115817450723825
4.446312674691089	0.23987600300804574
4.456562483975033	0.23859930125696557
4.466835921509633	0.23732805644817243
4.477133041763626	0.23606225518327045
4.487453899331323	0.23480188346423686
4.49779854893288	0.23354692668630458
4.508167045414603	0.23229736963077774
4.518559443749224	0.2310531964577858
4.528975799036209	0.22981439069896697
4.539416166502032	0.22858093525009207
4.549880601500488	0.22735281236361546
4.560369159512962	0.22613000364116423
4.570881896148752	0.22491249002595462
4.581418867145335	0.2237002517951465
4.591980128368688	0.2224922125383247
4.6025657358135605	0.22128137953086305
4.613175745603796	0.22007572021300725
4.623810213992603	0.21887523396621208
4.634469197362879	0.21767991977080062
4.645152752227495	0.21648977620082857
4.6558609352295885	0.2153048014188962
4.666593803142887	0.21412499317091307
4.677351412871981	0.21295034878081637
4.688133821452653	0.2117808651452366
4.698941086052153	0.2106165387281193
4.709773263969529	0.20945736555529038
4.720630412635905	0.2083033412089779
4.731512589614805	0.20715446082227806
4.7424198526024455	0.2060107190735749
4.753352259428054	0.20487211018090343
4.7643098680541565	0.20373862789626707
4.775292736576909	0.20261026549989683
4.786300923226383	0.20148701579446335
4.797334486366892	0.20036887109923102
4.808393484497285	0.19925582324416338
4.819477976251274	0.1981478635639699
4.830588020397726	0.19704498289210293
4.841723675840994	0.19594717155469601
4.8528850016212095	0.19485441936445033
4.864072056914616	0.19376671561446224
4.875284901033862	0.19268404907199826
4.886523593428336	0.19160640797220946
4.897788193684462	0.19053378001179308
4.909078761526032	0.18946615234259323
4.920395356814509	0.18840351156514576
4.9317380395493595	0.1873458437221632
4.943106869868354	0.1862931342919627
4.954501908047903	0.18524536818183254
4.96592321450336	0.18420252972134066
4.97737084978936	0.18316460265558077
4.9888448746001215	0.18213157013836098
5.000345349769786	0.18110341472532684
5.011872336272722	0.18008011836702698
5.0234258952238715	0.179061662401912
5.035006087879047	0.1780480275492757
5.046612975635284	0.17703919390212772
5.05824662003114	0.17603514092000727
5.0699070827470445	0.1750358474217279
5.081594425605605	0.1740412915780623
5.093308710571955	0.17305145090435725
5.105049999754062	0.17206630225308608
5.116818355403078	0.1710858218063325
5.1286138399136485	0.1701099850682096
5.140436515824262	0.16913876685720897
5.152286445817564	0.1681708962345753
5.16416369272071	0.16719812689709532
5.176068319505676	0.16622985101473178
5.188000389289612	0.16526606634302468
5.199959965335159	0.16430677027129248
5.211947111050805	0.16335195981801984
5.223961889991197	0.16240163162620685
5.236004365857504	0.16145578195867127
5.248074602497725	0.1605144066933119
5.2601726639070625	0.1595775013183236
5.2722986142282275	0.15864506092737324
5.284452517751805	0.1577170802147268
5.296634438916578	0.1567935534703353
5.308844442309884	0.15587447457487322
5.321082592667942	0.15495983699473367
5.333348954876211	0.15404963377697517
5.345643593969716	0.15314385754422585
5.357966575133418	0.15224250048953625
5.370317963702527	0.15134555437119135
5.382697825162884	0.15045301050746843
5.3951062251512765	0.14956485977135428
5.4075432294558095	0.148681092585208
5.420008904016238	0.14780169891538042
5.432503314924333	0.1469266682667809
5.445026528424211	0.14605598967739836
5.4575786109127105	0.14518965171276882
5.470159628939716	0.14432764246039695
5.482769649208539	0.1434699495241236
5.495408738576246	0.14261656001844583
5.508076964054036	0.1417674605627821
5.520774392807573	0.14092263727569004
5.533501092157368	0.14008207576902726
5.546257129579107	0.13924576114206486
5.559042572704037	0.13841367797554324
5.5718574893192985	0.13758581032567863
5.584701947368309	0.13676214171811257
5.597576014951102	0.13594265514180984
5.610479760324706	0.13512733304289948
5.623413251903491	0.13431615731846305
5.6363765582595455	0.13350910931026508
5.649369748123025	0.13270616979842964
5.6623928903825345	0.1319073189950585
5.675446054085471	0.1311125365377951
5.688529308438416	0.13032180148332764
5.701642722807475	0.12953509230083837
5.714786366718672	0.12875238686539095
5.727960309858292	0.12797366245126227
5.741164622073277	0.1271988957252127
5.7543993733715695	0.12642806273969848
5.767664633922509	0.12566113892602251
5.780960474057181	0.12489683753076125
5.794286964268812	0.12412680411215381
5.807644175213121	0.12336055642619506
5.821032177708716	0.1225980934484639
5.834451042737448	0.12183941386165381
5.847900841444809	0.12108451605185426
5.861381645140288	0.12033339810479893
5.874893525297769	0.11958605780207796
5.88843655355589	0.1188424926173165
5.902010801718445	0.11810269971231674
5.91561634175474	0.11736667593316574
5.9292532458	0.116634417806306
5.942921586155727	0.11590592153457131
5.956621435290106	0.11518118299318478
5.970352865838369	0.11446019772572172
5.984115950603199	0.11374296094003358
5.997910762555095	0.11302946750413694
6.011737374832782	0.11231971194206215
6.025595860743578	0.11161368842966679
6.0394862937638	0.11091139079040865
6.0534087475391365	0.1102128124910819
6.067363295885055	0.10951794663751281
6.08135001278718	0.10882678597021778
6.095368972401694	0.10813932286002091
6.109420249055721	0.10745554930363249
6.123503917247737	0.10677545691918615
6.137620051647943	0.10609903694173739
6.151768727098683	0.10542628021871948
6.165950018614822	0.10475717720535987
6.180164001384161	0.10409171796005366
6.1944107507678146	0.10342989213969687
6.208690342300634	0.10277168899497603
6.223002851691596	0.1021170973656163
6.237348354824191	0.10146610567558745
6.251726927756859	0.10081870192826428
6.266138646723353	0.10017487370154678
6.2805835881331795	0.09953460814293355
6.295061828571975	0.09889789196455333
6.309573444801933	0.09826471143815015
6.324118513762193	0.0976350523900254
6.33869711256927	0.09700890019593252
6.353309318517436	0.09638623977592871
6.367955209079159	0.09576705558917765
6.382634861905486	0.09515133162870908
6.397348354826482	0.0945390514161284
6.412095765851615	0.0939301979962823
6.4268771731701975	0.09332475393187434
6.441692655151772	0.09272270129803463
6.456542290346556	0.09212402167683957
6.471426157485831	0.09152869615178495
6.486344335482385	0.09093583396398887
6.501296903430906	0.09033966273733346
6.516283940608428	0.08974675408195344
6.531305526474723	0.08915710505665862
6.546361740672751	0.08857071244430857
6.561452663029053	0.08798757274840398
6.576578373554206	0.08740768218964486
6.591738952443213	0.08683103670245898
6.606934480075961	0.08625763193149687
6.622165037017619	0.08568746322809634
6.637430704019089	0.0851205256467132
6.652731562017413	0.08455681394132084
6.668067692136222	0.08399632256177561
6.6834391756861455	0.08343904565015048
6.698846094165265	0.082884977037034
6.714288529259523	0.082334110237797
6.729766562843179	0.08178643844882381
6.745280276979219	0.0812419545437112
6.760829753919819	0.08070065106943063
6.77641507610675	0.08016252024245829
6.792036326171846	0.0796275539448676
6.807693586937414	0.07909574372038874
6.823386941416698	0.07856708077043044
6.839116472814292	0.07804155595006808
6.8548822645266165	0.07751915976399344
6.870684400142321	0.07699988236243017
6.886522963442762	0.07648371353701051
6.902398038402419	0.07597064271661672
6.918309709189366	0.07546065896318364
6.934258060165691	0.0749537509674654
6.9502431758879695	0.07444990704476188
6.966265141107686	0.07394911513060971
6.982324040771715	0.07345136277643173
6.998419960022734	0.07295663714515058
7.014552984199714	0.07246492500676056
7.030723198838334	0.07197621273386201
7.046930689671471	0.07149048629715427
7.06317554262962	0.07100773126089002
7.07945784384138	0.07052793277828784
7.095777679633888	0.0700510755869053
7.112135136533292	0.06957714400396957
7.128530301265195	0.0691061219216682
7.1449632607551345	0.06863799280239659
7.16143410212902	0.06817273967396494
7.177942912713619	0.067710345124761
7.194489780036995	0.06725079129887233
7.211074791828998	0.06679405989116302
7.227698036021702	0.06634013214230919
7.2443596007499025	0.06588898883378883
7.261059574351547	0.0654406102828294
7.277798045368242	0.06499414089073434
7.294575102545687	0.06454404453653044
7.311390834834176	0.06409662063392745
7.3282453313890406	0.06365186487511261
7.345138681571151	0.06320977270275499
7.362070974947361	0.06277033930699993
7.379042301291012	0.06233355962243383
7.396052750582378	0.06189942832502304
7.413102413009177	0.0614679398290236
7.430191378967014	0.06103908828386449
7.447319739059893	0.060612867571000914
7.464487584100665	0.060189271300740775
7.481695005111545	0.059768292809040946
7.498942093324558	0.059349925154276194
7.516228940182057	0.058934161113977146
7.533555637337174	0.058520993181540706
7.550922276654341	0.05811041356290913
7.568328950209744	0.0577024141732208
7.58577575029184	0.05729698663342939
7.603262769401819	0.05689412226689417
7.620790100254123	0.056493812095938185
7.638357835776907	0.056096046838377094
7.655966069112566	0.05570081690401552
7.67361489361819	0.05530811239111343
7.691304402866098	0.0549179230828195
7.709034690644301	0.054530238443574054
7.726805850957025	0.054145047615478524
7.744617978025188	0.05376233941463401
7.76247116628692	0.05338210232744566
7.78036551039804	0.05300432450689568
7.798301105232589	0.0526289937687819
7.816278045883297	0.05225609758792417
7.83429642766212	0.0518856230943357
7.852356346100718	0.05151755706936198
7.870457896950989	0.051151885941783985
7.888601176185544	0.05078859578388849
7.906786279998253	0.05042767230750172
7.925013304804718	0.050069100859990064
7.943282347242818	0.04971286642022359
7.961593504173188	0.04935895359450545
7.979946872679768	0.04900734661246416
7.9983425500702845	0.04865802932291094
8.016780633876794	0.04831098518965928
8.035261221856173	0.04796619728730919
8.05378441199067	0.04762364829699298
8.072350302488383	0.04728332050208509
8.090958991783825	0.04694519578387293
8.109610578538408	0.04660925561719111
8.128305161640995	0.04627548106601631
8.147042840208396	0.045943852779024665
8.165823713585926	0.04561346912070745
8.1846478813479	0.04527848795768548
8.203515443298185	0.04494556035691927
8.222426499470712	0.04461468350433511
8.241381150130026	0.0442858544018003
8.260379495771788	0.043959069864890676
8.279421637123345	0.04363432652063607
8.298507675144226	0.043311620805246955
8.317637711026709	0.042990948961819014
8.336811846196344	0.042672307038017575
8.356030182312479	0.042355690883741186
8.375292821268827	0.04204109614876307
8.394599865193973	0.04172851828035252
8.413951416451951	0.04141795252087347
8.433347577642753	0.04110939390536238
8.452788451602899	0.04080283725908352
8.472274141405963	0.04049827719506278
8.491804750363139	0.04019570811159859
8.511380382023763	0.03989512418975121
8.531001140175896	0.03959651939080847
8.550667128846833	0.039299887453729886
8.570378452303697	0.039005221892566555
8.590135215053957	0.03871251599385908
8.609937521846007	0.03842176281401111
8.629785477669701	0.03813295517664037
8.649679187756934	0.037846085669904966
8.669618757582166	0.03756114664380692
8.689604292863018	0.03727813020747027
8.709635899560805	0.036997028226396306
8.729713683881117	0.03671783231969306
8.74983775227436	0.036440533857281285
8.770008211436348	0.03616512395707436
8.790225168308842	0.03589159348213435
8.810488730080142	0.03561993303780165
8.830799004185627	0.035350132968800164
8.851156098308357	0.03508218335631597
8.871560120379607	0.034816074015050866
8.892011178579486	0.03455179449024893
8.912509381337454	0.034289334054697924
8.933054837332953	0.034028681705702946
8.953647655495937	0.03376982616203455
8.974287945007486	0.03351275586084888
8.994975815300352	0.03325745895458163
9.01571137605957	0.03300392330781373
9.036494737223014	0.03275213649411028
9.057326008982002	0.032502085792830974
9.078205301781857	0.03225375818591316
9.099132726322518	0.03200714035462601
9.120108393559097	0.031762218676296985
9.141132414702504	0.03151897922100857
9.162204901219997	0.03127679906761353
9.183325964835811	0.031031645242292537
9.204495717531712	0.030788107809576477
9.225714271547634	0.030546184169108728
9.246981739382225	0.03030587157168492
9.268298233793494	0.030067167117461865
9.289663867799362	0.02983006775415177
9.311078754678306	0.029594570275198566
9.33254300796991	0.029360671317939027
9.354056741475521	0.02912836736174598
9.375620069258803	0.028897654726155908
9.39723310564638	0.028668529568978595
9.418895965228414	0.02844098788439046
9.440608762859236	0.02821502550101009
9.462371613657929	0.027990638079957098
9.484184633008974	0.02776782111289256
9.506047936562814	0.027546569920042983
9.527961640236521	0.027326879648205273
9.549925860214358	0.027108745268735027
9.571940712948447	0.026892161575515508
9.594006315159332	0.026677123182909695
9.616122783836648	0.026463624523692802
9.638290236239705	0.026251659846967226
9.660508789898136	0.026041223216058226
9.68277856261249	0.025832308506391358
9.7050996724549	0.025624909403350275
9.727472237769652	0.02541901940011626
9.749896377173872	0.025214631795487694
9.772372209558107	0.025011739691680843
9.79489985408699	0.024810335992110452
9.817479430199844	0.02461041339915127
9.84011105761134	0.024411964411878987
9.862794856312105	0.024214981323791896
9.885530946569391	0.024019456220511718
9.908319448927676	0.023825380977464544
9.93116048420934	0.02363274725754087
9.954054173515269	0.023441546508735447
9.977000638225535	0.023251769961765686
10.	0.02306340862766967
10.023052380778994	0.022876453295382494
10.046157902783957	0.0226908945292915
10.069316688518045	0.022506722666770212
10.092528860766844	0.022323927815689978
10.115794542598982	0.022142499851910313
10.1391138573668	0.021962428416747014
10.16248692870696	0.021783702914418262
10.18591388054117	0.02160631250946778
10.209394837076797	0.021430246124166108
10.232929922807546	0.021255492435888704
10.256519262514079	0.021082039874471558
10.280162981264736	0.020909390785816315
10.303861204416158	0.020734325694455075
10.32761405761398	0.02056050781687279
10.351421666793442	0.02038793461657376
10.375284158180126	0.02021660343590749
10.39920165829059	0.02004651149463115
10.423174293933046	0.019877655888459033
10.447202192208003	0.019710033587598895
10.471285480508996	0.019543641435274598
10.495424286523221	0.019378476146236143
10.519618738232236	0.019214534305255822
10.543868963912592	0.019051812365611185
10.568175092136585	0.01889030664755377
10.592537251772887	0.018730013336764786
10.616955571987253	0.018570928482796394
10.641430182243164	0.01841304799749958
10.665961212302578	0.018256367653437158
10.690548792226577	0.018100883082283248
10.71519305237607	0.01794658977320813
10.739894123412451	0.017793483071249002
10.76465213629835	0.017641558175665525
10.789467222298287	0.01749081013828138
10.814339512979387	0.01734123386181075
10.83926914021204	0.01719282409817005
10.864256236170656	0.017045575446774357
10.889300933334333	0.016899482352818997
10.91440336448757	0.016754539105545713
10.939563662720943	0.01661073983649377
10.964781961431852	0.016468078517734953
10.990058394325208	0.016326548960093508
11.015393095414156	0.016186144811350056
11.040786199020735	0.016046859554429888
11.066237839776663	0.015908686505574775
11.091748152624008	0.01577161881249918
11.117317272815919	0.015635649452529876
11.142945335917304	0.015500771230729503
11.168632477805613	0.015366976778003085
11.194378834671515	0.015234258549188449
11.220184543019629	0.015102608821129548
11.24604973966927	0.014972019690732922
11.271974561755105	0.014842483073007404
11.297959146727976	0.014713990699085976
11.324003632355566	0.014586534114231013
11.350108156723154	0.014460104675821676
11.37627285823431	0.014334693551323965
11.402497875611685	0.014210291716242641
11.428783347897712	0.014086889952055657
11.45512941445536	0.013964478844130419
11.481536214968829	0.013843048779622065
11.508003889444357	0.013722589945352972
11.534532578210918	0.013602674439726996
11.561122421920993	0.013480533221429196
11.587773561551263	0.013359317353974224
11.614486138403427	0.013239024846342453
11.641260294104908	0.0131196536166854
11.66809617060963	0.013001201491252331
11.694993910198711	0.012883666203307557
11.721953655481304	0.012767045392037307
11.748975549395292	0.012651336601447434
11.776059735208078	0.012536537279250776
11.803206356517299	0.012422644775744805
11.830415557251646	0.012309656342678837
11.857687481671597	0.012197569132111336
11.88502227437019	0.012086380195256891
11.91242008027375	0.011976086481323048
11.93988104464273	0.01186668483633622
11.967405313072431	0.01175817200195765
11.994993031493793	0.011650544614288497
12.02264434617413	0.011543799202664446
12.050359403717973	0.011437932188439236
12.078138351067798	0.011332939883757696
12.10598133550483	0.011228818490317677
12.133888504649775	0.011125564098121146
12.161860006463678	0.011023172684213798
12.189895989248662	0.010921640111413902
12.217996601648723	0.010820962127029635
12.246161992650489	0.010721134361565242
12.274392311584071	0.010622152327415334
12.30268770812381	0.010524011417548126
12.331048332289097	0.010426706904176661
12.359474334445107	0.010330233937418687
12.387965865303691	0.010234587543944103
12.416523075924106	0.010139762625611127
12.445146117713856	0.010045753958089975
12.473835142429433	0.009952556189474842
12.5025903021772	0.009860163838883163
12.531411749414156	0.009768571295043013
12.560299636948754	0.009677772814867851
12.589254117941675	0.009587762522019004
12.618275345906707	0.009498534405455124
12.64736347471151	0.009410082317969413
12.67651865857846	0.009322399974713687
12.705741052085418	0.00923548095170988
12.735030810166617	0.009149318684348108
12.764388088113435	0.00906390646587198
12.793813041575252	0.00897923744585053
12.823305826560219	0.008895304628636956
12.852866599436155	0.00881210087181371
12.882495516931336	0.008729618884624273
12.912192736135347	0.008647851226391138
12.941958414499863	0.008566484168725021
12.971792709839558	0.008483488900554942
13.001695780332899	0.008401173576487139
13.031667784523	0.008319536473290411
13.061708881318419	0.008238575797886099
13.09181922999407	0.008158289686531402
13.121998990192028	0.008078676203995761
13.15224832192239	0.007999733342729642
13.182567385564074	0.007921459022026045
13.212956341865752	0.007843851087174137
13.243415351946643	0.007766907308605671
13.273944577297401	0.007690625381033563
13.304544179780914	0.007615002922582908
13.33521432163324	0.007540037473913988
13.365955165464419	0.0074657264973377125
13.396766874259358	0.0073920673759229946
13.427649611378643	0.007319057412596386
13.458603540559483	0.007246693829233349
13.489628825916533	0.007174973765741767
13.52072563194278	0.007103894279137143
13.551894123510364	0.007033452342609755
13.583134465871542	0.006963644844583219
13.614446824659497	0.00689446858776504
13.645831365889252	0.006825920288188571
13.677288255958494	0.0067579965742466264
13.708817661648537	0.006690693985716336
13.740419750125149	0.006624008972775607
13.772094688939474	0.006557937895010786
13.803842646028853	0.006492477020415701
13.83566378971781	0.006427622524381627
13.867558288718882	0.0063633704886786385
13.89952631213354	0.006299716900427829
13.931568029453036	0.006236657651064677
13.963683610559377	0.006174188535293004
13.995873225726179	0.006112305250030078
14.028137045619589	0.006051003393342275
14.060475241299143	0.005990278463371564
14.092887984218748	0.00593012585725237
14.12537544622754	0.00587054087001922
14.157937799570824	0.005811518693504662
14.190575216890926	0.005753054415227741
14.223287871228198	0.005695143017272522
14.25607593602188	0.005637779375157079
14.288939585111036	0.005580958256692505
14.321878992735439	0.005524674320832114
14.35489433353656	0.005468922116510407
14.387985782558452	0.005413696081472192
14.421153515248696	0.005358990541091403
14.45439770745928	0.005304799707179779
14.487718535447618	0.0052511176767850365
14.52111617587742	0.005197696553077049
14.554590805819668	0.005142933357900196
14.58814260275349	0.005088651749179071
14.621771744567184	0.0050348503565544635
14.655478409559112	0.004981527758416801
14.689262776438676	0.00492868248131199
14.723125024327194	0.004876312999342065
14.757065332758946	0.004824417733560245
14.791083881682072	0.004772995051360797
14.825180851459544	0.00472204326586331
14.859356422870075	0.004671560635291625
14.893610777109155	0.0046215453623469505
14.92794409578996	0.004571995593575656
14.962356560944343	0.004522909418731283
14.99684835502374	0.004474284870130999
15.031419660900225	0.004426119922006133
15.066070661867418	0.004378412489847138
15.100801541641477	0.0043311604297426405
15.135612484362087	0.004284361537712619
15.170503674593368	0.004238013549035793
15.205475297324954	0.004192114137570838
15.240527537972907	0.004146660915071799
15.275660582380732	0.004101651430497348
15.310874616820303	0.004057083169314041
15.346169827992941	0.004012953552793236
15.381546403030342	0.00396925993730203
15.4170045294956	0.003925999613587787
15.452544395384141	0.0038831698060565476
15.488166189124811	0.003840767672044835
15.523870099580817	0.0037987903010853123
15.55965631605075	0.0037572347141658384
15.595525028269538	0.0037160978629821556
15.631476426409538	0.0036753766291838462
15.667510701081484	0.0036350678236138473
15.70362804333553	0.003595168185541234
15.739828644662197	0.003555674381887378
15.776112696993485	0.003516583006445176
15.812480392703826	0.003477890579091645
15.848931924611142	0.0034395935449935255
15.88546748597779	0.003401688273806105
15.9220872705117	0.003364171058864843
15.95879147236732	0.003327038116370176
15.995580286146694	0.003290285584565109
16.032453906900418	0.003253909522905765
16.069412530128773	0.0032179059112245846
16.106456351782697	0.0031822706488864173
16.143585568264868	0.0031469995539371914
16.18080037643066	0.0031120883622453347
16.218100973589298	0.0030775327266355955
16.255487557504836	0.003043328216015506
16.292960326397232	0.003009284834542663
16.330519478943348	0.002974173469511947
16.368165214278086	0.002939392670000222
16.40589773199539	0.0029049414974953044
16.443717232149325	0.0028708189785183664
16.481623915255085	0.0028370241042189946
16.51961798229015	0.002803555829966494
16.557699634695275	0.0027704130749376505
16.595869074375614	0.002737594721700743
16.634126503701697	0.0027050996157959284
16.672472125510627	0.0026729265653116993
16.71090614310707	0.002641074340457745
16.749428760264383	0.0026095416731339
16.788040181225607	0.0025783272564953467
16.82674061070467	0.002547429744513803
16.865530253887407	0.0025168477515349424
16.90440931643265	0.0024865798518318312
16.94337800447329	0.0024566245791544376
16.982436524617444	0.0024269804262750617
17.0215850839495	0.002397645844529824
17.060823890031244	0.002368619243356049
17.10015315090288	0.0023398989898256433
17.139573075084254	0.0023114834081741824
17.179083871575877	0.0022833707793260033
17.21868574986008	0.0022555593404150246
17.25837891990204	0.0022280472843014096
17.298163592151013	0.002200832759083854
17.338039977541374	0.0021739138676077196
17.378008287493763	0.0021472886669687465
17.418068733916144	0.002120955168012505
17.458221529205037	0.0020949113348292954
17.498466886246565	0.002069155084244801
17.53880501841762	0.002043684285306148
17.579236139586932	0.002018496758763561
17.619760464116293	0.0019935902765473752
17.66037820686164	0.0019689625612405825
17.70108958317422	0.0019446112855467004
17.741894808901662	0.0019205340717530785
17.78279410038923	0.001896728491189404
17.82378767448089	0.0018731920636816007
17.864875748520518	0.0018499222570009138
17.906058540352948	0.0018269164863082654
17.947336268325266	0.0018041721135936637
17.988709151287875	0.0017816864471108806
18.030177408595698	0.0017594567408071163
18.071741260109274	0.0017374801937478197
18.113400926196025	0.0017157539495363944
18.15515662773135	0.0016942750957290136
18.197008586099845	0.0016730406632442726
18.238957023196384	0.0016520476257678351
18.281002161427427	0.001631168478633144
18.323144223712113	0.0016095786734446574
18.365383433483473	0.0015882163043951687
18.407720014689563	0.0015670806841439986
18.450154191794738	0.0015461711009054184
18.492686189780777	0.0015254868181671152
18.535316234148123	0.0015050270744060886
18.57804455091699	0.0014847910828020684
18.620871366628677	0.0014647780309482697
18.663796908346693	0.0014449870805596802
18.706821403658015	0.0014254173671786657
18.74994508067419	0.0014060679998780363
18.793168168032686	0.0013869380609613654
18.836490894898002	0.0013680266056607375
18.879913490962945	0.0013493326618317575
18.92343618644976	0.0013308552296459146
18.967059212111465	0.0013125932812801222
19.010782799232995	0.0012945457606036073
19.054607179632484	0.0012767115828619538
19.098532585662387	0.0012590896343584437
19.14255925021086	0.0012416787721324539
19.18668740670289	0.0012244778236351337
19.230917289101594	0.0012074855864021524
19.275249131909366	0.001190700827723621
19.31968317016924	0.00117412228431103
19.364219639466068	0.0011577486619613264
19.408858775927794	0.0011415786352180057
19.453600816226633	0.0011256108470292616
19.498445997580454	0.0011098439084030666
19.543394557753942	0.0010942763980593096
19.58844673505991	0.0010789068620788286
19.633602768360475	0.0010637338135494245
19.67886289706845	0.0010487557322087096
19.724227361148536	0.0010339710640838945
19.76969640111862	0.0010193782211284116
19.81527025805099	0.0010049755808553729
19.860949173573715	0.0009907614859678087
19.906733389871864	0.0009767342439857111
19.952623149688808	0.0009628921268698299
19.998618696327448	0.0009492333706422028
20.044720273651613	0.0009357561750033478
20.090928126087277	0.0009224587029461824
20.137242498623895	0.000909339080366564
20.183663636815616	0.0008963953956704847
20.23019178678272	0.0008836256993778041
20.276827195212817	0.0008710280037226147
20.32357010936221	0.0008586002822501212
20.37042077705719	0.0008463404694100315
20.417379446695296	0.0008342464601464715
20.46444636724674	0.0008223161094842953
20.511621788255646	0.000810466487585171
20.558905959841425	0.0007981623049919799
20.606299132700006	0.000786012162236411
20.65380155810529	0.0007740154208692739
20.701413487910415	0.0007621714236606212
20.749135174549107	0.0007504794943883557
20.79696687103696	0.0007389389376249918
20.844908830972887	0.0007275490385224893
20.892961308540386	0.000716309062595214
20.941124558508935	0.0007052182555009695
20.989398836235246	0.0006942758428201081
21.03778439766475	0.000683481029832651
21.086281499332888	0.0006728330012934824
21.134890398366476	0.0006623309212055471
21.183611352485023	0.0006519739325910643
21.23244462000219	0.0006417611572606906
21.28139045982711	0.0006316916955806966
21.330449131465773	0.0006217646262380709
21.379620895022324	0.0006119790060035949
21.428906011200585	0.0006023338694927812
21.47830474130533	0.0005928282289247798
21.527817347243737	0.0005834610738791307
21.57744409152667	0.0005742313710504261
21.6271852372702	0.0005651380640007811
21.67704104819694	0.0005561800729101805
21.727011788637455	0.0005473562943246284
21.77709772353159	0.0005386656009021252
21.827299118430012	0.0005301068411563852
21.87761623949552	0.0005216788391983701
21.9280493535045	0.0005133803944755478
21.978598727848254	0.0005052102815089031
22.02926463053456	0.0004971672496276355
22.080047330188993	0.000489250022701581
22.13094709605639	0.00048145729887130473
22.181964198002195	0.0004737877502758605
22.23309890651403	0.0004662400227781712
22.28435149270303	0.0004588127356880586
22.335722228305325	0.0004515044814828684
22.3872113856834	0.00044431382552568514
22.438819237827662	0.0004372393057811021
22.490546058357804	0.00043027943252855496
22.542392121524305	0.00042343268807317375
22.59435770220978	0.00041669752645416265
22.646443075930595	0.0004100723731506338
22.698648518838212	0.0004035556247849492
22.750974307720718	0.00039714564882348984
22.803420720004187	0.00039084078327487225
22.8559880337543	0.0003846393363855488
22.908676527677724	0.0003785395863328265
22.961486481123632	0.00037253978091523533
23.01441817408509	0.00036656988631591527
23.06747188720069	0.0003601775061577778
23.12064790175594	0.00035387714341571816
23.173946499684796	0.000347668333172051
23.227367963571073	0.0003415505982036771
23.280912576650078	0.0003355234488456395
23.33458062281002	0.00032958638285350865
23.38837238659356	0.00032373888526453503
23.442288153199225	0.0003179804282575978
23.49632820848307	0.0003123104710118929
23.55049283896009	0.00030672845956440924
23.604782331805783	0.00030123382666613467
23.65919697485759	0.0002958259916370175
23.71373705661655	0.0002905043602196304
23.76840286624876	0.0002852683244315785
23.823194693586913	0.0002801172624166021
23.878112829131783	0.0002750505382943881
23.933157564053875	0.00027006750200905144
23.9883291901949	0.00026516748917630923
24.043628000069347	0.0002603498209293174
24.099054286865954	0.00025561380376316987
24.154608344449404	0.00025095872937802306
24.210290467361776	0.0002463838745208798
24.266100950824168	0.000241888500825982
24.32204009073816	0.00023747185465382867
24.378108183687527	0.00023313316692877913
24.434305526939713	0.00022887165297526399
24.49063241844747	0.00022468651235256506
24.547089156850312	0.00022057692868818023
24.603676041476273	0.00021654206950971953
24.660393372343385	0.00021258108607537316
24.717241450161318	0.00020869311320289893
24.774220576332862	0.00020487726909714627
24.831331052955704	0.00020113265517607187
24.888573182823905	0.00019745835589527627
24.94594726942956	0.00019385343857101473
25.003453616964322	0.00019031695320169536
25.06109253032114	0.0001868479322878274
25.118864315095795	0.00018344539065043454
25.17676927758857	0.00018010832524790064
25.234807724805755	0.0001768357149912525
25.29297996446145	0.00017362652055784224
25.35128630497907	0.00017047968420344799
25.409727055493065	0.00016739412957275554
25.46830252585042	0.00016436876150822816
25.527013026612472	0.00016140246585732513
25.58585886905645	0.00015849410927808885
25.64484036517719	0.00015564253904305992
25.703957827688647	0.00015284658284153043
25.763211570025756	0.0001501050485800948
25.82260190634596	0.0001473702349427638
25.88212915153093	0.0001443339946073417
25.94179362118815	0.0001413467864132451
26.001595631652723	0.00013840829885890132
26.06153549998895	0.00013551821302965208
26.12161354399208	0.00013267620251693408
26.18183008218986	0.00012988193333676132
26.24218543384442	0.0001271350638474781
26.302679918953814	0.00012443524466680854
26.363313858253814	0.00012178211858817104
26.424087573219474	0.00011917532049627074
26.485001386067008	0.0001166144772819431
26.54605561975539	0.00011409920775626715
26.607250597988113	0.00011162912256392309
26.668586645214805	0.00010920382409580394
26.730064086633117	0.00010682290640085322
26.791683248190314	0.00010448595509715111
26.85344445658509	0.00010219254728221872
26.915348039269166	0.00009994225144255303
26.977394324449207	0.00009773462736236427
27.039583641088434	0.00009556922603153676
27.101916318908415	0.00009344558955278343
27.164392688390837	0.00009136325104800127
27.227013080779127	0.00008932173456381938
27.289777828080403	0.00008732055497632284
27.35268726306711	0.00008535921789496406
27.415741719278834	0.00008343721956563893
27.478941531023974	0.00008155404677293368
27.542287033381662	0.0000797091767415213
27.605778562203447	0.0000779020770367174
27.669416454115126	0.0000761322054641767
27.73320104651841	0.00007439900996873229
27.797132677592884	0.00007270192853235816
27.861211686297693	0.00007104038907126426
27.925438412373392	0.0000694138093321046
27.98981319634363	0.00006782159678730099
28.05433637951713	0.00006626314852946237
28.119008303989396	0.00006473785116490882
28.18382931264455	0.00006324508070628152
28.248799749157076	0.00006178420246423768
28.31391995799379	0.0000603545709382157
28.37919028441555	0.00005895552970627454
28.44461107447917	0.00005758641131398981
28.510182675039097	0.000056246537162407514
28.575905433749465	0.00005493521739503704
28.641779699065797	0.0000536517507838898
28.70780582024692	0.00005239542461454448
28.773984147356696	0.00005116551457023995
28.84031503126606	0.00004996128461497778
28.906798823654746	0.00004878198687563916
28.973435877013245	0.000047626861523098346
29.04022654464451	0.00004649513665233292
29.10717118066605	0.00004538602816151235
29.17427014001166	0.000044298739630069676
29.24152377843337	0.00004323246219573874
29.308932452503214	0.000042186374430554804
29.376496519615305	0.00004115964221580378
29.4442163379876	0.00004015141861592034
29.51209226666387	0.00003916084375131998
29.580124665515466	0.00003818704467016177
29.648313895243422	0.00003722913521902632
29.716660317380253	0.000036286215912509664
29.78516429429191	0.000035357373801717736
29.853826189179603	0.00003444168234165698
29.92264636608189	0.00003353820125750769
29.9916251898765	0.000032645976409777464
30.060763026282324	0.00003176403965832185
30.13006024186122	0.00003089140872522587
30.19951720402016	0.0000300270870565331
30.269134281013045	0.00002917006368282052
30.338911841942718	0.000028319313078603608
30.4088502567628	0.00002747379502056782
30.47894989627983	0.00002663245444461103
30.549211132155122	0.000025794221301695008
30.61963433690679	0.000024958010412491504
30.69021988391158	0.000024122721320816845
30.76096814740708	0.000023287238145841022
30.831879502493535	0.00002245042943306826
30.90295432513592	0.000021611148004074196
30.97419299216581	0.000020768230804993934
31.045595881283557	0.00001992049875374632
31.11716337106017	0.000019066756585990876
31.188895840939384	0.000018205792699802726
31.260793671239558	0.000017336378999059446
31.332857243155857	0.000016457270735524235
31.405086938762164	0.000015567206349622568
31.477483141013174	0.000014664907309896528
31.550046233746276	0.000013749077951130995
31.622776601683793	0.000012818405311135304
31.6956746304349	0.000011871558966177601
31.768740706497724	0.000010907190865055964
31.841975217261254	9.923935161799508e-6
31.915378551007617	8.920408046983068e-6
31.988951096913972	7.895207577653481e-6
32.062693245054675	6.846913505848231e-6
32.13660538640318	5.77408710570378e-6
32.210687912834345	4.675270999132284e-6
32.284941217126345	3.5489889800676937e-6
32.35936569296285	2.393745837260483e-6
32.43396173493493	1.2080271756178537e-6