0.1	6.175478069719873
0.10023052380778996	6.171610107816235
0.10046157902783952	6.167736651797227
0.10069316688518042	6.163857703555674
0.10092528860766845	6.159973265047373
0.10115794542598985	6.156083338291448
0.10139113857366794	6.15218792537071
0.10162486928706957	6.1482870284320015
0.1018591388054117	6.144380649686586
0.102093948370768	6.140468791410474
0.10232929922807542	6.136551455944816
0.10256519262514076	6.132628645696247
0.10280162981264736	6.1287003631372645
0.10303861204416162	6.12476661080659
0.10327614057613975	6.120827391309541
0.10351421666793438	6.116882707318394
0.10375284158180126	6.112932561572766
0.10399201658290592	6.108976956879981
0.10423174293933042	6.105015896115445
0.10447202192208001	6.101049382223025
0.10471285480508996	6.09707741821542
0.10495424286523224	6.093100007174548
0.1051961873823223	6.089117152251916
0.1054386896391259	6.0851288566690105
0.10568175092136585	6.081135123717677
0.10592537251772889	6.077135956760503
0.10616955571987247	6.073131359231202
0.10641430182243161	6.069121334635006
0.10665961212302578	6.065105886549054
0.1069054879222658	6.061085018622774
0.10715193052376065	6.057058734578285
0.10739894123412448	6.053027038210783
0.1076465213629835	6.048989933388939
0.10789467222298288	6.04494742405529
0.1081433951297938	6.040899514226643
0.10839269140212036	6.036846529826197
0.10864256236170655	6.032788292963153
0.10889300933334335	6.028724669409625
0.10914403364487565	6.024655662367394
0.10939563662720939	6.020581275099015
0.1096478196143185	6.01650151092807
0.10990058394325211	6.012416373239435
0.11015393095414151	6.008325865479517
0.11040786199020733	6.004229991156529
0.11066237839776664	6.00012875384075
0.11091748152624012	5.996022157164764
0.11117317272815914	5.991910204823735
0.11142945335917301	5.987792900575664
0.11168632477805612	5.983670248241636
0.11194378834671516	5.979542251706093
0.11220184543019636	5.975408914917082
0.11246049739669266	5.971270241886524
0.11271974561755105	5.9671262366904605
0.11297959146727979	5.962976903469321
0.11324003632355571	5.958822246428189
0.11350108156723152	5.954662269837041
0.1137627285823431	5.950496978031031
0.11402497875611688	5.946326375410731
0.11428783347897718	5.9421504664424
0.11455129414455358	5.937969255658244
0.1148153621496883	5.933782747656668
0.11508003889444356	5.929590947102551
0.11534532578210924	5.925393858727491
0.11561122421920987	5.921191487330073
0.11587773561551262	5.916983837776124
0.11614486138403426	5.912770914998987
0.11641260294104915	5.908552723999759
0.11668096170609624	5.904329269847576
0.11694993910198712	5.900100557679846
0.11721953655481303	5.8958665927025375
0.11748975549395298	5.89162738019042
0.11776059735208072	5.887382925487332
0.11803206356517298	5.883133234006436
0.11830415557251646	5.87887831123049
0.118576874816716	5.874618162712091
0.11885022274370183	5.870352794073948
0.11912420080273747	5.86608221100914
0.1193988104464273	5.861806419281368
0.11967405313072434	5.857525424725228
0.11994993031493788	5.853239233246454
0.12022644346174129	5.8489478508221895
0.12050359403717974	5.844651283501244
0.120781383510678	5.840349537404348
0.12105981335504823	5.836042618724424
0.12133888504649772	5.831730533726826
0.12161860006463679	5.82741404981974
0.12189895989248664	5.8230927428836
0.12217996601648717	5.818766291947994
0.12246161992650487	5.814434700931286
0.12274392311584072	5.810097973788908
0.12302687708123815	5.805756114513275
0.1233104833228909	5.80140912713367
0.12359474334445104	5.797057015716155
0.1238796586530369	5.7926997843634584
0.1241652307592411	5.788337437214867
0.1244514611771385	5.783969978446119
0.12473835142429429	5.779597412269284
0.125025903021772	5.775219742932649
0.1253141174941416	5.7708369747205825
0.1256029963694875	5.76644911195343
0.12589254117941673	5.76205615898737
0.12618275345906707	5.757658120214285
0.12647363474711512	5.753255000061624
0.12676518658578456	5.748846802992259
0.12705741052085415	5.744433533504355
0.12735030810166617	5.740015196131205
0.12764388088113438	5.735591795441091
0.12793813041575247	5.731163336037119
0.12823305826560213	5.726729822557071
0.12852866599436155	5.7222912596732325
0.1288249551693134	5.7178476520922255
0.12912192736135342	5.71339900455485
0.1294195841449986	5.708945321835893
0.12971792709839558	5.704486608743961
0.13001695780332903	5.700022870121289
0.13031667784522993	5.695554110843559
0.13061708881318415	5.691080335819705
0.1309181922999407	5.6866015499917175
0.13121998990192033	5.6821177583344475
0.13152248321922383	5.677628965855394
0.1318256738556407	5.673135177594505
0.1321295634186575	5.668636398623953
0.13243415351946647	5.664132634047929
0.13273944577297395	5.659623889002414
0.1330454417978091	5.655110168654946
0.1333521432163324	5.650591478204403
0.13365955165464422	5.646067822880758
0.1339676687425935	5.641539207944829
0.1342764961137864	5.637005638688058
0.13458603540559483	5.632467120432235
0.13489628825916536	5.627923658529259
0.13520725631942773	5.62337525836087
0.1355189412351036	5.618821925338382
0.1358313446587154	5.614263664902424
0.136144468246595	5.609700482522647
0.13645831365889247	5.605132198566255
0.13677288255958492	5.600558923287192
0.13708817661648537	5.595980741894241
0.13740419750125152	5.591397660612347
0.13772094688939465	5.5868096857029625
0.1380384264602885	5.582216823463799
0.1383566378971781	5.577619080228628
0.13867558288718884	5.57301646236703
0.13899526312133534	5.568408976284169
0.13931568029453031	5.563796628420555
0.13963683610559377	5.559179425251783
0.13995873225726183	5.554557373288306
0.14028137045619582	5.549930479075156
0.1406047524129914	5.545298749191701
0.14092887984218747	5.540662190251368
0.14125375446227545	5.5360208089013785
0.14157937799570816	5.531374611822469
0.14190575216890922	5.526723605728615
0.142232878712282	5.522067797366735
0.14256075936021884	5.517407193516404
0.1428893958511103	5.512741800989558
0.14321878992735435	5.508071626630186
0.1435489433353656	5.5033966773140195
0.14387985782558455	5.498716959948225
0.14421153515248689	5.494032481471075
0.14454397707459277	5.489343248851635
0.14487718535447616	5.484649269089413
0.14521116175877424	5.479950549214042
0.14554590805819662	5.475247096284914
0.14588142602753484	5.470538917390854
0.14621771744567183	5.465826019649746
0.14655478409559117	5.461108410208179
0.1468926277643867	5.456386096241079
0.1472312502432719	5.4516590849513324
0.14757065332758945	5.446927383569402
0.14791083881682077	5.442190999352948
0.14825180851459538	5.43744993958643
0.1485935642287007	5.432704211580705
0.14893610777109154	5.427953822672626
0.14927944095789963	5.423198780224618
0.14962356560944334	5.418439091624276
0.1499684835502373	5.413674764283922
0.15031419660900225	5.408905805640174
0.15066070661867417	5.404132223153513
0.15100801541641484	5.399354024307833
0.1513561248436208	5.394571216609981
0.1517050367459337	5.389783807589294
0.15205475297324955	5.384991804797145
0.15240527537972914	5.380195215806448
0.15275660582380723	5.37539404821119
0.15310874616820302	5.370587024872157
0.15346169827992942	5.365774880197739
0.1538154640303035	5.3609581746145905
0.15417004529495593	5.3561369202514255
0.1545254439538414	5.35131112931738
0.1548816618912481	5.346480814102086
0.15523870099580825	5.34164598697573
0.15559656316050743	5.336806660389119
0.15595525028269538	5.33196284687373
0.15631476426409538	5.327114559041777
0.15667510701081494	5.322261809586248
0.15703628043335524	5.317404611280968
0.15739828644662196	5.312542976980637
0.15776112696993486	5.307676919620874
0.15812480392703834	5.302806452218258
0.15848931924611134	5.297931587870361
0.15885467485977792	5.293052339755779
0.159220872705117	5.288168721134178
0.15958791472367329	5.28328074534629
0.15995580286146688	5.278388425813968
0.16032453906900418	5.273491776040176
0.1606941253012877	5.268590809609031
0.16106456351782708	5.263685540185794
0.16143585568264862	5.258775981516896
0.16180800376430657	5.253862147429923
0.16218100973589297	5.24894405183364
0.16255487557504839	5.244021708717971
0.16292960326397224	5.239095132153999
0.16330519478943342	5.234164336293958
0.16368165214278085	5.2292293353712145
0.16405897731995392	5.224290143700256
0.16443717232149316	5.219346775676663
0.1648162391525508	5.214399245777083
0.1651961798229015	5.209447568559208
0.1655769963469528	5.204491758661731
0.16595869074375605	5.199531830804316
0.16634126503701693	5.194567799787553
0.16672472125510626	5.189599680492904
0.16710906143107074	5.184627487882667
0.16749428760264373	5.179651236999909
0.16788040181225602	5.174670942968411
0.16826740610704674	5.169686620992598
0.16865530253887412	5.164698286357485
0.16904409316432642	5.159705954428585
0.16943378004473283	5.154709640651843
0.16982436524617442	5.1497093605535555
0.17021585083949506	5.144705129740272
0.17060823890031235	5.1396969638987136
0.17100153150902875	5.134684878795673
0.17139573075084252	5.129668890277908
0.17179083871575881	5.124649608640289
0.1721868574986007	5.1196267136603755
0.17258378919902034	5.114599965693937
0.17298163592151014	5.109569378845258
0.17338039977541378	5.104534967269384
0.17378008287493754	5.099496745171702
0.17418068733916142	5.0944547268075295
0.17458221529205037	5.089408926481699
0.1749846688624657	5.084359358548107
0.1753880501841761	5.079306037409295
0.17579236139586926	5.074248977515998
0.1761976046411629	5.069188193366683
0.17660378206861643	5.064123699507095
0.17701089583174212	5.059055510529784
0.17741894808901656	5.053983641073616
0.1778279410038923	5.048908105823306
0.17823787674480895	5.043828919508904
0.17864875748520506	5.038746096905302
0.17906058540352943	5.033659652831711
0.17947336268325265	5.028569602151151
0.1798870915128788	5.0234759597699155
0.1803017740859569	5.018378740637033
0.1807174126010927	5.013277959743715
0.18113400926196024	5.008173632122811
0.18155156627731356	5.003065772848229
0.18197008586099836	4.99795439703437
0.18238957023196378	4.99283951983554
0.1828100216142743	4.987721156445353
0.18323144223712115	4.98259932209614
0.18365383433483465	4.977474032058321
0.18407720014689558	4.972345301639792
0.18450154191794738	4.967213146185293
0.18492686189780783	4.962077581075761
0.18535316234148114	4.956938621727685
0.18578044550916986	4.951796283592437
0.18620871366628675	4.94665058215561
0.186637969083467	4.941501532936322
0.18706821403658005	4.936349151486539
0.18749945080674188	4.931193453390357
0.18793168168032684	4.926034454263305
0.18836490894898006	4.920872169751605
0.18879913490962935	4.915706615531452
0.18923436186449755	4.910537807308253
0.18967059212111465	4.905365760815888
0.19010782799233	4.900190491815928
0.19054607179632474	4.895012016096862
0.1909853258566238	4.889830349473311
0.19142559250210858	4.884645507785218
0.19186687406702896	4.879457506897046
0.19230917289101584	4.874266362696943
0.1927524913190936	4.869072963029071
0.1931968317016924	4.863876830581628
0.19364219639466074	4.8586776061546875
0.19408858775927784	4.853475302698874
0.19453600816226624	4.848269933142199
0.19498445997580455	4.843061510388761
0.19543394557753943	4.83785004731743
0.195884467350599	4.832635556780518
0.19633602768360464	4.827418051602431
0.1967886289706845	4.822197544578299
0.19724227361148533	4.816974048472604
0.19769696401118608	4.8117475760177735
0.1981527025805098	4.806518139912778
0.19860949173573716	4.8012857528216895
0.19906733389871864	4.7960504273722435
0.19952623149688797	4.790812176154366
0.1999861869632744	4.785571011718704
0.20044720273651614	4.7803269465751095
0.2009092812608728	4.775079993191143
0.20137242498623883	4.769830163990522
0.20183663636815607	4.764577471351581
0.2023019178678272	4.759321927605692
0.20276827195212818	4.754063545035685
0.20323570109362218	4.7488023358742355
0.2037042077705718	4.743538312302243
0.20417379446695297	4.738271486447185
0.20464446367246739	4.733001870381457
0.20511621788255657	4.727729476120688
0.20558905959841414	4.722454315622041
0.20606299132700007	4.7171764007824954
0.20653801558105292	4.711895743437103
0.20701413487910425	4.706612355357235
0.20749135174549097	4.7013262482487965
0.2079696687103696	4.696037433750426
0.20844908830972886	4.690745923431688
0.20892961308540398	4.6854517287912225
0.20941124558508925	4.680154861254888
0.20989398836235246	4.674855332173876
0.21037784397664752	4.66955315282282
0.21086281499332898	4.664248334397859
0.21134890398366465	4.658940888014706
0.2118361135248502	4.653630824706671
0.21232444620002192	4.648318155422679
0.21281390459827124	4.643002891025258
0.21330449131465762	4.637685042288515
0.21379620895022325	4.6323646198960695
0.21428906011200585	4.627041634438987
0.21478304741305343	4.6217160964136745
0.21527817347243727	4.616388016219764
0.21577444091526668	4.611057404157961
0.21627185237270202	4.605722555535997
0.21677041048196952	4.600384450549255
0.21727011788637443	4.595043837030328
0.2177709772353159	4.589700730809456
0.21827299118430013	4.5843551476894895
0.2187761623949553	4.579007103444389
0.21928049353504486	4.573656613817728
0.21978598727848253	4.5683036945211555
0.2202926463053456	4.562948361232855
0.22080047330189004	4.557590629595971
0.22130947096056375	4.55223051521704
0.22181964198002194	4.54686803366437
0.2223309890651403	4.541503200466439
0.22284351492703042	4.536136031110234
0.22335722228305316	4.530766541039613
0.223872113856834	4.5253947456536086
0.22438819237827662	4.520020660304742
0.2249054605835781	4.5146443002972925
0.22542392121524293	4.509265680885572
0.22594357702209775	4.50388481727216
0.22646443075930595	4.498501724606126
0.2269864851883822	4.493116417981231
0.22750974307720706	4.487728912434106
0.2280342072000418	4.482339222942414
0.22855988033754301	4.4769473644229905
0.2290867652767773	4.471553351729955
0.2296148648112362	4.466157199652809
0.23014418174085083	4.460758922914511
0.2306747188720069	4.4553585361695305
0.23120647901755947	4.449956054001876
0.23173946499684786	4.4445514909231045
0.2322736796357107	4.439144861370306
0.23280912576650079	4.433736179704066
0.23334580622810028	4.4283254602064135
0.23388372386593548	4.422912717078727
0.2344228815319922	4.417497964439635
0.23496328208483072	4.41208121632289
0.23550492838960096	4.406662486675209
0.2360478233180577	4.401241789354104
0.23659196974857583	4.395819138125675
0.23713737056616552	4.39039454666239
0.23768402866248767	4.3849680285408335
0.23823194693586902	4.379539597239433
0.23878112829131776	4.374109266136165
0.23933157564053875	4.36867704850622
0.23988329190194904	4.363242957519669
0.24043628000069334	4.357807006239074
0.24099054286865948	4.352369207617096
0.24154608344449405	4.3469295744940695
0.2421029046736178	4.341488119595546
0.24266100950824154	4.336043054801069
0.24322040090738153	4.330595411255359
0.24378108183687525	4.3251459760981925
0.2443430552693972	4.319694767815756
0.24490632418447456	4.314241804853537
0.24547089156850305	4.308787105614542
0.24603676041476275	4.303330688457501
0.24660393372343392	4.297872571695037
0.24717241450161304	4.2924127735918365
0.24774220576332856	4.28695131236277
0.24831331052955705	4.281488206171017
0.2488857318282391	4.276023473126154
0.24945947269429547	4.270557131282225
0.25003453616964316	4.265089198635793
0.2506109253032114	4.259619693123957
0.251188643150958	4.254148632622365
0.25176769277588557	4.248676034943187
0.25234807724805747	4.243201917833071
0.2529297996446145	4.2377262989710855
0.25351286304979076	4.232249195966621
0.25409727055493053	4.226770626357276
0.2546830252585041	4.221290607606731
0.2552701302661247	4.215809157102569
0.2558585886905646	4.210326292154108
0.25644840365177174	4.204842029990177
0.2570395782768864	4.199356387756887
0.25763211570025757	4.193869382515373
0.25822601906345966	4.1883810312395005
0.2588212915153092	4.182891350813566
0.2594179362118814	4.177400358029951
0.2600159563165272	4.171908069586765
0.2606153549998896	4.166414502085452
0.26121613543992067	4.160919672028389
0.2618183008218985	4.155423595816427
0.26242185433844417	4.149926289746433
0.26302679918953814	4.144427770008798
0.263633138582538	4.138928052684908
0.2642408757321946	4.133427153744596
0.2648500138606701	4.1279250890435675
0.2654605561975539	4.122421874320793
0.26607250597988097	4.116917525195871
0.2666858664521479	4.111412057166374
0.26730064086633115	4.105905485605153
0.2679168324819031	4.100397825757615
0.26853444456585074	4.094889092738978
0.26915348039269155	4.0893793015314905
0.26977394324449205	4.083868466981627
0.2703958364108843	4.078356603797244
0.2710191631890843	4.072843726544716
0.2716439268839082	4.0673298496460335
0.2722701308077913	4.0618130775884165
0.272897778280804	4.056294504846011
0.27352687263067127	4.050774967086617
0.27415741719278824	4.04525448474812
0.2747894153102397	4.039733078201048
0.2754228703338166	4.034210767746392
0.27605778562203465	4.0286875736133565
0.27669416454115114	4.02316351595713
0.2773320104651841	4.017638614856584
0.27797132677592884	4.012112890311991
0.2786121168629771	4.00658636224268
0.27925438412373377	4.001059050484685
0.2798981319634363	3.9955309747883647
0.2805433637951713	3.9900021548159947
0.28119008303989407	3.9844726101393264
0.28183829312644537	3.978942360237128
0.2824879974915708	3.9734114244926944
0.2831391995799379	3.967879822191331
0.2837919028441557	3.9623475725177992
0.28444611074479154	3.956814694553758
0.285101826750391	3.9512812072751466
0.28575905433749466	3.9457471295495656
0.2864177969906581	3.940212480133605
0.28707805820246907	3.934677277670175
0.28773984147356696	3.9291415406857615
0.28840315031266056	3.923605287587708
0.2890679882365476	3.9180685366614103
0.28973435877013226	3.9125313060675326
0.2904022654464451	3.9069936138391537
0.2910717118066605	3.9014554778789052
0.29174270140011677	3.89591691595607
0.29241523778433354	3.8903779457036567
0.2930893245250321	3.884838584615427
0.2937649651961531	3.8792988500429137
0.29444216337987617	3.8737587591923868
0.29512092266663853	3.868218329121798
0.29580124665515467	3.86267757673769
0.2964831389524342	3.8571365187920756
0.29716660317380267	3.851595171879272
0.29785164294291894	3.8460535524327253
0.298538261891796	3.840511676721771
0.2992264636608189	3.8349695608483874
0.29991625189876514	3.8294272207439
0.30060763026282306	3.8238846721656543
0.3013006024186122	3.8183419306936495
0.3019951720402016	3.8127990117271544
0.30269134281013055	3.8072559304812614
0.30338911841942706	3.801712701983426
0.3040885025676279	3.796169341069963
0.3047894989627983	3.790625862382497
0.3054921113215513	3.785079843671293
0.3061963433690677	3.7795326775934055
0.30690219883911574	3.7739854265855475
0.3076096814740708	3.7684381129247715
0.3083187950249354	3.7628907587925675
0.30902954325135906	3.757343386272228
0.309741929921658	3.751796017346177
0.31045595881283555	3.746248673893282
0.31117163371060175	3.740701377686126
0.3118889584093937	3.735154150388254
0.3126079367123955	3.7296070135513895
0.31332857243155854	3.724059988612617
0.3140508693876217	3.718513096891535
0.3147748314101316	3.7129663595873836
0.31550046233746265	3.7074197977761294
0.31622776601683794	3.701873432407529
0.3169567463043491	3.6963272843021575
0.31768740706497706	3.6907813741484006
0.3184197521726125	3.68523572249942
0.31915378551007617	3.679690349770081
0.3198895109691398	3.6741452762338542
0.3206269324505466	3.668600522019674
0.3213660538640317	3.6630561071087735
0.32210687912834346	3.6575120513314747
0.32284941217126356	3.6519683743639564
0.32359365692962827	3.646425095724979
0.32433961734934924	3.640882234772576
0.3250872973854344	3.635339810700712
0.3258367010020088	3.6297978425359054
0.32658783217233583	3.62512401285699
0.3273406948788382	3.6214290227775923
0.328095293113119	3.6177334745950773
0.32885163087598307	3.6140373274754447
0.32960971217745777	3.6103405397792114
0.3303695410368148	3.606643069052617
0.3311311214825911	3.6029448720187305
0.3318944575526104	3.599245904568496
0.33265955329400454	3.5955461217516858
0.333426412763235	3.591845477767783
0.3341950400261143	3.588143925956783
0.33496543915782767	3.584441418789903
0.3357376142429547	3.58073790786023
0.33651156937549076	3.577033343873266
0.3372873086588689	3.573327676637406
0.3380648362059816	3.5696208550543194
0.33884415613920255	3.5659128271092597
0.3396252725904084	3.5622035398612795
0.3404081897010009	3.5584929394333678
0.34119291162192855	3.554780971002492
0.3419794425137089	3.5510675787895623
0.3427677865464504	3.5473399854021794
0.34355794789987465	3.543605329075322
0.34434993076333853	3.5398690242297004
0.3451437393358563	3.5361310552742635
0.345939377826122	3.532391406223158
0.34673685045253166	3.5286500606910454
0.34753616144320587	3.5249070018883892
0.34833731503601184	3.5211622126166855
0.34914031547858615	3.5174156752636607
0.3499451670283573	3.51366737179842
0.350751873952568	3.5099172837665518
0.35156044052829816	3.506165392285194
0.35237087104248715	3.502411678038042
0.353183169791957	3.498656121270328
0.3539973410834347	3.4948987017837405
0.35481338923357547	3.491139398931306
0.3556313185689854	3.487378191612219
0.3564511334262443	3.483615058266635
0.35727283815192895	3.4798499768704008
0.35809643710263606	3.4760829249297513
0.35892193464500527	3.47231387947595
0.35974933515574237	3.468542817059889
0.36057864302164244	3.464769713746628
0.36140986263961333	3.4609945451098993
0.36224299841669866	3.4572172862265496
0.3630780547701014	3.4534379116709433
0.36391503612720716	3.4496563955093054
0.36475394692560786	3.4458727112940224
0.36559479161312497	3.4420868320578846
0.36643757464783333	3.438298730308286
0.3672823004980847	3.43450837802136
0.3681289736425315	3.430715746636077
0.3689775985701504	3.4269208070482744
0.3698281797802663	3.4231235296046476
0.37068072178257605	3.4193238840966735
0.37153522909717257	3.4155218397544984
0.3723917062545686	3.411717365240747
0.3732501577957206	3.407910428644297
0.3741105882720534	3.40410099747399
0.3749730022454836	3.400289038652292
0.3758374042884442	3.396474518508882
0.37670379898390893	3.3926574027742045
0.377572190925416	3.3888376565729557
0.37844258471709324	3.3850152444175086
0.3793149849736819	3.38119013020128
0.38018939632056115	3.3773622771920535
0.381065823393773	3.37353164802522
0.3819442708400465	3.369698204696981
0.38282474331682265	3.365861908557475
0.38370724549227875	3.3620227203038566
0.38459178204535355	3.358156687590067
0.38547835766577176	3.354277296808247
0.38636697705406914	3.350394795090152
0.3872576449216172	3.3465092233771982
0.3881503659906482	3.3426206230741653
0.38904514499428056	3.338729036052989
0.3899419866765434	3.3348345046565786
0.390840895792402	3.330937071702665
0.3917418771077831	3.3270367804876733
0.3926449353995998	3.32313367479063
0.3935500754557774	3.319227798877089
0.3944573020752784	3.3153191975031104
0.3953666200681279	3.3114079159192356
0.39627803425543945	3.3074939998745183
0.3971915494694403	3.3035774956205777
0.3981071705534972	3.2996584499156763
0.39902490236214205	3.2957369100288365
0.39994474976109745	3.291812923743985
0.4008667176273028	3.2878865393641257
0.4017908108489399	3.283957805715543
0.4027170343254591	3.280026772152045
0.40364539296760493	3.276093488559228
0.4045758916974427	3.2721580053587767
0.40550853544838383	3.2682203735128006
0.40644332916521275	3.264280644528196
0.40738027780411273	3.2603388704610414
0.4083193863326921	3.2563951039210344
0.40926065973001086	3.252449398075946
0.4102041029866068	3.248501806656127
0.41114972110452225	3.244552383959028
0.4120975190973302	3.240601184853768
0.4130475019901614	3.236648264785733
0.41399967481973043	3.232693679781204
0.4149540426343629	3.228737486452026
0.41591061049402206	3.2247797420003064
0.4168693834703354	3.2208205042231506
0.41783036664662176	3.2168598315174375
0.4187935651179184	3.2128977828846206
0.41975898399100753	3.2089344179355686
0.4207266283844441	3.2049697968954503
0.4216965034285822	3.201003980608645
0.422668614265603	3.1970370305436893
0.4236429660495411	3.193069008798269
0.4246195639463129	3.189099978104244
0.4255984131337431	3.185130001832706
0.42657951880159267	3.1811591439990803
0.4275628861515862	3.177187469268263
0.4285485203974395	3.173215042959793
0.4295364267648873	3.169241931053068
0.43052661049171065	3.1652682001925947
0.43151907682776525	3.161305262774981
0.43251383103500873	3.1573467689793033
0.4335108783875289	3.1533879061928722
0.43451022417157154	3.149428704429875
0.4355118736855686	3.1454691938499426
0.436515832240166	3.141509404758376
0.4375221051582521	3.1375493676063684
0.4385306977749857	3.1335891129912317
0.4395416154378245	3.1296286716566155
0.4405548635065533	3.1256680744927143
0.4415704473533125	3.121707352536492
0.44258837236262655	3.1177465369718833
0.44360864393143257	3.1137856591299937
0.4446312674691087	3.1098247504893144
0.4456562483975033	3.1058638426759106
0.44668359215096315	3.10190296746362
0.44771330417636257	3.09794215677424
0.4487453899331322	3.093981442677722
0.449779854893288	3.0900208573923464
0.45081670454146017	3.0860604332849113
0.4518559443749224	3.0821002028709015
0.4528975799036208	3.0781401988146624
0.4539416166502032	3.0741804539295714
0.4549880601500486	3.0702210011781976
0.4560369159512962	3.0662618736724627
0.4570881896148751	3.0623031046737994
0.4581418867145335	3.0583447275933047
0.4591980128368686	3.0543867759918784
0.4602565735813561	3.0504292835803772
0.4613175745603794	3.0464722842197474
0.46238102139926035	3.0425158119211626
0.46344691973628804	3.0385599008461512
0.46451527522274944	3.034604585306722
0.465586093522959	3.03064989976549
0.46665938031428866	3.026695878835788
0.46773514128719823	3.0227425572817768
0.46881338214526524	3.01878997001856
0.46989410860521547	3.0148381521122767
0.47097732639695294	3.0108871387802103
0.47206304126359055	3.0069369653908673
0.4731512589614805	3.0029876674640765
0.4742419852602447	2.9990392806710613
0.47533522594280536	2.995091840834529
0.47643098680541573	2.9911453839287305
0.47752927365769093	2.987199946079536
0.4786300923226384	2.9832555635644917
0.47973344863668915	2.9793122728128787
0.4808393484497286	2.9753701104057604
0.4819477976251274	2.9714291130760317
0.4830588020397727	2.9674893177084574
0.48417236758409943	2.963563013945615
0.4852885001621211	2.9596433077861866
0.4864072056914617	2.955724964818958
0.4875284901033864	2.9518079800451544
0.48865235934283363	2.947892348027744
0.48977881936844625	2.9439780628857672
0.4909078761526032	2.9400651182886026
0.492039535681451	2.9361535074501854
0.49317380395493593	2.93224322312316
0.4943106869868355	2.928334257592999
0.4954501908047903	2.9244266026720456
0.49659232145033616	2.9205202496935123
0.49773708497893604	2.916615189505422
0.4988844874600123	2.9127114124644904
0.5000345349769786	2.908808908429951
0.5011872336272724	2.9049076667573286
0.5023425895223872	2.901007676292144
0.5035006087879049	2.8971089253635744
0.5046612975635284	2.893211401778042
0.505824662003114	2.8893150928127525
0.5069907082747043	2.885419985209165
0.5081594425605604	2.8815260651664123
0.5093308710571953	2.877633318334653
0.5105049999754062	2.873741729808363
0.5116818355403077	2.8698512841195685
0.5128613839913648	2.865961965231013
0.514043651582426	2.8620737565292633
0.5152286445817564	2.858186640817755
0.5164163692720709	2.8543006003097693
0.5176068319505677	2.8504156166213455
0.5188000389289611	2.846531670764134
0.5199959965335159	2.842648743138181
0.5211947111050804	2.8387668135246438
0.5223961889991198	2.834885861078448
0.5236004365857502	2.8310058643208666
0.5248074602497725	2.827126801132043
0.5260172663907061	2.8232486487434354
0.5272298614228227	2.8193713837302052
0.5284452517751804	2.8154949820035204
0.5296634438916578	2.8116194188028043
0.5308844442309884	2.8077446686879046
0.5321082592667942	2.8038707055311938
0.5333348954876209	2.7999975025096004
0.5345643593969717	2.7961250320965676
0.5357966575133416	2.7922532660539363
0.5370317963702527	2.788382175423755
0.5382697825162883	2.784511730520022
0.5395106225151276	2.7806419009203514
0.5407543229455808	2.7767726554575516
0.5420008904016238	2.77290396221115
0.5432503314924332	2.769022666334968
0.5445026528424212	2.7651361574672895
0.5457578610912709	2.761250047259998
0.5470159628939716	2.7573643461999526
0.5482769649208538	2.7534790646092584
0.5495408738576245	2.7495942126424056
0.5508076964054034	2.7457098002833655
0.5520774392807574	2.741825837342671
0.5533501092157367	2.7379423334544533
0.5546257129579107	2.7340592980734626
0.5559042572704036	2.730176740472048
0.5571857489319298	2.72629466973711
0.5584701947368308	2.7224130947670244
0.5597576014951101	2.7185320242685322
0.5610479760324705	2.7146514667535984
0.5623413251903491	2.710771430536243
0.5636376558259545	2.7068919237293345
0.5649369748123025	2.7030129542413577
0.5662392890382533	2.699134529773137
0.5675446054085471	2.6952566578145443
0.5688529308438415	2.691379345641162
0.5701642722807475	2.687502600310913
0.571478636671867	2.683626428660663
0.5727960309858292	2.6797508373027856
0.5741164622073276	2.6758758326216903
0.5754399373371569	2.6720014207703238
0.5767664633922508	2.6681276076666305
0.5780960474057181	2.6642543989899776
0.5794286964268811	2.6603818001775497
0.580764417521312	2.6565098164207055
0.5821032177708715	2.652638452661294
0.5834451042737447	2.6487677135879446
0.5847900841444807	2.6448976036323106
0.5861381645140288	2.641028126965284
0.5874893525297767	2.6371592874931657
0.588843655355589	2.6332910888538037
0.5902010801718444	2.6294235344126955
0.591561634175474	2.6255566272590407
0.5929253245799998	2.6216903702017746
0.5942921586155727	2.617824765765541
0.5956621435290105	2.613959816186647
0.5970352865838369	2.610095523408961
0.5984115950603197	2.606231889079783
0.5997910762555094	2.60236891454567
0.6011737374832781	2.59850660084822
0.6025595860743578	2.5946449487198207
0.6039486293763798	2.5907839585793493
0.6053408747539136	2.586923630527839
0.6067363295885054	2.583063964344097
0.6081350012787179	2.5792049594802875
0.6095368972401692	2.575339041761295
0.610942024905572	2.5714704941186786
0.6123503917247736	2.5676025734504684
0.6137620051647943	2.5637353041209225
0.6151768727098682	2.559868710509728
0.6165950018614822	2.556002817010837
0.618016400138416	2.5521376480312776
0.6194410750767815	2.548273227989962
0.6208690342300636	2.544409581316465
0.6223002851691596	2.5405467324497977
0.6237348354824193	2.536684705837163
0.6251726927756859	2.532823525932689
0.6266138646723355	2.528963217196155
0.628058358813318	2.525103804091695
0.6295061828571976	2.521245311086488
0.6309573444801934	2.5173877626494274
0.6324118513762195	2.5135311832497824
0.633869711256927	2.5096755973558307
0.6353309318517437	2.5058210294334837
0.6367955209079159	2.5019675039448894
0.6382634861905487	2.498115045347023
0.6397348354826482	2.4942636780902516
0.6412095765851616	2.490413426616887
0.6426877173170197	2.4865643153597228
0.6441692655151774	2.482716368740547
0.6456542290346556	2.4788696111686432
0.6471426157485832	2.475024067039266
0.6486344335482385	2.471179760732104
0.6501296903430908	2.4673367166097218
0.6516283940608427	2.4634949590159825
0.6531305526474724	2.459654512274454
0.654636174067275	2.455815400686791
0.6561452663029055	2.4519776485311033
0.6576578373554206	2.4481412800603
0.6591738952443215	2.444306319500417
0.6606934480075961	2.440472791048923
0.662216503701762	2.4366407188730057
0.6637430704019089	2.4328101271078393
0.6652731562017414	2.4289810398548246
0.6668067692136223	2.425153481179824
0.6683439175686147	2.4213274751113554
0.6698846094165265	2.4175030456387803
0.6714288529259524	2.413680216710467
0.6729766562843179	2.4098590122319266
0.6745280276979221	2.4060394560639353
0.6760829753919819	2.4022215720206312
0.6776415076106752	2.398405383867589
0.6792036326171846	2.394590915319871
0.6807693586937414	2.390778190040061
0.6823386941416696	2.3869672316362704
0.6839116472814293	2.3831636315576104
0.6854882264526615	2.3793642635872185
0.6870684400142321	2.375566755538784
0.688652296344276	2.37177111147302
0.6902398038402419	2.3679773351176445
0.6918309709189364	2.3641854298626694
0.6934258060165691	2.360395398755635
0.6950243175887968	2.356607244496813
0.6966265141107687	2.352820969434348
0.6982324040771714	2.349036575559364
0.6998419960022735	2.3452540645010185
0.7014552984199712	2.34147343752151
0.7030723198838335	2.3376946955110354
0.7046930689671469	2.3339178389827073
0.7063175542629619	2.3301428680674126
0.7079457843841379	2.326369782508627
0.7095777679633888	2.3225985816571804
0.711213513653329	2.318829264465974
0.7128530301265195	2.315061829484641
0.7144963260755133	2.3112962748541643
0.716143410212902	2.3075325983014356
0.7177942912713617	2.303770797133772
0.7194489780036994	2.30001086823337
0.7211074791828996	2.2962528080517175
0.7227698036021702	2.292496612603946
0.72443596007499	2.2887422774631334
0.7261059574351547	2.284989797754549
0.727779804536824	2.2812391681498503
0.7294575102545687	2.277490382861221
0.7311390834834174	2.2737434356354553
0.732824533138904	2.2699983197479847
0.734513868157115	2.2662550279968556
0.7362070974947361	2.2625135526966407
0.737904230129101	2.258773885672303
0.7396052750582378	2.2550360182529965
0.7413102413009175	2.2512999412658092
0.7430191378967014	2.247565645029454
0.744731973905989	2.2438331193478933
0.7464487584100665	2.24010235350391
0.7481695005111544	2.236373336252614
0.7498942093324559	2.2326460558148953
0.7516228940182055	2.228920499870808
0.7533555637337174	2.2251966555529026
0.7550922276654339	2.2214745094394863
0.7568328950209744	2.2177540475478312
0.7585775750291838	2.2140352553273135
0.7603262769401818	2.210318117652491
0.762079010025412	2.20660261881612
0.7638357835776907	2.202888742522101
0.7655966069112563	2.199176471878367
0.7673614893618189	2.195456894357162
0.7691304402866096	2.191735023693478
0.7709034690644301	2.1880146683011743
0.7726805850957024	2.1842958396792924
0.7744617978025188	2.1805785491228393
0.7762471166286917	2.1768628077193957
0.7780365510398041	2.173148626345694
0.7798301105232588	2.169436015664163
0.7816278045883297	2.165724986119434
0.7834296427662119	2.1620155479348124
0.7852356346100718	2.1583077111087206
0.7870457896950986	2.154601485411094
0.7888601176185545	2.150896880379751
0.7906786279998251	2.1471939053167217
0.7925013304804718	2.143492569284541
0.7943282347242815	2.1397928811025078
0.7961593504173188	2.1360948493429
0.7979946872679766	2.1323984823271607
0.7998342550070284	2.1287037881220403
0.8016780633876791	2.1250107745357045
0.8035261221856173	2.1213194491138005
0.8053784411990667	2.1176298191354848
0.8072350302488382	2.113941891609418
0.8090958991783823	2.1102556732697115
0.8109610578538409	2.106571170571839
0.8128305161640993	2.102888389688509
0.8147042840208396	2.0992073365054944
0.8165823713585925	2.0955280166174215
0.81846478813479	2.091850435323522
0.8203515443298183	2.0881745976233366
0.8222426499470712	2.084500508212383
0.8241381150130024	2.0808281714777794
0.8260379495771788	2.0771575914938234
0.8279421637123342	2.073488772017536
0.8298507675144225	2.069821716484149
0.8317637711026711	2.066156428002565
0.8336811846196344	2.062492909350758
0.835603018231248	2.058831162971142
0.8375292821268826	2.055171190965888
0.8394599865193975	2.0515129950921978
0.8413951416451951	2.0478565767575354
0.8433347577642755	2.0442019370148063
0.84527884516029	2.0405490765574963
0.8472274141405965	2.0368979957147624
0.8491804750363139	2.0332486944464767
0.8511380382023765	2.02960117233822
0.8531001140175896	2.025955428596234
0.8550667128846834	2.0223114620423193
0.8570378452303697	2.0186692711086884
0.8590135215053958	2.015028853832772
0.8609937521846007	2.0113836909751073
0.8629785477669704	2.0077374663069016
0.8649679187756933	2.004092980572027
0.8669618757582167	2.000450252775956
0.8689604292863019	1.996809301816574
0.8709635899560808	1.9931701464817093
0.8729713683881117	1.9895328054466295
0.8749837752274362	1.9858972972715112
0.8770008211436349	1.9822636403988836
0.8790225168308845	1.9786318531510447
0.8810488730080143	1.9750019537274497
0.8830799004185629	1.9713739602020743
0.8851156098308356	1.967747890520743
0.887156012037961	1.9641237624984373
0.8892011178579485	1.9605015938165722
0.8912509381337457	1.9568814020202403
0.8933054837332954	1.9532632045154328
0.895364765549594	1.9496470185662287
0.8974287945007486	1.9460328612919529
0.8994975815300353	1.9424207496643087
0.9015711376059571	1.938810700504473
0.9036494737223016	1.9352027304801727
0.9057326008982003	1.9315968561027177
0.9078205301781859	1.9279930937240128
0.9099132726322517	1.9243914595335334
0.9120108393559097	1.9207919695552742
0.9141132414702502	1.9171946396446586
0.9162204901219997	1.9135994854854268
0.9183325964835808	1.9100065225864828
0.9204495717531712	1.9064157662787142
0.9225714271547631	1.9028272317117754
0.9246981739382225	1.8992409338508434
0.9268298233793492	1.8956568874733337
0.9289663867799363	1.8920751071655892
0.9311078754678302	1.888495607319529
0.933254300796991	1.8849184021292669
0.9354056741475518	1.8813435055876977
0.9375620069258802	1.8777709314830424
0.9397233105646378	1.8742006933953643
0.9418895965228413	1.8706328046930456
0.9440608762859233	1.867067278529232
0.946237161365793	1.8635041278382378
0.9484184633008971	1.8599433653319215
0.9506047936562815	1.8563850034960132
0.9527961640236519	1.8528290545864186
0.9549925860214359	1.8492755306254758
0.9571940712948444	1.8457244433981794
0.9594006315159331	1.8421758044483685
0.9616122783836646	1.838629625074868
0.9638290236239705	1.835085916327604
0.9660508789898133	1.8315423530444468
0.9682778562612491	1.8280002671969957
0.9705099672454897	1.8244606741241725
0.9727472237769651	1.820923591941575
0.9749896377173869	1.8173890386083842
0.9772372209558107	1.8138570319243232
0.9794899854086988	1.810327589526579
0.9817479430199844	1.8068007288866927
0.9840111057611337	1.803276467307421
0.9862794856312105	1.799754821919563
0.9885530946569389	1.7962358096787523
0.9908319448927676	1.79271944736222
0.9931160484209338	1.7892057515655235
0.995405417351527	1.785694738699236
0.9977000638225533	1.7821864249856125
1.	1.7786808264552123
1.0023052380778998	1.7751779589434897
1.0046157902783952	1.7716778380873561
1.0069316688518044	1.7681804793216933
1.0092528860766845	1.7646858978758484
1.0115794542598988	1.7611941087700775
1.0139113857366795	1.7577051268119657
1.016248692870696	1.7542189665928012
1.0185913880541169	1.7507356424839193
1.0209394837076802	1.7472551686330067
1.023292992280754	1.74377755896037
1.0256519262514079	1.7403028271551628
1.0280162981264735	1.7368309866715836
1.0303861204416165	1.7333620507250227
1.0327614057613974	1.7298960322881844
1.0351421666793441	1.726432944087158
1.0375284158180127	1.7229727985974592
1.0399201658290596	1.719515608040029
1.0423174293933042	1.7160613843771868
1.0447202192208003	1.7126101393085542
1.0471285480508996	1.7091618842669294
1.0495424286523225	1.7057166304141254
1.051961873823223	1.7022743886367655
1.0543868963912593	1.6988351695420367
1.0568175092136585	1.6953989834534036
1.0592537251772887	1.6919658404062745
1.0616955571987248	1.6885357501436355
1.064143018224316	1.68510872211163
1.066596121230258	1.6816847654551008
1.0690548792226577	1.6782638890130896
1.0715193052376064	1.6748461013142875
1.0739894123412446	1.671431410572449
1.076465213629835	1.668019824681751
1.0789467222298286	1.664611351212118
1.081433951297938	1.661205997404489
1.0839269140212033	1.6578030177060035
1.0864256236170655	1.6544028443452177
1.0889300933334332	1.6510058072974279
1.0914403364487566	1.6476119150489497
1.0939563662720937	1.6442211757690404
1.096478196143185	1.6408335973052373
1.0990058394325208	1.6374491871786556
1.101539309541415	1.634067952579238
1.104078619902073	1.630689900360963
1.1066237839776665	1.627315037036998
1.1091748152624008	1.6239433687748157
1.1117317272815914	1.6205749013912512
1.1142945335917298	1.6172096403475285
1.1168632477805611	1.6138475907442187
1.1194378834671515	1.6104887573161686
1.1220184543019636	1.6071331444273642
1.1246049739669264	1.6037807560657602
1.1271974561755105	1.6004315958380446
1.1297959146727976	1.5970856669643698
1.1324003632355573	1.5937429722730139
1.1350108156723149	1.5904035141950137
1.137627285823431	1.5870672947587212
1.1402497875611686	1.583734315584334
1.1428783347897717	1.5804045778783504
1.1455129414455354	1.5770780824279913
1.1481536214968828	1.5737548295955524
1.1508003889444356	1.570434819312718
1.1534532578210923	1.5671180510748088
1.1561122421920986	1.5638045239349825
1.1587773561551262	1.5604942364983752
1.1614486138403426	1.5571871869161942
1.1641260294104914	1.5538833728797443
1.1668096170609623	1.5505827916144113
1.1694993910198712	1.5472854398735745
1.1721953655481303	1.5439913139324777
1.1748975549395297	1.5407004095820243
1.1776059735208073	1.5374127221225362
1.1803206356517297	1.5341282463574313
1.1830415557251646	1.5308469765868618
1.1857687481671602	1.5275689066012788
1.1885022274370183	1.524294029674946
1.1912420080273751	1.5210223385593862
1.193988104464273	1.5177538254767762
1.1967405313072437	1.5144884821132651
1.1994993031493788	1.5112262996122496
1.2022644346174132	1.5079672685675687
1.2050359403717974	1.5047113790166515
1.2078138351067804	1.5014586204335854
1.2105981335504823	1.4982089817221376
1.2133888504649775	1.4949624512086943
1.2161860006463678	1.4917113628086707
1.2189895989248667	1.488460033373682
1.2217996601648717	1.4852117425563904
1.2246161992650488	1.4819665028448583
1.2274392311584073	1.4787243264822316
1.2302687708123818	1.4754852254628297
1.233104833228909	1.4722492115282149
1.2359474334445106	1.4690162961632074
1.238796586530369	1.4657864905918723
1.2416523075924113	1.4625598057734575
1.244514611771385	1.4593362523983002
1.2473835142429432	1.4561158408836836
1.2502590302177201	1.4528985813696642
1.2531411749414163	1.4496844837148462
1.2560299636948749	1.4464735574921235
1.2589254117941675	1.443265811984374
1.2618275345906707	1.4400612561801178
1.2647363474711515	1.4368598987691248
1.2676518658578455	1.4336617481379876
1.270574105208542	1.430466812365644
1.2735030810166617	1.4272750992188656
1.276438808811344	1.4240866161476882
1.2793813041575246	1.4209013702808129
1.2823305826560218	1.4177193684209517
1.2852866599436155	1.4145406170401356
1.2882495516931343	1.4113651222749692
1.2912192736135342	1.4081928899218483
1.2941958414499863	1.4050239254321242
1.297179270983956	1.4018582339072265
1.3001695780332907	1.3986958200937354
1.3031667784522993	1.395536688378409
1.3061708881318417	1.3923808427831614
1.309181922999407	1.3892282869599926
1.3121998990192034	1.3860790241858723
1.3152248321922384	1.3829330573575713
1.3182567385564075	1.3797903889864467
1.3212956341865751	1.3766510211931757
1.324341535194665	1.3735149557024369
1.3273944577297394	1.3703821938375491
1.3304544179780915	1.3672527365150473
1.333521432163324	1.3641265842392194
1.3365955165464425	1.361003737096581
1.3396766874259352	1.3578841947503055
1.3427649611378643	1.3547679564345958
1.3458603540559484	1.3516550209490077
1.348962882591654	1.3485453866527155
1.3520725631942772	1.3454390514587282
1.3551894123510364	1.3423360128280433
1.3583134465871542	1.3392362677637597
1.3614446824659503	1.3361398128051172
1.3645831365889245	1.3330409229757774
1.3677288255958495	1.3299428302137482
1.3708817661648536	1.3268479911421476
1.3740419750125157	1.3237564202244052
1.3772094688939465	1.3206681317050954
1.3803842646028852	1.3175831396062847
1.383566378971781	1.3145014577238692
1.3867558288718889	1.3114230996238514
1.3899526312133532	1.3083480786385966
1.3931568029453036	1.3052764078630412
1.3963683610559376	1.3022081001508703
1.3995873225726185	1.299143168110651
1.4028137045619582	1.2960816241019357
1.4060475241299144	1.2930234802313145
1.4092887984218747	1.2899687483484432
1.4125375446227548	1.2869174400420165
1.4157937799570817	1.2838695666357185
1.4190575216890926	1.2808251391841126
1.4223287871228198	1.2777841684685132
1.425607593602188	1.2747466649927992
1.428893958511103	1.2717126389791935
1.432187899273543	1.2686821003640054
1.435489433353656	1.2656550587933173
1.4387985782558452	1.262631523618651
1.4421153515248688	1.259611503892566
1.4454397707459272	1.2565950083642374
1.4487718535447618	1.2535820454749758
1.452111617587742	1.2505726233537133
1.455459080581966	1.2475667498124354
1.4588142602753482	1.2445644323415814
1.4621771744567182	1.2415656781053879
1.4655478409559113	1.238570493937197
1.468926277643867	1.2355788863347104
1.4723125024327186	1.2325908614552061
1.4757065332758947	1.229606425110702
1.4791083881682072	1.2266255827630796
1.4825180851459536	1.2236483395191524
1.4859356422870067	1.2206747001256975
1.4893610777109154	1.2177046689644277
1.492794409578996	1.214738250046928
1.4962356560944337	1.2117754470095305
1.4996848355023733	1.208816263108154
1.5031419660900225	1.2058607012130818
1.5066070661867417	1.2029087638036997
1.5100801541641484	1.1999604529631764
1.513561248436208	1.1970157703730986
1.5170503674593367	1.1940747173080533
1.5205475297324955	1.191137294630158
1.5240527537972914	1.1882035027835383
1.5275660582380723	1.1852733417887595
1.5310874616820302	1.182343778295623
1.5346169827992941	1.1794165271686405
1.5381546403030348	1.1764928920636775
1.5417004529495593	1.173572881768313
1.545254439538414	1.1706565047639992
1.5488166189124812	1.1677437692215773
1.5523870099580825	1.1648346829967413
1.5559656316050743	1.1619292536254635
1.559552502826954	1.159027488319373
1.5631476426409538	1.1561293939610897
1.5667510701081493	1.1532349770995143
1.5703628043335522	1.1503442439450724
1.5739828644662197	1.1474572003649102
1.5776112696993485	1.144573851878051
1.5812480392703834	1.1416942036504962
1.5848931924611134	1.1388182604902857
1.5885467485977791	1.135946026842508
1.59220872705117	1.1330775067842647
1.5958791472367329	1.1302127040195842
1.5995580286146687	1.12735162187429
1.6032453906900417	1.124494263290815
1.6069412530128773	1.1216406308229752
1.6106456351782708	1.118790726630681
1.6143585568264862	1.1159445524746134
1.6180800376430662	1.1131021097108356
1.6218100973589298	1.110263399285363
1.6255487557504842	1.1074284217286765
1.6292960326397223	1.1045971771501888
1.6330519478943346	1.1017696652326525
1.6368165214278085	1.0989458852265215
1.6405897731995396	1.0961258359442523
1.6443717232149315	1.0933095157545627
1.6481623915255086	1.0904969225766212
1.651961798229015	1.0876880538741984
1.6557699634695284	1.084882906649748
1.6595869074375604	1.0820814774384473
1.6634126503701698	1.0792837623021674
1.6672472125510627	1.076489756823401
1.6710906143107078	1.0736994560991202
1.6749428760264373	1.0709128547345892
1.6788040181225607	1.0681299468371102
1.6826740610704674	1.0653507260097173
1.6865530253887415	1.062575185344806
1.690440931643264	1.0598033174177108
1.6943378004473288	1.0570351142802155
1.6982436524617444	1.054270567454012
1.7021585083949509	1.0515096679240872
1.7060823890031234	1.048752406132062
1.710015315090288	1.0459987719694581
1.7139573075084253	1.04324875477091
1.7179083871575884	1.0404939771755946
1.721868574986007	1.037739160029859
1.725837891990204	1.0349878905309442
1.7298163592151015	1.0322401847299991
1.7338039977541384	1.0294960584893944
1.7378008287493754	1.0267555274794287
1.7418068733916146	1.0240186071749993
1.7458221529205038	1.0212853128522443
1.7498466886246573	1.018555659585143
1.7538805018417611	1.0158296622420897
1.7579236139586931	1.013107335482428
1.7619760464116292	1.0103886937529531
1.7660378206861649	1.0076737512843756
1.770108958317421	1.004962522087756
1.7741894808901661	1.0022550199508946
1.7782794100389228	0.9995512584346954
1.78237876744809	0.9968512508694841
1.7864875748520508	0.9941550103512982
1.7906058540352947	0.9914625497381317
1.7947336268325265	0.9887738816461518
1.7988709151287883	0.9860890184458673
1.803017740859569	0.9834079722582711
1.8071741260109275	0.9807307549509332
1.8113400926196026	0.9780573781340627
1.8155156627731361	0.9753878531565279
1.8197008586099834	0.9727221911018398
1.8238957023196385	0.9700604027840894
1.8281002161427427	0.9674024987438576
1.832314422371212	0.9647484892440684
1.8365383433483464	0.9620983842658186
1.8407720014689564	0.9594521935041527
1.8450154191794736	0.9568099263638066
1.8492686189780787	0.9541715919549021
1.8535316234148114	0.951537199088608
1.857804455091699	0.948906756272748
1.8620871366628675	0.9462802717073789
1.8663796908346704	0.9436577532803121
1.8706821403658007	0.9410392085626056
1.8749945080674193	0.9384246448040006
1.8793168168032686	0.9358140689283233
1.883649089489801	0.933207487528834
1.8879913490962936	0.9306049068635391
1.892343618644976	0.9280063328504525
1.8967059212111463	0.9254117710628156
1.9010782799233006	0.9228212267242665
1.9054607179632472	0.9202347047039696
1.9098532585662378	0.9176522095116916
1.914255925021086	0.9150737452928352
1.9186687406702891	0.912499315823425
1.9230917289101586	0.9099289245050425
1.9275249131909356	0.9073598561914514
1.9319683170169242	0.9047936511635185
1.936421963946607	0.9022314811756376
1.9408858775927782	0.8996733575064667
1.9453600816226624	0.8971192911651195
1.9498445997580456	0.8945692928870616
1.9543394557753944	0.8920233731299799
1.95884467350599	0.8894815420695986
1.9633602768360463	0.8869438095954647
1.967886289706845	0.8844101853066845
1.9724227361148534	0.8818806785076255
1.976969640111861	0.87935529820357
1.9815270258050979	0.8768340530963327
1.9860949173573716	0.8743169515798286
1.9906733389871865	0.8718040017356075
1.9952623149688797	0.8692952113283341
1.9998618696327437	0.8667905878012353
2.0044720273651615	0.8642901382714941
2.0090928126087277	0.8617938695256081
2.0137242498623884	0.8593017880146934
2.0183663636815607	0.8568138998497542
2.023019178678272	0.8543302107968971
2.0276827195212817	0.8518507262725076
2.032357010936222	0.8493754513383733
2.037042077705718	0.8469043906967675
2.0417379446695296	0.8444375486854788
2.046444636724674	0.8419749292728008
2.0511621788255656	0.8395165360524663
2.0558905959841414	0.8370623722385401
2.0606299132700006	0.8346124406602587
2.065380155810529	0.8321667437568241
2.0701413487910423	0.8297252835721444
2.0749135174549096	0.8272880617495304
2.079696687103696	0.8248550795263359
2.084490883097289	0.8224263377285523
2.0892961308540396	0.820001836765349
2.0941124558508926	0.8175815766235637
2.0989398836235242	0.8151655568621411
2.1037784397664754	0.8127537766065198
2.1086281499332897	0.8103462345429633
2.1134890398366464	0.8079429289128436
2.1183611352485023	0.8055438575068629
2.123244462000219	0.8031490176592335
2.1281390459827123	0.8007584062417888
2.133044913146576	0.7983720196580522
2.1379620895022327	0.7959898538372411
2.1428906011200586	0.7936119042282231
2.1478304741305343	0.7912381657934078
2.1527817347243725	0.7888686330025917
2.157744409152667	0.7865032998267315
2.16271852372702	0.7841394978035944
2.167704104819695	0.7817787257165688
2.1727011788637443	0.7794221213115762
2.1777097723531593	0.7770696857323056
2.1827299118430012	0.7747214197198836
2.187761623949553	0.7723773236075304
2.1928049353504484	0.7700373973151788
2.197859872784825	0.7677016403440348
2.202926463053456	0.765370051771089
2.2080047330189	0.7630426302435784
2.2130947096056377	0.7607193739733935
2.2181964198002193	0.7584002807314337
2.223309890651403	0.7560853478419137
2.2284351492703043	0.7537745721766091
2.2335722228305315	0.7514679501490569
2.23872113856834	0.7491654777086948
2.2438819237827663	0.746867150334951
2.2490546058357817	0.7445729630312756
2.254239212152429	0.742282910319121
2.259435770220978	0.7399969862318573
2.2646443075930596	0.7377151843086458
2.2698648518838223	0.7354374975882405
2.2750974307720706	0.7331639186027438
2.2803420720004186	0.7308944393712974
2.28559880337543	0.7286290513937195
2.2908676527677736	0.726367745644079
2.296148648112362	0.7241105125642179
2.301441817408509	0.7218573420572025
2.306747188720069	0.7196082234807288
2.312064790175595	0.7173631456404529
2.3173946499684783	0.715122096783272
2.3227367963571073	0.7128850645905362
2.328091257665008	0.710652036171204
2.3334580622810033	0.7084229980549293
2.338837238659355	0.7061979361850904
2.344228815319923	0.7039768359117515
2.3496328208483073	0.7017596819845655
2.35504928389601	0.6995464585456034
2.360478233180577	0.6973371491221285
2.365919697485759	0.6951317366192972
2.371373705661655	0.6929302033127991
2.3768402866248772	0.6907325308414247
2.38231946935869	0.6885387001995728
2.3878112829131783	0.686348691729681
2.3933157564053875	0.6841624851146011
2.3988329190194912	0.6819800593698877
2.4043628000069335	0.6798013928360369
2.4099054286865957	0.6776264631706362
2.41546083444494	0.6754552473404616
2.421029046736179	0.6732877216134868
2.4266100950824154	0.6711152749346259
2.432204009073816	0.6689427395222488
2.4378108183687526	0.6667737839386467
2.4434305526939726	0.6646084113531951
2.4490632418447453	0.662446624609107
2.454708915685031	0.6602884262189874
2.4603676041476272	0.6581338183603576
2.46603933723434	0.6559828028711245
2.4717241450161302	0.6538353812450185
2.4774220576332864	0.651691554626978
2.4831331052955705	0.6495513238084986
2.4888573182823914	0.6474146892229327
2.494594726942955	0.6452816509407484
2.500345361696432	0.6431522086647419
2.506109253032114	0.6410263617252057
2.511886431509581	0.6389041090750494
2.5176769277588558	0.6367854492848799
2.5234807724805757	0.6346703805380275
2.529297996446145	0.6325589006255349
2.5351286304979084	0.6304510069410895
2.540972705549305	0.6283466964759175
2.5468302525850417	0.6262459658136228
2.552701302661247	0.6241488111249848
2.5585858869056453	0.6220552281627001
2.5644840365177175	0.6199652122560826
2.5703957827688635	0.6178787583057104
2.5763211570025755	0.6157958607780224
2.582260190634596	0.6137165136998691
2.588212915153092	0.6116407106530065
2.5941793621188136	0.6095684447685471
2.6001595631652723	0.6074997087213512
2.6061535499988953	0.6054344947243736
2.6121613543992064	0.603372794522953
2.6181830082189848	0.6013145993890532
2.624218543384442	0.5992599001154476
2.6302679918953813	0.5972086870098524
2.6363313858253803	0.5951609498890046
2.642408757321946	0.5931166780726899
2.648500138606701	0.5910758603777067
2.654605561975539	0.5890384851117871
2.6607250597988097	0.5870045400674511
2.666858664521479	0.5849740125158129
2.6730064086633116	0.582946889200325
2.6791683248190314	0.5809231563304706
2.6853444456585076	0.5789027995753926
2.691534803926915	0.5768858040574703
2.6977394324449206	0.5748721543458333
2.703958364108843	0.5728618344498215
2.7101916318908432	0.5708548278123788
2.7164392688390824	0.568851117303396
2.7227013080779128	0.5668413948008003
2.7289777828080406	0.5648308975114779
2.7352687263067126	0.5628236037970283
2.741574171927882	0.5608195263858741
2.7478941531023975	0.5588186778466953
2.7542287033381663	0.5568210705857112
2.7605778562203462	0.554826716843924
2.7669416454115114	0.5528356286943485
2.773320104651841	0.5508478180391996
2.7797132677592886	0.5488632966070636
2.7861211686297707	0.5468820759500332
2.792543841237338	0.5449041674408186
2.798981319634363	0.5429295822698267
2.805433637951713	0.5409583314422146
2.811900830398941	0.5389904257749085
2.8183829312644537	0.5370258758935997
2.8248799749157074	0.5350646922297051
2.831391995799379	0.5331068850173012
2.8379190284415565	0.5311524642900246
2.8444611074479154	0.529201439877947
2.85101826750391	0.5272538214044122
2.8575905433749464	0.5253096182828499
2.8641779699065815	0.5233688397135504
2.8707805820246906	0.5214314946804158
2.8773984147356697	0.5194975919476702
2.8840315031266055	0.5175671400565472
2.8906798823654762	0.5156401473219365
2.897343587701323	0.5137166218290055
2.904022654464451	0.5117965714297801
2.910717118066605	0.5098800037396997
2.9174270140011673	0.507966926134133
2.924152377843335	0.5060573457448644
2.9308932452503216	0.5041512694565414
2.9376496519615305	0.502248703903095
2.9444216337987617	0.5003496554641146
2.9512092266663856	0.49845413026120083
2.9580124665515464	0.4965621341542723
2.9648313895243423	0.4946736727378436
2.971666031738027	0.4927887513372624
2.9785164294291895	0.49090737500491777
2.9853826189179604	0.4890295485164017
2.992264636608189	0.4871552763666449
2.9991625189876516	0.4852845627660062
3.0060763026282307	0.48341741163633317
3.013006024186122	0.48155382660697604
3.019951720402016	0.47969381101077285
3.0269134281013064	0.47783736787998793
3.0338911841942706	0.47598449994222003
3.04088502567628	0.4741352096162632
3.047894989627983	0.4722894990079365
3.054921113215514	0.47044354509791303
3.061963433690677	0.46859951301313374
3.069021988391158	0.46675904953991454
3.076096814740708	0.4649221687538331
3.083187950249355	0.4630888845802684
3.0902954325135905	0.4612592107917601
3.097419299216581	0.4594331610053376
3.1045595881283554	0.4576107486798253
3.1117163371060186	0.4557919871131171
3.118889584093937	0.45397688943942843
3.126079367123956	0.45216546862651485
3.1332857243155856	0.4503577374728678
3.1405086938762183	0.4485537086048775
3.1477483141013156	0.4467533944739732
3.1550046233746274	0.4449568073537276
3.1622776601683795	0.4431639593369403
3.169567463043492	0.4413748623326849
3.1768740706497707	0.4395895280633321
3.1841975217261256	0.4378079680615395
3.1915378551007616	0.43603019366721507
3.198895109691399	0.4342562160244461
3.206269324505466	0.432486046078403
3.213660538640318	0.430719694572207
3.2210687912834346	0.4289571720437721
3.2284941217126364	0.4271984888226116
3.2359365692962827	0.4254436550266174
3.2433961734934935	0.4236926805588024
3.250872973854344	0.4219455751040169
3.2583670100200885	0.4202023481256281
3.265878321723358	0.41846300886216975
3.273406948788383	0.41672756632395747
3.2809529311311905	0.41499602928967344
3.2885163087598315	0.4132684063029136
3.2960971217745776	0.4115447056687076
3.303695410368149	0.4098249354499971
3.311311214825911	0.4081091034640878
3.3189445755261047	0.40639721727906125
3.326595532940045	0.40468928421015454
3.3342641276323506	0.40298531131610443
3.3419504002611427	0.4012853053954581
3.3496543915782775	0.39958927298284325
3.3573761424295467	0.39789722034520936
3.365115693754908	0.3962091534780263
3.372873086588689	0.39452507810145143
3.380648362059817	0.3928449996564561
3.3884415613920256	0.3911689233009186
3.3962527259040853	0.3894968539056765
3.404081897010009	0.3878287960505445
3.4119291162192864	0.38616475402029
3.4197944251370886	0.38450473180057676
3.4276778654645046	0.3828454752342411
3.4355794789987466	0.3811888306272255
3.443499307633384	0.3795362027467236
3.451437393358563	0.37788760563858775
3.459393778261219	0.3762430531856174
3.4673685045253166	0.3746025591047699
3.4753616144320576	0.37296613694434955
3.483373150360118	0.37133380008116346
3.4914031547858606	0.36970556171765284
3.499451670283573	0.36808143487899164
3.5075187395256795	0.3664614324101616
3.5156044052829816	0.3648455669729914
3.523708710424871	0.36323385104317235
3.53183169791957	0.36162629690724035
3.5399734108343464	0.3600229166595312
3.548133892335755	0.35842372219910135
3.5563131856898527	0.35682872522662434
3.5645113342624426	0.3552379372412489
3.5727283815192883	0.35365136953743426
3.5809643710263606	0.35206903320174704
3.5892193464500517	0.35049093910963225
3.5974933515574232	0.34891709792214776
3.6057864302164235	0.34734752008267133
3.6140986263961334	0.34578221581357105
3.6224299841669856	0.3442211951128476
3.630780547701014	0.34266446775073867
3.639150361272071	0.34111204326629635
3.6475394692560785	0.33956393096392423
3.6559479161312485	0.3380201399098876
3.664375746478333	0.3364806789287841
3.672823004980846	0.33494555659998454
3.681289736425315	0.3334147812540356
3.6897759857015027	0.33188836096903157
3.6982817978026628	0.3303663035669459
3.7068072178257596	0.32884861660993403
3.715352290971726	0.3273353073965932
3.7239170625456848	0.3258263829581934
3.732501577957206	0.3243218500548655
3.741105882720533	0.3228217151717593
3.7497300224548358	0.32132598451515815
3.758374042884441	0.3198346640085628
3.767037989839089	0.3183477592887319
3.77572190925416	0.3168652757016897
3.7844258471709336	0.3153872182986919
3.793149849736819	0.31391359183215595
3.801893963205613	0.31244440075154967
3.81065823393773	0.3109796491992452
3.8194427084004663	0.3095193410063271
3.8282474331682264	0.30806347968836834
3.8370724549227884	0.30661206844115974
3.8459178204535354	0.3051629693653653
3.8547835766577188	0.30371739601933684
3.8636697705406915	0.302276271692143
3.8725764492161727	0.30083960568102464
3.8815036599064823	0.2994074070446167
3.8904514499428067	0.2979796845994249
3.899419866765434	0.2965564469162703
3.908408957924021	0.2951377023166976
3.9174187710778305	0.29372345886935136
3.926449353995999	0.2923137243863131
3.9355007545577743	0.2909085064194093
3.944573020752785	0.28950781225647615
3.953666200681279	0.2881116489175964
3.9627803425543955	0.2867200231512926
3.971915494694403	0.2853329414306906
3.981071705534973	0.28395040994964077
3.9902490236214203	0.2825724346188064
3.9994474976109755	0.28119902106171063
4.008667176273028	0.27983017461075127
4.0179081084894	0.2784659003031705
4.027170343254591	0.2771062028769934
4.036453929676051	0.27575108676692217
4.045758916974426	0.27440055610019554
4.055085354483839	0.27305461469240566
4.0644332916521275	0.27171326604327867
4.073802778041128	0.2703765133324118
4.083193863326921	0.26904435941497407
4.09260659730011	0.2677168068173617
4.1020410298660686	0.26639385773281915
4.111497211045223	0.2650755140170113
4.120975190973302	0.2637617771835608
4.130475019901614	0.26245264839953825
4.139996748197304	0.26114812848091506
4.149540426343631	0.2598482178879687
4.1591061049402205	0.25855291672064956
4.168693834703355	0.25726222471390003
4.178303666466218	0.25597614123293466
4.187935651179185	0.25469466526847245
4.1975898399100755	0.2534177954319271
4.207266283844442	0.25214552995055023
4.216965034285822	0.25087786666253303
4.226686142656031	0.24961480301205857
4.2364296604954115	0.24835633604431123
4.24619563946313	0.24710246240043776
4.2559841313374305	0.24585317831246367
4.265795188015928	0.24460847959816062
4.275628861515862	0.2433683616558691
4.285485203974396	0.2421328194592699
4.295364267648873	0.24090184755211108
4.3052661049171075	0.2396754400428833
4.3151907682776525	0.23845052103302444
4.325138310350088	0.23722882017070326
4.335108783875289	0.23601165092421744
4.345102241715717	0.23479901625188523
4.355118736855686	0.23359091879727822
4.365158322401661	0.2323873608850207
4.375221051582521	0.23118834451655268
4.385306977749858	0.22999387136584976
4.395416154378245	0.22880394277510524
4.405548635065534	0.22761855975037018
4.4157044735331255	0.2264377229571545
4.425883723626267	0.2252614327159843
4.436086439314326	0.22408968899792078
4.446312674691089	0.22292249142003406
4.456562483975033	0.2217598392408381
4.466835921509633	0.22060173135567973
4.477133041763626	0.21944816629208866
4.487453899331323	0.2182991422050803
4.49779854893288	0.21715465687241808
4.508167045414603	0.2160147076898303
4.518559443749224	0.21487929166618333
4.528975799036209	0.21374840541860934
4.539416166502032	0.2126220451675906
4.549880601500488	0.21150020673199613
4.560369159512962	0.21038288552407575
4.570881896148752	0.20927007654440383
4.581418867145335	0.20816177437678118
4.591980128368688	0.20705797318308636
4.6025657358135605	0.20595866669808205
4.613175745603796	0.20486384822417184
4.623810213992603	0.20377351062611196
4.634469197362879	0.20268764632567038
4.645152752227495	0.20160624729624127
4.6558609352295885	0.2005293050574086
4.666593803142887	0.19945681066945825
4.677351412871981	0.19838875472784437
4.688133821452653	0.19732512735760016
4.698941086052153	0.19626591820770373
4.709773263969529	0.19521111644538652
4.720630412635905	0.19416071075039554
4.731512589614805	0.1931146893091996
4.7424198526024455	0.19207303980914614
4.753352259428054	0.19103574943256224
4.7643098680541565	0.19000280485080528
4.775292736576909	0.18897419221825684
4.786300923226383	0.18794989716626548
4.797334486366892	0.18692990479703228
4.808393484497285	0.18591419967744321
4.819477976251274	0.1849027658328442
4.830588020397726	0.18389558674076303
4.841723675840994	0.18288719646613386
4.8528850016212095	0.18188065974241477
4.864072056914616	0.18087830276704425
4.875284901033862	0.1798801256586529
4.886523593428336	0.17888612821828015
4.897788193684462	0.17789630992527788
4.909078761526032	0.1769106699331728
4.920395356814509	0.17592920706549287
4.9317380395493595	0.17495191981155228
4.943106869868354	0.1739788063222006
4.954501908047903	0.17300986440552923
4.96592321450336	0.17204509152254072
4.97737084978936	0.17108448478277605
4.9888448746001215	0.17012804093990355
5.000345349769786	0.16917575638726468
5.011872336272722	0.16822762715338174
5.0234258952238715	0.16728364889742045
5.035006087879047	0.1663438169046155
5.046612975635284	0.16540812608164882
5.05824662003114	0.16447657095199048
5.0699070827470445	0.16354914565119277
5.081594425605605	0.16262584392214435
5.093308710571955	0.16170665911027815
5.105049999754062	0.16079158415873834
5.116818355403078	0.15988061160350034
5.1286138399136485	0.15897373356844907
5.140436515824262	0.15807094176040992
5.152286445817564	0.1571722274641363
5.16416369272071	0.15627758153725027
5.176068319505676	0.1553869944051388
5.188000389289612	0.15450045605580134
5.199959965335159	0.15361795603465392
5.211947111050805	0.1527394834392824
5.223961889991197	0.15186502691415235
5.236004365857504	0.1509945746452667
5.248074602497725	0.15012811435477982
5.2601726639070625	0.1492656332955584
5.2722986142282275	0.1484071182456975
5.284452517751805	0.1475525555029837
5.296634438916578	0.14670193087931155
5.308844442309884	0.1458552296950466
5.321082592667942	0.14501243677334127
5.333348954876211	0.1441735364343965
5.345643593969716	0.14333851248967483
5.357966575133418	0.14250734823605904
5.370317963702527	0.14168002644996125
5.382697825162884	0.14085652938137616
5.3951062251512765	0.14003683874788486
5.4075432294558095	0.13922093572860195
5.420008904016238	0.13840880095807084
5.432503314924333	0.13759398500370254
5.445026528424211	0.1367801045124635
5.4575786109127105	0.13596990478315388
5.470159628939716	0.13516338650705745
5.482769649208539	0.13436055010925738
5.495408738576246	0.13356139574518094
5.508076964054036	0.1327659232971097
5.520774392807573	0.13197413237065914
5.533501092157368	0.13118602229122361
5.546257129579107	0.1304015921003899
5.559042572704037	0.12962084055231624
5.5718574893192985	0.128843766110079
5.584701947368309	0.1280703669419841
5.597576014951102	0.12730064091784585
5.610479760324706	0.12653458560522948
5.623413251903491	0.1257721982656616
5.6363765582595455	0.1250134758508029
5.649369748123025	0.12425841499858788
5.6623928903825345	0.12350701202932704
5.675446054085471	0.12275926294177585
5.688529308438416	0.12201516340916445
5.701642722807475	0.12127470877519389
5.714786366718672	0.12053789404999332
5.727960309858292	0.11980471390604217
5.741164622073277	0.1190751626740532
5.7543993733715695	0.1183492343388199
5.767664633922509	0.11762692253502369
5.780960474057181	0.11690822054300545
5.794286964268812	0.11619312128449598
5.807644175213121	0.11548161731831022
5.821032177708716	0.11477370083599978
5.834451042737448	0.11406936365746839
5.847900841444809	0.11336859722654521
5.861381645140288	0.11267139260652055
5.874893525297769	0.11197774047563876
5.88843655355589	0.1112876311225525
5.902010801718445	0.11060105444173368
5.91561634175474	0.10991799992884597
5.9292532458	0.10923845667607195
5.942921586155727	0.10856241336740186
5.956621435290106	0.10788985827387651
5.970352865838369	0.10722077924879073
5.984115950603199	0.10655516372285055
5.997910762555095	0.10589299869928978
6.011737374832782	0.10523427074894035
6.025595860743578	0.10457896600526063
6.0394862937638	0.10392707015931744
6.0534087475391365	0.10327856845472481
6.067363295885055	0.10263344568253602
6.08135001278718	0.10199168617609135
6.095368972401694	0.10134878348511818
6.109420249055721	0.10070726114627099
6.123503917247737	0.10006903407379962
6.137620051647943	0.09943410028990025
6.151768727098683	0.09880245754890295
6.165950018614822	0.09817410333392093
6.180164001384161	0.09754903485346728
6.1944107507678146	0.09692724903804187
6.208690342300634	0.09630874253668575
6.223002851691596	0.09569351171350456
6.237348354824191	0.09508155264416066
6.251726927756859	0.09447286111233108
6.266138646723353	0.09386743260613573
6.2805835881331795	0.09326526231453044
6.295061828571975	0.09266634512366916
6.309573444801933	0.0920706756132311
6.324118513762193	0.09147824805271623
6.33869711256927	0.09088905639770502
6.353309318517436	0.09030309428608646
6.367955209079159	0.08972035503424954
6.382634861905486	0.08914083163324182
6.397348354826482	0.08856451674489209
6.412095765851615	0.08799140269789904
6.4268771731701975	0.08742148148388255
6.441692655151772	0.08685474475340234
6.456542290346556	0.08629118381193693
6.471426157485831	0.08573078961582993
6.486344335482385	0.08517355276819662
6.501296903430906	0.08461946351479643
6.516283940608428	0.0840685117398658
6.531305526474723	0.08352068696191572
6.546361740672751	0.08297597832948962
6.561452663029053	0.08243437461688512
6.576578373554206	0.08189586421983512
6.591738952443213	0.08136043515115303
6.606934480075961	0.08082807503633588
6.622165037017619	0.08029877110913124
6.637430704019089	0.0797725102070616
6.652731562017413	0.07924927876691164
6.668067692136222	0.0787290628201725
6.6834391756861455	0.07821184798844798
6.698846094165265	0.07769761947881776
6.714288529259523	0.07718636207916121
6.729766562843179	0.0766780601534379
6.745280276979219	0.07617269763692779
6.760829753919819	0.07567025803142789
6.77641507610675	0.0751707244004077
6.792036326171846	0.07467407936412017
6.807693586937414	0.07418030509467112
6.823386941416698	0.07368938331104338
6.839116472814292	0.07319661784037368
6.8548822645266165	0.07270463546284016
6.870684400142321	0.07221542899960486
6.886522963442762	0.07172899452758437
6.902398038402419	0.07124532787035394
6.918309709189366	0.07076442459507187
6.934258060165691	0.07028628000937759
6.9502431758879695	0.06981088915825986
6.966265141107686	0.06933824682089784
6.982324040771715	0.06886834750747198
6.998419960022734	0.06840118545594796
7.014552984199714	0.06793675462882902
7.030723198838334	0.06747504870988119
7.046930689671471	0.06701606110082697
7.06317554262962	0.06655978491801066
7.07945784384138	0.0661062129890321
7.095777679633888	0.06565533784935154
7.112135136533292	0.06520715173886237
7.128530301265195	0.06476164659843432
7.1449632607551345	0.06431881406642441
7.16143410212902	0.06387864547515762
7.177942912713619	0.06344113184737472
7.194489780036995	0.0630062638926496
7.211074791828998	0.06257403200377301
7.227698036021702	0.06214442625310526
7.2443596007499025	0.06171743638889511
7.261059574351547	0.06129305183156691
7.277798045368242	0.06087126166997317
7.294575102545687	0.06045205465761537
7.311390834834176	0.060035419208829106
7.3282453313890406	0.05962134339493741
7.345138681571151	0.05920981494036764
7.362070974947361	0.05880082121873587
7.379042301291012	0.0583943492488947
7.396052750582378	0.05799038569094756
7.413102413009177	0.05758891684222605
7.430191378967014	0.05718992863323343
7.447319739059893	0.05679340662355042
7.464487584100665	0.056399335997706225
7.481695005111545	0.05600770156101191
7.498942093324558	0.055618487735358116
7.516228940182057	0.05523167855497434
7.533555637337174	0.0548472576621524
7.550922276654341	0.05446520830293061
7.568328950209744	0.05408551332274151
7.58577575029184	0.053708155162019884
7.603262769401819	0.053333115851773534
7.620790100254123	0.0529603770091138
7.638357835776907	0.05258991983274837
7.655966069112566	0.05222172509843295
7.67361489361819	0.051850469759770104
7.691304402866098	0.05147913381585713
7.709034690644301	0.05110997856090734
7.726805850957025	0.0507430014244466
7.744617978025188	0.050378199645184155
7.76247116628692	0.05001557026868023
7.78036551039804	0.04965511014499337
7.798301105232589	0.04929681592630515
7.816278045883297	0.048940684064524814
7.83429642766212	0.048586710808870344
7.852356346100718	0.048234892203429
7.870457896950989	0.04788522408469455
7.888601176185544	0.04753770207908309
7.906786279998253	0.047192321600425274
7.925013304804718	0.04684907784743717
7.943282347242818	0.04650796580116663
7.961593504173188	0.04616898022241815
7.979946872679768	0.045832115649152995
7.9983425500702845	0.0454973663938671
8.016780633876794	0.04516472654094429
8.035261221856173	0.04483418994398661
8.05378441199067	0.044505750223119596
8.072350302488383	0.04417940076227442
8.090958991783825	0.043855134706444546
8.109610578538408	0.043532944958918574
8.128305161640995	0.04321282417848773
8.147042840208396	0.04289476477662884
8.165823713585926	0.0425787589146614
8.1846478813479	0.04226479850088012
8.203515443298185	0.04195287518766083
8.222426499470712	0.041642980368541464
8.241381150130026	0.041335105175276374
8.260379495771788	0.04102924047486492
8.279421637123345	0.040725376866552816
8.298507675144226	0.040423504678808043
8.317637711026709	0.040123613966268366
8.336811846196344	0.03982569450666304
8.356030182312479	0.039529735797706744
8.375292821268827	0.03923572705396546
8.394599865193973	0.03894365720369577
8.413951416451951	0.03865351488565479
8.433347577642753	0.03836528844588321
8.452788451602899	0.03807896593445892
8.472274141405963	0.037794535102222616
8.491804750363139	0.03751198339747415
8.511380382023763	0.03723129796264015
8.531001140175896	0.03695246563091175
8.550667128846833	0.03667547292285353
8.570378452303697	0.03640030604298175
8.590135215053957	0.036126950876313416
8.609937521846007	0.035851686549771035
8.629785477669701	0.035576594996193055
8.649679187756934	0.03530325583538476
8.669618757582166	0.03503166649293603
8.689604292863018	0.034761824235768096
8.709635899560805	0.034493726170216184
8.729713683881117	0.034227369240093744
8.74983775227436	0.03396275022474012
8.770008211436348	0.03369986573704936
8.790225168308842	0.033438712221482134
8.810488730080142	0.03317928595205882
8.830799004185627	0.03292158303033525
8.851156098308357	0.03266559938335909
8.871560120379607	0.03241133076160902
8.892011178579486	0.032158772736913824
8.912509381337454	0.03190792070035435
8.933054837332953	0.031658769860144965
8.953647655495937	0.031411315239497244
8.974287945007486	0.03116555167446343
8.994975815300352	0.030921473811761375
9.01571137605957	0.03067907610657915
9.036494737223014	0.030438352820360715
9.057326008982002	0.030199298018571005
9.078205301781857	0.029961905568441784
9.099132726322518	0.029726169136696477
9.120108393559097	0.029492082187255603
9.141132414702504	0.02925963797892079
9.162204901219997	0.02902882956303901
9.183325964835811	0.028799649781145083
9.204495717531712	0.028572091262584202
9.225714271547634	0.02834614642211221
9.246981739382225	0.02812180745747576
9.268298233793494	0.027899066346969623
9.289663867799362	0.027677914846973673
9.311078754678306	0.027458344489466907
9.33254300796991	0.02724034657952038
9.354056741475521	0.027023912192767046
9.375620069258803	0.02680903217285014
9.39723310564638	0.026595697128848166
9.418895965228414	0.026383897432677984
9.440608762859236	0.026173623216474113
9.462371613657929	0.025964864369945856
9.484184633008974	0.02575761053771026
9.506047936562814	0.02555185111660248
9.527961640236521	0.025347575252961687
9.549925860214358	0.025144771839893873
9.571940712948447	0.024943429514509976
9.594006315159332	0.024743536655140442
9.616122783836648	0.024545081378524715
9.638290236239705	0.024348051536976733
9.660508789898136	0.024149384292675675
9.68277856261249	0.023950792557488006
9.7050996724549	0.023753575834571012
9.727472237769652	0.02355773146837203
9.749896377173872	0.023363256671308247
9.772372209558107	0.02317014852219501
9.79489985408699	0.022978403964659583
9.817479430199844	0.022788019805540724
9.84011105761134	0.022598992713273723
9.862794856312105	0.02241131921626094
9.885530946569391	0.022224995701227355
9.908319448927676	0.022040018411561963
9.93116048420934	0.021856383445643345
9.954054173515269	0.021674086755150986
9.977000638225535	0.021493124143360843
10.	0.021313491263426108
10.023052380778994	0.021135183616642052
10.046157902783957	0.0209581965506956
10.069316688518045	0.02078252525789955
10.092528860766844	0.020608164773410122
10.115794542598982	0.020435109973429504
10.1391138573668	0.020263355573391734
10.16248692870696	0.02009289612613303
10.18591388054117	0.01992372602004489
10.209394837076797	0.019755839477211667
10.232929922807546	0.01958923055153099
10.256519262514079	0.019423893126817974
10.280162981264736	0.019259820914891982
10.303861204416158	0.019097007453646918
10.32761405761398	0.0189354461051042
10.351421666793442	0.018775130053448767
10.375284158180126	0.01861605230304713
10.39920165829059	0.018458205676448434
10.423174293933046	0.0183015828123677
10.447202192208003	0.018146176163651398
10.471285480508996	0.01799197799522464
10.495424286523221	0.017838980382020815
10.519618738232236	0.01768717520689267
10.543868963912592	0.0175365541585054
10.568175092136585	0.017387108729210565
10.592537251772887	0.017238830212901967
10.616955571987253	0.017091709702852405
10.641430182243164	0.016945738089531783
10.665961212302578	0.016800906058405472
10.690548792226577	0.016657204087714088
10.71519305237607	0.016514622446233442
10.739894123412451	0.016373151191015328
10.76465213629835	0.016232780165107877
10.789467222298287	0.01609349899525682
10.814339512979387	0.015955297089586117
10.83926914021204	0.01581546653591568
10.864256236170656	0.015675522023138138
10.889300933334333	0.015536612731371451
10.91440336448757	0.015398736524033192
10.939563662720943	0.01526189116394253
10.964781961431852	0.015126074312128077
10.990058394325208	0.014991283526625303
11.015393095414156	0.01485751626126281
11.040786199020735	0.01472476986443804
11.066237839776663	0.014593041577881338
11.091748152624008	0.014462328535409451
11.117317272815919	0.01433262776166751
11.142945335917304	0.014203936170860026
11.168632477805613	0.01407625056546992
11.194378834671515	0.013949567634966653
11.220184543019629	0.013823883954502477
11.24604973966927	0.013699195983596991
11.271974561755105	0.013575500064810326
11.297959146727976	0.013452792422403702
11.324003632355566	0.013331069160988846
11.350108156723154	0.013210326264164818
11.37627285823431	0.01309055959314309
11.402497875611685	0.012971764885359918
11.428783347897712	0.012853937753076748
11.45512941445536	0.012737073681968024
11.481536214968829	0.012621168029696674
11.508003889444357	0.012506216024476453
11.534532578210918	0.01239221276362211
11.561122421920993	0.012279153212086301
11.587773561551263	0.012167032200984
11.614486138403427	0.01205584442610325
11.641260294104908	0.01194558444640329
11.66809617060963	0.011836246682499154
11.694993910198711	0.0117278254151332
11.721953655481304	0.011620314783632613
11.748975549395292	0.011513708784353946
11.776059735208078	0.011408001269113541
11.803206356517299	0.011303185943604561
11.830415557251646	0.011199256365799597
11.857687481671597	0.011096205944339712
11.88502227437019	0.010994027936909144
11.91242008027375	0.010892715448595977
11.93988104464273	0.01079226143023805
11.967405313072431	0.010692658676754853
11.994993031493793	0.010593899825464593
12.02264434617413	0.010495977354386754
12.050359403717973	0.010398883580529513
12.078138351067798	0.010302610658162582
12.10598133550483	0.010207150577074813
12.133888504649775	0.010112495160816857
12.161860006463678	0.01001663026019336
12.189895989248662	0.009920682026798437
12.217996601648723	0.009825504783399665
12.246161992650489	0.00973109662672152
12.274392311584071	0.00963745557485468
12.30268770812381	0.0095445795663353
12.331048332289097	0.009452466459215767
12.359474334445107	0.009361114030127389
12.387965865303691	0.009270519973334201
12.416523075924106	0.009180681899778713
12.445146117713856	0.009091597336118862
12.473835142429433	0.009003263723756568
12.5025903021772	0.008915678417857216
12.531411749414156	0.008828838686360717
12.560299636948754	0.008742741708983596
12.589254117941675	0.008657384576212278
12.618275345906707	0.00857276428828713
12.64736347471151	0.008488877754177773
12.67651865857846	0.00840572179054905
12.705741052085418	0.008323293120718028
12.735030810166617	0.008241588373601387
12.764388088113435	0.008160604082653818
12.793813041575252	0.008080336684796737
12.823305826560219	0.00800078251933781
12.852866599436155	0.007921937826880514
12.882495516931336	0.00784379874822437
12.912192736135347	0.007766361323255309
12.941958414499863	0.007689621489826416
12.971792709839558	0.007613575082628455
13.001695780332899	0.0075382178320507805
13.031667784523	0.007463545363032006
13.061708881318419	0.0073895531939007966
13.09181922999407	0.00731623673520608
13.121998990192028	0.007243591288537335
13.15224832192239	0.007171612045334349
13.182567385564074	0.0071002940856867165
13.212956341865752	0.007029632377122447
13.243415351946643	0.006959621773386396
13.273944577297401	0.00689025701320767
13.304544179780914	0.006821532719056592
13.33521432163324	0.00675344339589038
13.365955165464419	0.0066859834298882695
13.396766874259358	0.006619147087175357
13.427649611378643	0.0065529285125355595
13.458603540559483	0.006487321728113024
13.489628825916533	0.006422320632102548
13.52072563194278	0.006357918997428469
13.551894123510364	0.006294110470412202
13.583134465871542	0.006230888569427944
13.614446824659497	0.006168246683547033
13.645831365889252	0.00610456480283193
13.677288255958494	0.006040748665148392
13.708817661648537	0.0059774853810716485
13.740419750125149	0.00591477340338446
13.772094688939474	0.005852611126324209
13.803842646028853	0.0057909968849034375
13.83566378971781	0.005729928954224052
13.867558288718882	0.005669405548785646
13.89952631213354	0.0056094248217874705
13.931568029453036	0.0055499848644243064
13.963683610559377	0.005491083705175797
13.995873225726179	0.005432719309089684
14.028137045619589	0.005374889577058505
14.060475241299143	0.005317592345089977
14.092887984218748	0.005260825383570661
14.12537544622754	0.005204586396523296
14.157937799570824	0.005148873020857404
14.190575216890926	0.005093682825613375
14.223287871228198	0.005039013311199597
14.25607593602188	0.004984861908623077
14.288939585111036	0.004931225978713105
14.321878992735439	0.004878102811338175
14.35489433353656	0.004825489624615747
14.387985782558452	0.004773383564115277
14.421153515248696	0.004721781702054079
14.45439770745928	0.004670681036486182
14.487718535447618	0.004620078490483871
14.52111617587742	0.004569970911312232
14.554590805819668	0.004520355069596266
14.58814260275349	0.004471227658480863
14.621771744567184	0.0044225852927831585
14.655478409559112	0.0043744245081376535
14.689262776438676	0.004326741760133731
14.723125024327194	0.004279533423445754
14.757065332758946	0.0042327957909553
14.791083881682072	0.004186525072865966
14.825180851459544	0.004140717395810285
14.859356422870075	0.0040953688019489875
14.893610777109155	0.004050475248062184
14.92794409578996	0.004006032604632846
14.962356560944343	0.003962036654922158
14.99684835502374	0.003918483094036954
15.031419660900225	0.0038753675279888547
15.066070661867418	0.003832685472745405
15.100801541641477	0.0037904323532728865
15.135612484362087	0.003748603502570815
15.170503674593368	0.003707194160698173
15.205475297324954	0.0036661994737910092
15.240527537972907	0.0036256144930717307
15.275660582380732	0.0035854341738496887
15.310874616820303	0.0035443961592879544
15.346169827992941	0.0035032064052803375
15.381546403030342	0.0034624004971495082
15.4170045294956	0.003421977356331836
15.452544395384141	0.003381935863785682
15.488166189124811	0.003342274859522098
15.523870099580817	0.0033029931421314825
15.55965631605075	0.0032640894683059066
15.595525028269538	0.00322556255235726
15.631476426409538	0.003187411065730908
15.667510701081484	0.003149633636515207
15.70362804333553	0.003112228848946506
15.739828644662197	0.003075195242909851
15.776112696993485	0.0030385313134350784
15.812480392703826	0.0030022355101885796
15.848931924611142	0.002966306236960456
15.88546748597779	0.0029307418511472145
15.9220872705117	0.002895540663229699
15.95879147236732	0.0028607009362465663
15.995580286146694	0.0028262208852629983
16.032453906900418	0.0027920986768347955
16.069412530128773	0.0027583324284675883
16.106456351782697	0.0027249202080714195
16.143585568264868	0.0026918600334103946
16.18080037643066	0.002659149871547616
16.218100973589298	0.0026267876382850405
16.255487557504836	0.0025947711975985435
16.292960326397232	0.0025630983610679683
16.330519478943348	0.0025317668873021874
16.368165214278086	0.002500774481359031
16.40589773199539	0.0024701187941602296
16.443717232149325	0.002439797421901146
16.481623915255085	0.0024098079054554293
16.51961798229015	0.002380147729774306
16.557699634695275	0.002350814323280764
16.595869074375614	0.0023218050572583375
16.634126503701697	0.002293117245234672
16.672472125510627	0.0022647481423595244
16.71090614310707	0.0022366949447775297
16.749428760264383	0.002208954788995359
16.788040181225607	0.0021815247512435147
16.82674061070467	0.00215440184683238
16.865530253887407	0.0021275830295028344
16.90440931643265	0.0021010651907711637
16.94337800447329	0.002074845159268304
16.982436524617444	0.0020489197000733064
17.0215850839495	0.0020232855140410832
17.060823890031244	0.0019979392371242874
17.10015315090288	0.0019728774396894134
17.139573075084254	0.0019480966258268195
17.179083871575877	0.0019227380369458728
17.21868574986008	0.0018972818190786543
17.25837891990204	0.0018720922259931386
17.298163592151013	0.001847168455423731
17.338039977541374	0.0018225096764856023
17.378008287493763	0.0017981150293448912
17.418068733916144	0.001773983624886049
17.458221529205037	0.0017501145443760662
17.498466886246565	0.0017265068391258509
17.53880501841762	0.0017031595301484949
17.579236139586932	0.0016800716078145563
17.619760464116293	0.0016572420315041907
17.66037820686164	0.001634669729256268
17.70108958317422	0.0016123535974143178
17.741894808901662	0.001590292500269396
17.78279410038923	0.0015684852696996755
17.82378767448089	0.0015469307048069374
17.864875748520518	0.0015256275715498028
17.906058540352948	0.001504574602373753
17.947336268325266	0.0014837704958377948
17.988709151287875	0.0014632139162379257
18.030177408595698	0.0014429034932272157
18.071741260109274	0.001422837821432583
18.113400926196025	0.001403015460068126
18.15515662773135	0.0013834349325451182
18.197008586099845	0.0013640947260785312
18.238957023196384	0.0013449932912901496
18.281002161427427	0.0013261290418081094
18.323144223712113	0.001307500353863014
18.365383433483473	0.0012891055658804651
18.407720014689563	0.001270942978070046
18.450154191794738	0.001253010852010662
18.492686189780777	0.001235307410232312
18.535316234148123	0.0012178308357941622
18.57804455091699	0.0012005792718589856
18.620871366628677	0.0011835508212638065
18.663796908346693	0.0011667435460868882
18.706821403658015	0.00115015546721089
18.74994508067419	0.001133784563882277
18.793168168032686	0.0011176287732668178
18.836490894898002	0.001101685990001304
18.879913490962945	0.0010859540657413163
18.92343618644976	0.0010704308087051185
18.967059212111465	0.0010551139832135352
19.010782799232995	0.0010400013092258988
19.054607179632484	0.0010250904618719385
19.098532585662387	0.0010103790709796818
19.14255925021086	0.000995864720599174
19.18668740670289	0.0009815449485221855
19.230917289101594	0.0009674172457977064
19.275249131909366	0.0009529172971171503
19.31968317016924	0.00093836028070263
19.364219639466068	0.0009239852444109463
19.408858775927794	0.0009097914355378975
19.453600816226633	0.0008957780792119271
19.498445997580454	0.0008819443781445364
19.543394557753942	0.0008682895123785729
19.58844673505991	0.000854812639034231
19.633602768360475	0.0008415128920528515
19.67886289706845	0.0008283893819383904
19.724227361148536	0.0008154411954966588
19.76969640111862	0.0008026673955722421
19.81527025805099	0.0007900670207831053
19.860949173573715	0.0007776390852528296
19.906733389871864	0.0007653825783405267
19.952623149688808	0.000753296464368358
19.998618696327448	0.0007413796823466774
20.044720273651613	0.000729631145696717
20.090928126087277	0.0007180497419708855
20.137242498623895	0.0007066343325705838
20.183663636815616	0.0006953837524615783
20.23019178678272	0.0006842968098868327
20.276827195212817	0.0006733722860768729
20.32357010936221	0.0006626089349576045
20.37042077705719	0.0006520054828555673
20.417379446695296	0.0006415606282006497
20.46444636724674	0.000631273041226158
20.511621788255646	0.0006211413636663245
20.558905959841425	0.0006111642084511435
20.606299132700006	0.0006013401593985971
20.65380155810529	0.0005916677709041442
20.701413487910415	0.0005821455676275605
20.749135174549107	0.0005727720441770466
20.79696687103696	0.0005635456647906009
20.844908830972887	0.0005544648630146095
20.892961308540386	0.00054552804137968
20.941124558508935	0.0005367335710736526
20.989398836235246	0.0005280797916118098
21.03778439766475	0.0005195650105041906
21.086281499332888	0.0005111875029200763
21.134890398366476	0.000502945511349559
21.183611352485023	0.0004948372452622126
21.23244462000219	0.0004868608807627919
21.28139045982711	0.00047901456024399393
21.330449131465773	0.000471296392036227
21.379620895022324	0.00046370445005437566
21.428906011200585	0.0004562367734415048
21.47830474130533	0.0004488913662095418
21.527817347243737	0.000441666196876849
21.57744409152667	0.0004345591981027196
21.6271852372702	0.0004270903877233056
21.67704104819694	0.0004195279572311155
21.727011788637455	0.0004120753394042015
21.77709772353159	0.00040473197700147053
21.827299118430012	0.0003974972980681041
21.87761623949552	0.00039037071577251175
21.9280493535045	0.0003833516282418221
21.978598727848254	0.0003764394183959471
22.02926463053456	0.0003696334537801535
22.080047330188993	0.00036293308639619225
22.13094709605639	0.0003563376525319314
22.181964198002195	0.0003498464725895003
22.23309890651403	0.00034345885091190825
22.28435149270303	0.00033717407560816636
22.335722228305325	0.00033099141837686293
22.3872113856834	0.00032491013432820956
22.438819237827662	0.0003189294618045079
22.490546058357804	0.0003130486221990735
22.542392121524305	0.0003072668197735592
22.59435770220978	0.00030158324147370894
22.646443075930595	0.0002959970567434709
22.698648518838212	0.0002905074173375266
22.750974307720718	0.0002851134571321667
22.803420720004187	0.00027981429193454037
22.8559880337543	0.000274609019290224
22.908676527677724	0.00026949671828914115
22.961486481123632	0.00026447644936978615
23.01441817408509	0.0002595472541217666
23.06747188720069	0.00025470815508660884
23.12064790175594	0.0002499581555568657
23.173946499684796	0.0002452962393734746
23.227367963571073	0.0002407213707213716
23.280912576650078	0.0002362324939233267
23.33458062281002	0.00023182853323201782
23.38837238659356	0.00022750839262030022
23.442288153199225	0.0002232709555696812
23.49632820848307	0.0002191150848569544
23.55049283896009	0.00021503962233901838
23.604782331805783	0.00021104338873583384
23.65919697485759	0.00020712518341152726
23.71373705661655	0.00020328378415359932
23.76840286624876	0.00019951794695025312
23.823194693586913	0.0001958264057658111
23.878112829131783	0.00019220787231420962
23.933157564053875	0.00018866103583054552
23.9883291901949	0.000185184562840681
24.043628000069347	0.00018177709692887223
24.099054286865954	0.00017843725850342116
24.154608344449404	0.0001751636445603127
24.210290467361776	0.0001719548284448519
24.266100950824168	0.0001684808190408896
24.32204009073816	0.00016492599414040182
24.378108183687527	0.00016143021109167182
24.434305526939713	0.00015799308557158277
24.49063241844747	0.00015461422421018868
24.547089156850312	0.0001512932244922792
24.603676041476273	0.00014802967465806798
24.660393372343385	0.00014482315360302682
24.717241450161318	0.00014167323077683564
24.774220576332862	0.00013857946608145886
24.831331052955704	0.00013554140976831843
24.888573182823905	0.00013255860233458337
24.94594726942956	0.00012963057441854923
25.003453616964322	0.00012675684669411294
25.06109253032114	0.00012393692976431843
25.118864315095795	0.0001211703240539887
25.17676927758857	0.00011845651970141849
25.234807724805755	0.000115794996449135
25.29297996446145	0.00011318522353369779
25.35128630497907	0.0001106266595745573
25.409727055493065	0.0001081187524619433
25.46830252585042	0.0001056609392437907
25.527013026612472	0.00010325264601167706
25.58585886905645	0.0001008932877857845
25.64484036517719	0.00009858226839886403
25.703957827688647	0.0000963189803792038
25.763211570025756	0.00009410280483257979
25.82260190634596	0.00009193311132319861
25.88212915153093	0.00008980925775361155
25.94179362118815	0.00008773059024359928
26.001595631652723	0.00008569644300800916
26.06153549998895	0.000083706138233551
26.12161354399208	0.00008175898595453011
26.18183008218986	0.00007985428392752213
26.24218543384442	0.00007799131750496255
26.302679918953814	0.00007616935950766486
26.363313858253814	0.0000743876700962419
26.424087573219474	0.00007264549664143267
26.485001386067008	0.00007094207359331308
26.54605561975539	0.0000692766223493994
26.607250597988113	0.00006764835112161953
26.668586645214805	0.0000660564548021565
26.730064086633117	0.00006450011482814005
26.791683248190314	0.00006297849904519531
26.85344445658509	0.00006149076156982387
26.915348039269166	0.00006003604265062146
26.977394324449207	0.000058613468528307036
27.039583641088434	0.00005722215129457275
27.101916318908415	0.00005586118874973084
27.164392688390837	0.000054529664259154456
27.227013080779127	0.000053226646608504995
27.289777828080403	0.00005195118985772721
27.35268726306711	0.00005070233319381491
27.415741719278834	0.00004947910078232802
27.478941531023974	0.00004828050161765779
27.542287033381662	0.00004710552937202275
27.605778562203447	0.000045953162243193996
27.669416454115126	0.00004482236280093483
27.73320104651841	0.00004371207783214744
27.797132677592884	0.000042621238184710925
27.861211686297693	0.000041548758610009516
27.925438412373392	0.000040493537604132686
27.98981319634363	0.00003945445724774334
28.05433637951713	0.00003843038304459554
28.119008303989396	0.00003742016375870108
28.18382931264455	0.000036422631250126875
28.248799749157076	0.00003543660030941717
28.31391995799379	0.00003446086849062477
28.37919028441555	0.00003349421594294704
28.44461107447917	0.00003253540524095022
28.510182675039097	0.00003158318121337633
28.575905433749465	0.000030636270770513815
28.641779699065797	0.000029693382730130346
28.70780582024692	0.000028753207641949554
28.773984147356696	0.00002781441761066544
28.84031503126606	0.000026875666117475678
28.906798823654746	0.000025935587840132736
28.973435877013245	0.000024992798471492088
29.04022654464451	0.00002404589453655308
29.10717118066605	0.00002309345320797273
29.17427014001166	0.00002213403212004981
29.24152377843337	0.000021166169181160126
29.308932452503214	0.000020188382384636718
29.376496519615305	0.00001919916961807522
29.4442163379876	0.000018197008471062138
29.51209226666387	0.000017180356041305567
29.580124665515466	0.000016147648739162308
29.648313895243422	0.000015097302090541526
29.716660317380253	0.000014027710538180798
29.78516429429191	0.000012937247241276379
29.853826189179603	0.000011824263873458595
29.92264636608189	0.000010687090419093726
29.9916251898765	9.52403496790771e-6
30.060763026282324	8.333383507911957e-6
30.13006024186122	7.113399716624152e-6
30.19951720402016	5.862324750561532e-6
30.269134281013045	4.578377033005521e-6
30.338911841942718	3.2597520400146585e-6
30.4088502567628	1.9046220846793458e-6
30.47894989627983	5.111360995966393e-7