0.1	25.542611128253622
0.10023052380778996	25.514024783751424
0.10046157902783952	25.48542166496699
0.10069316688518042	25.456801805616713
0.10092528860766845	25.42816523875886
0.10115794542598985	25.399511996781214
0.10139113857366794	25.370842111388626
0.10162486928706957	25.34215561359042
0.1018591388054117	25.31345253368769
0.102093948370768	25.284732901260416
0.10232929922807542	25.255996745154466
0.10256519262514076	25.22724409346852
0.10280162981264736	25.19847497354076
0.10303861204416162	25.16968941193548
0.10327614057613975	25.140887434429565
0.10351421666793438	25.11206906599878
0.10375284158180126	25.083234330803997
0.10399201658290592	25.054383252177164
0.10423174293933042	25.025515852607256
0.10447202192208001	24.99663215372601
0.10471285480508996	24.967732176293495
0.10495424286523224	24.938815940183595
0.1051961873823223	24.90988346436933
0.1054386896391259	24.880934766907952
0.10568175092136585	24.851969864926012
0.10592537251772889	24.822988774604173
0.10616955571987247	24.79399151116191
0.10641430182243161	24.764978088842064
0.10665961212302578	24.73594852089523
0.1069054879222658	24.706902819563958
0.10715193052376065	24.67784099606685
0.10739894123412448	24.64876306058244
0.1076465213629835	24.619669022232976
0.10789467222298288	24.590558889067964
0.1081433951297938	24.5614326680476
0.10839269140212036	24.532290365026007
0.10864256236170655	24.50313198473437
0.10889300933334335	24.473957530763773
0.10914403364487565	24.444767005548
0.10939563662720939	24.415560410346078
0.1096478196143185	24.38632327583681
0.10990058394325211	24.357062765115458
0.11015393095414151	24.32778611769897
0.11040786199020733	24.298493382600213
0.11066237839776664	24.269184608298744
0.11091748152624012	24.239859842729313
0.11117317272815914	24.21051913327032
0.11142945335917301	24.18116252673208
0.11168632477805612	24.151790069345033
0.11194378834671516	24.122401806747757
0.11220184543019636	24.092997783974912
0.11246049739669266	24.063578045445045
0.11271974561755105	24.034142634948175
0.11297959146727979	24.004691595633417
0.11324003632355571	23.9752249699963
0.11350108156723152	23.945742799866103
0.1137627285823431	23.916245126392898
0.11402497875611688	23.886731990034594
0.11428783347897718	23.85720343054379
0.11455129414455358	23.827659486954467
0.1148153621496883	23.79810019756857
0.11508003889444356	23.768525599942453
0.11534532578210924	23.73893573087315
0.11561122421920987	23.70933062638456
0.11587773561551262	23.679710321713387
0.11614486138403426	23.650074851295084
0.11641260294104915	23.620424248749476
0.11668096170609624	23.590758546866407
0.11694993910198712	23.561077777591045
0.11721953655481303	23.531381972009285
0.11748975549395298	23.501671160332716
0.11776059735208072	23.4719453718837
0.11803206356517298	23.442204635080042
0.11830415557251646	23.4124489774198
0.118576874816716	23.382678425465603
0.11885022274370183	23.352893004829102
0.11912420080273747	23.32309274015507
0.1193988104464273	23.293277655105452
0.11967405313072434	23.26344777234318
0.11994993031493788	23.23360311351586
0.12022644346174129	23.203743699239286
0.12050359403717974	23.173869549080795
0.120781383510678	23.143980681542434
0.12105981335504823	23.11407711404397
0.12133888504649772	23.084158862905728
0.12161860006463679	23.054225943331247
0.12189895989248664	23.024278369389783
0.12217996601648717	22.994316153998618
0.12246161992650487	22.96433930890518
0.12274392311584072	22.934347844669016
0.12302687708123815	22.904314384249307
0.1233104833228909	22.874252495620627
0.12359474334445104	22.84417589248302
0.1238796586530369	22.81408468007506
0.1241652307592411	22.783978963738406
0.1244514611771385	22.753858848911936
0.12473835142429429	22.723724441125885
0.125025903021772	22.693575845995834
0.1253141174941416	22.663413169216643
0.1256029963694875	22.633236516556334
0.12589254117941673	22.603045993849825
0.12618275345906707	22.572841706992648
0.12647363474711512	22.542623761934532
0.12676518658578456	22.512392264672936
0.12705741052085415	22.48214732124649
0.12735030810166617	22.45188903772834
0.12764388088113438	22.42161752021939
0.12793813041575247	22.391332874841506
0.12823305826560213	22.361035207730623
0.12852866599436155	22.33072462502965
0.1288249551693134	22.30040123288151
0.12912192736135342	22.270065137421835
0.1294195841449986	22.239716444771787
0.12971792709839558	22.20935526103062
0.13001695780332903	22.17898169226826
0.13031667784522993	22.14859584451775
0.13061708881318415	22.118197823767577
0.1309181922999407	22.087787735953942
0.13121998990192033	22.057365686952927
0.13152248321922383	22.026931782572518
0.1318256738556407	21.99648612854462
0.1321295634186575	21.96602883051687
0.13243415351946647	21.935559994044425
0.13273944577297395	21.90507972458161
0.1330454417978091	21.874588127473487
0.1333521432163324	21.8440853079473
0.13365955165464422	21.81357137110383
0.1339676687425935	21.783046421908622
0.1342764961137864	21.752510565183144
0.13458603540559483	21.721963905595832
0.13489628825916536	21.691406547652967
0.13520725631942773	21.660838595689526
0.1355189412351036	21.630260153859894
0.1358313446587154	21.599671326128412
0.136144468246595	21.5690722162599
0.13645831365889247	21.53846292781003
0.13677288255958492	21.507843564115532
0.13708817661648537	21.47721422828439
0.13740419750125152	21.446575023185808
0.13772094688939465	21.41592605144019
0.1380384264602885	21.38525340238157
0.1383566378971781	21.354564116382445
0.13867558288718884	21.323865308736142
0.13899526312133534	21.293157131935004
0.13931568029453031	21.262439738878395
0.13963683610559377	21.23171328286868
0.13995873225726183	21.200977917607148
0.14028137045619582	21.17023379718991
0.1406047524129914	21.13948107610364
0.14092887984218747	21.108719909221335
0.14125375446227545	21.077950451797946
0.14157937799570816	21.047172859465974
0.14190575216890922	21.016387288230945
0.142232878712282	20.985593894466867
0.14256075936021884	20.95479283491162
0.1428893958511103	20.923984266662163
0.14321878992735435	20.893168347169823
0.1435489433353656	20.86234523423538
0.14387985782558455	20.83151508600416
0.14421153515248689	20.80067806096098
0.14454397707459277	20.76983431792508
0.14487718535447616	20.73898401604495
0.14521116175877424	20.708127314793025
0.14554590805819662	20.67726437396043
0.14588142602753484	20.64639535365148
0.14621771744567183	20.61552041427825
0.14655478409559117	20.584639716554946
0.1468926277643867	20.553753421492257
0.1472312502432719	20.522861690391608
0.14757065332758945	20.49196468483933
0.14791083881682077	20.461062566700704
0.14825180851459538	20.430155498114015
0.1485935642287007	20.399243641484397
0.14893610777109154	20.368327159477683
0.14927944095789963	20.337406215014127
0.14962356560944334	20.306480971262022
0.1499684835502373	20.27555159163128
0.15031419660900225	20.244618239766837
0.15066070661867417	20.21368107954208
0.15100801541641484	20.182740275052037
0.1513561248436208	20.151795990606622
0.1517050367459337	20.120848390723655
0.15205475297324955	20.089897640121883
0.15240527537972914	20.058943903713836
0.15275660582380723	20.027987346598625
0.15310874616820302	19.997028134054617
0.15346169827992942	19.966066431532063
0.1538154640303035	19.935102404645505
0.15417004529495593	19.904136219166233
0.1545254439538414	19.873168041014523
0.1548816618912481	19.842207711127273
0.15523870099580825	19.811250605370937
0.15559656316050743	19.78029204781716
0.15595525028269538	19.74933216971173
0.15631476426409538	19.718371101920393
0.15667510701081494	19.687408974915712
0.15703628043335524	19.656445918763932
0.15739828644662196	19.625482063111537
0.15776112696993486	19.594517537171804
0.15812480392703834	19.56355246971108
0.15848931924611134	19.532586989034986
0.15885467485977792	19.50162122297443
0.159220872705117	19.470655298871485
0.15958791472367329	19.439689343565053
0.15995580286146688	19.40872348337647
0.16032453906900418	19.37775784409483
0.1606941253012877	19.34679255096225
0.16106456351782708	19.3158277286589
0.16143585568264862	19.284863501287912
0.16180800376430657	19.253899992360086
0.16218100973589297	19.22293732477846
0.16255487557504839	19.19197562082269
0.16292960326397224	19.16101500213326
0.16330519478943342	19.13005558969553
0.16368165214278085	19.09909750382358
0.16405897731995392	19.068140864143952
0.16443717232149316	19.037185789579087
0.1648162391525508	19.006232398330738
0.1651961798229015	18.975280807863044
0.1655769963469528	18.944331134885562
0.16595869074375605	18.91338349533602
0.16634126503701693	18.882438004362918
0.16672472125510626	18.851494776307977
0.16710906143107074	18.82055392468829
0.16749428760264373	18.789615562178444
0.16788040181225602	18.758679800592287
0.16826740610704674	18.72774675086462
0.16865530253887412	18.696816523032624
0.16904409316432642	18.665889226217153
0.16943378004473283	18.634964968603732
0.16982436524617442	18.60404385742347
0.17021585083949506	18.573125998933666
0.17060823890031235	18.542211498398302
0.17100153150902875	18.51130046006825
0.17139573075084252	18.48039298716132
0.17179083871575881	18.449489181842107
0.1721868574986007	18.41858914520157
0.17258378919902034	18.387692977236455
0.17298163592151014	18.356800776828486
0.17338039977541378	18.325912641723328
0.17378008287493754	18.2950193937861
0.17418068733916142	18.264125720626957
0.17458221529205037	18.23323635842823
0.1749846688624657	18.202351433912316
0.1753880501841761	18.171471073025774
0.17579236139586926	18.140595400921445
0.1761976046411629	18.10972454194045
0.17660378206861643	18.07885861959388
0.17701089583174212	18.047997756544397
0.17741894808901656	18.017142074587618
0.1778279410038923	17.986291694633206
0.17823787674480895	17.9554467366859
0.17864875748520506	17.924607319826247
0.17906058540352943	17.893773562191154
0.17947336268325265	17.86294558095424
0.1798870915128788	17.83212349230597
0.1803017740859569	17.801307411433616
0.1807174126010927	17.77049745250093
0.18113400926196024	17.739693728627664
0.18155156627731356	17.708896351868873
0.18197008586099836	17.678105433193995
0.18238957023196378	17.64732108246566
0.1828100216142743	17.616543408418377
0.18323144223712115	17.585772518636883
0.18365383433483465	17.555008519534386
0.18407720014689558	17.524251516330484
0.18450154191794738	17.493501613028908
0.18492686189780783	17.462758912395014
0.18535316234148114	17.432023515933064
0.18578044550916986	17.401295523863208
0.18620871366628675	17.370575035098362
0.186637969083467	17.339862147220668
0.18706821403658005	17.309156956457887
0.18749945080674188	17.27845955765942
0.18793168168032684	17.24777004427215
0.18836490894898006	17.21708850831603
0.18879913490962935	17.18641504035941
0.18923436186449755	17.155749729494115
0.18967059212111465	17.12509266331024
0.19010782799233	17.094443927870792
0.19054607179632474	17.063803607685927
0.1909853258566238	17.033171785687056
0.19142559250210858	17.002548543200593
0.19186687406702896	16.971933959921525
0.19230917289101584	16.94132811388664
0.1927524913190936	16.91073108144754
0.1931968317016924	16.880142937243328
0.19364219639466074	16.849563754173097
0.19408858775927784	16.81899360336807
0.19453600816226624	16.788432554163514
0.19498445997580455	16.757860445842603
0.19543394557753943	16.72728735968059
0.195884467350599	16.696723483625135
0.19633602768360464	16.66616895311861
0.1967886289706845	16.635623902684813
0.19724227361148533	16.60508846590901
0.19769696401118608	16.574562775417686
0.1981527025805098	16.544046962858204
0.19860949173573716	16.513541158878102
0.19906733389871864	16.48304549310431
0.19952623149688797	16.452560094122035
0.1999861869632744	16.4220850894535
0.20044720273651614	16.391620605536406
0.2009092812608728	16.36116676770223
0.20137242498623883	16.3307237001542
0.20183663636815607	16.30029152594514
0.2023019178678272	16.269870366955026
0.20276827195212818	16.239460343868316
0.20323570109362218	16.209061576151043
0.2037042077705718	16.178674182027713
0.20417379446695297	16.148298278457844
0.20464446367246739	16.117933981112454
0.20511621788255657	16.08758140435009
0.20558905959841414	16.05724066119279
0.20606299132700007	16.02691186330166
0.20653801558105292	15.996595120952334
0.20701413487910425	15.966290543010034
0.20749135174549097	15.9359982369045
0.2079696687103696	15.905718308604579
0.20844908830972886	15.875450862592638
0.20892961308540398	15.845196001838598
0.20941124558508925	15.814953827773834
0.20989398836235246	15.784724440264695
0.21037784397664752	15.754507937585855
0.21086281499332898	15.724304416393297
0.21134890398366465	15.694113971697128
0.2118361135248502	15.663936696834007
0.21232444620002192	15.6337726834394
0.21281390459827124	15.603622021419463
0.21330449131465762	15.573484798922745
0.21379620895022325	15.543361102311469
0.21428906011200585	15.513251016132688
0.21478304741305343	15.483154623089005
0.21527817347243727	15.453072004009114
0.21577444091526668	15.423003237817937
0.21627185237270202	15.392948401506603
0.21677041048196952	15.362907570101966
0.21727011788637443	15.332880816635981
0.2177709772353159	15.302868212114625
0.21827299118430013	15.272869825486657
0.2187761623949553	15.2428619123764
0.21928049353504486	15.212856327197574
0.21978598727848253	15.182865049993405
0.2202926463053456	15.152888227774703
0.22080047330189004	15.122926006537002
0.22130947096056375	15.09297853123896
0.22181964198002194	15.063045945780479
0.2223309890651403	15.033128392980629
0.22284351492703042	15.003226014555326
0.22335722228305316	14.973338951094789
0.223872113856834	14.943467342040712
0.22438819237827662	14.913611325663283
0.2249054605835781	14.883771039037882
0.22542392121524293	14.853946618021558
0.22594357702209775	14.824138197229285
0.22646443075930595	14.794345910009957
0.2269864851883822	14.764569888422095
0.22750974307720706	14.734810263209381
0.2280342072000418	14.705067163775865
0.22855988033754301	14.675340718160948
0.2290867652767773	14.64563105301411
0.2296148648112362	14.615938293569355
0.23014418174085083	14.586262563619426
0.2306747188720069	14.556603985489723
0.23120647901755947	14.526962680011973
0.23173946499684786	14.497338766497625
0.2322736796357107	14.46773236271098
0.23280912576650079	14.43814358484201
0.23334580622810028	14.408572547478956
0.23388372386593548	14.379019363580634
0.2344228815319922	14.349484144448395
0.23496328208483072	14.319966999697916
0.23550492838960096	14.290468037230585
0.2360478233180577	14.260987363204706
0.23659196974857583	14.231525082006293
0.23713737056616552	14.202081296219717
0.23768402866248767	14.172656106597918
0.23823194693586902	14.143249612032406
0.23878112829131776	14.113861909522932
0.23933157564053875	14.084493094146842
0.23988329190194904	14.055143259028156
0.24043628000069334	14.025812495306326
0.24099054286865948	13.99650089210466
0.24154608344449405	13.967208536498454
0.2421029046736178	13.937935513482836
0.24266100950824154	13.908681905940208
0.24322040090738153	13.879447794607447
0.24378108183687525	13.850233258042763
0.2443430552693972	13.821038372592193
0.24490632418447456	13.791863212355794
0.24547089156850305	13.762681302504442
0.24603676041476275	13.733505856605468
0.24660393372343392	13.704350228338917
0.24717241450161304	13.675214579036302
0.24774220576332856	13.646099068950548
0.24831331052955705	13.617003857233032
0.2488857318282391	13.587929101910406
0.24945947269429547	13.558874959861189
0.25003453616964316	13.529841586792081
0.2506109253032114	13.50082913721404
0.251188643150958	13.471837764418133
0.25176769277588557	13.44286762045109
0.25234807724805747	13.413918856090637
0.2529297996446145	13.384991620820562
0.25351286304979076	13.356086062805504
0.25409727055493053	13.3272023288655
0.2546830252585041	13.298340564450283
0.2552701302661247	13.26950091361325
0.2558585886905646	13.240683518985247
0.25644840365177174	13.211888521748005
0.2570395782768864	13.18311606160737
0.25763211570025757	13.154366276766183
0.25822601906345966	13.125639303896968
0.2588212915153092	13.096935278114245
0.2594179362118814	13.068254332946669
0.2600159563165272	13.039596600308757
0.2606153549998896	13.010962210472455
0.26121613543992067	12.982351292038311
0.2618183008218985	12.953763971906424
0.26242185433844417	12.925200375247044
0.26302679918953814	12.896660625470941
0.263633138582538	12.868144844199396
0.2642408757321946	12.839653151233955
0.2648500138606701	12.811185664525837
0.2654605561975539	12.782742500145062
0.26607250597988097	12.754323772249222
0.2666858664521479	12.725929593052019
0.26730064086633115	12.697560072791392
0.2679168324819031	12.669215319697411
0.26853444456585074	12.640895439959774
0.26915348039269155	12.61260053769506
0.26977394324449205	12.584330714913573
0.2703958364108843	12.556086071485925
0.2710191631890843	12.527866705109235
0.2716439268839082	12.499672711273051
0.2722701308077913	12.471504183224843
0.272897778280804	12.443361211935288
0.27352687263067127	12.415243886063044
0.27415741719278824	12.387152291919369
0.2747894153102397	12.3590865134322
0.2754228703338166	12.331012184436275
0.27605778562203465	12.30294644008626
0.27669416454115114	12.274906597906778
0.2773320104651841	12.24689285722643
0.27797132677592884	12.218905416546793
0.2786121168629771	12.190944473521174
0.27925438412373377	12.163010224933164
0.2798981319634363	12.13510286667489
0.2805433637951713	12.10722259372518
0.28119008303989407	12.079369600127297
0.28183829312644537	12.051544078966618
0.2824879974915708	12.023746222347926
0.2831391995799379	11.995976221372565
0.2837919028441557	11.968234266115275
0.28444611074479154	11.940520545600828
0.285101826750391	11.912835247780384
0.28575905433749466	11.88517855950763
0.2864177969906581	11.857550666514603
0.28707805820246907	11.82995175338734
0.28773984147356696	11.802382003541192
0.28840315031266056	11.774841599195945
0.2890679882365476	11.747330721350592
0.28973435877013226	11.719849549757967
0.2904022654464451	11.692398262898957
0.2910717118066605	11.66559913487774
0.29174270140011677	11.640245613404563
0.29241523778433354	11.614921618028875
0.2930893245250321	11.589627259944864
0.2937649651961531	11.564362648286442
0.29444216337987617	11.539127890094301
0.29512092266663853	11.513923090282761
0.29580124665515467	11.48874835160618
0.2964831389524342	11.463603774625145
0.29716660317380267	11.438489457672205
0.29785164294291894	11.413405496817386
0.298538261891796	11.388351985833268
0.2992264636608189	11.363329016159788
0.29991625189876514	11.338336676868648
0.30060763026282306	11.313375054627418
0.3013006024186122	11.28844423366324
0.3019951720402016	11.263544295726213
0.30269134281013055	11.238675320052412
0.30338911841942706	11.213837383326528
0.3040885025676279	11.189030559644172
0.3047894989627983	11.164254920473796
0.3054921113215513	11.139510534618234
0.3061963433690677	11.114797468175889
0.30690219883911574	11.090115784501547
0.3076096814740708	11.065465544166786
0.3083187950249354	11.040846804920024
0.30902954325135906	11.01623195532183
0.309741929921658	10.991634745800518
0.31045595881283555	10.967069072309863
0.31117163371060175	10.942535081531155
0.3118889584093937	10.918032918514921
0.3126079367123955	10.893562726652087
0.31332857243155854	10.86912464764482
0.3140508693876217	10.844718821477048
0.3147748314101316	10.82034538638476
0.31550046233746265	10.796004478825918
0.31622776601683794	10.771696233450108
0.3169567463043491	10.74742078306789
0.31768740706497706	10.723178258619836
0.3184197521726125	10.698968789145216
0.31915378551007617	10.674792501750442
0.3198895109691398	10.65064952157714
0.3206269324505466	10.626539971769917
0.3213660538640317	10.602463973443822
0.32210687912834346	10.578421645651447
0.32284941217126356	10.554413105349758
0.32359365692962827	10.53043846736652
0.32433961734934924	10.506497844366468
0.3250872973854344	10.48259134681708
0.3258367010020088	10.458719082954044
0.32658783217233583	10.43488115874637
0.3273406948788382	10.411077677861178
0.328095293113119	10.387308741628104
0.32885163087598307	10.363574449003393
0.32960971217745777	10.339874896533614
0.3303695410368148	10.316210178319023
0.3311311214825911	10.292580385976585
0.3318944575526104	10.268985608602602
0.33265955329400454	10.245425932735012
0.333426412763235	10.221901442315295
0.3341950400261143	10.19841221865
0.33496543915782767	10.174958340371946
0.3357376142429547	10.151539883400984
0.33651156937549076	10.128156920904418
0.3372873086588689	10.104809523257035
0.3380648362059816	10.08149775800074
0.33884415613920255	10.058221689803801
0.3396252725904084	10.034981380419724
0.3404081897010009	10.011776888645686
0.34119291162192855	9.988608270280626
0.3419794425137089	9.965475578082874
0.3427677865464504	9.942378861727416
0.34355794789987465	9.91931816776274
0.34434993076333853	9.896293539567246
0.3451437393358563	9.873305017305272
0.345939377826122	9.85035263788269
0.34673685045253166	9.827408402199115
0.34753616144320587	9.804486220361476
0.34833731503601184	9.781600149519425
0.34914031547858615	9.758750315057817
0.3499451670283573	9.735936840291123
0.350751873952568	9.713159846430075
0.35156044052829816	9.690419452547962
0.35237087104248715	9.667715775546602
0.353183169791957	9.645048930121963
0.3539973410834347	9.622419028729473
0.35481338923357547	9.599826181548941
0.3556313185689854	9.57727049644918
0.3564511334262443	9.554752078952259
0.35727283815192895	9.532271032197388
0.35809643710263606	9.50982745690448
0.35892193464500527	9.487421451337337
0.35974933515574237	9.46505311126647
0.36057864302164244	9.442722529931586
0.36140986263961333	9.42042979800366
0.36224299841669866	9.39817500354668
0.3630780547701014	9.375958231979004
0.36391503612720716	9.35377956603433
0.36475394692560786	9.331639085722317
0.36559479161312497	9.30953686828878
0.36643757464783333	9.28747298817554
0.3672823004980847	9.265447516979869
0.3681289736425315	9.243460523413534
0.3689775985701504	9.221512073261476
0.3698281797802663	9.199602229340044
0.37068072178257605	9.177731051454879
0.37153522909717257	9.155898596358353
0.3723917062545686	9.134104917706617
0.3732501577957206	9.112350066016239
0.3741105882720534	9.090634088620426
0.3749730022454836	9.068957029624821
0.3758374042884442	9.047318929862875
0.37670379898390893	9.025719826850814
0.377572190925416	9.004159754742158
0.37844258471709324	8.9826387442818
0.3793149849736819	8.961156822759685
0.38018939632056115	8.93971401396401
0.381065823393773	8.918310338134003
0.3819442708400465	8.896945811912245
0.38282474331682265	8.87562044829655
0.38370724549227875	8.854334256591383
0.38459178204535355	8.833087242358822
0.38547835766577176	8.811879407369064
0.38636697705406914	8.790710749550449
0.3872576449216172	8.769581262939043
0.3881503659906482	8.748490937627714
0.38904514499428056	8.727413013969791
0.3899419866765434	8.706360716657612
0.390840895792402	8.685347409815291
0.3917418771077831	8.664373164528614
0.3926449353995998	8.643438049029939
0.3935500754557774	8.622542128657374
0.3944573020752784	8.601685465813567
0.3953666200681279	8.580868119924107
0.39627803425543945	8.5600901473955
0.3971915494694403	8.539351601572768
0.3981071705534972	8.518652532696638
0.39902490236214205	8.497992987860306
0.39994474976109745	8.47737301096581
0.4008667176273028	8.456792642679961
0.4017908108489399	8.436251920389877
0.4027170343254591	8.415750878158088
0.40364539296760493	8.395289546677203
0.4045758916974427	8.37486795322416
0.40550853544838383	8.354486121614038
0.40644332916521275	8.334144072153432
0.40738027780411273	8.313841821593378
0.4083193863326921	8.29357938308185
0.40926065973001086	8.273356766115798
0.4102041029866068	8.253173976492732
0.41114972110452225	8.233031016261867
0.4120975190973302	8.212927883674773
0.4130475019901614	8.192864573135612
0.41399967481973043	8.17284107515086
0.4149540426343629	8.152857376278593
0.41591061049402206	8.132913459077274
0.4168693834703354	8.113009302054081
0.41783036664662176	8.093144879612742
0.4187935651179184	8.073320162000865
0.41975898399100753	8.053535115256842
0.4207266283844441	8.033789701156163
0.4216965034285822	8.014083877157324
0.422668614265603	7.994417596347164
0.4236429660495411	7.974790807385739
0.4246195639463129	7.955203454450658
0.4255984131337431	7.93565547718092
0.42657951880159267	7.916146810620234
0.4275628861515862	7.896677385159794
0.4285485203974395	7.877247126480548
0.4295364267648873	7.857855955494927
0.43052661049171065	7.83850378828805
0.43151907682776525	7.819190536058346
0.43251383103500873	7.7999161050577035
0.4335108783875289	7.780680396530995
0.43451022417157154	7.7614833066551006
0.4355118736855686	7.742324726477344
0.436515832240166	7.723165994959632
0.4375221051582521	7.70402607845528
0.4385306977749857	7.684924144861224
0.4395416154378245	7.6658602042893085
0.4405548635065533	7.646834263353395
0.4415704473533125	7.627846325123129
0.44258837236262655	7.6088963890772545
0.44360864393143257	7.589984451056484
0.4446312674691087	7.571110503215942
0.4456562483975033	7.552274533977159
0.44668359215096315	7.533476527979605
0.44771330417636257	7.5147164660317936
0.4487453899331322	7.495994325061897
0.449779854893288	7.477310078067923
0.45081670454146017	7.458663694067432
0.4518559443749224	7.440055138046768
0.4528975799036208	7.421484370909824
0.4539416166502032	7.402951349426346
0.4549880601500486	7.384456026179725
0.4560369159512962	7.365998349514352
0.4570881896148751	7.347578263482438
0.4581418867145335	7.329195707790377
0.4591980128368686	7.310850617744587
0.4602565735813561	7.292542924196887
0.4613175745603794	7.274272553489326
0.46238102139926035	7.256039427398538
0.46344691973628804	7.23784346307958
0.46451527522274944	7.219684573009234
0.465586093522959	7.201562664928812
0.46665938031428866	7.183477641786431
0.46773514128719823	7.165429401678751
0.46881338214526524	7.147417837792186
0.46989410860521547	7.129442838343581
0.47097732639695294	7.111504286520334
0.47206304126359055	7.093602060420003
0.4731512589614805	7.07573603298931
0.4742419852602447	7.057906071962656
0.47533522594280536	7.040112039800017
0.47643098680541573	7.022353793624318
0.47752927365769093	7.004631185158203
0.4786300923226384	6.986944060660279
0.47973344863668915	6.96929226086073
0.4808393484497286	6.951675620896383
0.4819477976251274	6.934093970245181
0.4830588020397727	6.9165471326600585
0.48417236758409943	6.89903492610222
0.4852885001621211	6.881557162673824
0.4864072056914617	6.864113648550052
0.4875284901033864	6.846704183910583
0.48865235934283363	6.829328562870428
0.48977881936844625	6.8119137798965514
0.4909078761526032	6.794495659070926
0.492039535681451	6.777110408844762
0.49317380395493593	6.759758063147855
0.4943106869868355	6.742438653168621
0.4954501908047903	6.725152207316556
0.49659232145033616	6.7078987511843415
0.49773708497893604	6.690678307509574
0.4988844874600123	6.673490896136166
0.5000345349769786	6.656336533975345
0.5011872336272724	6.639215234966312
0.5023425895223872	6.622127010036507
0.5035006087879049	6.605071867061513
0.5046612975635284	6.588049810824567
0.505824662003114	6.571060842975729
0.5069907082747043	6.5541049619906016
0.5081594425605604	6.53718216312872
0.5093308710571953	6.520292438391536
0.5105049999754062	6.503435776479984
0.5116818355403077	6.486612162751686
0.5128613839913648	6.4698215791777285
0.514043651582426	6.453064004299053
0.5152286445817564	6.43633941318243
0.5164163692720709	6.41964777737603
0.5176068319505677	6.402989064864564
0.5188000389289611	6.38636324002405
0.5199959965335159	6.369770263576095
0.5211947111050804	6.353210092541814
0.5223961889991198	6.336682680195285
0.5236004365857502	6.32018797601658
0.5248074602497725	6.303725925644381
0.5260172663907061	6.287296470828129
0.5272298614228227	6.270899549379754
0.5284452517751804	6.254535095124949
0.5296634438916578	6.23820303785401
0.5308844442309884	6.221903303272193
0.5321082592667942	6.205635812949653
0.5333348954876209	6.189400484270896
0.5345643593969717	6.173197230383785
0.5357966575133416	6.157025960148059
0.5370317963702527	6.1408865780834185
0.5382697825162883	6.12477898431708
0.5395106225151276	6.108703074530913
0.5407543229455808	6.092658739908041
0.5420008904016238	6.0766458670790024
0.5432503314924332	6.060664338067392
0.5445026528424212	6.044714030235003
0.5457578610912709	6.028794816226506
0.5470159628939716	6.012906563913596
0.5482769649208538	5.9970491363386325
0.5495408738576245	5.981161585906819
0.5508076964054034	5.965273872627212
0.5520774392807574	5.9494162778204
0.5533501092157367	5.933588865811097
0.5546257129579107	5.917791698877884
0.5559042572704036	5.902024837223304
0.5571857489319298	5.886288338943695
0.5584701947368308	5.870582259998702
0.5597576014951101	5.854906654180515
0.5610479760324705	5.839261573082795
0.5623413251903491	5.823647066069328
0.5636376558259545	5.808063180242333
0.5649369748123025	5.792509960410513
0.5662392890382533	5.776987449056763
0.5675446054085471	5.761495686305591
0.5688529308438415	5.74603470989022
0.5701642722807475	5.730604555119371
0.571478636671867	5.715205254843738
0.5727960309858292	5.69983683942213
0.5741164622073276	5.684499336687314
0.5754399373371569	5.6691927719115025
0.5767664633922508	5.653917167771543
0.5780960474057181	5.638672544313757
0.5794286964268811	5.623458918918453
0.580764417521312	5.608276306264104
0.5821032177708715	5.593124718291186
0.5834451042737447	5.578004164165682
0.5847900841444807	5.56291465024222
0.5861381645140288	5.547856180026896
0.5874893525297767	5.532828754139721
0.588843655355589	5.517832370276723
0.5902010801718444	5.502867023171704
0.591561634175474	5.487932704557622
0.5929253245799998	5.473029403127627
0.5942921586155727	5.4581571044957125
0.5956621435290105	5.443315791157031
0.5970352865838369	5.428505442447798
0.5984115950603197	5.413726034504865
0.5997910762555094	5.39897754022489
0.6011737374832781	5.384259929223126
0.6025595860743578	5.369573167791846
0.6039486293763798	5.354917218858367
0.6053408747539136	5.340292041942689
0.6067363295885054	5.325697593114751
0.6081350012787179	5.3111338249512725
0.6095368972401692	5.296600686492209
0.610942024905572	5.282098123196818
0.6123503917247736	5.267626076899288
0.6137620051647943	5.253184485763988
0.6151768727098682	5.238773284240296
0.6165950018614822	5.224359621888959
0.618016400138416	5.209959656536356
0.6194410750767815	5.195589718075201
0.6208690342300636	5.1812498448721405
0.6223002851691596	5.166940073003192
0.6237348354824193	5.152660436221989
0.6251726927756859	5.138410965927695
0.6266138646723355	5.124191691132636
0.628058358813318	5.1100026384296315
0.6295061828571976	5.095843831958982
0.6309573444801934	5.081715293375177
0.6324118513762195	5.067617041813269
0.633869711256927	5.053549093854935
0.6353309318517437	5.039511463494215
0.6367955209079159	5.025504162102929
0.6382634861905487	5.011527198395773
0.6397348354826482	4.997580578395066
0.6412095765851616	4.983664305395192
0.6426877173170197	4.96977837992669
0.6441692655151774	4.955922799720015
0.6456542290346556	4.942097559668955
0.6471426157485832	4.9283026517937065
0.6486344335482385	4.914538065203605
0.6501296903430908	4.900803786059506
0.6516283940608427	4.887099797535819
0.6531305526474724	4.873426079782185
0.654636174067275	4.859782609884793
0.6561452663029055	4.846169361827346
0.6576578373554206	4.832586306451648
0.6591738952443215	4.819033411417858
0.6606934480075961	4.805510641164324
0.662216503701762	4.792017956867101
0.6637430704019089	4.778555316399054
0.6652731562017414	4.765122674288603
0.6668067692136223	4.751719981678076
0.6683439175686147	4.738347186281696
0.6698846094165265	4.725004232343152
0.6714288529259524	4.711691060592808
0.6729766562843179	4.698407608204507
0.6745280276979221	4.685153808751974
0.6760829753919819	4.671929592164825
0.6776415076106752	4.658734884684172
0.6792036326171846	4.645569608817824
0.6807693586937414	4.632433683295076
0.6823386941416696	4.619327023021078
0.6839116472814293	4.606249539030801
0.6854882264526615	4.593201138442582
0.6870684400142321	4.5801817244112275
0.688652296344276	4.567191196080715
0.6902398038402419	4.554229448536454
0.6918309709189364	4.541253047312133
0.6934258060165691	4.528283330990673
0.6950243175887968	4.515341866455826
0.6966265141107687	4.502428689663574
0.6982324040771714	4.489543834455422
0.6998419960022735	4.476687332529072
0.7014552984199712	4.463859213408832
0.7030723198838335	4.45105950441574
0.7046930689671469	4.438288230637405
0.7063175542629619	4.425545414897558
0.7079457843841379	4.41283107772531
0.7095777679633888	4.400145237324142
0.711213513653329	4.387487909540566
0.7128530301265195	4.374859107832513
0.7144963260755133	4.362258843237431
0.716143410212902	4.349687124340046
0.7177942912713617	4.337143957239863
0.7194489780036994	4.3246293455183284
0.7211074791828996	4.312143290205699
0.7227698036021702	4.299685789747602
0.72443596007499	4.287256839971266
0.7261059574351547	4.274856434051456
0.727779804536824	4.26248456247608
0.7294575102545687	4.250141213011464
0.7311390834834174	4.237826370667332
0.732824533138904	4.225540017661419
0.734513868157115	4.213282133383797
0.7362070974947361	4.201052694360838
0.737904230129101	4.188851674218855
0.7396052750582378	4.176679043647406
0.7413102413009175	4.164534770362252
0.7430191378967014	4.152418819067982
0.744731973905989	4.140331151420285
0.7464487584100665	4.128271725987866
0.7481695005111544	4.116240498214032
0.7498942093324559	4.104237420377906
0.7516228940182055	4.0922624415552855
0.7533555637337174	4.080315507579153
0.7550922276654339	4.068396560999805
0.7568328950209744	4.056505541044635
0.7585775750291838	4.044642383577536
0.7603262769401818	4.032807021057928
0.762079010025412	4.02099938249942
0.7638357835776907	4.009219393428093
0.7655966069112563	3.997466975840391
0.7673614893618189	3.985742048160647
0.7691304402866096	3.974044525198201
0.7709034690644301	3.962374318104144
0.7726805850957024	3.9507313343276578
0.7744617978025188	3.9391154775719706
0.7762471166286917	3.927485860081059
0.7780365510398041	3.915862573161107
0.7798301105232588	3.9042659231240737
0.7816278045883297	3.8926959466009072
0.7834296427662119	3.8811526783113894
0.7852356346100718	3.869636151037475
0.7870457896950986	3.858146395596381
0.7888601176185545	3.8466834408134156
0.7906786279998251	3.835247313494555
0.7925013304804718	3.823838038398753
0.7943282347242815	3.812455638209988
0.7961593504173188	3.801100133509048
0.7979946872679766	3.789771542745052
0.7998342550070284	3.7784698822066862
0.8016780633876791	3.7671951659931833
0.8035261221856173	3.7559474059850277
0.8053784411990667	3.744726611814372
0.8072350302488382	3.7335327908351874
0.8090958991783823	3.7223659480931244
0.8109610578538409	3.7112260862951016
0.8128305161640993	3.7001132057785924
0.8147042840208396	3.6890273044806374
0.8165823713585925	3.6779683779065637
0.81846478813479	3.6669364190984077
0.8203515443298183	3.6559314186030463
0.8222426499470712	3.6449533644400276
0.8241381150130024	3.634002242069105
0.8260379495771788	3.6230780343574738
0.8279421637123342	3.6121807215466837
0.8298507675144225	3.6013102812192677
0.8317637711026711	3.5904666882650496
0.8336811846196344	3.579649914847134
0.835603018231248	3.5688599303675965
0.8375292821268826	3.5580967014328433
0.8394599865193975	3.5473601918186546
0.8413951416451951	3.5366503624349046
0.8433347577642755	3.5259671712899636
0.84527884516029	3.5153105734547636
0.8472274141405965	3.504680521026528
0.8491804750363139	3.494076963092194
0.8511380382023765	3.4834998456914614
0.8531001140175896	3.4729491117795326
0.8550667128846834	3.4624247011895064
0.8570378452303697	3.451926550594405
0.8590135215053958	3.441454593468891
0.8609937521846007	3.431008760050601
0.8629785477669704	3.420588977301143
0.8649679187756933	3.4101951688667445
0.8669618757582167	3.3998272550385154
0.8689604292863019	3.389485152712389
0.8709635899560808	3.3791339442461292
0.8729713683881117	3.3687907855731476
0.8749837752274362	3.358473016029721
0.8770008211436349	3.348180665216751
0.8790225168308845	3.3379137608941356
0.8810488730080143	3.3276723289554084
0.8830799004185629	3.317456393402134
0.8851156098308356	3.307265976318051
0.887156012037961	3.2971010978429858
0.8892011178579485	3.2869617761465
0.8912509381337457	3.276848027401313
0.8933054837332954	3.266759865756445
0.895364765549594	3.256697303310126
0.8974287945007486	3.2466603500824447
0.8994975815300353	3.236649013987736
0.9015711376059571	3.2266633008067145
0.9036494737223016	3.2167032141583416
0.9057326008982003	3.2067687554714275
0.9078205301781859	3.196859923955974
0.9099132726322517	3.186976716574241
0.9120108393559097	3.177119128011549
0.9141132414702502	3.1672871506467977
0.9162204901219997	3.1574807745227296
0.9183325964835808	3.147699987315897
0.9204495717531712	3.1379447743063507
0.9225714271547631	3.1282151183470672
0.9246981739382225	3.1185109998330636
0.9268298233793492	3.1088323966702482
0.9289663867799363	3.0991792842439674
0.9311078754678302	3.0895516353872754
0.933254300796991	3.0799494203488957
0.9354056741475518	3.0703726067608947
0.9375620069258802	3.060821159606062
0.9397233105646378	3.0512950411849755
0.9418895965228413	3.0417942110827774
0.9440608762859233	3.0323186261356363
0.946237161365793	3.022868240396904
0.9484184633008971	3.013443005102961
0.9506047936562815	3.004042868638751
0.9527961640236519	2.994667776502995
0.9549925860214359	2.9853176712730902
0.9571940712948444	2.975992492569688
0.9594006315159331	2.9666921770209504
0.9616122783836646	2.957416658226473
0.9638290236239705	2.9481658667208883
0.9660508789898133	2.938939729937133
0.9682778562612491	2.92973817216938
0.9705099672454897	2.920561114535635
0.9727472237769651	2.9114084749399995
0.9749896377173869	2.902280168034579
0.9772372209558107	2.8931453390088455
0.9794899854086988	2.8840191291728816
0.9817479430199844	2.874916841574561
0.9840111057611337	2.865838489378393
0.9862794856312105	2.8567840838559384
0.9885530946569389	2.847753634360582
0.9908319448927676	2.83874714830206
0.9931160484209338	2.829764631120757
0.995405417351527	2.820806086261759
0.9977000638225533	2.8118715151486553
1.	2.8029609171571086
1.0023052380778998	2.794074289588166
1.0046157902783952	2.7852116276413286
1.0069316688518044	2.7763729243873585
1.0092528860766845	2.7675581707408483
1.0115794542598988	2.758767355432519
1.0139113857366795	2.7500004649812735
1.016248692870696	2.7412574836659758
1.0185913880541169	2.732538393496985
1.0209394837076802	2.7238431741874103
1.023292992280754	2.7151718031241088
1.0256519262514079	2.7065242553384103
1.0280162981264735	2.6979005034765753
1.0303861204416165	2.6893005177699716
1.0327614057613974	2.680724266004995
1.0351421666793441	2.67217171349268
1.0375284158180127	2.663642823038074
1.0399201658290596	2.655137554909284
1.0423174293933042	2.6466558668062796
1.0447202192208003	2.638197713829377
1.0471285480508996	2.62976304844746
1.0495424286523225	2.6213518204658883
1.051961873823223	2.6129639769941337
1.0543868963912593	2.6045994624130984
1.0568175092136585	2.5962582183421548
1.0592537251772887	2.5879401836058653
1.0616955571987248	2.5796452942004193
1.064143018224316	2.5713734832597535
1.066596121230258	2.5631246810213564
1.0690548792226577	2.554898814791784
1.0715193052376064	2.5466958089118377
1.0739894123412446	2.538515584721448
1.076465213629835	2.5303580605242235
1.0789467222298286	2.522223151551696
1.081433951297938	2.5141107699272163
1.0839269140212033	2.5060208246295628
1.0864256236170655	2.497953221456177
1.0889300933334332	2.4899078629861093
1.0914403364487566	2.4818846485425947
1.0939563662720937	2.473883474155328
1.096478196143185	2.4658680147118877
1.0990058394325208	2.4578560920915615
1.101539309541415	2.4498657191270437
1.104078619902073	2.441896910027395
1.1066237839776665	2.433949677344449
1.1091748152624008	2.426024031950617
1.1117317272815914	2.4181199830164695
1.1142945335917298	2.4102375379881282
1.1168632477805611	2.4023767025644176
1.1194378834671515	2.3945374806738293
1.1220184543019636	2.386719874451251
1.1246049739669264	2.378923884214485
1.1271974561755105	2.3711495084405456
1.1297959146727976	2.363396743741736
1.1324003632355573	2.355665584841497
1.1350108156723149	2.3479560245500424
1.137627285823431	2.340268053739746
1.1402497875611686	2.332601661320326
1.1428783347897717	2.324956834213773
1.1455129414455354	2.3173335573290674
1.1481536214968828	2.3097318135366405
1.1508003889444356	2.3021515836426247
1.1534532578210923	2.294592846362836
1.1561122421920986	2.2870555782965427
1.1587773561551262	2.2795397538999693
1.1614486138403426	2.272045345459578
1.1641260294104914	2.264572323065082
1.1668096170609623	2.2571206545822267
1.1694993910198712	2.24969030562531
1.1721953655481303	2.2422812395294627
1.1748975549395297	2.2348934173226533
1.1776059735208073	2.2275267976974646
1.1803206356517297	2.220181336982584
1.1830415557251646	2.212856989114052
1.1857687481671602	2.2055537056062335
1.1885022274370183	2.198271435522547
1.1912420080273751	2.1910101254458914
1.193988104464273	2.183769719448844
1.1967405313072437	2.176550159063546
1.1994993031493788	2.1693513832513545
1.2022644346174132	2.162173328372183
1.2050359403717974	2.1550159281535906
1.2078138351067804	2.1478791136595725
1.2105981335504823	2.1407628132590832
1.2133888504649775	2.133666952594256
1.2161860006463678	2.12659145454836
1.2189895989248667	2.11953623921344
1.2217996601648717	2.112501223857688
1.2246161992650488	2.1054863228925083
1.2274392311584073	2.098491447839286
1.2302687708123818	2.0914852911465873
1.233104833228909	2.0844832145299566
1.2359474334445106	2.0775007442343383
1.238796586530369	2.070537893427651
1.2416523075924113	2.0635946737945488
1.244514611771385	2.056671095516564
1.2473835142429432	2.0497671672520337
1.2502590302177201	2.042882896115858
1.2531411749414163	2.036018287659056
1.2560299636948749	2.029173345848142
1.2589254117941675	2.022348073044286
1.2618275345906707	2.0155424699823126
1.2647363474711515	2.008756535749462
1.2676518658578455	2.001990267763994
1.270574105208542	1.995243661753559
1.2735030810166617	1.9885167117333882
1.276438808811344	1.9818094099842656
1.2793813041575246	1.9751217470303126
1.2823305826560218	1.9684537116165426
1.2852866599436155	1.961805290686234
1.2882495516931343	1.9551764693580678
1.2912192736135342	1.9485672309030724
1.2941958414499863	1.9419775567213435
1.297179270983956	1.9354074263185574
1.3001695780332907	1.9288568172822536
1.3031667784522993	1.9223257052579223
1.3061708881318417	1.9158140639248402
1.309181922999407	1.909321864971715
1.3121998990192034	1.902849078072081
1.3152248321922384	1.8963956708594876
1.3182567385564075	1.8899616089024407
1.3212956341865751	1.8835468556791406
1.324341535194665	1.8771513725519569
1.3273944577297394	1.8707751187416974
1.3304544179780915	1.864418051301624
1.333521432163324	1.8580801250912464
1.3365955165464425	1.8517612927498537
1.3396766874259352	1.8454615046698368
1.3427649611378643	1.839180708969736
1.3458603540559484	1.832918851467068
1.348962882591654	1.82667587565089
1.3520725631942772	1.8204517226541257
1.3551894123510364	1.8142463312256285
1.3583134465871542	1.8080596377020102
1.3614446824659503	1.8018915759791903
1.3645831365889245	1.7957420774837132
1.3677288255958495	1.7896110711437845
1.3708817661648536	1.7834984833600653
1.3740419750125157	1.7774042379761832
1.3772094688939465	1.771328256249002
1.3803842646028852	1.765245496198341
1.383566378971781	1.7591682325875815
1.3867558288718889	1.7531088714532088
1.3899526312133532	1.7470674141933618
1.3931568029453036	1.7410438607279564
1.3963683610559376	1.7350382094794572
1.3995873225726185	1.7290504573534446
1.4028137045619582	1.7230805997190317
1.4060475241299144	1.7171286303890654
1.4092887984218747	1.7111945416001741
1.4125375446227548	1.7052783239926015
1.4157937799570817	1.6993799665898817
1.4190575216890926	1.6934994567782948
1.4223287871228198	1.687636780286164
1.425607593602188	1.6817919211629309
1.428893958511103	1.6759648617580596
1.432187899273543	1.6701555826997387
1.435489433353656	1.6643640628733782
1.4387985782558452	1.6585902793999252
1.4421153515248688	1.6528342076139606
1.4454397707459272	1.6470958210416125
1.4487718535447618	1.6413750913782508
1.452111617587742	1.6356719884659927
1.455459080581966	1.6299864802709845
1.4588142602753482	1.6243185328604939
1.4621771744567182	1.618668110379771
1.4655478409559113	1.6130351750287253
1.468926277643867	1.6074196870383575
1.4723125024327186	1.6018216046470102
1.4757065332758947	1.596240884076368
1.4791083881682072	1.5906774795072711
1.4825180851459536	1.5851313430552831
1.4859356422870067	1.5796024247460534
1.4893610777109154	1.5740906724904475
1.492794409578996	1.5685960320594574
1.4962356560944337	1.5631184470588761
1.4996848355023733	1.557657858903757
1.5031419660900225	1.5522142067926235
1.5066070661867417	1.5467874276814668
1.5100801541641484	1.5413774562574871
1.513561248436208	1.5359842249126212
1.5170503674593367	1.530607663716807
1.5205475297324955	1.5252477003910336
1.5240527537972914	1.5199042602801214
1.5275660582380723	1.5145772663252857
1.5310874616820302	1.509266639036428
1.5346169827992941	1.5039722964642013
1.5381546403030348	1.4986941541718082
1.5417004529495593	1.4934321252065574
1.545254439538414	1.4881861200711615
1.5488166189124812	1.4829264518367087
1.5523870099580825	1.4776676791535475
1.5559656316050743	1.4724245168600631
1.559552502826954	1.467196972636062
1.5631476426409538	1.4619850529648715
1.5667510701081493	1.45678876311746
1.5703628043335522	1.4516081071364249
1.5739828644662197	1.4464430878198071
1.5776112696993485	1.4412937067047782
1.5812480392703834	1.4361599640511535
1.5848931924611134	1.431041858824768
1.5885467485977791	1.425939388680683
1.59220872705117	1.420852549946249
1.5958791472367329	1.4157813376039972
1.5995580286146687	1.4107257452743844
1.6032453906900417	1.4056857651983674
1.6069412530128773	1.400661388219824
1.6106456351782708	1.3956526037678012
1.6143585568264862	1.3906593998386099
1.6180800376430662	1.385681762977742
1.6218100973589298	1.3807196782616333
1.6255487557504842	1.375773129279243
1.6292960326397223	1.3708420981134788
1.6330519478943346	1.3659265653224368
1.6368165214278085	1.3610265099204797
1.6405897731995396	1.356141909359131
1.6443717232149315	1.3512727395078046
1.6481623915255086	1.3464189746343445
1.651961798229015	1.3415805873854014
1.6557699634695284	1.3367575487666117
1.6595869074375604	1.331949828122615
1.6634126503701698	1.3271573931168679
1.6672472125510627	1.322380209711292
1.6710906143107078	1.3176182421457245
1.6749428760264373	1.3128714529171872
1.6788040181225607	1.3081398027589612
1.6826740610704674	1.3034232506194814
1.6865530253887415	1.2987217536410236
1.690440931643264	1.2940352671382171
1.6943378004473288	1.2893637445763426
1.6982436524617444	1.2847071375494532
1.7021585083949509	1.2800653957582793
1.7060823890031234	1.2754384669879475
1.710015315090288	1.2708262970854882
1.7139573075084253	1.2662288299371507
1.7179083871575884	1.2616460074455005
1.721868574986007	1.2570777695063249
1.725837891990204	1.2525240539853164
1.7298163592151015	1.24798479669456
1.7338039977541384	1.2434599313687977
1.7378008287493754	1.2389282583125212
1.7418068733916146	1.2344001698042861
1.7458221529205038	1.2298861693737384
1.7498466886246573	1.2253862590672782
1.7538805018417611	1.2209004397999135
1.7579236139586931	1.216428711340495
1.7619760464116292	1.2119710722968393
1.7660378206861649	1.2075275201006828
1.770108958317421	1.203098050992524
1.7741894808901661	1.1986826600063
1.7782794100389228	1.1942813409539421
1.78237876744809	1.1898940864097691
1.7864875748520508	1.1855208876947498
1.7906058540352947	1.18116173486061
1.7947336268325265	1.1768166166737994
1.7988709151287883	1.1724855205993032
1.803017740859569	1.1681684327843123
1.8071741260109275	1.1638653380417323
1.8113400926196026	1.1595762198335549
1.8155156627731361	1.1553010602540557
1.8197008586099834	1.1510398400128612
1.8238957023196385	1.1467925384178383
1.8281002161427427	1.1425591333578446
1.832314422371212	1.1383396012853042
1.8365383433483464	1.1341339171986389
1.8407720014689564	1.1299420546245262
1.8450154191794736	1.125763985600006
1.8492686189780787	1.1215996806544097
1.8535316234148114	1.1174491087911442
1.857804455091699	1.1133122374692863
1.8620871366628675	1.1091890325850338
1.8663796908346704	1.105079458452963
1.8706821403658007	1.1009834777871415
1.8749945080674193	1.0969010516820434
1.8793168168032686	1.0928321395933178
1.883649089489801	1.0887766993183574
1.8879913490962936	1.0847346869767123
1.892343618644976	1.080706056990312
1.8967059212111463	1.0766907620635209
1.9010782799233006	1.072688753162997
1.9054607179632472	1.0686999794973928
1.9098532585662378	1.0647243884968463
1.914255925021086	1.0607619257923104
1.9186687406702891	1.0568125351946849
1.9230917289101586	1.0528761586737567
1.9275249131909356	1.0489527363369677
1.9319683170169242	1.0450422064079727
1.936421963946607	1.0411445052050203
1.9408858775927782	1.0372595671191296
1.9453600816226624	1.0333873245920822
1.9498445997580456	1.0295093908821618
1.9543394557753944	1.0256347638805834
1.95884467350599	1.021772537761088
1.9633602768360463	1.0179227035710048
1.967886289706845	1.0140852512209868
1.9724227361148534	1.0102601694707154
1.976969640111861	1.006447445914447
1.9815270258050979	1.0026470669664551
1.9860949173573716	0.9988590178463119
1.9906733389871865	0.9950832825640561
1.9952623149688797	0.9913198439052061
1.9998618696327437	0.9875686834156514
2.0044720273651615	0.9838297813863903
2.0090928126087277	0.9801031168381419
2.0137242498623884	0.9763886675058034
2.0183663636815607	0.9726864098227787
2.023019178678272	0.9689963189051504
2.0276827195212817	0.9653183685357192
2.032357010936222	0.9616525311478856
2.037042077705718	0.9579987778094003
2.0417379446695296	0.9543570782059478
2.046444636724674	0.9507274006245978
2.0511621788255656	0.9471097119370935
2.0558905959841414	0.9435039775829984
2.0606299132700006	0.9399101615526787
2.065380155810529	0.9363282263701463
2.0701413487910423	0.9327581330757301
2.0749135174549096	0.9291998412086051
2.079696687103696	0.9256533087891516
2.084490883097289	0.9221184923011676
2.0892961308540396	0.9185953466739066
2.0941124558508926	0.9150838252639666
2.0989398836235242	0.9115838798370084
2.1037784397664754	0.908095460549311
2.1086281499332897	0.9046185159291629
2.1134890398366464	0.901152992858086
2.1183611352485023	0.8976988365518882
2.123244462000219	0.8942559905415525
2.1281390459827123	0.8908243966539461
2.133044913146576	0.8874039949923676
2.1379620895022327	0.8839947239169091
2.1428906011200586	0.8805965200246559
2.1478304741305343	0.8772093181296949
2.1527817347243725	0.8738330512429598
2.157744409152667	0.870467650551882
2.16271852372702	0.8671130453998775
2.167704104819695	0.8637691632656321
2.1727011788637443	0.8604359297422222
2.1777097723531593	0.857113268516033
2.1827299118430012	0.8538011013455058
2.187761623949553	0.85047737699341
2.1928049353504484	0.847152891838143
2.197859872784825	0.8438385581724669
2.202926463053456	0.8405343697436154
2.2080047330189	0.8372403193719742
2.2130947096056377	0.8339563989393585
2.2181964198002193	0.8306825993771787
2.223309890651403	0.8274189106545011
2.2284351492703043	0.8241653217659917
2.2335722228305315	0.8209218207197584
2.23872113856834	0.8176883945250667
2.2438819237827663	0.8144650291799606
2.2490546058357817	0.811251709658751
2.254239212152429	0.8080484198994069
2.259435770220978	0.8048551427908117
2.2646443075930596	0.8016718601599242
2.2698648518838223	0.7984985527588011
2.2750974307720706	0.795335200251517
2.2803420720004186	0.7921817812009546
2.28559880337543	0.78903827305548
2.2908676527677736	0.7859046521354921
2.296148648112362	0.7827808936198551
2.301441817408509	0.7796669715322009
2.306747188720069	0.7765628587271128
2.312064790175595	0.7734685268761772
2.3173946499684783	0.7703839464539183
2.3227367963571073	0.7673090867235932
2.328091257665008	0.7642439157228702
2.3334580622810033	0.761188400249368
2.338837238659355	0.7581425058460705
2.344228815319923	0.7551061967866045
2.3496328208483073	0.7520794360603928
2.35504928389601	0.7490621853576616
2.360478233180577	0.746054405054325
2.365919697485759	0.7430560541967246
2.371373705661655	0.7400670904862384
2.3768402866248772	0.7370874702637433
2.38231946935869	0.7341171484939508
2.3878112829131783	0.7311560787495859
2.3933157564053875	0.7282042131954425
2.3988329190194912	0.7252615025722784
2.4043628000069335	0.7223278961805822
2.4099054286865957	0.7194033418641802
2.41546083444494	0.7164877859937137
2.421029046736179	0.7135811734499508
2.4266100950824154	0.7106834476069663
2.432204009073816	0.7077945503151587
2.4378108183687526	0.7049144218841275
2.4434305526939726	0.7020430010653866
2.4490632418447453	0.6991802250349368
2.454708915685031	0.6963056549324261
2.4603676041476272	0.6934293127430541
2.46603933723434	0.690561328162358
2.4717241450161302	0.687701705996357
2.4774220576332864	0.684850450415617
2.4831331052955705	0.6820075649467857
2.4888573182823914	0.6791730524640425
2.494594726942955	0.6763469151804719
2.500345361696432	0.6735291546393534
2.506109253032114	0.6707197717053726
2.511886431509581	0.6679187665557446
2.5176769277588558	0.6651261386712627
2.5234807724805757	0.6623418868272534
2.529297996446145	0.6595660090844564
2.5351286304979084	0.6567985027798126
2.540972705549305	0.6540393645171708
2.5468302525850417	0.6512885901579039
2.552701302661247	0.648546174811443
2.5585858869056453	0.6458121128257186
2.5644840365177175	0.6430863977775153
2.5703957827688635	0.6403690224627395
2.5763211570025755	0.6376599788865908
2.582260190634596	0.6349592582536514
2.588212915153092	0.6322668509578743
2.5941793621188136	0.6295827465724881
2.6001595631652723	0.6269069338398
2.6061535499988953	0.6242394006609152
2.6121613543992064	0.6215801340853517
2.6181830082189848	0.618929120300567
2.624218543384442	0.6162863446213829
2.6302679918953813	0.6136517914793218
2.6363313858253803	0.6110254444118332
2.642408757321946	0.6084072860514352
2.648500138606701	0.6057972981147446
2.654605561975539	0.6031954613914174
2.6607250597988097	0.6006017557329794
2.666858664521479	0.5980161600415611
2.6730064086633116	0.5954386522585277
2.6791683248190314	0.5928692093530085
2.6853444456585076	0.5903078073103148
2.691534803926915	0.5877544211202648
2.6977394324449206	0.5852090247653879
2.703958364108843	0.5826715912090387
2.7101916318908432	0.5801420923833859
2.7164392688390824	0.5776204991773103
2.7227013080779128	0.5751067814241774
2.7289777828080406	0.5726009078895133
2.7352687263067126	0.5701028462585588
2.741574171927882	0.56761256312372
2.7478941531023975	0.5651300239718989
2.7542287033381663	0.5626425397976804
2.7605778562203462	0.560156338912952
2.7669416454115114	0.557677716389524
2.773320104651841	0.5552066791884309
2.7797132677592886	0.5527432337395601
2.7861211686297707	0.5502873859344424
2.792543841237338	0.547839141118981
2.798981319634363	0.5453985040861028
2.805433637951713	0.5429654790683497
2.811900830398941	0.5405400697303916
2.8183829312644537	0.538122279161477
2.8248799749157074	0.5357121098678046
2.831391995799379	0.5333095637648301
2.8379190284415565	0.5309146421694952
2.8444611074479154	0.52852734579239
2.85101826750391	0.5261476747298333
2.8575905433749464	0.5237756284558903
2.8641779699065815	0.5214112058143028
2.8707805820246906	0.5190544050103574
2.8773984147356697	0.516705223602665
2.8840315031266055	0.5143636584948756
2.8906798823654762	0.5120297059273059
2.897343587701323	0.5097033614684987
2.904022654464451	0.5073846200066934
2.910717118066605	0.5050734757412286
2.9174270140011673	0.502769922173856
2.924152377843335	0.5004739520999802
2.9308932452503216	0.4981855575998128
2.9376496519615305	0.4959047300294502
2.9444216337987617	0.49363146001186187
2.9512092266663856	0.4913657374278052
2.9580124665515464	0.4891075514066467
2.9648313895243423	0.4868568903171079
2.971666031738027	0.48461374175791855
2.9785164294291895	0.4823780925483912
2.9853826189179604	0.48014992871890283
2.992264636608189	0.47792923550129635
2.9991625189876516	0.47571599731918573
3.0060763026282307	0.47351019777818315
3.013006024186122	0.4713118196560271
3.019951720402016	0.46912084489262745
3.0269134281013064	0.4669372545800157
3.0338911841942706	0.46476102895220767
3.04088502567628	0.46259214737496906
3.047894989627983	0.46043058833549455
3.054921113215514	0.4582763294319855
3.061963433690677	0.45612934736314326
3.069021988391158	0.4539896179175561
3.076096814740708	0.45185711596300043
3.083187950249355	0.4497318154356376
3.0902954325135905	0.4476031721584695
3.097419299216581	0.4454763655461221
3.1045595881283554	0.44335663048883234
3.1117163371060186	0.44124397534126186
3.118889584093937	0.43913840800244675
3.126079367123956	0.43703993590951185
3.1332857243155856	0.4349485660313364
3.1405086938762183	0.43286430486215005
3.1477483141013156	0.430787158415077
3.1550046233746274	0.4287171322156097
3.1622776601683795	0.42665423129503033
3.169567463043492	0.42459846018376163
3.1768740706497707	0.4225498229046626
3.1841975217261256	0.4205083229662527
3.1915378551007616	0.4184739633558829
3.198895109691399	0.4164467465328303
3.206269324505466	0.41442667442133946
3.213660538640318	0.4124137484035896
3.2210687912834346	0.4104079693126024
3.2284941217126364	0.4084093374250774
3.2359365692962827	0.4064178524541677
3.2433961734934935	0.40443351354218
3.250872973854344	0.40245631925321446
3.2583670100200885	0.4004862675657298
3.265878321723358	0.3985233558650436
3.273406948788383	0.3965675809357592
3.2809529311311905	0.39461893895412714
3.2885163087598315	0.39267742548032947
3.2960971217745776	0.390743035450699
3.303695410368149	0.3888157631698612
3.311311214825911	0.38689560230280906
3.3189445755261047	0.3849825458668977
3.326595532940045	0.38307658622377283
3.3342641276323506	0.381177715071218
3.3419504002611427	0.37928592343493384
3.3496543915782775	0.37740120166023333
3.3573761424295467	0.37552353940367017
3.365115693754908	0.37365292562458124
3.372873086588689	0.3717893485765599
3.380648362059817	0.36993279579884414
3.3884415613920256	0.3680832541076323
3.3962527259040853	0.3662407095873129
3.404081897010009	0.3644051475816218
3.4119291162192864	0.36257655268471095
3.4197944251370886	0.36075490873214394
3.4276778654645046	0.3589401987918013
3.4355794789987466	0.3571324051547112
3.443499307633384	0.3553315093257903
3.451437393358563	0.3535374920145043
3.459393778261219	0.351750333125445
3.4673685045253166	0.3499623101838404
3.4753616144320576	0.34817721473747576
3.483373150360118	0.34639887883078163
3.4914031547858606	0.3446273070663761
3.499451670283573	0.3428625035827634
3.5075187395256795	0.34110447204813615
3.5156044052829816	0.3393532156541137
3.523708710424871	0.33760873710942835
3.53183169791957	0.33587103863354373
3.5399734108343464	0.3341401219502232
3.548133892335755	0.33241598828102803
3.5563131856898527	0.33069863833876356
3.5645113342624426	0.3289880723208566
3.5727283815192883	0.3272842899026783
3.5809643710263606	0.3255872902307976
3.5892193464500517	0.3238970719161778
3.5974933515574232	0.32221363302730543
3.6057864302164235	0.32053697108325896
3.6140986263961334	0.3188670830467097
3.6224299841669856	0.31720396531686135
3.630780547701014	0.31554761372231976
3.639150361272071	0.31389802351390234
3.6475394692560785	0.3122551893573754
3.6559479161312485	0.3106191053261291
3.664375746478333	0.3089897648937804
3.672823004980846	0.30736716092671346
3.681289736425315	0.30575128567654436
3.6897759857015027	0.3041421307725247
3.6982817978026628	0.30253968721386737
3.7068072178257596	0.3009439453620084
3.715352290971726	0.29935489493279316
3.7239170625456848	0.297772524988596
3.732501577957206	0.29619682393036134
3.741105882720533	0.29462777948957936
3.7497300224548358	0.2930653787201814
3.758374042884441	0.29150960799036874
3.767037989839089	0.28996045297435913
3.77572190925416	0.2884178986440661
3.7844258471709336	0.28688192926069533
3.793149849736819	0.28535252836627173
3.801893963205613	0.2838296787750826
3.81065823393773	0.2823133625650507
3.8194427084004663	0.28080356106902127
3.8282474331682264	0.279300254865979
3.8370724549227884	0.2778034237721764
3.8459178204535354	0.2763130468321906
3.8547835766577188	0.2748291023098929
3.8636697705406915	0.2733515676793421
3.8725764492161727	0.2718804196155915
3.8815036599064823	0.2704156339854173
3.8904514499428067	0.2689498908512203
3.899419866765434	0.267486776407245
3.908408957924021	0.2660299151595507
3.9174187710778305	0.26457930618200587
3.926449353995999	0.2631349480612048
3.9355007545577743	0.26169683889023554
3.944573020752785	0.26026497626238454
3.953666200681279	0.2588393572647889
3.9627803425543955	0.25741997847202364
3.971915494694403	0.256006835939636
3.981071705534973	0.2545999251976139
3.9902490236214203	0.25319924124379906
3.9994474976109755	0.2518047785372361
4.008667176273028	0.2504165309914626
4.0179081084894	0.24903449196773544
4.027170343254591	0.24765865426819622
4.036453929676051	0.24628901012897345
4.045758916974426	0.24492555121322226
4.055085354483839	0.24356826860409825
4.0644332916521275	0.24221715279766984
4.073802778041128	0.24087219369576304
4.083193863326921	0.23953338059874413
4.09260659730011	0.23820070219823156
4.1020410298660686	0.23687414656974806
4.111497211045223	0.23555370116529903
4.120975190973302	0.2342393528058886
4.130475019901614	0.23293108767396414
4.139996748197304	0.23162889130579534
4.149540426343631	0.2303327485837808
4.1591061049402205	0.22904264372868857
4.168693834703355	0.2277585602918218
4.178303666466218	0.22648048114711933
4.187935651179185	0.22520838848317914
4.1975898399100755	0.2239422637952149
4.207266283844442	0.22268208787693497
4.216965034285822	0.22142784081235367
4.226686142656031	0.22017950196752326
4.2364296604954115	0.21893704998219687
4.24619563946313	0.2177004627614121
4.2559841313374305	0.21646971746700253
4.265795188015928	0.21524479050902995
4.275628861515862	0.2140256575371438
4.285485203974396	0.21281229343185862
4.295364267648873	0.21160467229575738
4.3052661049171075	0.2104027674446142
4.3151907682776525	0.20920655139843874
4.325138310350088	0.20801599587243963
4.335108783875289	0.20683107176790963
4.345102241715717	0.20565174916302595
4.355118736855686	0.20447799730357352
4.365158322401661	0.20330118777617304
4.375221051582521	0.2021255446822151
4.385306977749858	0.20095533739703017
4.395416154378245	0.19979056301224338
4.405548635065534	0.19863121817386098
4.4157044735331255	0.19747729907666925
4.425883723626267	0.19632880145858012
4.436086439314326	0.19518572059492742
4.446312674691089	0.19404805129270686
4.456562483975033	0.19291578788476726
4.466835921509633	0.19178892422394395
4.477133041763626	0.19066745367714297
4.487453899331323	0.18955136911936657
4.49779854893288	0.1884406629276878
4.508167045414603	0.18733532697516672
4.518559443749224	0.18623535262471413
4.528975799036209	0.18514073072289583
4.539416166502032	0.18405145159368416
4.549880601500488	0.1829675050321487
4.560369159512962	0.18188888029809366
4.570881896148752	0.18081556610963273
4.581418867145335	0.1797475506367104
4.591980128368688	0.17868482149456058
4.6025657358135605	0.1776273657371081
4.613175745603796	0.17657516985030944
4.623810213992603	0.17552821974543462
4.634469197362879	0.17448650075228536
4.645152752227495	0.17344999761235566
4.6558609352295885	0.17241869447192884
4.666593803142887	0.17139257487511106
4.677351412871981	0.17037162175680529
4.688133821452653	0.1693558174356187
4.698941086052153	0.16834514360670952
4.709773263969529	0.16733958133456617
4.720630412635905	0.16633911104572516
4.731512589614805	0.16534371252142124
4.7424198526024455	0.16435336489017266
4.753352259428054	0.16336804662029933
4.7643098680541565	0.16238773551237645
4.775292736576909	0.16141240869161694
4.786300923226383	0.16044204260018985
4.797334486366892	0.15947661298946708
4.808393484497285	0.15851609491220356
4.819477976251274	0.15756046271464544
4.830588020397726	0.156609690028571
4.841723675840994	0.1556637497632578
4.8528850016212095	0.1547226140973814
4.864072056914616	0.15378625447083902
4.875284901033862	0.15285464157650527
4.886523593428336	0.15192774535190934
4.897788193684462	0.15099682050037322
4.909078761526032	0.15006615022569308
4.920395356814509	0.14914006371697017
4.9317380395493595	0.1482185595034932
4.943106869868354	0.14730163575685945
4.954501908047903	0.14638929028644174
4.96592321450336	0.14548152053481805
4.97737084978936	0.14457832357315448
4.9888448746001215	0.14367969609654982
5.000345349769786	0.1427856344193333
5.011872336272722	0.14189613447032284
5.0234258952238715	0.14101119178803556
5.035006087879047	0.14013080151585863
5.046612975635284	0.1392549583971716
5.05824662003114	0.13838365677042794
5.0699070827470445	0.13751689056418778
5.081594425605605	0.13665465329210877
5.093308710571955	0.13579693804788756
5.105049999754062	0.1349437375001588
5.116818355403078	0.13409504388734406
5.1286138399136485	0.13325084901245668
5.140436515824262	0.13241114423785755
5.152286445817564	0.13157592047996394
5.16416369272071	0.13074516820390977
5.176068319505676	0.12991887741815847
5.188000389289612	0.1290970376690651
5.199959965335159	0.12827963803539166
5.211947111050805	0.1274666671227703
5.223961889991197	0.1266581130581187
5.236004365857504	0.12585396348400266
5.248074602497725	0.12505420555295077
5.2601726639070625	0.12425882592171436
5.2722986142282275	0.12346781074547912
5.284452517751805	0.12268114567202187
5.296634438916578	0.1218988158358172
5.308844442309884	0.12112080585208852
5.321082592667942	0.12034709981080907
5.333348954876211	0.11957768127064532
5.345643593969716	0.11881253325285003
5.357966575133418	0.11805163823509697
5.370317963702527	0.11729497814526399
5.382697825162884	0.11654253435515743
5.3951062251512765	0.11579428767418333
5.4075432294558095	0.11505021834295977
5.420008904016238	0.11431030602687438
5.432503314924333	0.11357452980958259
5.445026528424211	0.11284286818645052
5.4575786109127105	0.11211529905793642
5.470159628939716	0.11139179972291699
5.482769649208539	0.11067234687195102
5.495408738576246	0.10995083754690693
5.508076964054036	0.10923025711765802
5.520774392807573	0.10851362294822321
5.533501092157368	0.1078009313390822
5.546257129579107	0.10709217825501043
5.559042572704037	0.10638735932093517
5.5718574893192985	0.1056864698177567
5.584701947368309	0.10498950467812793
5.597576014951102	0.10429645848219836
5.610479760324706	0.10360732545331662
5.623413251903491	0.10292209945369594
5.6363765582595455	0.1022407739800384
5.649369748123025	0.10156334215912054
5.6623928903825345	0.10088979674333755
5.675446054085471	0.10022013010620867
5.688529308438416	0.0995543342378394
5.701642722807475	0.09889240074034536
5.714786366718672	0.09823432082323173
5.727960309858292	0.09758008529873344
5.741164622073277	0.09692968457711115
5.7543993733715695	0.09628310866190629
5.767664633922509	0.09564034714515189
5.780960474057181	0.09500138920254166
5.794286964268812	0.09436622358855369
5.807644175213121	0.09373483863153236
5.821032177708716	0.0931072222287241
5.834451042737448	0.09248336184127
5.847900841444809	0.09186324448915206
5.861381645140288	0.09124685674609591
5.874893525297769	0.09063418473442558
5.88843655355589	0.09002521411987459
5.902010801718445	0.08941993010634848
5.91561634175474	0.08881831743064246
5.9292532458	0.08822036035710978
5.942921586155727	0.08762604267228505
5.956621435290106	0.08703534767945688
5.970352865838369	0.08644825819319502
5.984115950603199	0.08586475653382587
5.997910762555095	0.08528482452186203
6.011737374832782	0.08470844347237924
6.025595860743578	0.08413559418934594
6.0394862937638	0.08356625695990097
6.0534087475391365	0.08300041154858183
6.067363295885055	0.08243803719150018
6.08135001278718	0.08187911259046797
6.095368972401694	0.08132361590706962
6.109420249055721	0.08077152475668357
6.123503917247737	0.0802228162024497
6.137620051647943	0.0796774667491848
6.151768727098683	0.07913545233724341
6.165950018614822	0.07859096600720265
6.180164001384161	0.07804684556075553
6.1944107507678146	0.07750595924715882
6.208690342300634	0.07696830171895672
6.223002851691596	0.07643386732491644
6.237348354824191	0.07590265010637247
6.251726927756859	0.07537464379353614
6.266138646723353	0.074849841801774
6.2805835881331795	0.07432823722784984
6.295061828571975	0.07380982284613508
6.309573444801933	0.07329459110478304
6.324118513762193	0.07278253412186976
6.33869711256927	0.07227364368149886
6.353309318517436	0.07176791122987278
6.367955209079159	0.07126532787132663
6.382634861905486	0.07076588436432833
6.397348354826482	0.07026957111744085
6.412095765851615	0.06977637818524988
6.4268771731701975	0.06928629526425327
6.441692655151772	0.06879931168871513
6.456542290346556	0.06831541642648123
6.471426157485831	0.06783459807475853
6.486344335482385	0.06735684485585518
6.501296903430906	0.06688214461288411
6.516283940608428	0.06641048480542683
6.531305526474723	0.06594185250515959
6.546361740672751	0.06547623439143962
6.561452663029053	0.06501361674685316
6.576578373554206	0.06455398545272227
6.591738952443213	0.06409732598457353
6.606934480075961	0.06364362340756484
6.622165037017619	0.06319286237187288
6.637430704019089	0.06274502710803856
6.652731562017413	0.062300101422272276
6.668067692136222	0.061858068691716485
6.6834391756861455	0.0614189118596676
6.698846094165265	0.06098261343075425
6.714288529259523	0.06054915546607463
6.729766562843179	0.06011851957828895
6.745280276979219	0.05969068692667067
6.760829753919819	0.05926563821211234
6.77641507610675	0.058843353672088865
6.792036326171846	0.058423813075575384
6.807693586937414	0.058006995717921596
6.823386941416698	0.057592880415679726
6.839116472814292	0.05718144550138876
6.8548822645266165	0.05677266881831112
6.870684400142321	0.05636652771512508
6.886522963442762	0.05596299904056906
6.902398038402419	0.05556205913804076
6.918309709189366	0.0551575832934432
6.934258060165691	0.054752567391298385
6.9502431758879695	0.054350039532772794
6.966265141107686	0.05394999617492038
6.982324040771715	0.05355243355000672
6.998419960022734	0.05315734766278703
7.014552984199714	0.05276473428775791
7.030723198838334	0.05237458896638546
7.046930689671471	0.05198690700430692
7.06317554262962	0.05160168346850809
7.07945784384138	0.05121891318447391
7.095777679633888	0.05083859073331465
7.112135136533292	0.05046071044886435
7.128530301265195	0.05008526641475496
7.1449632607551345	0.04971225246146205
7.16143410212902	0.0493416621633257
7.177942912713619	0.048973488835542825
7.194489780036995	0.04860772553113407
7.211074791828998	0.048244365037881695
7.227698036021702	0.04788339987524161
7.2443596007499025	0.04752482229122588
7.261059574351547	0.04716862425925931
7.277798045368242	0.04681479747500551
7.294575102545687	0.0464633333531669
7.311390834834176	0.046114223024253914
7.3282453313890406	0.04576745733132708
7.345138681571151	0.04542302682670848
7.362070974947361	0.045080921768665363
7.379042301291012	0.0447411321180626
7.396052750582378	0.04440364753498682
7.413102413009177	0.04406845737533915
7.430191378967014	0.04373555068739886
7.447319739059893	0.04340491620835533
7.464487584100665	0.043076542360810335
7.481695005111545	0.04275041724924808
7.498942093324558	0.04242652865647537
7.516228940182057	0.04210486404002881
7.533555637337174	0.041785410528551496
7.550922276654341	0.04146815491813646
7.568328950209744	0.0411530836686391
7.58577575029184	0.04084018289995583
7.603262769401819	0.04052943838827092
7.620790100254123	0.040220835562269505
7.638357835776907	0.03991435949931799
7.655966069112566	0.03960999492160998
7.67361489361819	0.03930772619227934
7.691304402866098	0.039007537311478095
7.709034690644301	0.03870941191242105
7.726805850957025	0.03841333325739443
7.744617978025188	0.038119284233730955
7.76247116628692	0.03782301326650588
7.78036551039804	0.037526598905693376
7.798301105232589	0.03723214203615698
7.816278045883297	0.03693963940540601
7.83429642766212	0.03664908757929341
7.852356346100718	0.03636048293983478
7.870457896950989	0.03607382168300678
7.888601176185544	0.03578909981652635
7.906786279998253	0.03550631315760889
7.925013304804718	0.035225457330707255
7.943282347242818	0.03494652776522907
7.961593504173188	0.034669519693234584
7.979946872679768	0.034394428147112695
7.9983425500702845	0.034121247957236915
8.016780633876794	0.03384997374959953
8.035261221856173	0.03358059994342499
8.05378441199067	0.03331312074876128
8.072350302488383	0.03304753016405029
8.090958991783825	0.03278382197367575
8.109610578538408	0.03252198974548974
8.128305161640995	0.032262026828316394
8.147042840208396	0.03200392634943418
8.165823713585926	0.03174768121203446
8.1846478813479	0.03149328409265861
8.203515443298185	0.031240727438611195
8.222426499470712	0.03099000346535082
8.241381150130026	0.030741104153857172
8.260379495771788	0.03049402124797529
8.279421637123345	0.030248746251735282
8.298507675144226	0.030005270426649303
8.317637711026709	0.029763584788983527
8.336811846196344	0.02952368010700663
8.356030182312479	0.02928554689821372
8.375292821268827	0.029049175426525194
8.394599865193973	0.028814555699461834
8.413951416451951	0.02858167746529361
8.433347577642753	0.02835053021016464
8.452788451602899	0.028121103155191684
8.472274141405963	0.02789338525353782
8.491804750363139	0.027667365187459814
8.511380382023763	0.027443031365329947
8.531001140175896	0.027220371918631064
8.550667128846833	0.026999374698926104
8.570378452303697	0.026780027274799955
8.590135215053957	0.026562316928775403
8.609937521846007	0.026346230654201434
8.629785477669701	0.026131755152114695
8.649679187756934	0.025918876828073072
8.669618757582166	0.025707581788962142
8.689604292863018	0.025497855839773053
8.709635899560805	0.025286302863633946
8.729713683881117	0.025074582394356285
8.74983775227436	0.024864371801408786
8.770008211436348	0.02465566794963659
8.790225168308842	0.02444846755633795
8.810488730080142	0.024242767189514985
8.830799004185627	0.02403856326610942
8.851156098308357	0.023835852050221727
8.871560120379607	0.023634629651314923
8.892011178579486	0.023434892022401243
8.912509381337454	0.02323663495821359
8.933054837332953	0.02303985409335947
8.953647655495937	0.022844544900459198
8.974287945007486	0.022650702688266702
8.994975815300352	0.022458322599774094
9.01571137605957	0.022267399610298652
9.036494737223014	0.022077928525553212
9.057326008982002	0.02188990397969881
9.078205301781857	0.021703320433380406
9.099132726322518	0.021518172171744575
9.120108393559097	0.021334453302440038
9.141132414702504	0.021152157753599767
9.162204901219997	0.020971279271805837
9.183325964835811	0.020791811420035326
9.204495717531712	0.020613747575588905
9.225714271547634	0.02043708092800007
9.246981739382225	0.02026180447692673
9.268298233793494	0.020087911030023244
9.289663867799362	0.01991539320079443
9.311078754678306	0.019744243406429815
9.33254300796991	0.019574453865619446
9.354056741475521	0.019406016596349756
9.375620069258803	0.019238923413680522
9.39723310564638	0.019073165927501776
9.418895965228414	0.01890873554027136
9.440608762859236	0.018745623444732067
9.462371613657929	0.018583820621609348
9.484184633008974	0.01842331783728799
9.506047936562814	0.01826410564146929
9.527961640236521	0.018106174364806712
9.549925860214358	0.01794951411652171
9.571940712948447	0.017794114781997928
9.594006315159332	0.017639966020354975
9.616122783836648	0.01748705726200038
9.638290236239705	0.017335377706160622
9.660508789898136	0.017184916318390316
9.68277856261249	0.01703566182805993
9.7050996724549	0.016887602725821203
9.727472237769652	0.01674072726105098
9.749896377173872	0.016595023439272272
9.772372209558107	0.016447584368064566
9.79489985408699	0.016299830788349987
9.817479430199844	0.016153198723421854
9.84011105761134	0.016007685706089163
9.862794856312105	0.015863289158348635
9.885530946569391	0.01572000639007682
9.908319448927676	0.015577834597710782
9.93116048420934	0.015436770862916494
9.954054173515269	0.015296812151245577
9.977000638225535	0.015157955310779663
10.	0.015020197070762874
10.023052380778994	0.01488353404022171
10.046157902783957	0.014747962706572653
10.069316688518045	0.01461347943421767
10.092528860766844	0.01448008046312634
10.115794542598982	0.01434776190740603
10.1391138573668	0.014216519753858865
10.16248692870696	0.014086349860526235
10.18591388054117	0.01395724795521962
10.209394837076797	0.013829209634039009
10.232929922807546	0.013702230359877693
10.256519262514079	0.013576305460914128
10.280162981264736	0.013451430129089833
10.303861204416158	0.013327599418574348
10.32761405761398	0.013204808244216087
10.351421666793442	0.013083051379980025
10.375284158180126	0.012962323457370795
10.39920165829059	0.01284261896384247
10.423174293933046	0.01272393224119388
10.447202192208003	0.012606257483950183
10.471285480508996	0.012489588737729493
10.495424286523221	0.012373919897595726
10.519618738232236	0.012259244706396511
10.543868963912592	0.012145556753086892
10.568175092136585	0.012032849471037636
10.592537251772887	0.011921116136329313
10.616955571987253	0.011810349866030974
10.641430182243164	0.011700543616464084
10.665961212302578	0.01159169018145071
10.690548792226577	0.011483782190546833
10.71519305237607	0.011376812107259946
10.739894123412451	0.011270772227251305
10.76465213629835	0.011165654676522021
10.789467222298287	0.011061451409583731
10.814339512979387	0.010958154207613086
10.83926914021204	0.01085575467659036
10.864256236170656	0.010754244245421447
10.889300933334333	0.010653614164043887
10.91440336448757	0.010553855501516237
10.939563662720943	0.010454959144090961
10.964781961431852	0.01035479204904292
10.990058394325208	0.010254396262213422
11.015393095414156	0.010154825037790832
11.040786199020735	0.010056076236052565
11.066237839776663	0.00995814763189856
11.091748152624008	0.009861036913855047
11.117317272815919	0.00976474168306903
11.142945335917304	0.009669259452293973
11.168632477805613	0.009574587644865998
11.194378834671515	0.00948072359367135
11.220184543019629	0.009387664540104333
11.24604973966927	0.009295407633015975
11.271974561755105	0.009203949927653523
11.297959146727976	0.009113288384589963
11.324003632355566	0.00902341986864453
11.350108156723154	0.008934341147793231
11.37627285823431	0.008846048892069965
11.402497875611685	0.008758539672457497
11.428783347897712	0.008671809959768842
11.45512941445536	0.008585856123518651
11.481536214968829	0.008500674430784689
11.508003889444357	0.008416261045058859
11.534532578210918	0.008332612025088476
11.561122421920993	0.008249723323706987
11.587773561551263	0.008167590786654631
11.614486138403427	0.008086210151388277
11.641260294104908	0.008005577045881162
11.66809617060963	0.007925686987411742
11.694993910198711	0.007846535381342189
11.721953655481304	0.007768117519885689
11.748975549395292	0.007690428580863317
11.776059735208078	0.007613463626449695
11.803206356517299	0.00753721760190791
11.830415557251646	0.007461685334312973
11.857687481671597	0.00738686153126439
11.88502227437019	0.007312740779587285
11.91242008027375	0.007239317544022315
11.93988104464273	0.007166586165903855
11.967405313072431	0.007094540861826892
11.994993031493793	0.0070231757223021465
12.02264434617413	0.00695248471039956
12.050359403717973	0.006882461660379737
12.078138351067798	0.0068131002763137235
12.10598133550483	0.006744394130690588
12.133888504649775	0.006676336663013078
12.161860006463678	0.00660892117838078
12.189895989248662	0.006542140846061233
12.217996601648723	0.00647598869804854
12.246161992650489	0.006410457627609572
12.274392311584071	0.006345540387817344
12.30268770812381	0.006279543987853455
12.331048332289097	0.006213295489426084
12.359474334445107	0.006147630855328233
12.387965865303691	0.006082548394108334
12.416523075924106	0.006018046351774385
12.445146117713856	0.0059541229110696954
12.473835142429433	0.005890776190742392
12.5025903021772	0.005828004244808077
12.531411749414156	0.005765805061806126
12.560299636948754	0.005704176564049266
12.589254117941675	0.005643116606866504
12.618275345906707	0.0055826229778391375
12.64736347471151	0.005522693396030141
12.67651865857846	0.005463325511206583
12.705741052085418	0.005404516903055235
12.735030810166617	0.005346265080391013
12.764388088113435	0.0052885674803585915
12.793813041575252	0.005231421467626787
12.823305826560219	0.005174824333575964
12.852866599436155	0.0051187732954780085
12.882495516931336	0.00506326549566925
12.912192736135347	0.00500829800071595
12.941958414499863	0.004953867800572571
12.971792709839558	0.00489997180773235
13.001695780332899	0.004846606856370628
13.031667784523	0.004793769701480511
13.061708881318419	0.004741457018001016
13.09181922999407	0.0046896653999373575
13.121998990192028	0.0046383913594737055
13.15224832192239	0.004587631326078027
13.182567385564074	0.004537381645599198
13.212956341865752	0.004487638579355986
13.243415351946643	0.004438398303218272
13.273944577297401	0.004389656906680069
13.304544179780914	0.004341410391924613
13.33521432163324	0.004293654672881037
13.365955165464419	0.004246385574273007
13.396766874259358	0.00419959883065897
13.427649611378643	0.004153290085464129
13.458603540559483	0.004107454890003785
13.489628825916533	0.004062088702498393
13.52072563194278	0.004017186887079901
13.551894123510364	0.003972744712789629
13.583134465871542	0.003928757352567167
13.614446824659497	0.0038852198822307803
13.645831365889252	0.0038421272794487912
13.677288255958494	0.0037994744227021985
13.708817661648537	0.0037572560902381074
13.740419750125149	0.003715466959014325
13.772094688939474	0.0036741016036346756
13.803842646028853	0.0036318668341753543
13.83566378971781	0.003589394577894246
13.867558288718882	0.0035473235666565028
13.89952631213354	0.0035056526385277426
13.931568029453036	0.0034643805888262213
13.963683610559377	0.003423506169628265
13.995873225726179	0.003383028089269451
14.028137045619589	0.003342945011841197
14.060475241299143	0.0033032555566829716
14.092887984218748	0.0032639582978698017
14.12537544622754	0.0032250517636953596
14.157937799570824	0.003186534436150351
14.190575216890926	0.0031484047503963462
14.223287871228198	0.003110661094234766
14.25607593602188	0.0030733018075713215
14.288939585111036	0.003036325181875576
14.321878992735439	0.0029997294596358177
14.35489433353656	0.0029635128338089396
14.387985782558452	0.0029276734472656026
14.421153515248696	0.002892209392230373
14.45439770745928	0.0028571187097170365
14.487718535447618	0.0028223993889587313
14.52111617587742	0.0027880493668332135
14.554590805819668	0.0027540665272829776
14.58814260275349	0.0027204487007303326
14.621771744567184	0.0026871936634871737
14.655478409559112	0.0026542991371597447
14.689262776438676	0.002621762788048017
14.723125024327194	0.002589582226539935
14.757065332758946	0.002557755006500176
14.791083881682072	0.002526278624653673
14.825180851459544	0.002495150519963699
14.859356422870075	0.0024643680730045215
14.893610777109155	0.0024339286053285027
14.92794409578996	0.0024038293788277397
14.962356560944343	0.0023740675950900806
14.99684835502374	0.0023446403947495957
15.031419660900225	0.002315544856831242
15.066070661867418	0.0022867779980899577
15.100801541641477	0.0022583367723439294
15.135612484362087	0.0022302180698020578
15.170503674593368	0.0022024187163856438
15.205475297324954	0.0021749354730440525
15.240527537972907	0.0021477650350645674
15.275660582380732	0.0021209040313761728
15.310874616820303	0.00209434902384738
15.346169827992941	0.002068096506577859
15.381546403030342	0.002042142905184054
15.4170045294956	0.0020164845760785362
15.452544395384141	0.0019911178057432314
15.488166189124811	0.001965173306679371
15.523870099580817	0.0019390757605991652
15.55965631605075	0.0019132544217740105
15.595525028269538	0.0018877084377302866
15.631476426409538	0.0018624369260705797
15.667510701081484	0.0018374389741295705
15.70362804333553	0.0018127136386267269
15.739828644662197	0.0017882599453160016
15.776112696993485	0.001764076888632268
15.812480392703826	0.0017401634313347193
15.848931924611142	0.0017165185041470375
15.88546748597779	0.00169314100539442
15.9220872705117	0.001670029800637254
15.95879147236732	0.0016471837223016714
15.995580286146694	0.0016246015693067476
16.032453906900418	0.0016022821066884502
16.069412530128773	0.0015802240652201668
16.106456351782697	0.0015584261410299704
16.143585568264868	0.0015368869952144348
16.18080037643066	0.0015156052534491008
16.218100973589298	0.0014945795055954132
16.255487557504836	0.0014738083053042706
16.292960326397232	0.00145329016961604
16.330519478943348	0.001433023578557089
16.368165214278086	0.0014130069747326994
16.40589773199539	0.0013932387629164592
16.443717232149325	0.001373717309636031
16.481623915255085	0.0013544409427553117
16.51961798229015	0.0013354079510528455
16.557699634695275	0.0013166165837966448
16.595869074375614	0.0012980650503152083
16.634126503701697	0.0012797515195648685
16.672472125510627	0.0012616741196932555
16.71090614310707	0.0012438309375990284
16.749428760264383	0.0012262200184877316
16.788040181225607	0.0012088393654238094
16.82674061070467	0.0011916869388786506
16.865530253887407	0.001174760656274766
16.90440931643265	0.0011580583915259703
16.94337800447329	0.0011415779745735865
16.982436524617444	0.0011253171909185828
17.0215850839495	0.0011092737811496855
17.060823890031244	0.0010934454404673856
17.10015315090288	0.001077829818203846
17.139573075084254	0.0010624245173385914
17.179083871575877	0.0010472270940100716
17.21868574986008	0.0010322350570229587
17.25837891990204	0.0010174458673512434
17.298163592151013	0.001002856937636951
17.338039977541374	0.0009884656316846195
17.378008287493763	0.000973705685953332
17.418068733916144	0.0009588534098294898
17.458221529205037	0.0009441880867504095
17.498466886246565	0.0009297089299730839
17.53880501841762	0.0009154151298023259
17.579236139586932	0.000901305853332747
17.619760464116293	0.0008873802441883926
17.66037820686164	0.0008736374222601212
17.70108958317422	0.0008600764834406297
17.741894808901662	0.0008466964993571778
17.78279410038923	0.0008334965171018811
17.82378767448089	0.0008204755589596921
17.864875748520518	0.0008076326221339387
17.906058540352948	0.0007949666784694904
17.947336268325266	0.0007824766741734163
17.988709151287875	0.0007701615295332573
18.030177408595698	0.0007580201386327768
18.071741260109274	0.0007460513690652563
18.113400926196025	0.0007342540616442153
18.15515662773135	0.0007226270301116565
18.197008586099845	0.000711169060843717
18.238957023196384	0.0006998789125537742
18.281002161427427	0.0006887553159929084
18.323144223712113	0.0006777969736477977
18.365383433483473	0.0006670025594359462
18.407720014689563	0.0006563707183982737
18.450154191794738	0.0006459000663889944
18.492686189780777	0.0006355891897628262
18.535316234148123	0.0006254366450594577
18.57804455091699	0.0006154409586852987
18.620871366628677	0.000605600626592415
18.663796908346693	0.0005959141139547282
18.706821403658015	0.0005863798548413713
18.74994508067419	0.0005769962518872454
18.793168168032686	0.0005677616759606745
18.836490894898002	0.0005586744658282321
18.879913490962945	0.0005497329278166379
18.92343618644976	0.0005409353354717558
18.967059212111465	0.0005322799292146161
19.010782799232995	0.0005237649159945021
19.054607179632484	0.0005153884689390162
19.098532585662387	0.0005071487270011686
19.14255925021086	0.0004990437946033741
19.18668740670289	0.0004910717412784356
19.230917289101594	0.0004832306013074092
19.275249131909366	0.00047551837335438525
19.31968317016924	0.00046793302009809644
19.364219639466068	0.00046047246786040376
19.408858775927794	0.00045313460623156934
19.453600816226633	0.00044591728769234856
19.498445997580454	0.00043834433502587923
19.543394557753942	0.00043064821345908797
19.58844673505991	0.00042306389362689205
19.633602768360475	0.0004155907998159802
19.67886289706845	0.00040822834121697444
19.724227361148536	0.00040097591175731676
19.76969640111862	0.0003938328899326642
19.81527025805099	0.0003867986386368047
19.860949173573715	0.00037987250499006616
19.906733389871864	0.00037305382016622723
19.952623149688808	0.00036634189921790826
19.998618696327448	0.00035973604090043163
20.044720273651613	0.00035323552749412073
20.090928126087277	0.0003468396246250639
20.137242498623895	0.00034054758108429463
20.183663636815616	0.00033435862864540845
20.23019178678272	0.0003282719818805536
20.276827195212817	0.0003222868379748485
20.32357010936221	0.00031640237653916055
20.37042077705719	0.00031061775942125614
20.417379446695296	0.00030493213051531893
20.46444636724674	0.00029934461556977966
20.511621788255646	0.00029385432199350767
20.558905959841425	0.00028846033866029375
20.606299132700006	0.00028316173571165933
20.65380155810529	0.00027795756435792255
20.701413487910415	0.0002728468566775668
20.749135174549107	0.00026782862541485886
20.79696687103696	0.0002629018637757231
20.844908830972887	0.00025806554522183375
20.892961308540386	0.00025331862326294347
20.941124558508935	0.0002486600312474095
20.989398836235246	0.00024408868215092407
21.03778439766475	0.00023960346836339745
21.086281499332888	0.00023520326147403108
21.134890398366476	0.00023088691205452313
21.183611352485023	0.00022665324944042242
21.23244462000219	0.00022250108151058255
21.28139045982711	0.00021842919446473733
21.330449131465773	0.00021443635259916103
21.379620895022324	0.00021052129808040855
21.428906011200585	0.0002066827507170999
21.47830474130533	0.00020291940772976965
21.527817347243737	0.00019922994351872947
21.57744409152667	0.00019561300942996177
21.6271852372702	0.0001920672335189897
21.67704104819694	0.00018859122031274756
21.727011788637455	0.00018518355056941087
21.77709772353159	0.00018184278103618368
21.827299118430012	0.0001785674442050061
21.87761623949552	0.00017503099515202948
21.9280493535045	0.00017139286080727334
21.978598727848254	0.00016781418749082293
22.02926463053456	0.0001642945905288786
22.080047330188993	0.00016083367616524045
22.13094709605639	0.00015743104146242657
22.181964198002195	0.00015408627420192766
22.23309890651403	0.00015079895278357844
22.28435149270303	0.0001475686461240621
22.335722228305325	0.00014439491355452212
22.3872113856834	0.0001412773047172844
22.438819237827662	0.00013821535946166995
22.490546058357804	0.00013520860773891022
22.542392121524305	0.00013225656949613992
22.59435770220978	0.00012935875456947701
22.646443075930595	0.00012651466257615729
22.698648518838212	0.00012372378280574894
22.750974307720718	0.0001209855941104116
22.803420720004187	0.0001182995647942134
22.8559880337543	0.00011566515250147515
22.908676527677724	0.0001130818041041607
22.961486481123632	0.00011054895558828608
23.01441817408509	0.00010806603193935239
23.06747188720069	0.00010563244702677768
23.12064790175594	0.00010324760348734337
23.173946499684796	0.00010091089260762824
23.227367963571073	0.00009862169420543386
23.280912576650078	0.00009637937651018057
23.33458062281002	0.00009418329604228265
23.38837238659356	0.00009203279749148048
23.442288153199225	0.00008992721359413334
23.49632820848307	0.00008786586500944714
23.55049283896009	0.0000858480601946518
23.604782331805783	0.00008387309527910043
23.65919697485759	0.0000819402539372962
23.71373705661655	0.00008004880726082248
23.76840286624876	0.00007819801362918559
23.823194693586913	0.00007638711857954925
23.878112829131783	0.0000746153546753587
23.933157564053875	0.00007288194137383656
23.9883291901949	0.00007118608489235499
24.043628000069347	0.00006952697807366481
24.099054286865954	0.00006790380024997873
24.154608344449404	0.00006631571710589186
24.210290467361776	0.00006476188054014152
24.266100950824168	0.00006324142852618841
24.32204009073816	0.00006175348497161543
24.378108183687527	0.0000602971595763276
24.434305526939713	0.00005887154768955376
24.49063241844747	0.00005747573016563242
24.547089156850312	0.00005610877321857887
24.603676041476273	0.0000547697282754142
24.660393372343385	0.000053457631828259234
24.717241450161318	0.000052171505285173646
24.774220576332862	0.00005091035481973831
24.831331052955704	0.000049673171219359996
24.888573182823905	0.00004845892973230253
24.94594726942956	0.000047266589913423704
25.003453616964322	0.00004609509546861391
25.06109253032114	0.00004494337409792071
25.118864315095795	0.0000438103373373558
25.17676927758857	0.000042694880399368806
25.234807724805755	0.00004159588201198264
25.29297996446145	0.00004051220425657155
25.35128630497907	0.00003944269240428169
25.409727055493065	0.000038386174751076045
25.46830252585042	0.000037341462451398715
25.527013026612472	0.000036307349350439124
25.58585886905645	0.000035282611814997155
25.64484036517719	0.000034266008562927874
25.703957827688647	0.000033256280491163026
25.763211570025756	0.00003225215050228935
25.82260190634596	0.00003125232332968211
25.88212915153093	0.00003025548536117568
25.94179362118815	0.000029260304461264323
26.001595631652723	0.00002826542979181612
26.06153549998895	0.000027269491631296277
26.12161354399208	0.000026271101192480942
26.18183008218986	0.000025268850438657006
26.24218543384442	0.00002426131189828639
26.302679918953814	0.000023247038478134507
26.363313858253814	0.00002222456327484177
26.424087573219474	0.000021192399384932972
26.485001386067008	0.000020149039713244418
26.54605561975539	0.000019092956779765963
26.607250597988113	0.000018022602524878472
26.668586645214805	0.00001693640811297974
26.730064086633117	0.00001583278373447873
26.791683248190314	0.000014710118406156163
26.85344445658509	0.000013566779769868775
26.915348039269166	0.000012401113889593704
26.977394324449207	0.000011211445046788803
27.039583641088434	9.996075534068945e-6
27.101916318908415	8.753285447175334e-6
27.164392688390837	7.4813324752288615e-6
27.227013080779127	6.1784516892567465e-6
27.289777828080403	4.842855328969828e-6
27.35268726306711	3.472732587789673e-6
27.415741719278834	2.066249396102227e-6
27.478941531023974	6.215482027312594e-7