0.1	18.642811182144094
0.10023052380778996	18.625612857101437
0.10046157902783952	18.608393070489427
0.10069316688518042	18.591152000263534
0.10092528860766845	18.573889826833874
0.10115794542598985	18.55660673308719
0.10139113857366794	18.53935046164504
0.10162486928706957	18.52208228029652
0.1018591388054117	18.50479388085711
0.102093948370768	18.487485320270817
0.10232929922807542	18.470156656181956
0.10256519262514076	18.452807946939966
0.10280162981264736	18.435439251604322
0.10303861204416162	18.418050629949477
0.10327614057613975	18.400642142469835
0.10351421666793438	18.383213850384717
0.10375284158180126	18.36576581564343
0.10399201658290592	18.348298100930275
0.10423174293933042	18.33081076966968
0.10447202192208001	18.313303886031296
0.10471285480508996	18.295777514935168
0.10495424286523224	18.278231722056915
0.1051961873823223	18.260666573832935
0.1054386896391259	18.243082137465684
0.10568175092136585	18.225478480928953
0.10592537251772889	18.20785567297316
0.10616955571987247	18.190213783130755
0.10641430182243161	18.172552881721533
0.10665961212302578	18.15487303985814
0.1069054879222658	18.137174329451433
0.10715193052376065	18.119456823216048
0.10739894123412448	18.101720594675882
0.1076465213629835	18.083965718169647
0.10789467222298288	18.066192268856472
0.1081433951297938	18.04840032272155
0.10839269140212036	18.030589956581757
0.10864256236170655	18.012761248091373
0.10889300933334335	17.99491427574781
0.10914403364487565	17.97704911889741
0.10939563662720939	17.959165857741194
0.1096478196143185	17.941264573340767
0.10990058394325211	17.923345347624142
0.11015393095414151	17.905408263391692
0.11040786199020733	17.887453404322077
0.11066237839776664	17.869480854978267
0.11091748152624012	17.85149070081354
0.11117317272815914	17.83348302817756
0.11142945335917301	17.815457924322462
0.11168632477805612	17.79741547740905
0.11194378834671516	17.77935577651291
0.11220184543019636	17.76127891163065
0.11246049739669266	17.743184973686194
0.11271974561755105	17.72507405453703
0.11297959146727979	17.706946246980582
0.11324003632355571	17.688801644760566
0.11350108156723152	17.670640342573424
0.1137627285823431	17.652469817574147
0.11402497875611688	17.63428412547736
0.11428783347897718	17.616082044778288
0.11455129414455358	17.59786365292897
0.1148153621496883	17.5796290280737
0.11508003889444356	17.561378249052805
0.11534532578210924	17.543111395406534
0.11561122421920987	17.524828547378963
0.11587773561551262	17.506529785921835
0.11614486138403426	17.488215192698526
0.11641260294104915	17.469884850087933
0.11668096170609624	17.451538841188466
0.11694993910198712	17.433177249821988
0.11721953655481303	17.414800160537823
0.11748975549395298	17.396407658616763
0.11776059735208072	17.37799983007508
0.11803206356517298	17.359576761668595
0.11830415557251646	17.34113854089672
0.118576874816716	17.32268525600657
0.11885022274370183	17.30421699599705
0.11912420080273747	17.285733850622965
0.1193988104464273	17.26723591039921
0.11967405313072434	17.248723266604895
0.11994993031493788	17.230196011287532
0.12022644346174129	17.211654237267247
0.12050359403717974	17.193098038141006
0.120781383510678	17.174527508286847
0.12105981335504823	17.155942742868152
0.12133888504649772	17.13734383783791
0.12161860006463679	17.118730889943073
0.12189895989248664	17.10010399672881
0.12217996601648717	17.081463256542904
0.12246161992650487	17.06280876854008
0.12274392311584072	17.04414063268643
0.12302687708123815	17.02545894976378
0.1233104833228909	17.006763821374154
0.12359474334445104	16.988055349944165
0.1238796586530369	16.969333638729566
0.1241652307592411	16.950598791819658
0.1244514611771385	16.931850914141865
0.12473835142429429	16.913090111466218
0.125025903021772	16.894316490409935
0.1253141174941416	16.875530158441993
0.1256029963694875	16.856731223887728
0.12589254117941673	16.837919795933434
0.12618275345906707	16.819095984631012
0.12647363474711512	16.80025990090266
0.12676518658578456	16.781411656545504
0.12705741052085415	16.762551364236344
0.12735030810166617	16.743679137536365
0.12764388088113438	16.72480370277234
0.12793813041575247	16.70591812745999
0.12823305826560213	16.687020988871552
0.12852866599436155	16.66811237951284
0.1288249551693134	16.649192392455976
0.12912192736135342	16.63026112134097
0.1294195841449986	16.611318660377233
0.12971792709839558	16.592365104345213
0.13001695780332903	16.573400548597878
0.13031667784522993	16.55442508906232
0.13061708881318415	16.535438822241275
0.1309181922999407	16.51644184521466
0.13121998990192033	16.49743425564113
0.13152248321922383	16.47841615175958
0.1318256738556407	16.459387632390687
0.1321295634186575	16.440348796938423
0.13243415351946647	16.421299745391575
0.13273944577297395	16.402240578325237
0.1330454417978091	16.383171396902316
0.1333521432163324	16.36409230287503
0.13365955165464422	16.345003398586396
0.1339676687425935	16.32590478697171
0.1342764961137864	16.306796571560007
0.13458603540559483	16.28767885647557
0.13489628825916536	16.268551746439332
0.13520725631942773	16.249415346770384
0.1355189412351036	16.230269763387387
0.1358313446587154	16.21111510281004
0.136144468246595	16.191951472160472
0.13645831365889247	16.172778979164715
0.13677288255958492	16.153597732154083
0.13708817661648537	16.1344078400666
0.13740419750125152	16.115209412448397
0.13772094688939465	16.096002559455098
0.1380384264602885	16.07678739185322
0.1383566378971781	16.057564021021534
0.13867558288718884	16.038332558952437
0.13899526312133534	16.01909311825331
0.13931568029453031	15.99984581214788
0.13963683610559377	15.980590754477541
0.13995873225726183	15.961328059702698
0.14028137045619582	15.942057842904081
0.1406047524129914	15.92278021978407
0.14092887984218747	15.903495306667985
0.14125375446227545	15.884203220505384
0.14157937799570816	15.86490407887134
0.14190575216890922	15.845597999967739
0.142232878712282	15.826285102624492
0.14256075936021884	15.806965506300838
0.1428893958511103	15.787639331086561
0.14321878992735435	15.768330989249549
0.1435489433353656	15.749020722312837
0.14387985782558455	15.729704311285774
0.14421153515248689	15.710381809288593
0.14454397707459277	15.69105326911324
0.14487718535447616	15.671718743215326
0.14521116175877424	15.652378283705842
0.14554590805819662	15.633031942342921
0.14588142602753484	15.613679770523456
0.14621771744567183	15.594321819274569
0.14655478409559117	15.574958139245123
0.1468926277643867	15.555588780696965
0.1472312502432719	15.536213793496277
0.14757065332758945	15.516833227104652
0.14791083881682077	15.497447130570139
0.14825180851459538	15.478055552518267
0.1485935642287007	15.458658541142858
0.14893610777109154	15.439256144196793
0.14927944095789963	15.419848408982668
0.14962356560944334	15.400435382343392
0.1499684835502373	15.38101711065261
0.15031419660900225	15.361593639805072
0.15066070661867417	15.342165015206918
0.15100801541641484	15.322731281765792
0.1513561248436208	15.303292483880924
0.1517050367459337	15.283848665433048
0.15205475297324955	15.264399869774264
0.15240527537972914	15.244946139717761
0.15275660582380723	15.225487517527428
0.15310874616820302	15.206024044907386
0.15346169827992942	15.186555762991384
0.1538154640303035	15.167082712332089
0.15417004529495593	15.147604932890284
0.1545254439538414	15.128122464023905
0.1548816618912481	15.108635344477037
0.15523870099580825	15.089143612368716
0.15559656316050743	15.069647305181691
0.15595525028269538	15.05014645975099
0.15631476426409538	15.03064111225246
0.15667510701081494	15.011131298191085
0.15703628043335524	14.991617052389284
0.15739828644662196	14.972098408975006
0.15776112696993486	14.95257540136977
0.15812480392703834	14.933048062276539
0.15848931924611134	14.913516423667463
0.15885467485977792	14.89398051677156
0.159220872705117	14.874440372062196
0.15958791472367329	14.85489601924445
0.15995580286146688	14.835347487242439
0.16032453906900418	14.81579480418637
0.1606941253012877	14.796237894214258
0.16106456351782708	14.776676868274723
0.16143585568264862	14.757111770477387
0.16180800376430657	14.737542625940844
0.16218100973589297	14.717969458927584
0.16255487557504839	14.698392292830324
0.16292960326397224	14.678811150158285
0.16330519478943342	14.65922605252325
0.16368165214278085	14.63963702062552
0.16405897731995392	14.620044074239754
0.16443717232149316	14.600447232200606
0.1648162391525508	14.580846512388288
0.1651961798229015	14.56124193171391
0.1655769963469528	14.541633506104786
0.16595869074375605	14.52202125048947
0.16634126503701693	14.502405178782727
0.16672472125510626	14.482785303870328
0.16710906143107074	14.463161637593696
0.16749428760264373	14.443534190734395
0.16788040181225602	14.42390297299851
0.16826740610704674	14.404267993000763
0.16865530253887412	14.384629258248648
0.16904409316432642	14.364986775126193
0.16943378004473283	14.345340548877799
0.16982436524617442	14.325690583591696
0.17021585083949506	14.306036882183431
0.17060823890031235	14.28637944637904
0.17100153150902875	14.26671827669815
0.17139573075084252	14.24705337243692
0.17179083871575881	14.227384731650718
0.1721868574986007	14.20771235113677
0.17258378919902034	14.188036226416518
0.17298163592151014	14.168356351717897
0.17338039977541378	14.148672719957363
0.17378008287493754	14.128985322721835
0.17418068733916142	14.109294150250369
0.17458221529205037	14.08959919141574
0.1749846688624657	14.069900433705785
0.1753880501841761	14.050197863204605
0.17579236139586926	14.030491464573561
0.1761976046411629	14.010781221032133
0.17660378206861643	13.991067114338508
0.17701089583174212	13.971349124770088
0.17741894808901656	13.951627231103748
0.1778279410038923	13.931901410595914
0.17823787674480895	13.91217163896245
0.17864875748520506	13.8924378903584
0.17906058540352943	13.87270013735745
0.17947336268325265	13.852958350931283
0.1798870915128788	13.833212500428681
0.1803017740859569	13.813426808302573
0.1807174126010927	13.793630493962217
0.18113400926196024	13.773829909554811
0.18155156627731356	13.754025120000549
0.18197008586099836	13.734216189909109
0.18238957023196378	13.714403183571262
0.1828100216142743	13.694586164950332
0.18323144223712115	13.674765197673624
0.18365383433483465	13.654940345023672
0.18407720014689558	13.635111669929481
0.18450154191794738	13.61527923495759
0.18492686189780783	13.595443102303117
0.18535316234148114	13.575603333780624
0.18578044550916986	13.55575999081496
0.18620871366628675	13.535913134431931
0.186637969083467	13.516062825248923
0.18706821403658005	13.496209123465418
0.18749945080674188	13.47635208885335
0.18793168168032684	13.456491780747447
0.18836490894898006	13.436628258035382
0.18879913490962935	13.416761579147888
0.18923436186449755	13.396891802048703
0.18967059212111465	13.377018984224476
0.19010782799233	13.357143182674484
0.19054607179632474	13.337264453900334
0.1909853258566238	13.317382853895449
0.19142559250210858	13.297498438134541
0.19186687406702896	13.277611261562905
0.19230917289101584	13.257721378585611
0.1927524913190936	13.237828843056636
0.1931968317016924	13.217933708267795
0.19364219639466074	13.198036026937599
0.19408858775927784	13.178135851200025
0.19453600816226624	13.158233232593108
0.19498445997580455	13.13832822204745
0.19543394557753943	13.118420869874619
0.195884467350599	13.098511225755358
0.19633602768360464	13.078599338727795
0.1967886289706845	13.058685257175375
0.19724227361148533	13.038769028814833
0.19769696401118608	13.018850700683869
0.1981527025805098	12.998930319128855
0.19860949173573716	12.979007929792294
0.19906733389871864	12.959083577600243
0.19952623149688797	12.93915730674951
0.1999861869632744	12.919229160694812
0.20044720273651614	12.899299182135728
0.2009092812608728	12.879367413003601
0.20137242498623883	12.859433894448173
0.20183663636815607	12.839498666824259
0.2023019178678272	12.819547447917497
0.20276827195212818	12.79959199716266
0.20323570109362218	12.779634911793558
0.2037042077705718	12.759676269826125
0.20417379446695297	12.739716148980975
0.20464446367246739	12.71975462667467
0.20511621788255657	12.699791780010784
0.20558905959841414	12.679827685770949
0.20606299132700007	12.65986242040577
0.20653801558105292	12.639896060025633
0.20701413487910425	12.619928680391425
0.20749135174549097	12.599960356905155
0.2079696687103696	12.579991164600429
0.20844908830972886	12.56002117813289
0.20892961308540398	12.54005047177049
0.20941124558508925	12.520079119383688
0.20989398836235246	12.500107194435524
0.21037784397664752	12.480134769971615
0.21086281499332898	12.460161918609979
0.21134890398366465	12.440188712530835
0.2118361135248502	12.420215223466208
0.21232444620002192	12.400241522689473
0.21281390459827124	12.380267681004764
0.21330449131465762	12.360293768736298
0.21379620895022325	12.340319855717519
0.21428906011200585	12.320346011280217
0.21478304741305343	12.300372304243428
0.21527817347243727	12.280398802902317
0.21577444091526668	12.26042557501685
0.21627185237270202	12.240452687800426
0.21677041048196952	12.220480207908302
0.21727011788637443	12.200508201426006
0.2177709772353159	12.18053673385748
0.21827299118430013	12.160565870113265
0.2187761623949553	12.140595674498412
0.21928049353504486	12.12062621070037
0.21978598727848253	12.100657541776677
0.2202926463053456	12.080689730142577
0.22080047330189004	12.060722837558442
0.22130947096056375	12.040756925117162
0.22181964198002194	12.020792053231265
0.2223309890651403	12.000828281620054
0.22284351492703042	11.980865669296476
0.22335722228305316	11.960904274553942
0.223872113856834	11.940944154952978
0.22438819237827662	11.92098536730775
0.2249054605835781	11.901027967672421
0.22542392121524293	11.881072011327394
0.22594357702209775	11.861117552765414
0.22646443075930595	11.841164645677514
0.2269864851883822	11.821199838753142
0.22750974307720706	11.801234235657047
0.2280342072000418	11.781270300831864
0.22855988033754301	11.7613081232571
0.2290867652767773	11.741347791574462
0.2296148648112362	11.721389394078143
0.23014418174085083	11.701433018704888
0.2306747188720069	11.68147875302405
0.23120647901755947	11.661526684227454
0.23173946499684786	11.64157689911921
0.2322736796357107	11.621629484105359
0.23280912576650079	11.601684525183467
0.23334580622810028	11.58174210793203
0.23388372386593548	11.561802317499843
0.2344228815319922	11.541865238595188
0.23496328208483072	11.521930955474929
0.23550492838960096	11.501999551933496
0.2360478233180577	11.482071111291743
0.23659196974857583	11.462145716385661
0.23713737056616552	11.442223449555016
0.23768402866248767	11.422304392631828
0.23823194693586902	11.402388626928726
0.23878112829131776	11.382476233227202
0.23933157564053875	11.36256729176572
0.23988329190194904	11.342661882227688
0.24043628000069334	11.32276008372934
0.24099054286865948	11.302861974807442
0.24154608344449405	11.282967633406882
0.2421029046736178	11.263077136868176
0.24266100950824154	11.243190561914737
0.24322040090738153	11.223307984640126
0.24378108183687525	11.203429480495084
0.2443430552693972	11.183555124274465
0.24490632418447456	11.16368499010401
0.24547089156850305	11.143819151427019
0.24603676041476275	11.123957680990848
0.24660393372343392	11.10410065083325
0.24717241450161304	11.084248132268636
0.24774220576332856	11.064400195874132
0.24831331052955705	11.044556911475524
0.2488857318282391	11.024718348133034
0.24945947269429547	11.004884574126969
0.25003453616964316	10.985055656943214
0.2506109253032114	10.965231663258558
0.251188643150958	10.945412658925907
0.25176769277588557	10.925598708959297
0.25234807724805747	10.905789877518798
0.2529297996446145	10.885986227895222
0.25351286304979076	10.86618782249471
0.25409727055493053	10.846394722823131
0.2546830252585041	10.826594691507871
0.2552701302661247	10.806797852672037
0.2558585886905646	10.787006462712016
0.25644840365177174	10.767220614560957
0.2570395782768864	10.747440400659835
0.25763211570025757	10.727665912945628
0.25822601906345966	10.707897242839302
0.2588212915153092	10.688134481233687
0.2594179362118814	10.66837771848124
0.2600159563165272	10.648627044381644
0.2606153549998896	10.628882548169297
0.26121613543992067	10.609144318500672
0.2618183008218985	10.58941244344151
0.26242185433844417	10.569687010453912
0.26302679918953814	10.549968106383266
0.263633138582538	10.530255817445047
0.2642408757321946	10.510550229211493
0.2648500138606701	10.490851426598086
0.2654605561975539	10.47115949384998
0.26607250597988097	10.451474514528165
0.2666858664521479	10.431796571495617
0.26730064086633115	10.412125746903197
0.2679168324819031	10.392462122175449
0.26853444456585074	10.372805777996257
0.26915348039269155	10.353156794294316
0.26977394324449205	10.333515250228492
0.2703958364108843	10.313881224172999
0.2710191631890843	10.29425479370243
0.2716439268839082	10.274636035576647
0.2722701308077913	10.255025025725487
0.272897778280804	10.23542183923334
0.27352687263067127	10.215826550323534
0.27415741719278824	10.196239232342611
0.2747894153102397	10.176659957744352
0.2754228703338166	10.157088798073758
0.27605778562203465	10.137525823950751
0.27669416454115114	10.117971105053785
0.2773320104651841	10.098424710103258
0.27797132677592884	10.078886706844752
0.2786121168629771	10.059357162032116
0.27925438412373377	10.03983614141039
0.2798981319634363	10.020323709698484
0.2805433637951713	10.000819930571803
0.28119008303989407	9.98132486664456
0.28183829312644537	9.961838579452031
0.2824879974915708	9.94236112943254
0.2831391995799379	9.922892575909321
0.2837919028441557	9.90343297707216
0.28444611074479154	9.883982389958886
0.285101826750391	9.864540870436636
0.28575905433749466	9.84509174951294
0.2864177969906581	9.825648767053515
0.28707805820246907	9.806214963874284
0.28773984147356696	9.786790438819196
0.28840315031266056	9.767375290129385
0.2890679882365476	9.747969615429657
0.28973435877013226	9.728573511714943
0.2904022654464451	9.709187075336477
0.2910717118066605	9.689810401987952
0.29174270140011677	9.670443586691416
0.29241523778433354	9.651086723783122
0.2930893245250321	9.63173990689913
0.2937649651961531	9.612403228960845
0.29444216337987617	9.593076782160338
0.29512092266663853	9.573760657945554
0.29580124665515467	9.554454947005324
0.2964831389524342	9.53515973925428
0.29716660317380267	9.515875123817532
0.29785164294291894	9.496601189015273
0.298538261891796	9.477338022347139
0.2992264636608189	9.458085710476482
0.29991625189876514	9.438844339214414
0.30060763026282306	9.419613993503743
0.3013006024186122	9.400394757402683
0.3019951720402016	9.38118671406846
0.30269134281013055	9.361989945740708
0.30338911841942706	9.342804533724685
0.3040885025676279	9.32363055837436
0.3047894989627983	9.304468099075278
0.3054921113215513	9.285317234227296
0.3061963433690677	9.266178041227098
0.30690219883911574	9.247050596450562
0.3076096814740708	9.227934975234941
0.3083187950249354	9.20883125186085
0.30902954325135906	9.189739499534083
0.309741929921658	9.170659790367251
0.31045595881283555	9.15159219536121
0.31117163371060175	9.132536784386327
0.3118889584093937	9.113493626163542
0.3126079367123955	9.094462788245242
0.31332857243155854	9.075444336995947
0.3140508693876217	9.056438337572803
0.3147748314101316	9.037444853905866
0.31550046233746265	9.018463948678201
0.31622776601683794	8.999495683305785
0.3169567463043491	8.980540117917192
0.31768740706497706	8.961597311333106
0.3184197521726125	8.942667321045581
0.31915378551007617	8.923750203197155
0.3198895109691398	8.904846012559716
0.3206269324505466	8.885927435957315
0.3213660538640317	8.867016921728782
0.32210687912834346	8.848119410898946
0.32284941217126356	8.82923503084391
0.32359365692962827	8.810363908547302
0.32433961734934924	8.79150617058836
0.3250872973854344	8.77266194312983
0.3258367010020088	8.753831351905772
0.32658783217233583	8.735014522209209
0.3273406948788382	8.716211578879642
0.328095293113119	8.697422646290434
0.32885163087598307	8.678647848336038
0.32960971217745777	8.659887308419112
0.3303695410368148	8.641141149437475
0.3311311214825911	8.622409493770911
0.3318944575526104	8.603692463267853
0.33265955329400454	8.58499017923191
0.333426412763235	8.566302762408235
0.3341950400261143	8.547630332969769
0.33496543915782767	8.528973010503325
0.3357376142429547	8.510330913995515
0.33651156937549076	8.491704161818534
0.3372873086588689	8.473092871715782
0.3380648362059816	8.454497160787351
0.33884415613920255	8.43591714547534
0.3396252725904084	8.417352941549007
0.3404081897010009	8.399719485586191
0.34119291162192855	8.382941643026971
0.3419794425137089	8.366179082972083
0.3427677865464504	8.349431863779754
0.34355794789987465	8.332700042483372
0.34434993076333853	8.315983674770845
0.3451437393358563	8.299282814963753
0.345939377826122	8.282597515996283
0.34673685045253166	8.265927829393979
0.34753616144320587	8.249273805252258
0.34833731503601184	8.232635492214733
0.34914031547858615	8.216012937451318
0.3499451670283573	8.199406186636104
0.350751873952568	8.182815283925052
0.35156044052829816	8.16624027193343
0.35237087104248715	8.149681191713064
0.353183169791957	8.133138082729332
0.3539973410834347	8.116610982837976
0.35481338923357547	8.100099928261644
0.3556313185689854	8.083604953566239
0.3564511334262443	8.06712609163702
0.35727283815192895	8.050663373654492
0.35809643710263606	8.034216829070022
0.35892193464500527	8.017786485581277
0.35974933515574237	8.001332386685288
0.36057864302164244	7.984887277502792
0.36140986263961333	7.968458325311005
0.36224299841669866	7.952045664941318
0.3630780547701014	7.935649430932935
0.36391503612720716	7.919269757522103
0.36475394692560786	7.902906778631238
0.36559479161312497	7.88656062785792
0.36643757464783333	7.870231438463764
0.3672823004980847	7.8539193433631675
0.3681289736425315	7.837624475111937
0.3689775985701504	7.821346965895762
0.3698281797802663	7.8050869475186015
0.37068072178257605	7.788844551390903
0.37153522909717257	7.772619908517713
0.3723917062545686	7.7564131494866455
0.3732501577957206	7.740224404455724
0.3741105882720534	7.724053803141081
0.3749730022454836	7.707901474804532
0.3758374042884442	7.691767548241
0.37670379898390893	7.675652151765814
0.377572190925416	7.659555413201868
0.37844258471709324	7.643477459866627
0.3793149849736819	7.627418418559
0.38018939632056115	7.611378415546078
0.381065823393773	7.595357576549716
0.3819442708400465	7.579356026732975
0.38282474331682265	7.5633738906864085
0.38370724549227875	7.547411292414225
0.38459178204535355	7.531468355320262
0.38547835766577176	7.515545202193859
0.38636697705406914	7.499641955195535
0.3872576449216172	7.483758735842531
0.3881503659906482	7.467895664994211
0.38904514499428056	7.452052862837275
0.3899419866765434	7.436230448870853
0.390840895792402	7.4204285418914075
0.3917418771077831	7.404647259977495
0.3926449353995998	7.38888672047437
0.3935500754557774	7.373147039978396
0.3944573020752784	7.357428334321343
0.3953666200681279	7.341730718554467
0.39627803425543945	7.326054306932461
0.3971915494694403	7.310399212897218
0.3981071705534972	7.2947655490614345
0.39902490236214205	7.279153427192033
0.39994474976109745	7.2635629581934165
0.4008667176273028	7.24799425209056
0.4017908108489399	7.232447418011907
0.4027170343254591	7.216922564172096
0.40364539296760493	7.201413571734471
0.4045758916974427	7.185925642395355
0.40550853544838383	7.170459994150745
0.40644332916521275	7.155016749198187
0.40738027780411273	7.139596028979671
0.4083193863326921	7.124197954165615
0.40926065973001086	7.108822644638734
0.4102041029866068	7.093470219477718
0.41114972110452225	7.078140796940715
0.4120975190973302	7.0628344944486905
0.4130475019901614	7.04755142856857
0.41399967481973043	7.032291714996221
0.4149540426343629	7.017055468539272
0.41591061049402206	7.001842803099732
0.4168693834703354	6.986653831656433
0.41783036664662176	6.971488666247307
0.4187935651179184	6.956347417951462
0.41975898399100753	6.941230196871086
0.4207266283844441	6.926137112113148
0.4216965034285822	6.911068271770935
0.422668614265603	6.896023782905384
0.4236429660495411	6.881003751526213
0.4246195639463129	6.866008282572888
0.4255984131337431	6.851037479895369
0.42657951880159267	6.836091446234676
0.4275628861515862	6.821170283203246
0.4285485203974395	6.806274091265108
0.4295364267648873	6.791402969715823
0.43052661049171065	6.776557016662273
0.43151907682776525	6.7617363290021855
0.43251383103500873	6.746941002403512
0.4335108783875289	6.73217113128354
0.43451022417157154	6.717426808787845
0.4355118736855686	6.702708126769009
0.436515832240166	6.688015175765104
0.4375221051582521	6.673348044978016
0.4385306977749857	6.658706822251495
0.4395416154378245	6.644091594049018
0.4405548635065533	6.6295024454314335
0.4415704473533125	6.614939460034353
0.44258837236262655	6.600402720045361
0.44360864393143257	6.585892306180961
0.4446312674691087	6.5714082976633215
0.4456562483975033	6.556950772196769
0.44668359215096315	6.5425198059440755
0.44771330417636257	6.528115473502472
0.4487453899331322	6.513737847879471
0.449779854893288	6.499387000468435
0.45081670454146017	6.485063001023876
0.4518559443749224	6.470765917636567
0.4528975799036208	6.456516129480803
0.4539416166502032	6.442297077580549
0.4549880601500486	6.428105194923968
0.4560369159512962	6.413940484573028
0.4570881896148751	6.399802946990856
0.4581418867145335	6.385692580007552
0.4591980128368686	6.371609378785702
0.4602565735813561	6.357553335785534
0.4613175745603794	6.3435244407297935
0.46238102139926035	6.329522680568259
0.46344691973628804	6.315548039441934
0.46451527522274944	6.3016004986469065
0.465586093522959	6.287680036597869
0.46665938031428866	6.273786628791296
0.46773514128719823	6.259920247768296
0.46881338214526524	6.246080863077087
0.46989410860521547	6.2322684412351625
0.47097732639695294	6.218482945691063
0.47206304126359055	6.204724336785836
0.4731512589614805	6.1909925717141085
0.4742419852602447	6.177287604484822
0.47533522594280536	6.163609385881574
0.47643098680541573	6.149957863422643
0.47752927365769093	6.136332981320586
0.4786300923226384	6.122734680441521
0.47973344863668915	6.10916289826399
0.4808393484497286	6.095617568837468
0.4819477976251274	6.082098622740495
0.4830588020397727	6.068605987038405
0.48417236758409943	6.0551395852406795
0.4852885001621211	6.0416993372579215
0.4864072056914617	6.02828515935841
0.4875284901033864	6.0148969641242855
0.48865235934283363	6.001534660407312
0.48977881936844625	5.988198153284267
0.4909078761526032	5.974887344011884
0.492039535681451	5.961602129981426
0.49317380395493593	5.948342404672819
0.4943106869868355	5.935108057608382
0.4954501908047903	5.921898974306133
0.49659232145033616	5.908715036232685
0.49773708497893604	5.8955561207556855
0.4988844874600123	5.882422101095865
0.5000345349769786	5.86931284627862
0.5011872336272724	5.856228221085184
0.5023425895223872	5.843168086003337
0.5035006087879049	5.830132297177694
0.5046612975635284	5.817120706359519
0.505824662003114	5.80413316085612
0.5069907082747043	5.791169503479766
0.5081594425605604	5.778172362273778
0.5093308710571953	5.765188390879841
0.5105049999754062	5.752227641969404
0.5116818355403077	5.739290103546743
0.5128613839913648	5.726375761131124
0.514043651582426	5.713484597724814
0.5152286445817564	5.700616593780747
0.5164163692720709	5.687771727169942
0.5176068319505677	5.674949973148565
0.5188000389289611	5.66215130432474
0.5199959965335159	5.649375690625003
0.5211947111050804	5.63662309926047
0.5223961889991198	5.623893494692694
0.5236004365857502	5.611186838599188
0.5248074602497725	5.598503089838645
0.5260172663907061	5.585842204415827
0.5272298614228227	5.573204135446146
0.5284452517751804	5.560588833119893
0.5296634438916578	5.547996244666164
0.5308844442309884	5.5354263143164255
0.5321082592667942	5.522878983267782
0.5333348954876209	5.510354189645871
0.5345643593969717	5.497851868467434
0.5357966575133416	5.485371951602558
0.5370317963702527	5.472914367736536
0.5382697825162883	5.460479042331409
0.5395106225151276	5.448065897587163
0.5407543229455808	5.435674852402527
0.5420008904016238	5.423305822335467
0.5432503314924332	5.410958719563289
0.5445026528424212	5.398633452842388
0.5457578610912709	5.38632992746763
0.5470159628939716	5.374048045231367
0.5482769649208538	5.361787704382076
0.5495408738576245	5.349548799582638
0.5508076964054034	5.337331221868208
0.5520774392807574	5.325134858603747
0.5533501092157367	5.3129595934411284
0.5546257129579107	5.300805306275897
0.5559042572704036	5.288671873203591
0.5571857489319298	5.27655916647573
0.5584701947368308	5.264467054455346
0.5597576014951101	5.252395401572165
0.5610479760324705	5.240344068277344
0.5623413251903491	5.228312910997848
0.5636376558259545	5.2163017820903645
0.5649369748123025	5.20431052979486
0.5662392890382533	5.192338998187673
0.5675446054085471	5.1803870271342225
0.5688529308438415	5.168454452241276
0.5701642722807475	5.156466943727791
0.571478636671867	5.14448502083742
0.5727960309858292	5.132521758940006
0.5741164622073276	5.120577188314469
0.5754399373371569	5.108651337681629
0.5767664633922508	5.096744234182209
0.5780960474057181	5.08485590335465
0.5794286964268811	5.072986369112701
0.580764417521312	5.061135653722801
0.5821032177708715	5.049303777781242
0.5834451042737447	5.037490760191114
0.5847900841444807	5.025696618139025
0.5861381645140288	5.013921367071618
0.5874893525297767	5.002165020671834
0.588843655355589	4.99042759083498
0.5902010801718444	4.978709087644553
0.591561634175474	4.967009519347836
0.5929253245799998	4.955328892331267
0.5942921586155727	4.943667211095577
0.5956621435290105	4.932024478230684
0.5970352865838369	4.9204006943903655
0.5984115950603197	4.908795858266668
0.5997910762555094	4.897209966564114
0.6011737374832781	4.885643013973616
0.6025595860743578	4.874094993146199
0.6039486293763798	4.8625658946664325
0.6053408747539136	4.851055707025644
0.6067363295885054	4.83956441659486
0.6081350012787179	4.828092007597516
0.6095368972401692	4.816638462081888
0.610942024905572	4.805203759893291
0.6123503917247736	4.793787878645994
0.6137620051647943	4.782390793694902
0.6151768727098682	4.771012478106947
0.6165950018614822	4.7596529026322285
0.618016400138416	4.748312035674889
0.6194410750767815	4.736989843263712
0.6208690342300636	4.725686289022449
0.6223002851691596	4.714401334139881
0.6237348354824193	4.70313493733959
0.6251726927756859	4.691887054849461
0.6266138646723355	4.680657640370905
0.628058358813318	4.669446645047789
0.6295061828571976	4.6582540174350875
0.6309573444801934	4.64707970346725
0.6324118513762195	4.635923646426274
0.633869711256927	4.624785786909474
0.6353309318517437	4.6136660627969786
0.6367955209079159	4.602564409218915
0.6382634861905487	4.591480758522296
0.6397348354826482	4.580369605023342
0.6412095765851616	4.569268058889576
0.6426877173170197	4.5581841633395515
0.6441692655151774	4.547117969251647
0.6456542290346556	4.536069526355659
0.6471426157485832	4.525038883215198
0.6486344335482385	4.514026087209922
0.6501296903430908	4.50303118451761
0.6516283940608427	4.49205422009604
0.6531305526474724	4.481095237664694
0.654636174067275	4.4701542796863025
0.6561452663029055	4.459231387348184
0.6576578373554206	4.448326600543419
0.6591738952443215	4.437439957851835
0.6606934480075961	4.42657149652081
0.662216503701762	4.41572125244589
0.6637430704019089	4.404889260151211
0.6652731562017414	4.3940755527697455
0.6668067692136223	4.383280162023346
0.6683439175686147	4.372503118202608
0.6698846094165265	4.3617444501465235
0.6714288529259524	4.351004185221952
0.6729766562843179	4.340282349302897
0.6745280276979221	4.3295789667495646
0.6760829753919819	4.318894060387241
0.6776415076106752	4.3082276514849625
0.6792036326171846	4.297579759733979
0.6807693586937414	4.28695040322601
0.6823386941416696	4.2763395984313
0.6839116472814293	4.265747360176465
0.6854882264526615	4.255173701622118
0.6870684400142321	4.244618634240296
0.688652296344276	4.234082167791663
0.6902398038402419	4.223564310302508
0.6918309709189364	4.2130650680415025
0.6934258060165691	4.202584445496272
0.6950243175887968	4.192122445349721
0.6966265141107687	4.181679068456138
0.6982324040771714	4.171254313817088
0.6998419960022735	4.160848178557071
0.7014552984199712	4.150460657898943
0.7030723198838335	4.140091745139124
0.7046930689671469	4.129741431622561
0.7063175542629619	4.119409706717461
0.7079457843841379	4.109096557789787
0.7095777679633888	4.098801970177521
0.711213513653329	4.088525927164676
0.7128530301265195	4.078268409955076
0.7144963260755133	4.0680293976458906
0.716143410212902	4.057808867200915
0.7177942912713617	4.0475858083067875
0.7194489780036994	4.037377367479401
0.7211074791828996	4.027187265229229
0.7227698036021702	4.017015529757909
0.72443596007499	4.0068621878298964
0.7261059574351547	3.9967272647522494
0.727779804536824	3.986610784354248
0.7294575102545687	3.976512768966766
0.7311390834834174	3.9664332394015034
0.732824533138904	3.956372214929973
0.734513868157115	3.946329713262317
0.7362070974947361	3.9363057505259107
0.737904230129101	3.926300341243762
0.7396052750582378	3.9163134983127055
0.7413102413009175	3.9063452329813964
0.7430191378967014	3.896395554828086
0.744731973905989	3.8864644717381993
0.7464487584100665	3.8765519898816843
0.7481695005111544	3.8666581136901645
0.7498942093324559	3.856782845833867
0.7516228940182055	3.8469261871983287
0.7533555637337174	3.837088136860895
0.7550922276654339	3.8272686920669945
0.7568328950209744	3.817467848206181
0.7585775750291838	3.8076855987879608
0.7603262769401818	3.797921935417399
0.762079010025412	3.788176847770478
0.7638357835776907	3.77845032356925
0.7655966069112563	3.768742348556736
0.7673614893618189	3.7590529064716045
0.7691304402866096	3.749381979022616
0.7709034690644301	3.7397295458628124
0.7726805850957024	3.730095584563493
0.7744617978025188	3.7204800705879215
0.7762471166286917	3.710882977264814
0.7780365510398041	3.701304275761562
0.7798301105232588	3.691743935057222
0.7816278045883297	3.682201921915246
0.7834296427662119	3.672678200855965
0.7852356346100718	3.6631727341288225
0.7870457896950986	3.65368548168434
0.7888601176185545	3.6442164011458384
0.7906786279998251	3.6347654477808944
0.7925013304804718	3.6253325744725284
0.7943282347242815	3.6159177316901414
0.7961593504173188	3.606520867460172
0.7979946872679766	3.597141927336502
0.7998342550070284	3.5877808543705636
0.8016780633876791	3.578437589081212
0.8035261221856173	3.569112069424284
0.8053784411990667	3.5597690762822713
0.8072350302488382	3.550437312283279
0.8090958991783823	3.5411229897301975
0.8109610578538409	3.5318261366023957
0.8128305161640993	3.5225467795562295
0.8147042840208396	3.5132849439063576
0.8165823713585925	3.504040653606884
0.81846478813479	3.494813931232318
0.8203515443298183	3.485604797958353
0.8222426499470712	3.4764132735424536
0.8241381150130024	3.4672393763042657
0.8260379495771788	3.4580831231058493
0.8279421637123342	3.4489445293316927
0.8298507675144225	3.4398236088685703
0.8317637711026711	3.4307203740851913
0.8336811846196344	3.4216348358116555
0.835603018231248	3.412567003318725
0.8375292821268826	3.4035168842968826
0.8394599865193975	3.394484484835211
0.8413951416451951	3.3854698094000617
0.8433347577642755	3.376472860813525
0.84527884516029	3.3674936402316984
0.8472274141405965	3.3585321471227467
0.8491804750363139	3.3495883792447656
0.8511380382023765	3.3406623326234253
0.8531001140175896	3.3317540015294123
0.8550667128846834	3.3228633784556623
0.8570378452303697	3.313990454094369
0.8590135215053958	3.3051352173137962
0.8609937521846007	3.29629765513485
0.8629785477669704	3.2874777527074572
0.8649679187756933	3.2786754932867055
0.8669618757582167	3.269890858208774
0.8689604292863019	3.2611238268666285
0.8709635899560808	3.2523743766855064
0.8729713683881117	3.2436424830981596
0.8749837752274362	3.2349281195198776
0.8770008211436349	3.226231257323275
0.8790225168308845	3.2175518658128524
0.8810488730080143	3.208889912199312
0.8830799004185629	3.200245361573648
0.8851156098308356	3.1916181768809926
0.887156012037961	3.1830083188942195
0.8892011178579485	3.1744157461873117
0.8912509381337457	3.165840415108478
0.8933054837332954	3.1572822797530278
0.895364765549594	3.1487412919359956
0.8974287945007486	3.1402174011645156
0.8994975815300353	3.1317105546099415
0.9015711376059571	3.1232206970797187
0.9036494737223016	3.114714211598599
0.9057326008982003	3.1062185026547002
0.9078205301781859	3.0977395049660617
0.9099132726322517	3.0892772496194447
0.9120108393559097	3.080831766526109
0.9141132414702502	3.0724030844049284
0.9162204901219997	3.063991230765373
0.9183325964835808	3.0555962318902954
0.9204495717531712	3.04721811281857
0.9225714271547631	3.0388568973275616
0.9246981739382225	3.0305126079154245
0.9268298233793492	3.022185265783234
0.9289663867799363	3.013874890816947
0.9311078754678302	3.0055815015691874
0.933254300796991	2.997305115240862
0.9354056741475518	2.989045747662599
0.9375620069258802	2.9808034132760133
0.9397233105646378	2.972578125114786
0.9418895965228413	2.9643698947855723
0.9440608762859233	2.956178732448726
0.946237161365793	2.9480046467988403
0.9484184633008971	2.939847645045107
0.9506047936562815	2.9317077328914873
0.9527961640236519	2.923584914516697
0.9549925860214359	2.9154791925540056
0.9571940712948444	2.9073905680708414
0.9594006315159331	2.899319040548207
0.9616122783836646	2.8912646078599047
0.9638290236239705	2.8832272662515566
0.9660508789898133	2.875207010319443
0.9682778562612491	2.8672038329891314
0.9705099672454897	2.85921772549391
0.9727472237769651	2.8512486773530243
0.9749896377173869	2.843296676349699
0.9772372209558107	2.83536170850897
0.9794899854086988	2.827443758075298
0.9817479430199844	2.8195428074899826
0.9840111057611337	2.811658837368359
0.9862794856312105	2.8037918264767963
0.9885530946569389	2.7959417517094627
0.9908319448927676	2.788108588064899
0.9931160484209338	2.7802923086223554
0.995405417351527	2.7724928845179244
0.9977000638225533	2.764710284920444
1.	2.756944477007187
1.0023052380778998	2.7491954259393196
1.0046157902783952	2.7414630948371417
1.0069316688518044	2.733747444755087
1.0092528860766845	2.726048434656517
1.0115794542598988	2.7183660213882557
1.0139113857366795	2.7106730043553275
1.016248692870696	2.7029915595777623
1.0185913880541169	2.695326490139312
1.0209394837076802	2.6876778218592885
1.023292992280754	2.680045579388286
1.0256519262514079	2.67242978619167
1.0280162981264735	2.664830464532938
1.0303861204416165	2.657247635456896
1.0327614057613974	2.649681318772692
1.0351421666793441	2.642131533036671
1.0375284158180127	2.6345982955350866
1.0399201658290596	2.627081622266628
1.0423174293933042	2.619581527924798
1.0447202192208003	2.6120980258801043
1.0471285480508996	2.6046311281621057
1.0495424286523225	2.597180845441265
1.051961873823223	2.5897471870106483
1.0543868963912593	2.582330160767436
1.0568175092136585	2.574929773194275
1.0592537251772887	2.56754602934044
1.0616955571987248	2.5601789328028253
1.064143018224316	2.552828485706763
1.066596121230258	2.5454946886866456
1.0690548792226577	2.538177540866384
1.0715193052376064	2.5308770398396625
1.0739894123412446	2.5235931816500377
1.076465213629835	2.5163259607708173
1.0789467222298286	2.509075370084779
1.081433951297938	2.50184140086368
1.0839269140212033	2.4946240427475943
1.0864256236170655	2.487423283724036
1.0889300933334332	2.480239110106914
1.0914403364487566	2.4730715065152595
1.0939563662720937	2.465920455851795
1.096478196143185	2.4587859392812637
1.0990058394325208	2.451667936208593
1.101539309541415	2.4445664242568306
1.104078619902073	2.4374813792448973
1.1066237839776665	2.4304127751651117
1.1091748152624008	2.423360584160537
1.1117317272815914	2.4163247765020834
1.1142945335917298	2.4093053205654424
1.1168632477805611	2.402302182807761
1.1194378834671515	2.3953153277441466
1.1220184543019636	2.388344717923926
1.1246049739669264	2.3813903139067025
1.1271974561755105	2.3744520742381847
1.1297959146727976	2.367529955425804
1.1324003632355573	2.360623911914095
1.1350108156723149	2.353733896059876
1.137627285823431	2.3468354961445734
1.1402497875611686	2.339948597733247
1.1428783347897717	2.3330775003312776
1.1455129414455354	2.326222217397079
1.1481536214968828	2.319382761141366
1.1508003889444356	2.312559142510268
1.1534532578210923	2.305751371168237
1.1561122421920986	2.298959455480841
1.1587773561551262	2.2921834024973577
1.1614486138403426	2.285423217933229
1.1641260294104914	2.2786789061523276
1.1668096170609623	2.2719504701490836
1.1694993910198712	2.2652379115304164
1.1721953655481303	2.2585412304975208
1.1748975549395297	2.251860425827456
1.1776059735208073	2.245195494854594
1.1803206356517297	2.238546433451859
1.1830415557251646	2.231913236011828
1.1857687481671602	2.2252958954276183
1.1885022274370183	2.2186944030736333
1.1912420080273751	2.2121087487860938
1.193988104464273	2.2055389208434217
1.1967405313072437	2.1989849059464084
1.1994993031493788	2.19244668919823
1.2022644346174132	2.1859242540842514
1.2050359403717974	2.1794175824516655
1.2078138351067804	2.1729266544889208
1.2105981335504823	2.166451448704985
1.2133888504649775	2.1599919419083915
1.2161860006463678	2.153548109186115
1.2189895989248667	2.147119923882232
1.2217996601648717	2.140707357576404
1.2246161992650488	2.1343103800621495
1.2274392311584073	2.127928959324921
1.2302687708123818	2.121563061519982
1.233104833228909	2.115212650950084
1.2359474334445106	2.108877690042926
1.238796586530369	2.102558139328427
1.2416523075924113	2.096253957415773
1.244514611771385	2.0899651009702724
1.2473835142429432	2.0836915246899794
1.2502590302177201	2.0774331812821267
1.2531411749414163	2.0711900214393233
1.2560299636948749	2.0649619938155546
1.2589254117941675	2.0587490450019463
1.2618275345906707	2.052551119502328
1.2647363474711515	2.046368159708554
1.2676518658578455	2.0402001058756234
1.270574105208542	2.0340468960965525
1.2735030810166617	2.0279084662770415
1.276438808811344	2.021753859670085
1.2793813041575246	2.01560828799521
1.2823305826560218	2.009477200665225
1.2852866599436155	2.0033606129634483
1.2882495516931343	1.9972585390826394
1.2912192736135342	1.9911709921100693
1.2941958414499863	1.9850979840124385
1.297179270983956	1.9790395256206632
1.3001695780332907	1.9729956266145043
1.3031667784522993	1.9669662955070701
1.3061708881318417	1.960951539629143
1.309181922999407	1.9549513651133965
1.3121998990192034	1.948965776878425
1.3152248321922384	1.942994778612654
1.3182567385564075	1.937038372758076
1.3212956341865751	1.931096560493855
1.324341535194665	1.9251693417197522
1.3273944577297394	1.9192567150394249
1.3304544179780915	1.9133586777435372
1.333521432163324	1.9074752257927494
1.3365955165464425	1.9016063538005101
1.3396766874259352	1.8957520550157205
1.3427649611378643	1.8899123213052142
1.3458603540559484	1.8840871431360902
1.348962882591654	1.8782765095578655
1.3520725631942772	1.8724804081844815
1.3551894123510364	1.866698825176122
1.3583134465871542	1.8609317452208844
1.3614446824659503	1.8551791515162586
1.3645831365889245	1.849441025750459
1.3677288255958495	1.8437173480835582
1.3708817661648536	1.8380080971284747
1.3740419750125157	1.832313249931754
1.3772094688939465	1.826632781954207
1.3803842646028852	1.8209666670513354
1.383566378971781	1.8153148774536108
1.3867558288718889	1.8096773837465419
1.3899526312133532	1.804054154850587
1.3931568029453036	1.7984451580008571
1.3963683610559376	1.7928503587266573
1.3995873225726185	1.787269720830817
1.4028137045619582	1.781703206368856
1.4060475241299144	1.7761507756279378
1.4092887984218747	1.7706123871056503
1.4125375446227548	1.7650879974885771
1.4157937799570817	1.7595775616306906
1.4190575216890926	1.7540810325315281
1.4223287871228198	1.7485983613141947
1.425607593602188	1.7431294972031426
1.428893958511103	1.7376743875017666
1.432187899273543	1.7322067739756895
1.435489433353656	1.7267480446404215
1.4387985782558452	1.7213028235683359
1.4421153515248688	1.7158711251251548
1.4454397707459272	1.7104529626812102
1.4487718535447618	1.7050483485977979
1.452111617587742	1.6996572942134245
1.455459080581966	1.6942798098299023
1.4588142602753482	1.6889159046983329
1.4621771744567182	1.6835655870049386
1.4655478409559113	1.6782288638567786
1.468926277643867	1.672905741267313
1.4723125024327186	1.6675962241418483
1.4757065332758947	1.6623003162628254
1.4791083881682072	1.6570180202749936
1.4825180851459536	1.6517493376704189
1.4859356422870067	1.6464942687733768
1.4893610777109154	1.6412528127250818
1.492794409578996	1.6360249674682934
1.4962356560944337	1.6308107297317591
1.4996848355023733	1.6256100950145305
1.5031419660900225	1.6204230575701157
1.5066070661867417	1.6152496103905032
1.5100801541641484	1.6100897451900138
1.513561248436208	1.6049434523890278
1.5170503674593367	1.599810721097538
1.5205475297324955	1.594691539098568
1.5240527537972914	1.5895858928314246
1.5275660582380723	1.584493767374805
1.5310874616820302	1.5794151464297341
1.5346169827992941	1.5743500123023666
1.5381546403030348	1.5692983458866017
1.5417004529495593	1.5642601266465648
1.545254439538414	1.5592353325989092
1.5488166189124812	1.5542239402949645
1.5523870099580825	1.5492259248027167
1.5559656316050743	1.5442412596886268
1.559552502826954	1.539269916999277
1.5631476426409538	1.534311867242856
1.5667510701081493	1.529367079370468
1.5703628043335522	1.5244355207572782
1.5739828644662197	1.5195171571834758
1.5776112696993485	1.5146119528150783
1.5812480392703834	1.5097198701845436
1.5848931924611134	1.5048408701712206
1.5885467485977791	1.4999749119816133
1.59220872705117	1.49512195312947
1.5958791472367329	1.4902819494156865
1.5995580286146687	1.485454854908035
1.6032453906900417	1.4806406219207013
1.6069412530128773	1.4758181789992495
1.6106456351782708	1.471004678968585
1.6143585568264862	1.4662038254572338
1.6180800376430662	1.4614156237056874
1.6218100973589298	1.456640077930735
1.6255487557504842	1.4518771913119026
1.6292960326397223	1.447126965977779
1.6330519478943346	1.442389402992193
1.6368165214278085	1.437664502340285
1.6405897731995396	1.4329522629144233
1.6443717232149315	1.4282526825000113
1.6481623915255086	1.4235657577611454
1.651961798229015	1.418891484226151
1.6557699634695284	1.41422985627297
1.6595869074375604	1.4095808671144314
1.6634126503701698	1.4049445087833632
1.6672472125510627	1.4003207721175852
1.6710906143107078	1.395709646744748
1.6749428760264373	1.3911111210670424
1.6788040181225607	1.386525182245757
1.6826740610704674	1.3819518161857058
1.6865530253887415	1.377391007519495
1.690440931643264	1.3728427395916638
1.6943378004473288	1.36830699444266
1.6982436524617444	1.3637837527926877
1.7021585083949509	1.359272994025383
1.7060823890031234	1.3547746961713663
1.710015315090288	1.350288835891619
1.7139573075084253	1.3458153884607262
1.7179083871575884	1.3413543277499542
1.721868574986007	1.3369056262101788
1.725837891990204	1.3324692548546546
1.7298163592151015	1.3280451832416342
1.7338039977541384	1.3236333794568125
1.7378008287493754	1.319233810095635
1.7418068733916146	1.314846440245417
1.7458221529205038	1.3104712334673292
1.7498466886246573	1.306108151778193
1.7538805018417611	1.3017571556321315
1.7579236139586931	1.2974182039020394
1.7619760464116292	1.2930912538608967
1.7660378206861649	1.2887762611629003
1.770108958317421	1.2844731798244404
1.7741894808901661	1.28018196220489
1.7782794100389228	1.275902558987234
1.78237876744809	1.2716349191585108
1.7864875748520508	1.267378989990093
1.7906058540352947	1.2631347170177736
1.7947336268325265	1.2589020440216891
1.7988709151287883	1.25468091300605
1.803017740859569	1.2504448769280263
1.8071741260109275	1.2462154691024785
1.8113400926196026	1.2419973415711218
1.8155156627731361	1.2377905045284059
1.8197008586099834	1.2335949673368665
1.8238957023196385	1.229410738515829
1.8281002161427427	1.2252378257300192
1.832314422371212	1.2210762357780494
1.8365383433483464	1.2169259745808163
1.8407720014689564	1.2127870471697675
1.8450154191794736	1.2086594576750787
1.8492686189780787	1.2045432093136987
1.8535316234148114	1.200438304377303
1.857804455091699	1.1963447442201145
1.8620871366628675	1.192262529246628
1.8663796908346704	1.1881916588992028
1.8706821403658007	1.184132131645555
1.8749945080674193	1.1800839449661213
1.8793168168032686	1.1760470953413107
1.883649089489801	1.1720215782386327
1.8879913490962936	1.1680073880997146
1.892343618644976	1.164004518327185
1.8967059212111463	1.1600129612714498
1.9010782799233006	1.156032708217331
1.9054607179632472	1.152063749370595
1.9098532585662378	1.1481060738443463
1.914255925021086	1.1441596696452985
1.9186687406702891	1.140224523659924
1.9230917289101586	1.1363006216404639
1.9275249131909356	1.1323879481908217
1.9319683170169242	1.128486486752316
1.936421963946607	1.1245962195893144
1.9408858775927782	1.1207171277747194
1.9453600816226624	1.1168491911753375
1.9498445997580456	1.112992388437102
1.9543394557753944	1.1091466969701682
1.95884467350599	1.1053120929338653
1.9633602768360463	1.1014885512215185
1.967886289706845	1.097676045445124
1.9724227361148534	1.0938745479198937
1.976969640111861	1.0900840296486476
1.9815270258050979	1.0863044603060774
1.9860949173573716	1.0825358082228527
1.9906733389871865	1.078778040369597
1.9952623149688797	1.0750311223407039
1.9998618696327437	1.0712950183380223
2.0044720273651615	1.0675696911543757
2.0090928126087277	1.0638551021569524
2.0137242498623884	1.0601512112705245
2.0183663636815607	1.0564579769605353
2.023019178678272	1.0527570375876434
2.0276827195212817	1.0490633403336798
2.032357010936222	1.0453801127823037
2.037042077705718	1.041707359803313
2.0417379446695296	1.0380450854478505
2.046444636724674	1.0343932929375537
2.0511621788255656	1.0307519846535953
2.0558905959841414	1.0271211621256295
2.0606299132700006	1.0235008260206229
2.065380155810529	1.0198909761315955
2.0701413487910423	1.016291611366241
2.0749135174549096	1.0127027297354543
2.079696687103696	1.0091243283417404
2.084490883097289	1.0055564033675268
2.0892961308540396	1.0019989500633546
2.0941124558508926	0.9984519627359713
2.0989398836235242	0.9949154347363043
2.1037784397664754	0.9913893584473285
2.1086281499332897	0.9878737252718175
2.1134890398366464	0.9843685256199859
2.1183611352485023	0.9808737488970092
2.123244462000219	0.9773893834904409
2.1281390459827123	0.9739154167574979
2.133044913146576	0.9704518350122466
2.1379620895022327	0.9669986235126509
2.1428906011200586	0.9635557664475212
2.1478304741305343	0.9601232469233264
2.1527817347243725	0.9567010469508971
2.157744409152667	0.9532891474319979
2.16271852372702	0.9498875281457864
2.167704104819695	0.9464961677351346
2.1727011788637443	0.9431150436928427
2.1777097723531593	0.9397441323477075
2.1827299118430012	0.9363834088504841
2.187761623949553	0.9330328471596993
2.1928049353504484	0.9296924200273547
2.197859872784825	0.9263620989844833
2.202926463053456	0.923041854326589
2.2080047330189	0.9197316550989418
2.2130947096056377	0.9164314690817503
2.2181964198002193	0.9131412627751894
2.223309890651403	0.9098610013843034
2.2284351492703043	0.906590648803761
2.2335722228305315	0.9033301676024865
2.23872113856834	0.9000795190081352
2.2438819237827663	0.8968386628914464
2.2490546058357817	0.8936075577504411
2.254239212152429	0.8903861606944885
2.259435770220978	0.887174427428219
2.2646443075930596	0.8839723122353026
2.2698648518838223	0.8807634381076764
2.2750974307720706	0.8775611205419286
2.2803420720004186	0.8743682276588384
2.28559880337543	0.8711847546166586
2.2908676527677736	0.8680106957179501
2.296148648112362	0.8648460443987145
2.301441817408509	0.8616907932174124
2.306747188720069	0.8585449338438902
2.312064790175595	0.8554084570481978
2.3173946499684783	0.8522813526893083
2.3227367963571073	0.849163609703727
2.328091257665008	0.8460552160940042
2.3334580622810033	0.8429561589171326
2.338837238659355	0.8398664242728455
2.344228815319923	0.8367859972918015
2.3496328208483073	0.833714862123668
2.35504928389601	0.8306530019250853
2.360478233180577	0.8276003988475317
2.365919697485759	0.8245570340250673
2.371373705661655	0.821522887561974
2.3768402866248772	0.8184979385202749
2.38231946935869	0.8154821649071484
2.3878112829131783	0.8124755436622185
2.3933157564053875	0.8094780506447379
2.3988329190194912	0.8064896606206456
2.4043628000069335	0.8035103472495179
2.4099054286865957	0.8005400830713866
2.41546083444494	0.7975788394934549
2.421029046736179	0.7946265867766736
2.4266100950824154	0.7916832940222166
2.432204009073816	0.7887489291578128
2.4378108183687526	0.785823458923974
2.4434305526939726	0.7829068488600822
2.4490632418447453	0.779999063290365
2.454708915685031	0.7771000653097322
2.4603676041476272	0.7742098167694973
2.46603933723434	0.7713282782629588
2.4717241450161302	0.7684554091108621
2.4774220576332864	0.7655911673467222
2.4831331052955705	0.7627355097020226
2.4888573182823914	0.7598883915912756
2.494594726942955	0.7570497670969524
2.500345361696432	0.754219588954275
2.506109253032114	0.7513978085358796
2.511886431509581	0.7485843758363303
2.5176769277588558	0.7457792394565105
2.5234807724805757	0.7429823465878608
2.529297996446145	0.7401936429964865
2.5351286304979084	0.7374130730071176
2.540972705549305	0.7346405794869321
2.5468302525850417	0.7318550375836296
2.552701302661247	0.7290736274946821
2.5585858869056453	0.72630005222362
2.5644840365177175	0.7235343089182841
2.5703957827688635	0.7207763940226231
2.5763211570025755	0.7180263032676849
2.582260190634596	0.7152840316625317
2.588212915153092	0.7125495734850616
2.5941793621188136	0.7098229222727541
2.6001595631652723	0.7071040708133199
2.6061535499988953	0.7043930111352756
2.6121613543992064	0.7016897344984205
2.6181830082189848	0.6989942313842342
2.624218543384442	0.6963064914861781
2.6302679918953813	0.6936265036999147
2.6363313858253803	0.6909542561134299
2.642408757321946	0.6882897359970727
2.648500138606701	0.6856329297934924
2.654605561975539	0.6829838231074965
2.6607250597988097	0.680342400695802
2.666858664521479	0.677708646456707
2.6730064086633116	0.6750825434196546
2.6791683248190314	0.6724640737347112
2.6853444456585076	0.6698532186619431
2.691534803926915	0.6672499585606998
2.6977394324449206	0.6646542728787954
2.703958364108843	0.6620661401415984
2.7101916318908432	0.6594855379410135
2.7164392688390824	0.6569124429243725
2.7227013080779128	0.6543468307832158
2.7289777828080406	0.6517886762419794
2.7352687263067126	0.6492379530465747
2.741574171927882	0.6466946339528689
2.7478941531023975	0.6441586907150543
2.7542287033381663	0.6416300940739247
2.7605778562203462	0.6391088137450316
2.7669416454115114	0.6365948184067463
2.773320104651841	0.6340880756882049
2.7797132677592886	0.6315885521571537
2.7861211686297707	0.6290962133076754
2.792543841237338	0.6266110235478157
2.798981319634363	0.6241329461870897
2.805433637951713	0.6216619434238837
2.811900830398941	0.6191979763327372
2.8183829312644537	0.6167410048515202
2.8248799749157074	0.6142909877684847
2.831391995799379	0.6118478827092112
2.8379190284415565	0.6094116461234312
2.8444611074479154	0.606982233271738
2.85101826750391	0.6045595982121724
2.8575905433749464	0.6021237676228968
2.8641779699065815	0.5996910003850832
2.8707805820246906	0.597264807738629
2.8773984147356697	0.5948451958083956
2.8840315031266055	0.5924321702392917
2.8906798823654762	0.5900257361897467
2.897343587701323	0.587625898325131
2.904022654464451	0.585232660811104
2.910717118066605	0.5828460273069086
2.9174270140011673	0.5804660009585952
2.924152377843335	0.5780925843921884
2.9308932452503216	0.5757257797067815
2.9376496519615305	0.5733655884675757
2.9444216337987617	0.5710120116988426
2.9512092266663856	0.5686650498768332
2.9580124665515464	0.5663247029226087
2.9648313895243423	0.5639909701948137
2.971666031738027	0.5616638504823742
2.9785164294291895	0.5593433419971343
2.9853826189179604	0.557029442366417
2.992264636608189	0.5547221486255252
2.9991625189876516	0.5524214572101597
3.0060763026282307	0.5501273639487826
3.013006024186122	0.5478398640548939
3.019951720402016	0.5455589521192509
3.0269134281013064	0.5432846221020026
3.0338911841942706	0.5410168673247631
3.04088502567628	0.5387556804626008
3.047894989627983	0.5365010535359639
3.054921113215514	0.5342529779025215
3.061963433690677	0.5320114442489395
3.069021988391158	0.5297764425825711
3.076096814740708	0.5275479622230798
3.083187950249355	0.5253259917939772
3.0902954325135905	0.5231105192140915
3.097419299216581	0.5209015316889488
3.1045595881283554	0.5186990157020858
3.1117163371060186	0.516502957006271
3.118889584093937	0.5143133406146588
3.126079367123956	0.5121301507918506
3.1332857243155856	0.5099533710448848
3.1405086938762183	0.5077829841141352
3.1477483141013156	0.5056189719641367
3.1550046233746274	0.5034613157743165
3.1622776601683795	0.5013099959296526
3.169567463043492	0.4991649920112372
3.1768740706497707	0.4970262827867626
3.1841975217261256	0.49489384620091464
3.1915378551007616	0.4927676593656857
3.198895109691399	0.4906476985505927
3.206269324505466	0.4885217462727284
3.213660538640318	0.4863997555706841
3.2210687912834346	0.48428387903844633
3.2284941217126364	0.4821741243628873
3.2359365692962827	0.48007049882247366
3.2433961734934935	0.47797300928160624
3.250872973854344	0.475881662184912
3.2583670100200885	0.47379646355147637
3.265878321723358	0.4717174189690247
3.273406948788383	0.4696445335880455
3.2809529311311905	0.4675778121158619
3.2885163087598315	0.46551725881064165
3.2960971217745776	0.46346287747535647
3.303695410368149	0.46141467145167786
3.311311214825911	0.45937264361382324
3.3189445755261047	0.4573367963623353
3.326595532940045	0.45530713161781117
3.3342641276323506	0.45328365081456573
3.3419504002611427	0.4512663548942415
3.3496543915782775	0.4492552442993527
3.3573761424295467	0.4472503189667751
3.365115693754908	0.44525157832116796
3.372873086588689	0.4432590212683431
3.380648362059817	0.44127264618856227
3.3884415613920256	0.4392924509297819
3.3962527259040853	0.4373184328008262
3.404081897010009	0.43535058856450437
3.4119291162192864	0.43338891443065686
3.4197944251370886	0.43143340604914426
3.4276778654645046	0.42948405850276417
3.4355794789987466	0.4275408663001089
3.443499307633384	0.42560382336835184
3.451437393358563	0.4236729230459701
3.459393778261219	0.42174815807540106
3.4673685045253166	0.4198295205956273
3.4753616144320576	0.41791700213469724
3.483373150360118	0.41601059360217385
3.4914031547858606	0.41411028528151766
3.499451670283573	0.412216066822395
3.5075187395256795	0.4103279272329212
3.5156044052829816	0.408445854871827
3.523708710424871	0.40656983744055986
3.53183169791957	0.40469986197530533
3.5399734108343464	0.4028359148389443
3.548133892335755	0.4009779817129278
3.5563131856898527	0.3991260475890866
3.5645113342624426	0.3972800967613578
3.5727283815192883	0.39544011281744496
3.5809643710263606	0.39360607863039343
3.5892193464500517	0.3917779763500977
3.5974933515574232	0.3899455426185547
3.6057864302164235	0.38811714228232397
3.6140986263961334	0.38629458604536326
3.6224299841669856	0.38447788239119624
3.630780547701014	0.38266703944345887
3.639150361272071	0.3808620649608492
3.6475394692560785	0.37906296633202524
3.6559479161312485	0.3772697505704599
3.664375746478333	0.3754824243092392
3.672823004980846	0.37370099379581934
3.681289736425315	0.37192546488672584
3.6897759857015027	0.3701558430422103
3.6982817978026628	0.3683921333208484
3.7068072178257596	0.36663434037409487
3.715352290971726	0.36488246844077915
3.7239170625456848	0.3631365213415561
3.732501577957206	0.3613965024732985
3.741105882720533	0.3596624148034415
3.7497300224548358	0.35793426086426927
3.758374042884441	0.35621204274715335
3.767037989839089	0.35449576209672984
3.77572190925416	0.35278542010503056
3.7844258471709336	0.35108101750555043
3.793149849736819	0.34938255456726686
3.801893963205613	0.3476900310885975
3.81065823393773	0.346003446391306
3.8194427084004663	0.34432279931434695
3.8282474331682264	0.3426480882076578
3.8370724549227884	0.3409793109258884
3.8459178204535354	0.3393164648220768
3.8547835766577188	0.3376595467412617
3.8636697705406915	0.3360085530140411
3.8725764492161727	0.3343634794500649
3.8815036599064823	0.332724321331474
3.8904514499428067	0.33109107340627225
3.899419866765434	0.329463729881644
3.908408957924021	0.32784228441720226
3.9174187710778305	0.3262267301181829
3.926449353995999	0.3246170595285689
3.9355007545577743	0.3230132646241573
3.944573020752785	0.32141533680555673
3.953666200681279	0.31982326689112783
3.9627803425543955	0.3182370451098507
3.971915494694403	0.3166566610941351
3.981071705534973	0.3150821038725577
3.9902490236214203	0.31351336186253975
3.9994474976109755	0.3119504228629513
4.008667176273028	0.31039327404665434
4.0179081084894	0.30884190195297234
4.027170343254591	0.3072962924800959
4.036453929676051	0.30574891210860367
4.045758916974426	0.3042058986772237
4.055085354483839	0.3026685797432477
4.0644332916521275	0.30113696007597623
4.073802778041128	0.29961104406318767
4.083193863326921	0.29809083570599565
4.09260659730011	0.2965763386136538
4.1020410298660686	0.2950675559983159
4.111497211045223	0.2935644906697419
4.120975190973302	0.2920671450299589
4.130475019901614	0.2905755210678679
4.139996748197304	0.2890896203538035
4.149540426343631	0.2876094440340388
4.1591061049402205	0.2861349928252439
4.168693834703355	0.2846662670088862
4.178303666466218	0.2832032664255851
4.187935651179185	0.28174599046940796
4.1975898399100755	0.28029443808211885
4.207266283844442	0.27884860774736736
4.216965034285822	0.27740849748483004
4.226686142656031	0.27597410484429086
4.2364296604954115	0.27454542689967354
4.24619563946313	0.2731224602430117
4.2559841313374305	0.2717052009783693
4.265795188015928	0.2702936447157002
4.275628861515862	0.2688877865646551
4.285485203974396	0.26748762112832697
4.295364267648873	0.26609314249694277
4.3052661049171075	0.26470434424149464
4.3151907682776525	0.26332121940731457
4.325138310350088	0.26194376050758655
4.335108783875289	0.26057195951680423
4.345102241715717	0.25920580786416386
4.355118736855686	0.2578452964269001
4.365158322401661	0.256490415523558
4.375221051582521	0.255141154907207
4.385306977749858	0.2537975037585894
4.395416154378245	0.2524594506792091
4.405548635065534	0.2511269836843551
4.4157044735331255	0.24980009019606428
4.425883723626267	0.2484787570360171
4.436086439314326	0.24716297041837146
4.446312674691089	0.24585271594252933
4.456562483975033	0.24454797858584035
4.466835921509633	0.24324874269623586
4.477133041763626	0.24195499198480075
4.487453899331323	0.2406667095182736
4.49779854893288	0.23938387771148265
4.508167045414603	0.23810647831971155
4.518559443749224	0.2368344924309977
4.528975799036209	0.23556044588799682
4.539416166502032	0.23429041912770449
4.549880601500488	0.23302572334580604
4.560369159512962	0.23176635821224267
4.570881896148752	0.23051232298623558
4.581418867145335	0.22926361651101107
4.591980128368688	0.22802023720847264
4.6025657358135605	0.22678218307382694
4.613175745603796	0.22554945167015705
4.623810213992603	0.22432204012294837
4.634469197362879	0.22309994511456058
4.645152752227495	0.22188316287865117
4.6558609352295885	0.22067168919454766
4.666593803142887	0.21946551938156375
4.677351412871981	0.21826464829326975
4.688133821452653	0.2170690703117034
4.698941086052153	0.21587877934153374
4.709773263969529	0.21469376880416532
4.720630412635905	0.21351403163179425
4.731512589614805	0.21233956026140458
4.7424198526024455	0.21117034662871387
4.753352259428054	0.21000638216205958
4.7643098680541565	0.20884765777623393
4.775292736576909	0.20769416386625777
4.786300923226383	0.20654589030110196
4.797334486366892	0.20540282641734803
4.808393484497285	0.20426496101279434
4.819477976251274	0.20313228234000075
4.830588020397726	0.20200477809977863
4.841723675840994	0.20088243543461728
4.8528850016212095	0.19976524092205544
4.864072056914616	0.1986531805679883
4.875284901033862	0.19754623979991817
4.886523593428336	0.19644440346014036
4.897788193684462	0.195347655798871
4.909078761526032	0.19425598046730946
4.920395356814509	0.19316936051064196
4.9317380395493595	0.19208777836097807
4.943106869868354	0.19101121583022815
4.954501908047903	0.18993965410291228
4.96592321450336	0.18887307372890905
4.97737084978936	0.18781145461613513
4.9888448746001215	0.18675477602316307
5.000345349769786	0.18570301655176955
5.011872336272722	0.18465615413942044
5.0234258952238715	0.18361416605168493
5.035006087879047	0.18257702887458635
5.046612975635284	0.18154471850687956
5.05824662003114	0.18051721015226538
5.0699070827470445	0.17949447831152987
5.081594425605605	0.17846736094938118
5.093308710571955	0.17744330775714276
5.105049999754062	0.17642392368110052
5.116818355403078	0.17540920647018404
5.1286138399136485	0.17439915349293028
5.140436515824262	0.1733937617326895
5.152286445817564	0.17239302778278898
5.16416369272071	0.17139694784164977
5.176068319505676	0.17040551770786075
5.188000389289612	0.16941873277520514
5.199959965335159	0.1684365880276436
5.211947111050805	0.1674590780342489
5.223961889991197	0.1664861969440962
5.236004365857504	0.16551793848110435
5.248074602497725	0.16455429593883295
5.2601726639070625	0.1635952621752276
5.2722986142282275	0.16264082960732168
5.284452517751805	0.1616909902058863
5.296634438916578	0.16074573549003365
5.308844442309884	0.15980505652176905
5.321082592667942	0.15886894390049638
5.333348954876211	0.15793738775746996
5.345643593969716	0.15701037775020008
5.357966575133418	0.15608790305680295
5.370317963702527	0.15516995237030515
5.382697825162884	0.15425651389289047
5.3951062251512765	0.1533475753301002
5.4075432294558095	0.15244312388497655
5.420008904016238	0.15154314625215656
5.432503314924333	0.1506476286119101
5.445026528424211	0.14975655662412674
5.4575786109127105	0.14886991542224529
5.470159628939716	0.14798768960713257
5.482769649208539	0.14710986324090328
5.495408738576246	0.1462364198406876
5.508076964054036	0.14536734237234056
5.520774392807573	0.14450261324409716
5.533501092157368	0.14364221430016794
5.546257129579107	0.14278612681428082
5.559042572704037	0.14193433148316134
5.5718574893192985	0.14108680841995844
5.584701947368309	0.14024353714760798
5.597576014951102	0.139404496592141
5.610479760324706	0.13856966507592805
5.623413251903491	0.137739020310868
5.6363765582595455	0.13691253939151204
5.649369748123025	0.13609019878813017
5.6623928903825345	0.13527197433971322
5.675446054085471	0.1344578412469158
5.688529308438416	0.13364777406493344
5.701642722807475	0.13283229990417722
5.714786366718672	0.13201912311810707
5.727960309858292	0.13120990445508507
5.741164622073277	0.13040464284552827
5.7543993733715695	0.12960333691305626
5.767664633922509	0.1288059849705945
5.780960474057181	0.12801258501644433
5.794286964268812	0.1272231347303138
5.807644175213121	0.12643763146931464
5.821032177708716	0.1256560722639196
5.834451042737448	0.1248784538138851
5.847900841444809	0.12410477248413386
5.861381645140288	0.12333502430060217
5.874893525297769	0.1225692049460464
5.88843655355589	0.12180730975581373
5.902010801718445	0.12104933371357132
5.91561634175474	0.12029527144699927
5.9292532458	0.11954511722344124
5.942921586155727	0.1187988649455182
5.956621435290106	0.11805650814669924
5.970352865838369	0.11731803998683503
5.984115950603199	0.11658345324764743
5.997910762555095	0.11585274032818127
6.011737374832782	0.11512589324021157
6.025595860743578	0.11440290360361184
6.0394862937638	0.11368376264167829
6.0534087475391365	0.11296846117641333
6.067363295885055	0.11225698962376456
6.08135001278718	0.11154933798882248
6.095368972401694	0.11084549586097336
6.109420249055721	0.11014545240900964
6.123503917247737	0.10944919637619448
6.137620051647943	0.1087567160752841
6.151768727098683	0.10806799938350295
6.165950018614822	0.1073830337374759
6.180164001384161	0.10670180612811266
6.1944107507678146	0.10602430309544855
6.208690342300634	0.10535051072343697
6.223002851691596	0.10468041463469632
6.237348354824191	0.10401399998521031
6.251726927756859	0.10335125145897907
6.266138646723353	0.10269215326262479
6.2805835881331795	0.10203668911994691
6.295061828571975	0.10138484226643096
6.309573444801933	0.10073659544370629
6.324118513762193	0.10009193089395645
6.33869711256927	0.099450830354278
6.353309318517436	0.09881327505099113
6.367955209079159	0.09817924569389762
6.382634861905486	0.09754872247048996
6.397348354826482	0.09691508385226807
6.412095765851615	0.09628371127610207
6.4268771731701975	0.09565576298131724
6.441692655151772	0.09503123589479351
6.456542290346556	0.09441012665355797
6.471426157485831	0.0937924316012035
6.486344335482385	0.09317814678427216
6.501296903430906	0.092567267948608
6.516283940608428	0.09195979053567369
6.531305526474723	0.0913557096788362
6.546361740672751	0.09075502019961619
6.561452663029053	0.09015771660390516
6.576578373554206	0.0895637930781463
6.591738952443213	0.08897324348548231
6.606934480075961	0.08838606136186643
6.622165037017619	0.08780223991213991
6.637430704019089	0.08722177200607202
6.652731562017413	0.08664465017436598
6.668067692136222	0.08607086660462696
6.6834391756861455	0.08550041313729506
6.698846094165265	0.08493328126154027
6.714288529259523	0.08436946211112174
6.729766562843179	0.08380894646020778
6.745280276979219	0.08325172471916019
6.760829753919819	0.08269778693027906
6.77641507610675	0.08214712276351031
6.792036326171846	0.08159972151211367
6.807693586937414	0.08105557208829295
6.823386941416698	0.08051466301878557
6.839116472814292	0.07997698244041444
6.8548822645266165	0.07944251809559766
6.870684400142321	0.07891125732782062
6.886522963442762	0.07838318707706514
6.902398038402419	0.07785829387519998
6.918309709189366	0.07733656384132809
6.934258060165691	0.07681798267709454
6.9502431758879695	0.07630253566195054
6.966265141107686	0.07579020764837725
6.982324040771715	0.0752809830570653
6.998419960022734	0.07477484587205316
7.014552984199714	0.07427177963582082
7.030723198838334	0.07377176744434143
7.046930689671471	0.07327479194208757
7.06317554262962	0.07278083531699481
7.07945784384138	0.07228987929537935
7.095777679633888	0.07180190513681199
7.112135136533292	0.07131689362894549
7.128530301265195	0.07083482508229783
7.1449632607551345	0.07035567932498782
7.16143410212902	0.06987943569742606
7.177942912713619	0.06939975781097682
7.194489780036995	0.06892179230744941
7.211074791828998	0.0684466455852889
7.227698036021702	0.06797431304943334
7.2443596007499025	0.06750478984069105
7.261059574351547	0.06703807083256004
7.277798045368242	0.06657415062801626
7.294575102545687	0.06611302355627487
7.311390834834176	0.06565468366952018
7.3282453313890406	0.06519912473960779
7.345138681571151	0.06474634025473486
7.362070974947361	0.06429632341608241
7.379042301291012	0.06384906713442516
7.396052750582378	0.06340456402671267
7.413102413009177	0.06296280641261787
7.430191378967014	0.06252378631105619
7.447319739059893	0.06208749543667171
7.464487584100665	0.06165392519629319
7.481695005111545	0.061223066685356875
7.498942093324558	0.060794910684298605
7.516228940182057	0.060369447654912006
7.533555637337174	0.05994666773667561
7.550922276654341	0.05952656074304562
7.568328950209744	0.05910911615771695
7.58577575029184	0.05869432313084928
7.603262769401819	0.058282170475261276
7.620790100254123	0.05787264666258861
7.638357835776907	0.057465739819410236
7.655966069112566	0.05706143772333777
7.67361489361819	0.05665972779907213
7.691304402866098	0.05626059711442344
7.709034690644301	0.05586403237629699
7.726805850957025	0.05547001992664233
7.744617978025188	0.0550785457383677
7.76247116628692	0.05468959541121694
7.78036551039804	0.054303154167611334
7.798301105232589	0.053919206848453166
7.816278045883297	0.05353773790889377
7.83429642766212	0.05315873141406274
7.852356346100718	0.05278217103476087
7.870457896950989	0.052408040043113696
7.888601176185544	0.052036321308188346
7.906786279998253	0.05166699729157014
7.925013304804718	0.051300050042902
7.943282347242818	0.050935461195383225
7.961593504173188	0.05057321196122985
7.979946872679768	0.0502132831270944
7.9983425500702845	0.049855655049446244
8.016780633876794	0.04950030764991075
8.035261221856173	0.0491472204105685
8.05378441199067	0.04878964036276687
8.072350302488383	0.048433055466761625
8.090958991783825	0.04807864688912388
8.109610578538408	0.047726411567796986
8.128305161640995	0.047376346244441495
8.147042840208396	0.04702844746205659
8.165823713585926	0.04668271156257886
8.1846478813479	0.04633913468446022
8.203515443298185	0.0459977127602229
8.222426499470712	0.04565844151399302
8.241381150130026	0.04532131645901091
8.260379495771788	0.04498633289511998
8.279421637123345	0.04465348590623147
8.298507675144226	0.04432277035776779
8.317637711026709	0.04399418089408123
8.336811846196344	0.04366771193585053
8.356030182312479	0.04334335767745357
8.375292821268827	0.043021112084315936
8.394599865193973	0.042700968890236564
8.413951416451951	0.04238292159468813
8.433347577642753	0.04206696346009444
8.452788451602899	0.04175308750908231
8.472274141405963	0.04144128652170953
8.491804750363139	0.04113155303266738
8.511380382023763	0.04082387932845886
8.531001140175896	0.04051825744455067
8.550667128846833	0.04021467916250093
8.570378452303697	0.03991313600705999
8.590135215053957	0.039613619243246516
8.609937521846007	0.03931611987339668
8.629785477669701	0.03902062863418762
8.649679187756934	0.038727135993633935
8.669618757582166	0.03843563214805819
8.689604292863018	0.038146107019033516
8.709635899560805	0.03785855025030017
8.729713683881117	0.037572951204653725
8.74983775227436	0.03728929896080677
8.770008211436348	0.037007582310221665
8.790225168308842	0.03672778975391646
8.810488730080142	0.03644990949924151
8.830799004185627	0.03617392945662865
8.851156098308357	0.03589983723631077
8.871560120379607	0.035627620145013354
8.892011178579486	0.03535726518261594
8.912509381337454	0.03508875903878531
8.933054837332953	0.034822088089578006
8.953647655495937	0.03455723839401388
8.974287945007486	0.03429419569061886
8.994975815300352	0.03403294539393816
9.01571137605957	0.03377347259101813
9.036494737223014	0.03351107070777869
9.057326008982002	0.033249563478670946
9.078205301781857	0.03298977334298108
9.099132726322518	0.03273169746498178
9.120108393559097	0.032475332849728644
9.141132414702504	0.03222067634114693
9.162204901219997	0.03196772462010194
9.183325964835811	0.031716474202451016
9.204495717531712	0.03146692143707868
9.225714271547634	0.031219062503913052
9.246981739382225	0.03097289341192544
9.268298233793494	0.030728409997110618
9.289663867799362	0.03048560792045012
9.311078754678306	0.030244482665855974
9.33254300796991	0.030005029538097003
9.354056741475521	0.029767243660705427
9.375620069258803	0.029531119973865563
9.39723310564638	0.029296653232282793
9.418895965228414	0.029063838003033995
9.440608762859236	0.028832668663398127
9.462371613657929	0.028603139398668154
9.484184633008974	0.028375244199942206
9.506047936562814	0.0281489768618965
9.527961640236521	0.027924330980536788
9.549925860214358	0.027701299950931083
9.571940712948447	0.027479876964921032
9.594006315159332	0.027260055008813948
9.616122783836648	0.027041826861053334
9.638290236239705	0.026825185089869388
9.660508789898136	0.026610122050908163
9.68277856261249	0.026396629884840137
9.7050996724549	0.026184700514946896
9.727472237769652	0.025974325644687334
9.749896377173872	0.025765496755241268
9.772372209558107	0.025558205103032285
9.79489985408699	0.025352441717227885
9.817479430199844	0.02514819739721822
9.84011105761134	0.02494546271007198
9.862794856312105	0.024744227987970373
9.885530946569391	0.024544483325617997
9.908319448927676	0.02434621857763145
9.93116048420934	0.024149423355904403
9.954054173515269	0.02395408702695007
9.977000638225535	0.02376019870921984
10.	0.023567747270398835
10.023052380778994	0.023376721324677396
10.046157902783957	0.023187109229998736
10.069316688518045	0.02299889908528301
10.092528860766844	0.0228120787276261
10.115794542598982	0.02262663572947487
10.1391138573668	0.022438791241610124
10.16248692870696	0.022251614461810926
10.18591388054117	0.022065765175544177
10.209394837076797	0.021881240643781358
10.232929922807546	0.021698037997934662
10.256519262514079	0.021516154238321157
10.280162981264736	0.021335586232612044
10.303861204416158	0.02115633071426881
10.32761405761398	0.020978384280964792
10.351421666793442	0.020801743392992962
10.375284158180126	0.020626404371658653
10.39920165829059	0.020452363397658428
10.423174293933046	0.020279616509444157
10.447202192208003	0.02010815960157268
10.471285480508996	0.01993798842303998
10.495424286523221	0.019769098575601125
10.519618738232236	0.01960148551207482
10.543868963912592	0.019435144534633082
10.568175092136585	0.01927007079307505
10.592537251772887	0.019106259283085958
10.616955571987253	0.018943704844480304
10.641430182243164	0.01878240215942964
10.665961212302578	0.018622345750673935
10.690548792226577	0.0184635299797177
10.71519305237607	0.01830594904500974
10.739894123412451	0.018149596980107048
10.76465213629835	0.017994467651821732
10.789467222298287	0.017840554758352264
10.814339512979387	0.017687851827397707
10.83926914021204	0.01753635221425568
10.864256236170656	0.017386049099902795
10.889300933334333	0.01723693548905886
10.91440336448757	0.017089004208233553
10.939563662720943	0.016942247903756254
10.964781961431852	0.016796659039787904
10.990058394325208	0.016652229896315963
11.015393095414156	0.01650895256713134
11.040786199020735	0.01636681895778796
11.066237839776663	0.01622582078354374
11.091748152624008	0.016085949567284156
11.117317272815919	0.015947196637427174
11.142945335917304	0.015809553125810245
11.168632477805613	0.015673009965558177
11.194378834671515	0.015537557888932924
11.220184543019629	0.015403187425164382
11.24604973966927	0.015269888898262068
11.271974561755105	0.01513765242480822
11.297959146727976	0.01500646791173085
11.324003632355566	0.014876325054058137
11.350108156723154	0.014747213332652854
11.37627285823431	0.014615894085920584
11.402497875611685	0.0144849980449944
11.428783347897712	0.014355090875469618
11.45512941445536	0.014226170414365412
11.481536214968829	0.014098234401121144
11.508003889444357	0.013971280476443944
11.534532578210918	0.013845306181146561
11.561122421920993	0.013720308954974282
11.587773561551263	0.01359628613542174
11.614486138403427	0.01347323495653842
11.641260294104908	0.013351152547724012
11.66809617060963	0.013230035932512624
11.694993910198711	0.013109882027346403
11.721953655481304	0.012990687640337608
11.748975549395292	0.01287244947002016
11.776059735208078	0.012755164104089639
11.803206356517299	0.012638828018132374
11.830415557251646	0.012523437574342726
11.857687481671597	0.01240898902022926
11.88502227437019	0.012295478487309261
11.91242008027375	0.012182901989791812
11.93988104464273	0.01207125542324866
11.967405313072431	0.011960534563273808
11.994993031493793	0.011850735064130893
12.02264434617413	0.011741852457388765
12.050359403717973	0.011633882150544592
12.078138351067798	0.011526819425635182
12.10598133550483	0.011420659437835752
12.133888504649775	0.011315397214046547
12.161860006463678	0.011211027651466554
12.189895989248662	0.011107545516155004
12.217996601648723	0.01100494544158003
12.246161992650489	0.010903221927154679
12.274392311584071	0.01080236933675962
12.30268770812381	0.010702381897253343
12.331048332289097	0.01060325369696894
12.359474334445107	0.010504978684197967
12.387965865303691	0.010407550665660516
12.416523075924106	0.010310963304962386
12.445146117713856	0.010215210121038376
12.473835142429433	0.010120284486582283
12.5025903021772	0.010026179626462708
12.531411749414156	0.009932888616125384
12.560299636948754	0.009840404379981411
12.589254117941675	0.00974871968978155
12.618275345906707	0.009657827162975991
12.64736347471151	0.009567719261060252
12.67651865857846	0.00947838828790636
12.705741052085418	0.009389826388079829
12.735030810166617	0.009302025545141555
12.764388088113435	0.00921260529966087
12.793813041575252	0.00912349874607922
12.823305826560219	0.009035121308914857
12.852866599436155	0.008947471098097086
12.882495516931336	0.008860546148063498
12.912192736135347	0.008774344416878684
12.941958414499863	0.0086888637853453
12.971792709839558	0.008604102056106703
13.001695780332899	0.008520056952741944
13.031667784523	0.008436726118852433
13.061708881318419	0.008354107117140634
13.09181922999407	0.008272197428480163
13.121998990192028	0.008190994450977882
13.15224832192239	0.008110495499027507
13.182567385564074	0.008030697802354889
13.212956341865752	0.007951598505054454
13.243415351946643	0.00787319466461745
13.273944577297401	0.007795483250951292
13.304544179780914	0.007718461145390426
13.33521432163324	0.007642125139698026
13.365955165464419	0.007566471935059239
13.396766874259358	0.00749149814106522
13.427649611378643	0.007417200274688427
13.458603540559483	0.00734357475924848
13.489628825916533	0.007270617923369226
13.52072563194278	0.007198325999926375
13.551894123510364	0.007126695124986052
13.583134465871542	0.007055721336733651
13.614446824659497	0.00698540057439359
13.645831365889252	0.006915728677139331
13.677288255958494	0.006846701382994026
13.708817661648537	0.0067783143277211745
13.740419750125149	0.0067105630437058516
13.772094688939474	0.006643442958825921
13.803842646028853	0.006576949395313545
13.83566378971781	0.006511077568606415
13.867558288718882	0.006445822586189203
13.89952631213354	0.006381179446424753
13.931568029453036	0.006317143037375152
13.963683610559377	0.0062537081356123046
13.995873225726179	0.006190869405018335
14.028137045619589	0.006128621395575409
14.060475241299143	0.0060669585421451655
14.092887984218748	0.006005875163237238
14.12537544622754	0.00594536545976735
14.157937799570824	0.00588542351380444
14.190575216890926	0.005826043287307077
14.223287871228198	0.005767218620848632
14.25607593602188	0.005708943232331669
14.288939585111036	0.005651210715691052
14.321878992735439	0.005592119317634805
14.35489433353656	0.005533213401003677
14.387985782558452	0.005474824862346341
14.421153515248696	0.005416952209215975
14.45439770745928	0.0053595938938207285
14.487718535447618	0.005302748312382543
14.52111617587742	0.005246413804490473
14.554590805819668	0.00519058865244804
14.58814260275349	0.0051352710806149395
14.621771744567184	0.005080459254742568
14.655478409559112	0.005026151281303903
14.689262776438676	0.004972345206817228
14.723125024327194	0.004919039017163993
14.757065332758946	0.0048662306369003485
14.791083881682072	0.004813917928562789
14.825180851459544	0.004762098691967511
14.859356422870075	0.004710770663503628
14.893610777109155	0.004659931515419952
14.92794409578996	0.004609578855105631
14.962356560944343	0.004559710224364288
14.99684835502374	0.004510323098681887
15.031419660900225	0.00446141488648788
15.066070661867418	0.0044129829284100626
15.100801541641477	0.0043650244965227295
15.135612484362087	0.004317536793588204
15.170503674593368	0.004270516952291791
15.205475297324954	0.004223962034469781
15.240527537972907	0.004177869030330866
15.275660582380732	0.0041322348576705945
15.310874616820303	0.00408705636107904
15.346169827992941	0.004042330311141326
15.381546403030342	0.003998053403631321
15.4170045294956	0.003954222258698174
15.452544395384141	0.003910833420045833
15.488166189124811	0.0038678833541051796
15.523870099580817	0.0038253684491991475
15.55965631605075	0.003783285014700417
15.595525028269538	0.003741629280181874
15.631476426409538	0.003700397394559478
15.667510701081484	0.0036595854252278416
15.70362804333553	0.0036191893571881927
15.739828644662197	0.0035792050921688353
15.776112696993485	0.003539628447737796
15.812480392703826	0.003500455156407953
15.848931924611142	0.0034616808647342707
15.88546748597779	0.003423301132403337
15.9220872705117	0.0033853114313148066
15.95879147236732	0.0033477071446550988
15.995580286146694	0.0033104835659629457
16.032453906900418	0.0032736358981869922
16.069412530128773	0.003235713954772068
16.106456351782697	0.003197895564464613
16.143585568264868	0.0031604339322169363
16.18080037643066	0.003123328024371852
16.218100973589298	0.003086576769252542
16.255487557504836	0.003050179056722851
16.292960326397232	0.0030141337377435464
16.330519478943348	0.0029784396239246826
16.368165214278086	0.0029430954870738346
16.40589773199539	0.002908100058740434
16.443717232149325	0.0028734520297559406
16.481623915255085	0.0028391500497700235
16.51961798229015	0.002805192726782436
16.557699634695275	0.0027715786266709007
16.595869074375614	0.0027383062727146723
16.634126503701697	0.002705374145113991
16.672472125510627	0.0026727806805050946
16.71090614310707	0.002640524271471096
16.749428760264383	0.002608603266048421
16.788040181225607	0.0025770159672289807
16.82674061070467	0.002545760632457775
16.865530253887407	0.0025148354731262183
16.90440931643265	0.002484238654060903
16.94337800447329	0.0024539682930079082
16.982436524617444	0.002424022460112475
17.0215850839495	0.002394399177394185
17.060823890031244	0.002365096418217461
17.10015315090288	0.0023361121067575043
17.139573075084254	0.0023074441174613766
17.179083871575877	0.0022790902745045112
17.21868574986008	0.0022510483512423523
17.25837891990204	0.002223316069657294
17.298163592151013	0.002195891099800618
17.338039977541374	0.0021687710592297013
17.378008287493763	0.0021419535124402125
17.418068733916144	0.0021154359702934243
17.458221529205037	0.0020892158894384063
17.498466886246565	0.002063290671729303
17.53880501841762	0.0020376576636374545
17.579236139586932	0.0020123141556584686
17.619760464116293	0.001987257381714032
17.66037820686164	0.0019624845185486077
17.70108958317422	0.0019379926851208534
17.741894808901662	0.0019137789419897988
17.78279410038923	0.0018898402906956074
17.82378767448089	0.00186617367313507
17.864875748520518	0.0018427759709316199
17.906058540352948	0.0018196440047999788
17.947336268325266	0.001796774533905178
17.988709151287875	0.001774164255216167
18.030177408595698	0.0017508324950610635
18.071741260109274	0.0017275756378661881
18.113400926196025	0.0017045648382020123
18.15515662773135	0.0016817993339878815
18.197008586099845	0.0016592783364483116
18.238957023196384	0.0016370010298060503
18.281002161427427	0.0016149665709722942
18.323144223712113	0.00159317408923424
18.365383433483473	0.0015716226859397997
18.407720014689563	0.0015503114341795324
18.450154191794738	0.0015292393784656889
18.492686189780777	0.0015084055344084634
18.535316234148123	0.0014878088883893221
18.57804455091699	0.0014674483972314896
18.620871366628677	0.0014473229878674105
18.663796908346693	0.0014274315570033667
18.706821403658015	0.001407772970781047
18.74994508067419	0.0013883460644362033
18.793168168032686	0.0013691496419541743
18.836490894898002	0.0013501824757224737
18.879913490962945	0.001331443306180242
18.92343618644976	0.0013129308414646676
18.967059212111465	0.001294643757054206
19.010782799232995	0.0012765806954087421
19.054607179632484	0.0012587402656065298
19.098532585662387	0.001241121042977999
19.14255925021086	0.001223721568736256
19.18668740670289	0.0012065403496044301
19.230917289101594	0.0011895758574396985
19.275249131909366	0.0011728265288540637
19.31968317016924	0.0011562907648317402
19.364219639466068	0.001139966930343265
19.408858775927794	0.0011238533539561888
19.453600816226633	0.001107948327442421
19.498445997580454	0.0010922501053820598
19.543394557753942	0.001076756904763859
19.58844673505991	0.001061466904582155
19.633602768360475	0.0010463782454303372
19.67886289706845	0.001031489029090707
19.724227361148536	0.0010167973181208405
19.76969640111862	0.0010023011354363311
19.81527025805099	0.0009879984638899257
19.860949173573715	0.0009738872458469736
19.906733389871864	0.0009599653827572387
19.952623149688808	0.0009462307347229852
19.998618696327448	0.0009326811200633474
20.044720273651613	0.0009193143148748839
20.090928126087277	0.0009061280525883904
20.137242498623895	0.0008931200235218547
20.183663636815616	0.0008802878744295875
20.23019178678272	0.0008669900445926743
20.276827195212817	0.0008537471739054233
20.32357010936221	0.0008406709963032212
20.37042077705719	0.0008277608084981035
20.417379446695296	0.0008150158867122645
20.46444636724674	0.0008024354864477007
20.511621788255646	0.0007900188422538707
20.558905959841425	0.00077776516749326
20.606299132700006	0.0007656736541049116
20.65380155810529	0.0007537434723658052
20.701413487910415	0.0007419737706501825
20.749135174549107	0.0007303636751867273
20.79696687103696	0.0007189122898136169
20.844908830972887	0.0007076186957313843
20.892961308540386	0.0006964819512536391
20.941124558508935	0.0006855010915555771
20.989398836235246	0.0006746751284203048
21.03778439766475	0.0006640030499828882
21.086281499332888	0.0006534838204722025
21.134890398366476	0.0006431163799504962
21.183611352485023	0.0006328996440506933
21.23244462000219	0.0006228325037113614
21.28139045982711	0.0006129138249093945
21.330449131465773	0.0006031424483903462
21.379620895022324	0.0005935171893964282
21.428906011200585	0.0005840368373920904
21.47830474130533	0.0005747001557872594
21.527817347243737	0.0005655058816581339
21.57744409152667	0.0005564527254655803
21.6271852372702	0.0005475393707710366
21.67704104819694	0.0005387644739499864
21.727011788637455	0.0005301266639029258
21.77709772353159	0.0005216245417638427
21.827299118430012	0.0005132566806061301
21.87761623949552	0.0005050216251459944
21.9280493535045	0.0004969178914432699
21.978598727848254	0.0004889439665996687
22.02926463053456	0.00048109830845438753
22.080047330188993	0.0004733793452771196
22.13094709605639	0.0004657854754584025
22.181964198002195	0.00045831506719730674
22.23309890651403	0.000450966458186407
22.28435149270303	0.0004437379552940731
22.335722228305325	0.00043662783424400654
22.3872113856834	0.00042963433929203986
22.438819237827662	0.0004227556829001318
22.490546058357804	0.00041599004540759205
22.542392121524305	0.00040933557469946714
22.59435770220978	0.000402790385872104
22.646443075930595	0.0003963525608958146
22.698648518838212	0.00038948179665992873
22.750974307720718	0.00038261668662056293
22.803420720004187	0.00037585141652546095
22.8559880337543	0.0003691854727624091
22.908676527677724	0.00036261832824584
22.961486481123632	0.0003561494422676551
23.01441817408509	0.00034977826034674815
23.06747188720069	0.0003435042140771741
23.12064790175594	0.0003373267209750115
23.173946499684796	0.00033124518432386593
23.227367963571073	0.0003252589930190242
23.280912576650078	0.0003193675214102225
23.33458062281002	0.0003135701291430577
23.38837238659356	0.0003078661609989958
23.442288153199225	0.000302254946733993
23.49632820848307	0.00029673580091568166
23.55049283896009	0.0002913080227591585
23.604782331805783	0.00028597089596132236
23.65919697485759	0.00028072368853378254
23.71373705661655	0.0002755656526342861
23.76840286624876	0.00027049602439669816
23.823194693586913	0.000265514023759493
23.878112829131783	0.0002606188542927611
23.933157564053875	0.0002558097030236959
23.9883291901949	0.00025108574026058174
24.043628000069347	0.0002464461194152472
24.099054286865954	0.00024188997682398603
24.154608344449404	0.00023741643156690906
24.210290467361776	0.00023302458528575286
24.266100950824168	0.00022871352200009827
24.32204009073816	0.00022448230792201267
24.378108183687527	0.00022032999126907302
24.434305526939713	0.0002162556020757931
24.49063241844747	0.00021225815200341224
24.547089156850312	0.00020833663414805828
24.603676041476273	0.00020449002284723733
24.660393372343385	0.00020071727348467829
24.717241450161318	0.0001970173222934879
24.774220576332862	0.00019338908615762487
24.831331052955704	0.0001898314624116509
24.888573182823905	0.00018634332863878283
24.94594726942956	0.00018292354246720138
25.003453616964322	0.0001795709413646239
25.06109253032114	0.00017628434243110503
25.118864315095795	0.00017306254219007715
25.17676927758857	0.0001699043163775968
25.234807724805755	0.00016680841972979886
25.29297996446145	0.00016377358576852183
25.35128630497907	0.00016079852658511796
25.409727055493065	0.00015788193262241177
25.46830252585042	0.00015465504506511138
25.527013026612472	0.00015141720737651813
25.58585886905645	0.0001482327042128567
25.64484036517719	0.00014510118850278404
25.703957827688647	0.00014202230500208539
25.763211570025756	0.00013899569020472594
25.82260190634596	0.00013602097225313896
25.88212915153093	0.0001330977708477211
25.94179362118815	0.0001302256971555428
26.001595631652723	0.00012740435371825162
26.06153549998895	0.00012463333435918183
26.12161354399208	0.0001219122240896476
26.18183008218986	0.00011924059901442834
26.24218543384442	0.00011661802623641673
26.302679918953814	0.00011404406376045196
26.363313858253814	0.00011151826039630787
26.424087573219474	0.00010904015566084728
26.485001386067008	0.00010660927967931413
26.54605561975539	0.00010422515308578271
26.607250597988113	0.00010188728692273639
26.668586645214805	0.00009959518253978401
26.730064086633117	0.00009734833149148893
26.791683248190314	0.00009514621543432638
26.85344445658509	0.00009298830602274307
26.915348039269166	0.00009087406480432728
26.977394324449207	0.00008880294311406266
27.039583641088434	0.00008677438196768364
27.101916318908415	0.0000847878119541043
27.164392688390837	0.00008284265312692321
27.227013080779127	0.00008093831489500023
27.289777828080403	0.00007907419591208238
27.35268726306711	0.00007724968396549231
27.415741719278834	0.00007546415586385598
27.478941531023974	0.00007371697732387195
27.542287033381662	0.00007200750285610358
27.605778562203447	0.00007033507564980014
27.669416454115126	0.00006869902745672862
27.73320104651841	0.00006709867847401621
27.797132677592884	0.00006553333722598498
27.861211686297693	0.0000640023004449843
27.925438412373392	0.00006250485295120265
27.98981319634363	0.00006104026753145893
28.05433637951713	0.000059607804816953574
28.119008303989396	0.00005820671315998631
28.18382931264455	0.000056836228509621004
28.248799749157076	0.00005549557428629606
28.31391995799379	0.00005418396125536438
28.37919028441555	0.00005290058739956544
28.44461107447917	0.000051644637790410805
28.510182675039097	0.000050415284458483885
28.575905433749465	0.00004921168626263347
28.641779699065797	0.00004803298875806636
28.70780582024692	0.00004687832406331962
28.773984147356696	0.00004574681072611155
28.84031503126606	0.00004463755358805291
28.906798823654746	0.00004354964364822165
28.973435877013245	0.000042482157925582135
29.04022654464451	0.00004143415932024755
29.10717118066605	0.0000404046964735674
29.17427014001166	0.00003939280362704148
29.24152377843337	0.00003839750048004336
29.308932452503214	0.000037417792046349024
29.376496519615305	0.00003645266850945526
29.4442163379876	0.000035501105076686506
29.51209226666387	0.000034562061832073945
29.580124665515466	0.00003363448358800261
29.648313895243422	0.000032717299735609913
29.716660317380253	0.00003180942409393427
29.78516429429191	0.00003090975475779821
29.853826189179603	0.000030017173944419717
29.92264636608189	0.000029130547838736887
29.9916251898765	0.000028248726437442844
30.060763026282324	0.000027370543391715495
30.13006024186122	0.00002649481584863578
30.19951720402016	0.00002562034429127877
30.269134281013045	0.000024745912377474865
30.338911841942718	0.00002387028677722444
30.4088502567628	0.000022992217008760428
30.47894989627983	0.000022110435273242163
30.549211132155122	0.000021223656288077086
30.61963433690679	0.00002033057711885459
30.69021988391158	0.00001942987700988508
30.76096814740708	0.000018520217213327236
30.831879502493535	0.000017600240816901028
30.90295432513592	0.000016668572570168792
30.97419299216581	0.000015723818709377963
31.045595881283557	0.000014764566780848706
31.11716337106017	0.000013789385462902116
31.188895840939384	0.00001279682438631237
31.260793671239558	0.000011785413953275756
31.332857243155857	0.00001075366515487867
31.405086938762164	9.700069387061349e-6
31.477483141013174	8.623098265058803e-6
31.550046233746276	7.5212034363133694e-6
31.622776601683793	6.392816391838425e-6
31.6956746304349	5.2363482760315015e-6
31.768740706497724	4.050189694917551e-6
31.841975217261254	2.832710522815569e-6
31.915378551007617	1.5822597074082743e-6
31.988951096913972	2.9716507321387087e-7