0.1	6.35863538936168
0.10023052380778996	6.3542559846056035
0.10046157902783952	6.349870951657818
0.10069316688518042	6.345480291976434
0.10092528860766845	6.341084007046645
0.10115794542598985	6.336682098380604
0.10139113857366794	6.332274567517294
0.10162486928706957	6.327861416022392
0.1018591388054117	6.32344264548815
0.102093948370768	6.319018257533238
0.10232929922807542	6.314588253802611
0.10256519262514076	6.310152635967361
0.10280162981264736	6.305711405724573
0.10303861204416162	6.301264564797164
0.10327614057613975	6.296812114933742
0.10351421666793438	6.292354057908428
0.10375284158180126	6.2878903955207095
0.10399201658290592	6.283421129595261
0.10423174293933042	6.27894626198179
0.10447202192208001	6.274465794554849
0.10471285480508996	6.269979729213656
0.10495424286523224	6.2654880678819325
0.1051961873823223	6.260990812507699
0.1054386896391259	6.256487965063094
0.10568175092136585	6.251979527544179
0.10592537251772889	6.247465501970747
0.10616955571987247	6.242945890386113
0.10641430182243161	6.2384206948569165
0.10665961212302578	6.23388991747291
0.1069054879222658	6.229353560346744
0.10715193052376065	6.224811625613755
0.10739894123412448	6.220264115431741
0.1076465213629835	6.2157110319807325
0.10789467222298288	6.211152377462773
0.1081433951297938	6.206588154101669
0.10839269140212036	6.20201821737093
0.10864256236170655	6.197442352055841
0.10889300933334335	6.192860922745495
0.10914403364487565	6.1882739329792065
0.10939563662720939	6.183681386333959
0.1096478196143185	6.179083286424295
0.10990058394325211	6.174479636902229
0.11015393095414151	6.169870441457134
0.11040786199020733	6.165255703815645
0.11066237839776664	6.1606354277415445
0.11091748152624012	6.156009617035648
0.11117317272815914	6.151378275535696
0.11142945335917301	6.146741407116222
0.11168632477805612	6.142099015688435
0.11194378834671516	6.137451105200102
0.11220184543019636	6.132797679635397
0.11246049739669266	6.1281387430147864
0.11271974561755105	6.123474299394877
0.11297959146727979	6.118804352868285
0.11324003632355571	6.114128907563478
0.11350108156723152	6.109447967644646
0.1137627285823431	6.1047615373115205
0.11402497875611688	6.1000696207992435
0.11428783347897718	6.095372222378186
0.11455129414455358	6.090669346353805
0.1148153621496883	6.085960997066447
0.11508003889444356	6.081247178891201
0.11534532578210924	6.0765278962377005
0.11561122421920987	6.071803153549959
0.11587773561551262	6.067072955306169
0.11614486138403426	6.062337306018528
0.11641260294104915	6.057596210233028
0.11668096170609624	6.05284967252927
0.11694993910198712	6.04809769752025
0.11721953655481303	6.043340289852166
0.11748975549395298	6.0385774542041855
0.11776059735208072	6.033809195288252
0.11803206356517298	6.029035517848845
0.11830415557251646	6.024256426662765
0.118576874816716	6.019471926538901
0.11885022274370183	6.014682022317992
0.11912420080273747	6.009886718872392
0.1193988104464273	6.005086021105817
0.11967405313072434	6.000279933953108
0.11994993031493788	5.995468462379968
0.12022644346174129	5.990651611382699
0.12050359403717974	5.985829385987948
0.120781383510678	5.981001791252429
0.12105981335504823	5.976168832262649
0.12133888504649772	5.971330514134634
0.12161860006463679	5.966486215985003
0.12189895989248664	5.961635015360728
0.12217996601648717	5.956778462795553
0.12246161992650487	5.951916568770613
0.12274392311584072	5.947049343868121
0.12302687708123815	5.942176798771778
0.1233104833228909	5.93729894426715
0.12359474334445104	5.9324157912420645
0.1238796586530369	5.927527350687007
0.1241652307592411	5.922633633695507
0.1244514611771385	5.917734651464537
0.12473835142429429	5.912830415294893
0.125025903021772	5.907920936591604
0.1253141174941416	5.903006226864312
0.1256029963694875	5.89808629772767
0.12589254117941673	5.893161160901735
0.12618275345906707	5.888230828212363
0.12647363474711512	5.883295311591603
0.12676518658578456	5.878354623078081
0.12705741052085415	5.873408774817414
0.12735030810166617	5.868457779062583
0.12764388088113438	5.863501648174338
0.12793813041575247	5.858540394621589
0.12823305826560213	5.8535740309818065
0.12852866599436155	5.848602569941405
0.1288249551693134	5.843626024296141
0.12912192736135342	5.8386444069515155
0.1294195841449986	5.8336577309231545
0.12971792709839558	5.828666009337217
0.13001695780332903	5.823669255430773
0.13031667784522993	5.818667482552218
0.13061708881318415	5.813660704161644
0.1309181922999407	5.808648933831254
0.13121998990192033	5.80363218524574
0.13152248321922383	5.79861047220269
0.1318256738556407	5.793583808612972
0.1321295634186575	5.788552208501126
0.13243415351946647	5.78351568600577
0.13273944577297395	5.778474255379977
0.1330454417978091	5.773427930991681
0.1333521432163324	5.768376727324058
0.13365955165464422	5.763320658975929
0.1339676687425935	5.7582597406621465
0.1342764961137864	5.753193987213983
0.13458603540559483	5.748123413579533
0.13489628825916536	5.743048034824092
0.13520725631942773	5.737967866130555
0.1355189412351036	5.732882922799804
0.1358313446587154	5.727793220251101
0.136144468246595	5.722698774022473
0.13645831365889247	5.717600066922886
0.13677288255958492	5.712497806938152
0.13708817661648537	5.70739085681627
0.13740419750125152	5.702279228656633
0.13772094688939465	5.697162934624835
0.1380384264602885	5.692041986952519
0.1383566378971781	5.686916397937257
0.13867558288718884	5.681786179942372
0.13899526312133534	5.676651345396814
0.13931568029453031	5.671511906794982
0.13963683610559377	5.666367876696572
0.13995873225726183	5.6612192677264
0.14028137045619582	5.656066092574237
0.1406047524129914	5.650908363994625
0.14092887984218747	5.645746094806692
0.14125375446227545	5.640579297893964
0.14157937799570816	5.635407986204172
0.14190575216890922	5.630232172749049
0.142232878712282	5.625051870604121
0.14256075936021884	5.6198670929085015
0.1428893958511103	5.614677852864668
0.14321878992735435	5.6094841637382435
0.1435489433353656	5.604286038857761
0.14387985782558455	5.599083491614435
0.14421153515248689	5.5938765354619155
0.14454397707459277	5.588665183916046
0.14487718535447616	5.583449450554601
0.14521116175877424	5.578229349017039
0.14554590805819662	5.573004893004225
0.14588142602753484	5.567776096278168
0.14621771744567183	5.562542972661736
0.14655478409559117	5.557305536038376
0.1468926277643867	5.552063800351818
0.1472312502432719	5.546817779605784
0.14757065332758945	5.541567487863675
0.14791083881682077	5.536312939248268
0.14825180851459538	5.531054147941388
0.1485935642287007	5.525791128183602
0.14893610777109154	5.520523894273864
0.14927944095789963	5.5152524605691875
0.14962356560944334	5.509976841484308
0.1499684835502373	5.5046970514913145
0.15031419660900225	5.499413105119296
0.15066070661867417	5.494125016953983
0.15100801541641484	5.488832801637355
0.1513561248436208	5.483536473867275
0.1517050367459337	5.478236048397087
0.15205475297324955	5.472931540035231
0.15240527537972914	5.467622963644826
0.15275660582380723	5.462310334143264
0.15310874616820302	5.456994235928663
0.15346169827992942	5.451675527782412
0.1538154640303035	5.4463528191708175
0.15417004529495593	5.441026120448793
0.1545254439538414	5.435695441956883
0.1548816618912481	5.430360794020183
0.15523870099580825	5.425022186947207
0.15559656316050743	5.419679631028773
0.15595525028269538	5.414333136536844
0.15631476426409538	5.408982713723392
0.15667510701081494	5.403628372819211
0.15703628043335524	5.398270124032744
0.15739828644662196	5.39290797754887
0.15776112696993486	5.387541943527708
0.15812480392703834	5.382172032103373
0.15848931924611134	5.376798253382744
0.15885467485977792	5.3714206174441985
0.159220872705117	5.3660391343363445
0.15958791472367329	5.3606538140767235
0.15995580286146688	5.355264666650523
0.16032453906900418	5.349871702009239
0.1606941253012877	5.344474930069352
0.16106456351782708	5.339074360710976
0.16143585568264862	5.333670003776485
0.16180800376430657	5.328261869069139
0.16218100973589297	5.322849966351677
0.16255487557504839	5.317434305344908
0.16292960326397224	5.31201489572628
0.16330519478943342	5.306591747128423
0.16368165214278085	5.301164869137692
0.16405897731995392	5.29573427129268
0.16443717232149316	5.290299963082727
0.1648162391525508	5.284861953946391
0.1651961798229015	5.2794202532699215
0.1655769963469528	5.27397487038571
0.16595869074375605	5.268525814570716
0.16634126503701693	5.263073095044878
0.16672472125510626	5.257616720969518
0.16710906143107074	5.252156701445709
0.16749428760264373	5.246693045512632
0.16788040181225602	5.241225762145927
0.16826740610704674	5.235754860256003
0.16865530253887412	5.230280348686344
0.16904409316432642	5.224802236211792
0.16943378004473283	5.219320531536811
0.16982436524617442	5.213835243293728
0.17021585083949506	5.20834638004097
0.17060823890031235	5.202853950261252
0.17100153150902875	5.197357962359773
0.17139573075084252	5.191858424662383
0.17179083871575881	5.186354616953654
0.1721868574986007	5.180845467988628
0.17258378919902034	5.175332784023384
0.17298163592151014	5.169816579156561
0.17338039977541378	5.164296867482971
0.17378008287493754	5.1587736630924566
0.17418068733916142	5.153246980068737
0.17458221529205037	5.147716832488241
0.1749846688624657	5.1421832344189236
0.1753880501841761	5.1366461999190625
0.17579236139586926	5.131105743036048
0.1761976046411629	5.125561877805149
0.17660378206861643	5.120014618248273
0.17701089583174212	5.114463978372705
0.17741894808901656	5.1089099721698314
0.1778279410038923	5.103352613613845
0.17823787674480895	5.097791916660443
0.17864875748520506	5.092227895245499
0.17906058540352943	5.086660563283725
0.17947336268325265	5.081089934667315
0.1798870915128788	5.075516023264572
0.1803017740859569	5.069938842918519
0.1807174126010927	5.064358407445493
0.18113400926196024	5.05877473063372
0.18155156627731356	5.053187826241879
0.18197008586099836	5.047597707997634
0.18238957023196378	5.042004389596178
0.1828100216142743	5.0364078846987175
0.18323144223712115	5.030808206930978
0.18365383433483465	5.025205369881672
0.18407720014689558	5.019599387100946
0.18450154191794738	5.01399027209883
0.18492686189780783	5.00837803834364
0.18535316234148114	5.002762699260378
0.18578044550916986	4.997144268229123
0.18620871366628675	4.99152275858338
0.186637969083467	4.985898183608429
0.18706821403658005	4.980270556539637
0.18749945080674188	4.974639890560778
0.18793168168032684	4.969006198802297
0.18836490894898006	4.963369494339586
0.18879913490962935	4.9577297901912285
0.18923436186449755	4.952087099317212
0.18967059212111465	4.9464414346171415
0.19010782799233	4.940792808928418
0.19054607179632474	4.935141235024398
0.1909853258566238	4.9294867256125405
0.19142559250210858	4.923829293332525
0.19186687406702896	4.918168950754343
0.19230917289101584	4.912505710376389
0.1927524913190936	4.906838923318816
0.1931968317016924	4.901167622032914
0.19364219639466074	4.895493451199189
0.19408858775927784	4.889816428555736
0.19453600816226624	4.884136571836274
0.19498445997580455	4.878453898768829
0.19543394557753943	4.872768427074416
0.195884467350599	4.867080174465683
0.19633602768360464	4.8613891586455615
0.1967886289706845	4.855695397305871
0.19724227361148533	4.849998908125932
0.19769696401118608	4.844299708771152
0.1981527025805098	4.838597816891593
0.19860949173573716	4.832893250120518
0.19906733389871864	4.827186026072935
0.19952623149688797	4.821476162344099
0.1999861869632744	4.815763676508011
0.20044720273651614	4.810048586115907
0.2009092812608728	4.804330908694707
0.20137242498623883	4.798610661745457
0.20183663636815607	4.792887862741757
0.2023019178678272	4.787162529128156
0.20276827195212818	4.781434678318549
0.20323570109362218	4.7757043276945215
0.2037042077705718	4.769971494603714
0.20417379446695297	4.7642361963581354
0.20464446367246739	4.758498450232476
0.20511621788255657	4.7527582734623826
0.20558905959841414	4.747015683242733
0.20606299132700007	4.741270696725874
0.20653801558105292	4.735523331019853
0.20701413487910425	4.7297736031866116
0.20749135174549097	4.724021530240171
0.2079696687103696	4.718267129144794
0.20844908830972886	4.712510416813126
0.20892961308540398	4.706751410104303
0.20941124558508925	4.700990125822064
0.20989398836235246	4.695226580712804
0.21037784397664752	4.689460791463649
0.21086281499332898	4.68369277470046
0.21134890398366465	4.677922546985865
0.2118361135248502	4.672150124817221
0.21232444620002192	4.666375524624589
0.21281390459827124	4.660598762768663
0.21330449131465762	4.654819855538695
0.21379620895022325	4.64903881915037
0.21428906011200585	4.643255669743691
0.21478304741305343	4.637470423380802
0.21527817347243727	4.631683096043828
0.21577444091526668	4.625893703632646
0.21627185237270202	4.620101742971313
0.21677041048196952	4.614306460765361
0.21727011788637443	4.608509153767449
0.2177709772353159	4.6027098418782835
0.21827299118430013	4.596908544965497
0.2187761623949553	4.591105282861866
0.21928049353504486	4.585300075363525
0.21978598727848253	4.579492942228139
0.2202926463053456	4.573683903173078
0.22080047330189004	4.5678729778735425
0.22130947096056375	4.5620601859606955
0.22181964198002194	4.55624554701975
0.2223309890651403	4.550429080588049
0.22284351492703042	4.544610806153105
0.22335722228305316	4.538790743150645
0.223872113856834	4.532968910962599
0.22438819237827662	4.5271453289151
0.2249054605835781	4.521320016276427
0.22542392121524293	4.515492992254946
0.22594357702209775	4.509664275997029
0.22646443075930595	4.503833886584929
0.2269864851883822	4.498001843034651
0.22750974307720706	4.492168164293792
0.2280342072000418	4.4863328692393525
0.22855988033754301	4.4804959766755195
0.2290867652767773	4.474657505331447
0.2296148648112362	4.468817473858978
0.23014418174085083	4.462975900830372
0.2306747188720069	4.4571328047359815
0.23120647901755947	4.451288203981919
0.23173946499684786	4.445442116887697
0.2322736796357107	4.439594561683825
0.23280912576650079	4.433745556509405
0.23334580622810028	4.427895119409675
0.23388372386593548	4.422043268333553
0.2344228815319922	4.4161900211311185
0.23496328208483072	4.410335395551101
0.23550492838960096	4.404479409238317
0.2360478233180577	4.398622079731093
0.23659196974857583	4.392763424458652
0.23713737056616552	4.386903460738468
0.23768402866248767	4.381042205773607
0.23823194693586902	4.375179676650028
0.23878112829131776	4.369315890333844
0.23933157564053875	4.363450863668583
0.23988329190194904	4.357584613372388
0.24043628000069334	4.351717156035203
0.24099054286865948	4.34584850811593
0.24154608344449405	4.339978685939548
0.2421029046736178	4.334107705694202
0.24266100950824154	4.328234888965376
0.24322040090738153	4.322359222628001
0.24378108183687525	4.3164824367005705
0.2443430552693972	4.31060455261804
0.24490632418447456	4.30472559174455
0.24547089156850305	4.298845575371112
0.24603676041476275	4.292964524713263
0.24660393372343392	4.287082460908681
0.24717241450161304	4.2811994050147995
0.24774220576332856	4.2753153780063755
0.24831331052955705	4.269430400773031
0.2488857318282391	4.263544494116773
0.24945947269429547	4.25765767874949
0.25003453616964316	4.251769975290406
0.2506109253032114	4.245881404263519
0.251188643150958	4.239991986095002
0.25176769277588557	4.234101741110584
0.25234807724805747	4.228210689532898
0.2529297996446145	4.222318851478789
0.25351286304979076	4.21642624695662
0.25409727055493053	4.210532895863512
0.2546830252585041	4.204638817982581
0.2552701302661247	4.198744032980142
0.2558585886905646	4.192848560402863
0.25644840365177174	4.186952419674911
0.2570395782768864	4.18105563009505
0.25763211570025757	4.175158210833724
0.25822601906345966	4.169260180930093
0.2588212915153092	4.163361559289039
0.2594179362118814	4.157462364678154
0.2600159563165272	4.151562615724673
0.2606153549998896	4.147707579396421
0.26121613543992067	4.144130553107444
0.2618183008218985	4.140551567917319
0.26242185433844417	4.136970566125976
0.26302679918953814	4.1333874890850355
0.263633138582538	4.129802277187907
0.2642408757321946	4.126214869859806
0.2648500138606701	4.122625205547687
0.2654605561975539	4.119033221710075
0.26607250597988097	4.115438854806832
0.2666858664521479	4.1118420402888125
0.26730064086633115	4.10824271258744
0.2679168324819031	4.1046408051042
0.26853444456585074	4.101036250200026
0.26915348039269155	4.097428979184611
0.26977394324449205	4.093818922305614
0.2703958364108843	4.090206008737784
0.2710191631890843	4.086590166571979
0.2716439268839082	4.082971322804106
0.2722701308077913	4.079343203432372
0.272897778280804	4.075696546447798
0.27352687263067127	4.072046579720736
0.27415741719278824	4.068393277747738
0.2747894153102397	4.064736614597098
0.2754228703338166	4.061076563904173
0.27605778562203465	4.057413098866657
0.27669416454115114	4.0537461922398235
0.2773320104651841	4.050075816331702
0.27797132677592884	4.046401942998248
0.2786121168629771	4.042724543638432
0.27925438412373377	4.039043589189313
0.2798981319634363	4.035359050121055
0.2805433637951713	4.031670896431904
0.28119008303989407	4.027979097643116
0.28183829312644537	4.0242836227938525
0.2824879974915708	4.020584440436006
0.2831391995799379	4.016881518629014
0.2837919028441557	4.0131748249345955
0.28444611074479154	4.009464326411465
0.285101826750391	4.00574998960998
0.28575905433749466	4.002031780566763
0.2864177969906581	3.9983096647992555
0.28707805820246907	3.9945836073002354
0.28773984147356696	3.9908535725322904
0.28840315031266056	3.9871195244222313
0.2890679882365476	3.983381426355462
0.28973435877013226	3.9796392411703074
0.2904022654464451	3.9758929311522753
0.2910717118066605	3.972142458028286
0.29174270140011677	3.9683877829608396
0.29241523778433354	3.9646288665421383
0.2930893245250321	3.9608656687881516
0.2937649651961531	3.957098149132641
0.29444216337987617	3.9533262664211177
0.29512092266663853	3.9495499789047632
0.29580124665515467	3.9457692442342824
0.2964831389524342	3.9419840194537192
0.29716660317380267	3.938194260994199
0.29785164294291894	3.9343999246676393
0.298538261891796	3.9306009656603886
0.2992264636608189	3.926797338526817
0.29991625189876514	3.9229889971828458
0.30060763026282306	3.9191758948994413
0.3013006024186122	3.9153579842960182
0.3019951720402016	3.911535217333817
0.30269134281013055	3.9077075453092136
0.30338911841942706	3.903874918846959
0.3040885025676279	3.9000372878933875
0.3047894989627983	3.8961946017095364
0.3054921113215513	3.8923348606159096
0.3061963433690677	3.8884403079877945
0.30690219883911574	3.884540384843205
0.3076096814740708	3.8806351378316917
0.3083187950249354	3.8767246142765672
0.30902954325135906	3.872808862181116
0.309741929921658	3.8688879302348456
0.31045595881283555	3.8649618678197837
0.31117163371060175	3.86103072501684
0.3118889584093937	3.8570945526122045
0.3126079367123955	3.8531534021038083
0.31332857243155854	3.849207325707828
0.3140508693876217	3.8452563763652505
0.3147748314101316	3.841300607748481
0.31550046233746265	3.83734007426801
0.31622776601683794	3.8333748310791362
0.3169567463043491	3.8294049340887306
0.31768740706497706	3.825430439962073
0.3184197521726125	3.82145140612973
0.31915378551007617	3.817467890794489
0.3198895109691398	3.813479952938355
0.3206269324505466	3.80948765232959
0.3213660538640317	3.805491049529834
0.32210687912834346	3.8014902059012434
0.32284941217126356	3.7974851836137278
0.32359365692962827	3.7934760456522145
0.32433961734934924	3.7894628558239853
0.3250872973854344	3.7854456787660697
0.3258367010020088	3.781424579952693
0.32658783217233583	3.7773996257027895
0.3273406948788382	3.7733708831875656
0.328095293113119	3.7693384204381393
0.32885163087598307	3.765302306353219
0.32960971217745777	3.761262610706867
0.3303695410368148	3.7572194041563054
0.3311311214825911	3.7531727582497876
0.3318944575526104	3.749122745434551
0.33265955329400454	3.7450694390647943
0.333426412763235	3.7410129134097674
0.3341950400261143	3.7369532436618766
0.33496543915782767	3.7328905059448902
0.3357376142429547	3.7288247773221928
0.33651156937549076	3.7247561358051016
0.3372873086588689	3.7206846603612664
0.3380648362059816	3.716610430923112
0.33884415613920255	3.712533528396363
0.3396252725904084	3.708454034668641
0.3404081897010009	3.704372032618107
0.34119291162192855	3.7002876061221963
0.3419794425137089	3.6962008400664086
0.3427677865464504	3.6921184362226627
0.34355794789987465	3.688050284682082
0.34434993076333853	3.6839801423534495
0.3451437393358563	3.6799080427623356
0.345939377826122	3.675834019715376
0.34673685045253166	3.6717581073020407
0.34753616144320587	3.667680339896428
0.34833731503601184	3.663600752159076
0.34914031547858615	3.6595193790387675
0.3499451670283573	3.655436255774353
0.350751873952568	3.651351417896596
0.35156044052829816	3.647264901230011
0.35237087104248715	3.6431767418947243
0.353183169791957	3.639086976308343
0.3539973410834347	3.6349956411878335
0.35481338923357547	3.6309027735514134
0.3556313185689854	3.6268084107204537
0.3564511334262443	3.622712590321394
0.35727283815192895	3.6186153502876666
0.35809643710263606	3.614516728861632
0.35892193464500527	3.610416764596534
0.35974933515574237	3.6063154963584476
0.36057864302164244	3.602212963328266
0.36140986263961333	3.5981092050036727
0.36224299841669866	3.5940042612011407
0.3630780547701014	3.5898981720579455
0.36391503612720716	3.585790978034175
0.36475394692560786	3.5816827199147694
0.36559479161312497	3.577573438811561
0.36643757464783333	3.573463176165335
0.3672823004980847	3.56935197374789
0.3681289736425315	3.5652398736641264
0.3689775985701504	3.5611269183541374
0.3698281797802663	3.5570131505953166
0.37068072178257605	3.5528986135044707
0.37153522909717257	3.548783350539959
0.3723917062545686	3.5446674055038327
0.3732501577957206	3.540550822543994
0.3741105882720534	3.536433646156362
0.3749730022454836	3.5323159211870636
0.3758374042884442	3.528197692834621
0.37670379898390893	3.524079006652166
0.377572190925416	3.519959908549661
0.37844258471709324	3.5158404447961358
0.3793149849736819	3.511720662021935
0.38018939632056115	3.5076006072209847
0.381065823393773	3.5034803277530653
0.3819442708400465	3.499359871346097
0.38282474331682265	3.4952392860984567
0.38370724549227875	3.491118620481284
0.38459178204535355	3.487005077820889
0.38547835766577176	3.482909308598024
0.38636697705406914	3.478813701819439
0.3872576449216172	3.474718247472425
0.3881503659906482	3.4706229350939592
0.38904514499428056	3.466527753765067
0.3899419866765434	3.462432692105126
0.390840895792402	3.4583377382661262
0.3917418771077831	3.4542428799268716
0.3926449353995998	3.450148104287126
0.3935500754557774	3.44605339806171
0.3944573020752784	3.4419587474745366
0.3953666200681279	3.437864138252602
0.39627803425543945	3.433769555619908
0.3971915494694403	3.4296749842913394
0.3981071705534972	3.4255804084664776
0.39902490236214205	3.4214858118233606
0.39994474976109745	3.4173911775121897
0.4008667176273028	3.413296488148966
0.4017908108489399	3.409201725809082
0.4027170343254591	3.4051068720208493
0.40364539296760493	3.401011907758962
0.4045758916974427	3.3969168134379077
0.40550853544838383	3.3928215689053185
0.40644332916521275	3.3887261534352526
0.40738027780411273	3.384630545721426
0.4083193863326921	3.3805347238703707
0.40926065973001086	3.3764386653945433
0.4102041029866068	3.3723423472053584
0.41114972110452225	3.3682457456061736
0.4120975190973302	3.364148836285192
0.4130475019901614	3.360051594308315
0.41399967481973043	3.355953994111928
0.4149540426343629	3.351856009495618
0.41591061049402206	3.34775761361482
0.4168693834703354	3.343658778973412
0.41783036664662176	3.3395594774162296
0.4187935651179184	3.3354596801215157
0.41975898399100753	3.3313593575933105
0.4207266283844441	3.3272584796537608
0.4216965034285822	3.3231570154353705
0.422668614265603	3.3190549333731756
0.4236429660495411	3.314952201196851
0.4246195639463129	3.310848785922745
0.4255984131337431	3.306744653845845
0.42657951880159267	3.3026397705316715
0.4275628861515862	3.2985341008080953
0.4285485203974395	3.2944276087570863
0.4295364267648873	3.290320257706387
0.43052661049171065	3.286212010221111
0.43151907682776525	3.282096794893509
0.43251383103500873	3.277965632951658
0.4335108783875289	3.273833377380037
0.43451022417157154	3.269700038202922
0.4355118736855686	3.265565625342857
0.436515832240166	3.261430148618572
0.4375221051582521	3.2572936177428895
0.4385306977749857	3.253156042320598
0.4395416154378245	3.2490174318463083
0.4405548635065533	3.2448777957022887
0.4415704473533125	3.2407371431562764
0.44258837236262655	3.2365954833592547
0.44360864393143257	3.2324528253432345
0.4446312674691087	3.228309178018976
0.4456562483975033	3.2241645501737173
0.44668359215096315	3.2200189504688645
0.44771330417636257	3.2158723874376585
0.4487453899331322	3.211724869482824
0.449779854893288	3.2075764048741844
0.45081670454146017	3.203427001746259
0.4518559443749224	3.1992766680958358
0.4528975799036208	3.1951254117795145
0.4539416166502032	3.1909732405112265
0.4549880601500486	3.186820161859732
0.4560369159512962	3.1826661832460865
0.4570881896148751	3.178511311941081
0.4581418867145335	3.174355555062666
0.4591980128368686	3.170198919573335
0.4602565735813561	3.1660414122774907
0.4613175745603794	3.16188303981878
0.46238102139926035	3.157723808677405
0.46344691973628804	3.1535637251674067
0.46451527522274944	3.1494027954339137
0.465586093522959	3.145241025450377
0.46665938031428866	3.14107842101576
0.46773514128719823	3.1369149877517177
0.46881338214526524	3.1327507310997316
0.46989410860521547	3.128585656318225
0.47097732639695294	3.1244197684796484
0.47206304126359055	3.120253072467535
0.4731512589614805	3.11608557297352
0.4742419852602447	3.111917274494346
0.47533522594280536	3.107748181328817
0.47643098680541573	3.1035782975747463
0.47752927365769093	3.0994076271258475
0.4786300923226384	3.095236173668621
0.47973344863668915	3.0910639406791915
0.4808393484497286	3.086890931420115
0.4819477976251274	3.082717148937168
0.4830588020397727	3.078542596056089
0.48417236758409943	3.074364209369368
0.4852885001621211	3.07017744814706
0.4864072056914617	3.0659898828787635
0.4875284901033864	3.0618015411888577
0.48865235934283363	3.0576124508227203
0.48977881936844625	3.0534226396467266
0.4909078761526032	3.0492321356482464
0.492039535681451	3.0450409669356238
0.49317380395493593	3.0408491617381657
0.4943106869868355	3.0366567484061173
0.4954501908047903	3.032463755410632
0.49659232145033616	3.028270211343738
0.49773708497893604	3.0240761449183027
0.4988844874600123	3.01988158496798
0.5000345349769786	3.015686560447171
0.5011872336272724	3.0114911004309577
0.5023425895223872	3.0072952341150465
0.5035006087879049	3.0030989908157
0.5046612975635284	2.9989023999696633
0.505824662003114	2.994705491134086
0.5069907082747043	2.9905082939864327
0.5081594425605604	2.9863108383243944
0.5093308710571953	2.9821131540657952
0.5105049999754062	2.9779152712484804
0.5116818355403077	2.9737172200302107
0.5128613839913648	2.969519030688549
0.514043651582426	2.9653207336207297
0.5152286445817564	2.9611223593435376
0.5164163692720709	2.9569239384931643
0.5176068319505677	2.9527255018250727
0.5188000389289611	2.9485270802138466
0.5199959965335159	2.9443287046530275
0.5211947111050804	2.94013040625496
0.5223961889991198	2.935932216250619
0.5236004365857502	2.9317341659894325
0.5248074602497725	2.927536286939098
0.5260172663907061	2.9233386106853905
0.5272298614228227	2.9191411689319655
0.5284452517751804	2.9149439935001498
0.5296634438916578	2.9107471163287357
0.5308844442309884	2.90655056947375
0.5321082592667942	2.902354385108236
0.5333348954876209	2.8981585955220073
0.5345643593969717	2.893963233121413
0.5357966575133416	2.889768330429082
0.5370317963702527	2.8855739200836603
0.5382697825162883	2.8813800348395513
0.5395106225151276	2.8771867075666324
0.5407543229455808	2.8729939712499744
0.5420008904016238	2.86880185898955
0.5432503314924332	2.864614110581469
0.5445026528424212	2.860436251636815
0.5457578610912709	2.856259166024861
0.5470159628939716	2.8520828562182334
0.5482769649208538	2.847907324370338
0.5495408738576245	2.8437325723108513
0.5508076964054034	2.839558601541166
0.5520774392807574	2.835385413229794
0.5533501092157367	2.8312130082077247
0.5546257129579107	2.827041386963739
0.5559042572704036	2.822870549639675
0.5571857489319298	2.8187004960256554
0.5584701947368308	2.8145312255552613
0.5597576014951101	2.8103627373006637
0.5610479760324705	2.8061950299677108
0.5623413251903491	2.8020281018909623
0.5636376558259545	2.7978619510286813
0.5649369748123025	2.7936965749577767
0.5662392890382533	2.789531970868695
0.5675446054085471	2.7853681355602715
0.5688529308438415	2.7812050654345217
0.5701642722807475	2.777042756491392
0.571478636671867	2.7728812043234585
0.5727960309858292	2.7687204041105695
0.5741164622073276	2.7645603506144494
0.5754399373371569	2.76040103817324
0.5767664633922508	2.7562424606959963
0.5780960474057181	2.7520846116571325
0.5794286964268811	2.747927484090807
0.580764417521312	2.7437710705852663
0.5821032177708715	2.7396153632771236
0.5834451042737447	2.7354603538455993
0.5847900841444807	2.7313060335066868
0.5861381645140288	2.727152393007288
0.5874893525297767	2.722999422619268
0.588843655355589	2.7188471121334805
0.5902010801718444	2.714695450853715
0.591561634175474	2.7105444275906034
0.5929253245799998	2.7063940306554635
0.5942921586155727	2.7022442478540794
0.5956621435290105	2.6980950664804433
0.5970352865838369	2.693946473310413
0.5984115950603197	2.6897984545953335
0.5997910762555094	2.6856509960555877
0.6011737374832781	2.6815040828740897
0.6025595860743578	2.677357699689721
0.6039486293763798	2.6732118305907004
0.6053408747539136	2.6690664591079005
0.6067363295885054	2.6649215682080962
0.6081350012787179	2.6607771402871534
0.6095368972401692	2.656629257552099
0.610942024905572	2.6524721229297183
0.6123503917247736	2.648315343122198
0.6137620051647943	2.6441589308750366
0.6151768727098682	2.6400028987828756
0.6165950018614822	2.635847259286693
0.618016400138416	2.631692024670963
0.6194410750767815	2.627537207060792
0.6208690342300636	2.6233828184190062
0.6223002851691596	2.6192288705432394
0.6237348354824193	2.6150753750629616
0.6251726927756859	2.610922343436495
0.6266138646723355	2.606769786947996
0.628058358813318	2.6026177167043967
0.6295061828571976	2.5984661436323306
0.6309573444801934	2.5943150784750157
0.6324118513762195	2.590164531789109
0.633869711256927	2.5860145139415276
0.6353309318517437	2.5818650351062438
0.6367955209079159	2.5777161052610373
0.6382634861905487	2.5735677341842234
0.6397348354826482	2.5694199314513444
0.6412095765851616	2.5652727064318257
0.6426877173170197	2.5611260682856054
0.6441692655151774	2.556980025959718
0.6456542290346556	2.552834588184858
0.6471426157485832	2.5486897634718977
0.6486344335482385	2.544545560108375
0.6501296903430908	2.5404019861549454
0.6516283940608427	2.536259049441798
0.6531305526474724	2.532116757565039
0.654636174067275	2.5279751178830323
0.6561452663029055	2.5238341375127114
0.6576578373554206	2.5196938233258486
0.6591738952443215	2.515554181945292
0.6606934480075961	2.511415219741161
0.662216503701762	2.5072769428270094
0.6637430704019089	2.5031393570559417
0.6652731562017414	2.499002468016705
0.6668067692136223	2.494866281029727
0.6683439175686147	2.4907308011431257
0.6698846094165265	2.4865960331286794
0.6714288529259524	2.4824619814777473
0.6729766562843179	2.4783286503971653
0.6745280276979221	2.4741960438050885
0.6760829753919819	2.470064165326801
0.6776415076106752	2.465933018290481
0.6792036326171846	2.4618026057229265
0.6807693586937414	2.45767293034524
0.6823386941416696	2.4535439945684683
0.6839116472814293	2.449413240013062
0.6854882264526615	2.445276874433181
0.6870684400142321	2.4411412197335527
0.688652296344276	2.437006298513047
0.6902398038402419	2.432872133336842
0.6918309709189364	2.428738746734679
0.6934258060165691	2.4246061611991028
0.6950243175887968	2.420474399183686
0.6966265141107687	2.4163434831012256
0.6982324040771714	2.4122134353219193
0.6998419960022735	2.408084278171527
0.7014552984199712	2.403956033929502
0.7030723198838335	2.3998287248271057
0.7046930689671469	2.3957023730455047
0.7063175542629619	2.3915770007138315
0.7079457843841379	2.3874526299072434
0.7095777679633888	2.383329282644941
0.711213513653329	2.3792069808881733
0.7128530301265195	2.375085746538218
0.7144963260755133	2.370965601434341
0.716143410212902	2.3668465673517263
0.7177942912713617	2.3627286659993922
0.7194489780036994	2.3586119190180748
0.7211074791828996	2.354496347978094
0.7227698036021702	2.3503819743771905
0.72443596007499	2.346268819638345
0.7261059574351547	2.3421569051075632
0.727779804536824	2.338046252051652
0.7294575102545687	2.333936881655947
0.7311390834834174	2.329828815022045
0.732824533138904	2.3257220731654793
0.734513868157115	2.3216166770134
0.7362070974947361	2.3175126474022023
0.737904230129101	2.313410005075147
0.7396052750582378	2.3093087706799467
0.7413102413009175	2.305208964766325
0.7430191378967014	2.301110607783553
0.744731973905989	2.297013720077959
0.7464487584100665	2.292918321890406
0.7481695005111544	2.2888244333537457
0.7498942093324559	2.284732074490246
0.7516228940182055	2.280641265208986
0.7533555637337174	2.276552025303229
0.7550922276654339	2.2724643744477597
0.7568328950209744	2.2683783321962037
0.7585775750291838	2.264293917978303
0.7603262769401818	2.260211151097181
0.762079010025412	2.256130050726558
0.7638357835776907	2.252050635907953
0.7655966069112563	2.2479729255478524
0.7673614893618189	2.243896524192584
0.7691304402866096	2.2398208366899577
0.7709034690644301	2.2357469040179474
0.7726805850957024	2.2316747479876704
0.7744617978025188	2.2276043903089198
0.7762471166286917	2.223535852587613
0.7780365510398041	2.2194691563232087
0.7798301105232588	2.2154043229061005
0.7816278045883297	2.2113413736149803
0.7834296427662119	2.2072803296141705
0.7852356346100718	2.203221211950933
0.7870457896950986	2.199164041552743
0.7888601176185545	2.195108839224538
0.7906786279998251	2.1910556256459373
0.7925013304804718	2.1870044213684254
0.7943282347242815	2.182955246812516
0.7961593504173188	2.1789081222648763
0.7979946872679766	2.1748630678754237
0.7998342550070284	2.1708201036543926
0.8016780633876791	2.166779249469373
0.8035261221856173	2.162740525042307
0.8053784411990667	2.1587039499464677
0.8072350302488382	2.154669543603397
0.8090958991783823	2.150637325279811
0.8109610578538409	2.1466073140844815
0.8128305161640993	2.1425795289650704
0.8147042840208396	2.1385539887049463
0.8165823713585925	2.134530711919957
0.81846478813479	2.130509717055174
0.8203515443298183	2.1264910223815994
0.8222426499470712	2.122474645992843
0.8241381150130024	2.1184606058017597
0.8260379495771788	2.114448919537054
0.8279421637123342	2.1104396047398546
0.8298507675144225	2.106432678760243
0.8317637711026711	2.102428158753759
0.8336811846196344	2.098426061677858
0.835603018231248	2.094426404288341
0.8375292821268826	2.0904292031357428
0.8394599865193975	2.0864344745616856
0.8413951416451951	2.0824422346951956
0.8433347577642755	2.078452499448982
0.84527884516029	2.074465284515675
0.8472274141405965	2.0704806053640277
0.8491804750363139	2.0664984772350823
0.8511380382023765	2.0625189151382957
0.8531001140175896	2.0585419338476196
0.8550667128846834	2.0545675478975527
0.8570378452303697	2.0505957715791427
0.8590135215053958	2.0466266189359543
0.8609937521846007	2.0426604560555686
0.8629785477669704	2.0386978184935156
0.8649679187756933	2.0347378498963598
0.8669618757582167	2.0307805603221802
0.8689604292863019	2.0268259595196776
0.8709635899560808	2.0228740569234946
0.8729713683881117	2.018924861649491
0.8749837752274362	2.0149783824899763
0.8770008211436349	2.011034627908889
0.8790225168308845	2.0070936060369315
0.8810488730080143	2.003155324666662
0.8830799004185629	1.9992197912475322
0.8851156098308356	1.9952870128808782
0.887156012037961	1.9913569963148656
0.8892011178579485	1.987429747939383
0.8912509381337457	1.9835052737808845
0.8933054837332954	1.9795835794971888
0.895364765549594	1.9756646703722196
0.8974287945007486	1.9717485513107
0.8994975815300353	1.9678352268327963
0.9015711376059571	1.9639247010687069
0.9036494737223016	1.9600169777532024
0.9057326008982003	1.9561120602201107
0.9078205301781859	1.9522099513967524
0.9099132726322517	1.9483106537983177
0.9120108393559097	1.9444141695221968
0.9141132414702502	1.9405205002422463
0.9162204901219997	1.9366296472030133
0.9183325964835808	1.9327416112138929
0.9204495717531712	1.9288563926432352
0.9225714271547631	1.9249739914123987
0.9246981739382225	1.9210944069897407
0.9268298233793492	1.9172176383845585
0.9289663867799363	1.9133436841409655
0.9311078754678302	1.9094725423317143
0.933254300796991	1.9056042105519617
0.9354056741475518	1.901738685912972
0.9375620069258802	1.8978759650357593
0.9397233105646378	1.8940160440446792
0.9418895965228413	1.8901589185609466
0.9440608762859233	1.886304583696106
0.946237161365793	1.8824530340454317
0.9484184633008971	1.8786042636812663
0.9506047936562815	1.8747582661463045
0.9527961640236519	1.8709150344468046
0.9549925860214359	1.867074561045744
0.9571940712948444	1.863236837855905
0.9594006315159331	1.859401856232901
0.9616122783836646	1.8555696069681342
0.9638290236239705	1.8517400802816908
0.9660508789898133	1.8479099650205892
0.9682778562612491	1.8440743592393265
0.9705099672454897	1.8402413993026592
0.9727472237769651	1.836411100753892
0.9749896377173869	1.8325834789136635
0.9772372209558107	1.8287585488761382
0.9794899854086988	1.8249363255051763
0.9817479430199844	1.8211168234304476
0.9840111057611337	1.8173000570435223
0.9862794856312105	1.8134860404939073
0.9885530946569389	1.8096747876850576
0.9908319448927676	1.8058663122703336
0.9931160484209338	1.802060627648929
0.995405417351527	1.798257746961753
0.9977000638225533	1.7944576830872672
1.	1.790660448637292
1.0023052380778998	1.7868660559527607
1.0046157902783952	1.7830745170994382
1.0069316688518044	1.779285843863591
1.0092528860766845	1.775500047747622
1.0115794542598988	1.7717171399656526
1.0139113857366795	1.7679371314390737
1.016248692870696	1.7641600327920361
1.0185913880541169	1.7603858543469166
1.0209394837076802	1.7566146061197172
1.023292992280754	1.752846297815442
1.0256519262514079	1.7490809388234068
1.0280162981264735	1.7453185382125211
1.0303861204416165	1.741559104726514
1.0327614057613974	1.737802646779112
1.0351421666793441	1.7340491724491758
1.0375284158180127	1.7302986894757912
1.0399201658290596	1.7265512052533
1.0423174293933042	1.7228067268262985
1.0447202192208003	1.7190652608845745
1.0471285480508996	1.7153268137580024
1.0495424286523225	1.7115913914113883
1.051961873823223	1.7078589994392623
1.0543868963912593	1.7041296430606214
1.0568175092136585	1.700403327113627
1.0592537251772887	1.69668005605024
1.0616955571987248	1.692959833930816
1.064143018224316	1.6892426644186453
1.066596121230258	1.6855285507744324
1.0690548792226577	1.6818174958507368
1.0715193052376064	1.678109502086347
1.0739894123412446	1.6744045715006115
1.076465213629835	1.6707027056877066
1.0789467222298286	1.6670039058108603
1.081433951297938	1.663308172596507
1.0839269140212033	1.6596131839542607
1.0864256236170655	1.6559154985068802
1.0889300933334332	1.6522208483383838
1.0914403364487566	1.648529251844279
1.0939563662720937	1.6448407272242647
1.096478196143185	1.6411552924786574
1.0990058394325208	1.6374729654047948
1.101539309541415	1.6337937635933852
1.104078619902073	1.6301177044248403
1.1066237839776665	1.6264448050655533
1.1091748152624008	1.6227750824641516
1.1117317272815914	1.6191085533476963
1.1142945335917298	1.6154452342178662
1.1168632477805611	1.6117851413470758
1.1194378834671515	1.6081282907745784
1.1220184543019636	1.6044746983025102
1.1246049739669264	1.6008243794919115
1.1271974561755105	1.5971773496586936
1.1297959146727976	1.5935336238695765
1.1324003632355573	1.5898932169379738
1.1350108156723149	1.5862561434198523
1.137627285823431	1.5826224176095314
1.1402497875611686	1.5789920535354576
1.1428783347897717	1.5753650649559259
1.1455129414455354	1.5717414653547634
1.1481536214968828	1.5681212679369665
1.1508003889444356	1.5645044856243011
1.1534532578210923	1.5608911310508502
1.1561122421920986	1.5572812165585272
1.1587773561551262	1.5536747541925338
1.1614486138403426	1.5500717556967867
1.1641260294104914	1.5464722325092843
1.1668096170609623	1.5428761957574413
1.1694993910198712	1.5392836562533654
1.1721953655481303	1.5356946244890999
1.1748975549395297	1.5321091106318077
1.1776059735208073	1.5285271245189174
1.1803206356517297	1.524948675653217
1.1830415557251646	1.521373773197902
1.1857687481671602	1.5178024259715708
1.1885022274370183	1.5142346424431816
1.1912420080273751	1.5106704307269456
1.193988104464273	1.507109798577187
1.1967405313072437	1.5035527533831365
1.1994993031493788	1.49999930216369
1.2022644346174132	1.4964494515621025
1.2050359403717974	1.4929032078406457
1.2078138351067804	1.4893605768751967
1.2105981335504823	1.4858215641497927
1.2133888504649775	1.4822861747511182
1.2161860006463678	1.4787534393730586
1.2189895989248667	1.475221919066884
1.2217996601648717	1.471694021955398
1.2246161992650488	1.468169759647755
1.2274392311584073	1.4646491434410864
1.2302687708123818	1.461132184315759
1.233104833228909	1.4576188929305975
1.2359474334445106	1.4541092796180501
1.238796586530369	1.4506033543793166
1.2416523075924113	1.4471011268794236
1.244514611771385	1.4436026064422531
1.2473835142429432	1.4401078020455194
1.2502590302177201	1.4366167223157047
1.2531411749414163	1.4331293755229346
1.2560299636948749	1.4296457695758178
1.2589254117941675	1.4261659120162202
1.2618275345906707	1.422689810014003
1.2647363474711515	1.419217470361697
1.2676518658578455	1.4157488994691385
1.270574105208542	1.41228410335804
1.2735030810166617	1.4088230876565218
1.276438808811344	1.405365857593578
1.2793813041575246	1.4019124179935039
1.2823305826560218	1.398462773270254
1.2852866599436155	1.3950169274217614
1.2882495516931343	1.391574884024189
1.2912192736135342	1.3881366462261393
1.2941958414499863	1.3847022167427947
1.297179270983956	1.3812715978500163
1.3001695780332907	1.3778447913783742
1.3031667784522993	1.3744217987071314
1.3061708881318417	1.37100262075816
1.309181922999407	1.3675872579898107
1.3121998990192034	1.3641757103907162
1.3152248321922384	1.3607679774735404
1.3182567385564075	1.3573640582686644
1.3212956341865751	1.35396395131782
1.324341535194665	1.3505676546676526
1.3273944577297394	1.3471751658632376
1.3304544179780915	1.343786481941518
1.333521432163324	1.3404015994247018
1.3365955165464425	1.3370205143135752
1.3396766874259352	1.3336432220807721
1.3427649611378643	1.3302697176639675
1.3458603540559484	1.3268999954590162
1.348962882591654	1.3235340493130188
1.3520725631942772	1.320171872517334
1.3551894123510364	1.3168134578005122
1.3583134465871542	1.3134587973211798
1.3614446824659503	1.3101078826608394
1.3645831365889245	1.3067569065975952
1.3677288255958495	1.3034002314694417
1.3708817661648536	1.300047222860377
1.3740419750125157	1.2966979018225164
1.3772094688939465	1.2933522892371199
1.3803842646028852	1.290010405811252
1.383566378971781	1.286672272074428
1.3867558288718889	1.2833379083752026
1.3899526312133532	1.2800073348777445
1.3931568029453036	1.276680571558359
1.3963683610559376	1.2733576382019882
1.3995873225726185	1.27003855439866
1.4028137045619582	1.2667233395399204
1.4060475241299144	1.2634120128152075
1.4092887984218747	1.2601045932082078
1.4125375446227548	1.2568010994931589
1.4157937799570817	1.2535015502311295
1.4190575216890926	1.2502059637662482
1.4223287871228198	1.2469143582219033
1.425607593602188	1.2436267514968995
1.428893958511103	1.2403431612615754
1.432187899273543	1.2370636049538875
1.435489433353656	1.2337880997754445
1.4387985782558452	1.2305166626875133
1.4421153515248688	1.2272493104069722
1.4454397707459272	1.2239860594022376
1.4487718535447618	1.2207269258891347
1.452111617587742	1.2174719258267415
1.455459080581966	1.2142210749131777
1.4588142602753482	1.2109743885813642
1.4621771744567182	1.2077318819947285
1.4655478409559113	1.204493570042877
1.468926277643867	1.201259467337217
1.4723125024327186	1.1980295882065422
1.4757065332758947	1.1948039466925673
1.4791083881682072	1.1915825565454228
1.4825180851459536	1.1883654312191043
1.4859356422870067	1.1851525838668784
1.4893610777109154	1.1819440273366384
1.492794409578996	1.1787397741662209
1.4962356560944337	1.1755398365786707
1.4996848355023733	1.1723442264774653
1.5031419660900225	1.1691529554416815
1.5066070661867417	1.165966034721133
1.5100801541641484	1.162783475231438
1.513561248436208	1.1596052875490614
1.5170503674593367	1.1564314819062878
1.5205475297324955	1.153262068186163
1.5240527537972914	1.1500970559173744
1.5275660582380723	1.1469364542690885
1.5310874616820302	1.1437793846959372
1.5346169827992941	1.1406245407886157
1.5381546403030348	1.1374741209997645
1.5417004529495593	1.134328140449234
1.545254439538414	1.1311866139743139
1.5488166189124812	1.1280495561252637
1.5523870099580825	1.124916981160791
1.5559656316050743	1.121788903043492
1.559552502826954	1.1186653354352383
1.5631476426409538	1.1155462916925287
1.5667510701081493	1.1124317848617853
1.5703628043335522	1.1093218276746124
1.5739828644662197	1.1062164325429984
1.5776112696993485	1.103115611554484
1.5812480392703834	1.1000193764672683
1.5848931924611134	1.0969277387052816
1.5885467485977791	1.0938407093531959
1.59220872705117	1.0907582991514007
1.5958791472367329	1.0876805184909173
1.5995580286146687	1.084607377408274
1.6032453906900417	1.0815388855803236
1.6069412530128773	1.078475052319018
1.6106456351782708	1.0754158865661225
1.6143585568264862	1.072361396887892
1.6180800376430662	1.0693115914696814
1.6218100973589298	1.0662664781105178
1.6255487557504842	1.0632260642176081
1.6292960326397223	1.060190356800805
1.6330519478943346	1.05715936246701
1.6368165214278085	1.0541330874145298
1.6405897731995396	1.0511115374273747
1.6443717232149315	1.0480947178695061
1.6481623915255086	1.0450826336790215
1.651961798229015	1.042075289362297
1.6557699634695284	1.0390726889880588
1.6595869074375604	1.0360748361814094
1.6634126503701698	1.0330817341177936
1.6672472125510627	1.0300933855169063
1.6710906143107078	1.027109792636542
1.6749428760264373	1.0241309572663886
1.6788040181225607	1.0211568807217604
1.6826740610704674	1.0181875638372742
1.6865530253887415	1.0152230069604609
1.690440931643264	1.0122632099453244
1.6943378004473288	1.0093081721458304
1.6982436524617444	1.0063578924093455
1.7021585083949509	1.0034123690700012
1.7060823890031234	1.0004715999420104
1.710015315090288	0.9975355823129066
1.7139573075084253	0.9946043129367317
1.7179083871575884	0.9916768474228496
1.721868574986007	0.9887517876832183
1.725837891990204	0.985831450680379
1.7298163592151015	0.9829158388529765
1.7338039977541384	0.9800049541808705
1.7378008287493754	0.9770987981789919
1.7418068733916146	0.9741973718911278
1.7458221529205038	0.9713006758836604
1.7498466886246573	0.9684087102392378
1.7538805018417611	0.9655214745503923
1.7579236139586931	0.962638967913089
1.7619760464116292	0.9597611889202278
1.7660378206861649	0.9568881356550681
1.770108958317421	0.9540198056846073
1.7741894808901661	0.9511561960528844
1.7782794100389228	0.9482973032742323
1.78237876744809	0.945443123326456
1.7864875748520508	0.9425936516439583
1.7906058540352947	0.9397488831107895
1.7947336268325265	0.9369088120536464
1.7988709151287883	0.9340734322347907
1.803017740859569	0.9312427368449162
1.8071741260109275	0.9284167184959373
1.8113400926196026	0.9255953692137234
1.8155156627731361	0.9227786804307505
1.8197008586099834	0.9199666429787017
1.8238957023196385	0.9171592470809848
1.8281002161427427	0.914356482345193
1.832314422371212	0.9115583377554836
1.8365383433483464	0.9087648016649007
1.8407720014689564	0.9059758617876122
1.8450154191794736	0.9031915051910906
1.8492686189780787	0.9004117182882078
1.8535316234148114	0.8976364868292692
1.857804455091699	0.8948657958939663
1.8620871366628675	0.892099629883263
1.8663796908346704	0.8893379725111992
1.8706821403658007	0.8865808067966284
1.8749945080674193	0.8838281150548728
1.8793168168032686	0.8810798788893085
1.883649089489801	0.8783360791828674
1.8879913490962936	0.8755966960894693
1.892343618644976	0.8728617090253673
1.8967059212111463	0.8701310966604263
1.9010782799233006	0.867404836909308
1.9054607179632472	0.8646829069225915
1.9098532585662378	0.8619652830778003
1.914255925021086	0.8592519409703546
1.9186687406702891	0.8565428554044452
1.9230917289101586	0.8538380003838147
1.9275249131909356	0.8511332531293961
1.9319683170169242	0.848422516747162
1.936421963946607	0.8457158735570666
1.9408858775927782	0.8430133286166207
1.9453600816226624	0.8403148866135423
1.9498445997580456	0.8376205518606333
1.9543394557753944	0.8349303282906213
1.95884467350599	0.8322442194509355
1.9633602768360463	0.8295622284984493
1.967886289706845	0.8268843581941596
1.9724227361148534	0.8242106108978262
1.976969640111861	0.8215409885625512
1.9815270258050979	0.8188754927293153
1.9860949173573716	0.8162141245214534
1.9906733389871865	0.8135568846390887
1.9952623149688797	0.8109037733535046
1.9998618696327437	0.808254790501469
2.0044720273651615	0.8056099354795021
2.0090928126087277	0.8029692072380964
2.0137242498623884	0.8003326042758707
2.0183663636815607	0.7977001246336834
2.023019178678272	0.7950717658886788
2.0276827195212817	0.7924475251482859
2.032357010936222	0.7898273990441537
2.037042077705718	0.7872113837260398
2.0417379446695296	0.7845994748556284
2.046444636724674	0.781991667600307
2.0511621788255656	0.7793879566268676
2.0558905959841414	0.7767883360951667
2.0606299132700006	0.7741927996517105
2.065380155810529	0.7716013404231945
2.0701413487910423	0.7690139510099712
2.0749135174549096	0.7664306234794681
2.079696687103696	0.7638513493595348
2.084490883097289	0.7612761196317382
2.0892961308540396	0.7587049247245872
2.0941124558508926	0.7561377545067016
2.0989398836235242	0.7535745982799137
2.1037784397664754	0.75101544477231
2.1086281499332897	0.7484602821312055
2.1134890398366464	0.7459090979160568
2.1183611352485023	0.743361879091306
2.123244462000219	0.740818612019166
2.1281390459827123	0.7382792824523295
2.133044913146576	0.7357438755266253
2.1379620895022327	0.7332123757535906
2.1428906011200586	0.7306847670129926
2.1478304741305343	0.7281610325452684
2.1527817347243725	0.7256411549439052
2.157744409152667	0.7231251161477438
2.16271852372702	0.7206083797496095
2.167704104819695	0.7180842322109312
2.1727011788637443	0.7155638052118999
2.1777097723531593	0.71304711588031
2.1827299118430012	0.7105341811769758
2.187761623949553	0.7080250178926808
2.1928049353504484	0.7055196426451106
2.197859872784825	0.703018071875742
2.202926463053456	0.7005203218467106
2.2080047330189	0.6980264086376404
2.2130947096056377	0.6955363481424417
2.2181964198002193	0.6930501560660799
2.223309890651403	0.6905678479213091
2.2284351492703043	0.68808943902537
2.2335722228305315	0.6856149444966638
2.23872113856834	0.6831443792513792
2.2438819237827663	0.6806777580000983
2.2490546058357817	0.6782150952443595
2.254239212152429	0.6757564052731917
2.259435770220978	0.6733017021596075
2.2646443075930596	0.6708509997570705
2.2698648518838223	0.6684043116959172
2.2750974307720706	0.6659616513797515
2.2803420720004186	0.663523031981798
2.28559880337543	0.6610884664412223
2.2908676527677736	0.658657967459412
2.296148648112362	0.6562315474962251
2.301441817408509	0.6538092187661952
2.306747188720069	0.6513909932347067
2.312064790175595	0.6489768826141236
2.3173946499684783	0.64656689835989
2.3227367963571073	0.6441610516665826
2.328091257665008	0.6417593534639325
2.3334580622810033	0.639361814412802
2.338837238659355	0.6369684449011271
2.344228815319923	0.6345792550398146
2.3496328208483073	0.6321942546586063
2.35504928389601	0.6298134533018945
2.360478233180577	0.6274368602245061
2.365919697485759	0.6250644843874362
2.371373705661655	0.6226963344535491
2.3768402866248772	0.6203324187832296
2.38231946935869	0.6179727454300009
2.3878112829131783	0.6156173221360893
2.3933157564053875	0.6132661563279588
2.3988329190194912	0.6109192551117897
2.4043628000069335	0.6085766252689255
2.4099054286865957	0.6062382732512662
2.41546083444494	0.6039042051766248
2.421029046736179	0.6015744268240332
2.4266100950824154	0.5992472238005582
2.432204009073816	0.5969200528120758
2.4378108183687526	0.5945971639321677
2.4434305526939726	0.5922785759596303
2.4490632418447453	0.5899643075310372
2.454708915685031	0.587654377117702
2.4603676041476272	0.5853488030226187
2.46603933723434	0.5830476033773606
2.4717241450161302	0.5807507961389584
2.4774220576332864	0.5784583990867347
2.4831331052955705	0.5761704298191184
2.4888573182823914	0.5738869057504156
2.494594726942955	0.5716078441075569
2.500345361696432	0.5693332619268037
2.506109253032114	0.5670631760504294
2.511886431509581	0.5647976031233576
2.5176769277588558	0.5625365595897766
2.5234807724805757	0.5602800616897102
2.529297996446145	0.5580281254555624
2.5351286304979084	0.5557807667086198
2.540972705549305	0.5535380010555255
2.5468302525850417	0.551299843884713
2.552701302661247	0.5490663103628075
2.5585858869056453	0.5468374154309891
2.5644840365177175	0.54461317380132
2.5703957827688635	0.5423935999530393
2.5763211570025755	0.5401787081288126
2.582260190634596	0.5379685123309538
2.588212915153092	0.5357630263176012
2.5941793621188136	0.5335622635988638
2.6001595631652723	0.5313662374329203
2.6061535499988953	0.5291749608220903
2.6121613543992064	0.5269884465088556
2.6181830082189848	0.5248067069718528
2.624218543384442	0.5226297544218182
2.6302679918953813	0.5204576007974995
2.6363313858253803	0.5182902577615202
2.642408757321946	0.5161277366962138
2.648500138606701	0.5139700486994053
2.654605561975539	0.5118172045801624
2.6607250597988097	0.509669214854497
2.666858664521479	0.5075260897410312
2.6730064086633116	0.5053878391566163
2.6791683248190314	0.5032544727119145
2.6853444456585076	0.5011259997069304
2.691534803926915	0.49900242912650894
2.6977394324449206	0.49688376963578
2.703958364108843	0.49477002957556776
2.7101916318908432	0.49266121695774806
2.7164392688390824	0.490557339460569
2.7227013080779128	0.4884569366109826
2.7289777828080406	0.48635784045213687
2.7352687263067126	0.48426368088037713
2.741574171927882	0.48217447650095585
2.7478941531023975	0.4800902457326781
2.7542287033381663	0.47801100680459585
2.7605778562203462	0.47593677775266113
2.7669416454115114	0.4738675764163537
2.773320104651841	0.47180342043526646
2.7797132677592886	0.4697443272456644
2.7861211686297707	0.46769031407700035
2.792543841237338	0.46564139794840403
2.798981319634363	0.4635975956651294
2.805433637951713	0.46155892381497127
2.811900830398941	0.45952539876464127
2.8183829312644537	0.45749703665611274
2.8248799749157074	0.4554738534029241
2.831391995799379	0.4534558646864507
2.8379190284415565	0.4514430859521329
2.8444611074479154	0.449435532405675
2.85101826750391	0.44743321900919797
2.8575905433749464	0.44543616047736195
2.8641779699065815	0.44344437127344266
2.8707805820246906	0.44145786560537703
2.8773984147356697	0.43947665742176206
2.8840315031266055	0.43750076040782193
2.8906798823654762	0.43553018798132764
2.897343587701323	0.4335649532884851
2.904022654464451	0.4316050691997741
2.910717118066605	0.42965054830575433
2.9174270140011673	0.4277014029128242
2.924152377843335	0.42575764503894437
2.9308932452503216	0.42381928640931255
2.9376496519615305	0.42188633845200396
2.9444216337987617	0.419958812293561
2.9512092266663856	0.41803671875454945
2.9580124665515464	0.41612006834506277
2.9648313895243423	0.4142088712601893
2.971666031738027	0.4123031373754314
2.9785164294291895	0.4104028762420847
2.9853826189179604	0.4085080970825669
2.992264636608189	0.40661880878570883
2.9991625189876516	0.4047350199019928
3.0060763026282307	0.4028567386387524
3.013006024186122	0.4009839728553189
3.019951720402016	0.3991167300581294
3.0269134281013064	0.3972550173957797
3.0338911841942706	0.39539884165403705
3.04088502567628	0.3935482092508006
3.047894989627983	0.39170312623101666
3.054921113215514	0.3898626531128998
3.061963433690677	0.3880253946920047
3.069021988391158	0.3861936889314889
3.076096814740708	0.3843675482587891
3.083187950249355	0.38254698481251714
3.0902954325135905	0.38073201043814187
3.097419299216581	0.37892263668362486
3.1045595881283554	0.3771188747950205
3.1117163371060186	0.37532073571202323
3.118889584093937	0.37352823006348296
3.126079367123956	0.3717413681628679
3.1332857243155856	0.36996016000369036
3.1405086938762183	0.36818461525488244
3.1477483141013156	0.3664147432561329
3.1550046233746274	0.3646505530131746
3.1622776601683795	0.3628920531930303
3.169567463043492	0.3611392521192088
3.1768740706497707	0.359392157766861
3.1841975217261256	0.35765077775788107
3.1915378551007616	0.3559151193559712
3.198895109691399	0.3541851894616486
3.206269324505466	0.35246099460721525
3.213660538640318	0.35074254095166957
3.2210687912834346	0.3490298342755796
3.2284941217126364	0.347322879975898
3.2359365692962827	0.3456216830607373
3.2433961734934935	0.3439262481440866
3.250872973854344	0.3422365794404863
3.2583670100200885	0.34055268075964573
3.265878321723358	0.3388745555010159
3.273406948788383	0.3372022066483054
3.2809529311311905	0.3355356367639508
3.2885163087598315	0.33387484798352846
3.2960971217745776	0.33221984201012067
3.303695410368149	0.33057062010862176
3.311311214825911	0.32892718309999897
3.3189445755261047	0.3272895313554901
3.326595532940045	0.3256576647907573
3.3342641276323506	0.3240315828599762
3.3419504002611427	0.32241128454987916
3.3496543915782775	0.3207967683737348
3.3573761424295467	0.3191880323652778
3.365115693754908	0.3175850740725785
3.372873086588689	0.3159878905518583
3.380648362059817	0.3143964783612433
3.3884415613920256	0.3128108335544673
3.3962527259040853	0.31123095167450815
3.404081897010009	0.30965682774717246
3.4119291162192864	0.3080884562746157
3.4197944251370886	0.30652583122880733
3.4276778654645046	0.30496745646060347
3.4355794789987466	0.30341111764805406
3.443499307633384	0.3018604841222336
3.451437393358563	0.3003155601596164
3.459393778261219	0.2987763496467152
3.4673685045253166	0.29724285607484596
3.4753616144320576	0.2957150825348487
3.483373150360118	0.29419303171175587
3.4914031547858606	0.2926767058794125
3.499451670283573	0.2911661068950422
3.5075187395256795	0.2896612361937676
3.5156044052829816	0.2881620947830738
3.523708710424871	0.2866686832372253
3.53183169791957	0.2851810016916251
3.5399734108343464	0.28369904983712757
3.548133892335755	0.28222282691429185
3.5563131856898527	0.2807523317075878
3.5645113342624426	0.27928756253954173
3.5727283815192883	0.2778285172648343
3.5809643710263606	0.27637519326433757
3.5892193464500517	0.27492758743910195
3.5974933515574232	0.27348569620428276
3.6057864302164235	0.27204951548301537
3.6140986263961334	0.27061904070022863
3.6224299841669856	0.2691942667764068
3.630780547701014	0.26777518812128737
3.639150361272071	0.2663617986275083
3.6475394692560785	0.26495409166418954
3.6559479161312485	0.2635520600704617
3.664375746478333	0.2621556961489303
3.672823004980846	0.2607649916590842
3.681289736425315	0.25937993781063956
3.6897759857015027	0.2580005252568281
3.6982817978026628	0.2566267440876174
3.7068072178257596	0.25525858382287603
3.715352290971726	0.2538960334054706
3.7239170625456848	0.2525390811943043
3.732501577957206	0.2511877149572884
3.741105882720533	0.24984192186425325
3.7497300224548358	0.24850168847979112
3.758374042884441	0.24716700075603856
3.767037989839089	0.2458378440253879
3.77572190925416	0.24451420299313875
3.7844258471709336	0.24319606173007668
3.793149849736819	0.24188340366499075
3.801893963205613	0.24057621157711828
3.81065823393773	0.23927446758852589
3.8194427084004663	0.23797815315641743
3.8282474331682264	0.23668724906537755
3.8370724549227884	0.23540173541954007
3.8459178204535354	0.23411882038421294
3.8547835766577188	0.23283437633732232
3.8636697705406915	0.2315552220338522
3.8725764492161727	0.23028135801648858
3.8815036599064823	0.229012784430643
3.8904514499428067	0.22774950101930574
3.899419866765434	0.2264915071178547
3.908408957924021	0.22523880164881224
3.9174187710778305	0.22399138311655697
3.926449353995999	0.22274924960198308
3.9355007545577743	0.22151239875711282
3.944573020752785	0.22028082779965683
3.953666200681279	0.21905453350752663
3.9627803425543955	0.2178335122132931
3.971915494694403	0.21661775979859774
3.981071705534973	0.21540727168850762
3.9902490236214203	0.2142020428458236
3.9994474976109755	0.21300206776533148
4.008667176273028	0.21180734046800354
4.0179081084894	0.21061785449514445
4.027170343254591	0.2094336029024855
4.036453929676051	0.20825457825422292
4.045758916974426	0.20708077261700358
4.055085354483839	0.20591217755385238
4.0644332916521275	0.20474878411804923
4.073802778041128	0.2035905828469442
4.083193863326921	0.20243756375572156
4.09260659730011	0.20128971633110268
4.1020410298660686	0.20014702952499588
4.111497211045223	0.19900949174808397
4.120975190973302	0.1978770908633575
4.130475019901614	0.1967498141795865
4.139996748197304	0.19562764844473562
4.149540426343631	0.1945105798393164
4.1591061049402205	0.19339859396968345
4.168693834703355	0.19229167586126514
4.178303666466218	0.19118980995173865
4.187935651179185	0.19009298008413816
4.1975898399100755	0.18900116949990556
4.207266283844442	0.18791436083187446
4.216965034285822	0.18683253609719475
4.226686142656031	0.1857556766901904
4.2364296604954115	0.18468376337515635
4.24619563946313	0.18361677627908704
4.2559841313374305	0.18255469488434395
4.265795188015928	0.18149749802125315
4.275628861515862	0.18044516386064094
4.285485203974396	0.17939766990629896
4.295364267648873	0.17835499298738486
4.3052661049171075	0.17731710925075342
4.3151907682776525	0.1762806790128975
4.325138310350088	0.1752407647743947
4.335108783875289	0.17420552390241517
4.345102241715717	0.17317495753772977
4.355118736855686	0.17214906648628409
4.365158322401661	0.17112785121483645
4.375221051582521	0.17011131184655895
4.385306977749858	0.1690994481565931
4.395416154378245	0.16809225956756807
4.405548635065534	0.1670897451450743
4.4157044735331255	0.16609190359309722
4.425883723626267	0.16509873324940674
4.436086439314326	0.1641102320809057
4.446312674691089	0.16312639767893353
4.456562483975033	0.16214722725452854
4.466835921509633	0.1611727176336441
4.477133041763626	0.16020286525232302
4.487453899331323	0.15923766615182497
4.49779854893288	0.15827711597371166
4.508167045414603	0.15732120995488436
4.518559443749224	0.15636994292257803
4.528975799036209	0.15542330928930703
4.539416166502032	0.15448130304776755
4.549880601500488	0.15354391776568996
4.560369159512962	0.15261114658064742
4.570881896148752	0.15168298219481344
4.581418867145335	0.1507594168696756
4.591980128368688	0.149840442420697
4.6025657358135605	0.14892605021193267
4.613175745603796	0.14801623115059384
4.623810213992603	0.14711097568156542
4.634469197362879	0.14621027378187143
4.645152752227495	0.14531411495509186
4.6558609352295885	0.14442248822572884
4.666593803142887	0.14353538213351938
4.677351412871981	0.1426527847277009
4.688133821452653	0.14177468356121994
4.698941086052153	0.14090106568489372
4.709773263969529	0.1400319176415139
4.720630412635905	0.13916722545990187
4.731512589614805	0.13830697464890668
4.7424198526024455	0.1374511501913519
4.753352259428054	0.13659973653792554
4.7643098680541565	0.13575271760101762
4.775292736576909	0.1349100767485001
4.786300923226383	0.13407179679745307
4.797334486366892	0.13323786000783278
4.808393484497285	0.1324082480760853
4.819477976251274	0.13158294212870042
4.830588020397726	0.1307619227157109
4.841723675840994	0.12994284211533233
4.8528850016212095	0.12912223061750674
4.864072056914616	0.1283058128258828
4.875284901033862	0.12749358643876404
4.886523593428336	0.12668554881623023
4.897788193684462	0.1258816969758974
4.909078761526032	0.1250820275886366
4.920395356814509	0.12428653697425548
4.9317380395493595	0.12349522109713765
4.943106869868354	0.1227080755618448
4.954501908047903	0.12192509560867532
4.96592321450336	0.12114627610918537
4.97737084978936	0.12037161156166609
4.9888448746001215	0.11960109608658186
5.000345349769786	0.1188347234219645
5.011872336272722	0.11807248691876808
5.0234258952238715	0.11731437953617817
5.035006087879047	0.11656039383688202
5.046612975635284	0.1158105219822919
5.05824662003114	0.11506475572772835
5.0699070827470445	0.11432308641755708
5.081594425605605	0.11358550498028362
5.093308710571955	0.11285200192360198
5.105049999754062	0.11212256732939992
5.116818355403078	0.1113971908487175
5.1286138399136485	0.11067586169666162
5.140436515824262	0.10995856864727316
5.152286445817564	0.10924530002834905
5.16416369272071	0.10853604371621652
5.176068319505676	0.10783078713046158
5.188000389289612	0.10712951722860865
5.199959965335159	0.10643222050075395
5.211947111050805	0.10573888296414856
5.223961889991197	0.10504949015773583
5.236004365857504	0.1043640271366365
5.248074602497725	0.10368247846658768
5.2601726639070625	0.10300482821832889
5.2722986142282275	0.10233105996194093
5.284452517751805	0.10166115676113197
5.296634438916578	0.10099510116747404
5.308844442309884	0.10033287521458681
5.321082592667942	0.09967446041227135
5.333348954876211	0.09901983774058987
5.345643593969716	0.09836898764389448
5.357966575133418	0.09772189002480096
5.370317963702527	0.09707852423811171
5.382697825162884	0.09643886908468155
5.3951062251512765	0.09580290280523278
5.4075432294558095	0.09517060307411214
5.420008904016238	0.09454194699299505
5.432503314924333	0.09391447516684015
5.445026528424211	0.09328455407566087
5.4575786109127105	0.09265817204679726
5.470159628939716	0.09203532425506414
5.482769649208539	0.09141600555453179
5.495408738576246	0.09080021047462787
5.508076964054036	0.09018793321620135
5.520774392807573	0.08957916764755312
5.533501092157368	0.08897390730042752
5.546257129579107	0.08837214536597075
5.559042572704037	0.08777387469064905
5.5718574893192985	0.08717908777213317
5.584701947368309	0.0865877767551427
5.597576014951102	0.08599993342725487
5.610479760324706	0.08541554921467383
5.623413251903491	0.08483461517796316
5.6363765582595455	0.08425712200773831
5.649369748123025	0.08368306002032164
5.6623928903825345	0.08311241915335683
5.675446054085471	0.08254518896138553
5.688529308438416	0.08198135861138205
5.701642722807475	0.08142091687825039
5.714786366718672	0.08086385214027819
5.727960309858292	0.0803101523745526
5.741164622073277	0.0797598051523324
5.7543993733715695	0.07921279763438127
5.767664633922509	0.07866911656625677
5.780960474057181	0.07812874827355942
5.794286964268812	0.0775916786571379
5.807644175213121	0.07705789318825211
5.821032177708716	0.07652737690369285
5.834451042737448	0.07600011440085848
5.847900841444809	0.07547608983278684
5.861381645140288	0.07495528690314435
5.874893525297769	0.07443768886116903
5.88843655355589	0.07392327849657047
5.902010801718445	0.07341203813438232
5.91561634175474	0.07290394962977186
5.9292532458	0.07239899436280078
5.942921586155727	0.07189715323314239
5.956621435290106	0.07139840665474953
5.970352865838369	0.07090273455047796
5.984115950603199	0.07041011634665989
5.997910762555095	0.06992053096763184
6.011737374832782	0.06943395683021247
6.025595860743578	0.06895037183813352
6.0394862937638	0.06846975337642
6.0534087475391365	0.06799207830572312
6.067363295885055	0.06751732295660112
6.08135001278718	0.06704546312375217
6.095368972401694	0.06657370097517992
6.109420249055721	0.06609790215646227
6.123503917247737	0.06562488608797097
6.137620051647943	0.06515464961770447
6.151768727098683	0.06468718935179371
6.165950018614822	0.06422250165154231
6.180164001384161	0.06376058263043817
6.1944107507678146	0.06330142815113936
6.208690342300634	0.06284503382243133
6.223002851691596	0.06239139499615664
6.237348354824191	0.06194050676411771
6.251726927756859	0.06149236395494934
6.266138646723353	0.06104696113096549
6.2805835881331795	0.06060429258497465
6.295061828571975	0.06016435233706868
6.309573444801933	0.05972713413138106
6.324118513762193	0.05929263143281657
6.33869711256927	0.05886083742375069
6.353309318517436	0.058431745000700454
6.367955209079159	0.05800534677096334
6.382634861905486	0.05758163504922801
6.397348354826482	0.057160601854152705
6.412095765851615	0.05674223890491422
6.4268771731701975	0.05632653761772443
6.441692655151772	0.055913489102317485
6.456542290346556	0.055503084158403125
6.471426157485831	0.05509531327209052
6.486344335482385	0.054690166612278025
6.501296903430906	0.05428763402701246
6.516283940608428	0.05388770503981418
6.531305526474723	0.05349036884597089
6.546361740672751	0.05309561430879685
6.561452663029053	0.052703429955860207
6.576578373554206	0.05231380397517535
6.591738952443213	0.05192672421136275
6.606934480075961	0.0515421781617732
6.622165037017619	0.051160152972579094
6.637430704019089	0.050780635434829635
6.652731562017413	0.05040361198047238
6.668067692136222	0.050029068678338146
6.6834391756861455	0.04965699123009192
6.698846094165265	0.04928736496614642
6.714288529259523	0.04892017484154084
6.729766562843179	0.048555405431782085
6.745280276979219	0.04819304092865054
6.760829753919819	0.04783306513596748
6.77641507610675	0.04747546146532661
6.792036326171846	0.04712021293178679
6.807693586937414	0.046767302149527935
6.823386941416698	0.04641671132746787
6.839116472814292	0.04606648225878919
6.8548822645266165	0.04571372169581267
6.870684400142321	0.04536319944557479
6.886522963442762	0.04501491232047951
6.902398038402419	0.04466885693155782
6.918309709189366	0.04432502968602937
6.934258060165691	0.04398342678484333
6.9502431758879695	0.04364404422019557
6.966265141107686	0.043306877773024485
6.982324040771715	0.04297192301048282
6.998419960022734	0.04263917528338788
7.014552984199714	0.04230862972364742
7.030723198838334	0.04198028124166333
7.046930689671471	0.04165412452371072
7.06317554262962	0.04133015402929456
7.07945784384138	0.04100836398848113
7.095777679633888	0.04068874839920669
7.112135136533292	0.04037130102456084
7.128530301265195	0.04005601539004633
7.1449632607551345	0.03974288478081328
7.16143410212902	0.03943190223886963
7.177942912713619	0.03912306056026544
7.194489780036995	0.03881635229225309
7.211074791828998	0.03851176973042078
7.227698036021702	0.03820930491580175
7.2443596007499025	0.0379089496319563
7.261059574351547	0.037610695402028986
7.277798045368242	0.03731453348577836
7.294575102545687	0.03702045487658147
7.311390834834176	0.03672845029841036
7.3282453313890406	0.036438510202783
7.345138681571151	0.036150624765685785
7.362070974947361	0.035864783884469925
7.379042301291012	0.0355809771747192
7.396052750582378	0.0352991939670908
7.413102413009177	0.03501942330412747
7.430191378967014	0.03474165393704223
7.447319739059893	0.03446587432247357
7.464487584100665	0.03419207261921321
7.481695005111545	0.03392023668490375
7.498942093324558	0.03365035407270838
7.516228940182057	0.03338241202794997
7.533555637337174	0.03311639748472185
7.550922276654341	0.03285229706246757
7.568328950209744	0.03259009706253155
7.58577575029184	0.032329783464678685
7.603262769401819	0.0320713419235841
7.620790100254123	0.031814757765291295
7.638357835776907	0.03156001598364014
7.655966069112566	0.031307101236662686
7.67361489361819	0.031054398927689277
7.691304402866098	0.03079952381577547
7.709034690644301	0.030546406398869807
7.726805850957025	0.030295043363807003
7.744617978025188	0.03004543122970011
7.76247116628692	0.02979756634594059
7.78036551039804	0.029551444890181085
7.798301105232589	0.029307062866298972
7.816278045883297	0.029064416102342536
7.83429642766212	0.028823500248457666
7.852356346100718	0.028584310774796617
7.870457896950989	0.02834684296940716
7.888601176185544	0.028111091936103606
7.906786279998253	0.02787705259231767
7.925013304804718	0.027644719666931102
7.943282347242818	0.027414087698087734
7.961593504173188	0.027185151030986954
7.979946872679768	0.026957903815656544
7.9983425500702845	0.026732340004706215
8.016780633876794	0.02650845335106049
8.035261221856173	0.02628623740567188
8.05378441199067	0.02606568551521311
8.072350302488383	0.02584679081974926
8.090958991783825	0.025629546250388612
8.109610578538408	0.025413944526913177
8.128305161640995	0.025199978155387458
8.147042840208396	0.02498763942574676
8.165823713585926	0.024776920409363183
8.1846478813479	0.024567812956590867
8.203515443298185	0.024360308694288808
8.222426499470712	0.024154399023322223
8.241381150130026	0.023950075116041282
8.260379495771788	0.023747327913738275
8.279421637123345	0.023546148124081345
8.298507675144226	0.023346526218526602
8.317637711026709	0.023148452429706583
8.336811846196344	0.022951916748796063
8.356030182312479	0.02275690892285488
8.375292821268827	0.022563418452146725
8.394599865193973	0.0223714345874352
8.413951416451951	0.022180946327255265
8.433347577642753	0.021991942415161607
8.452788451602899	0.021804411336952045
8.472274141405963	0.02161834131786733
8.491804750363139	0.021433720319765856
8.511380382023763	0.02125053603827413
8.531001140175896	0.021068775899911872
8.550667128846833	0.02088842705919259
8.570378452303697	0.020709476395698118
8.590135215053957	0.020531910511128383
8.609937521846007	0.020354299755849455
8.629785477669701	0.02017453203156799
8.649679187756934	0.01999608836452433
8.669618757582166	0.019818966089374113
8.689604292863018	0.019643162412982272
8.709635899560805	0.019468674412906947
8.729713683881117	0.01929549903586923
8.74983775227436	0.01912363309620946
8.770008211436348	0.018953073274329144
8.790225168308842	0.01878381611511938
8.810488730080142	0.01861585802637456
8.830799004185627	0.0184491952771923
8.851156098308357	0.018283823996358514
8.871560120379607	0.018119740170718476
8.892011178579486	0.017956939643532746
8.912509381337454	0.017795418112818862
8.933054837332953	0.01763517112967773
8.953647655495937	0.017476194096605446
8.974287945007486	0.017318482265789553
8.994975815300352	0.01716203073739072
9.01571137605957	0.01700683445780832
9.036494737223014	0.01685288821793128
9.057326008982002	0.016700186651372746
9.078205301781857	0.01654872423268952
9.099132726322518	0.016398495275585248
9.120108393559097	0.016249493931098088
9.141132414702504	0.016101714185771734
9.162204901219997	0.015955149859810884
9.183325964835811	0.0158097946052197
9.204495717531712	0.01566564190392438
9.225714271547634	0.015522685065878582
9.246981739382225	0.015380917227152676
9.268298233793494	0.01524033134800547
9.289663867799362	0.015100920210939638
9.311078754678306	0.014962676418739319
9.33254300796991	0.014825592392491092
9.354056741475521	0.014689660369586827
9.375620069258803	0.014554872401709731
9.39723310564638	0.014421220352802007
9.418895965228414	0.014288695897015253
9.440608762859236	0.014157290516642397
9.462371613657929	0.014026995500031945
9.484184633008974	0.01389780193948354
9.506047936562814	0.013769700729125601
9.527961640236521	0.01364268256277378
9.549925860214358	0.013516737931771477
9.571940712948447	0.013391857122810685
9.594006315159332	0.01326803021573465
9.616122783836648	0.013145247081320616
9.638290236239705	0.013023497379043908
9.660508789898136	0.012901717984012467
9.68277856261249	0.012778338463886669
9.7050996724549	0.01265594606675087
9.727472237769652	0.012534538411110251
9.749896377173872	0.012414113015519741
9.772372209558107	0.012294667297412054
9.79489985408699	0.012176198571914739
9.817479430199844	0.012058704050656979
9.84011105761134	0.011942180840565357
9.862794856312105	0.011826625942649077
9.885530946569391	0.011712036250773983
9.908319448927676	0.011598408550425949
9.93116048420934	0.011485739517462826
9.954054173515269	0.011374025716855564
9.977000638225535	0.01126326360141779
10.	0.011153449510524329
10.023052380778994	0.01104457966881799
10.046157902783957	0.010936650184905009
10.069316688518045	0.010829657050039038
10.092528860766844	0.01072359613679293
10.115794542598982	0.0106184631977192
10.1391138573668	0.010514253863998334
10.16248692870696	0.010410963644075363
10.18591388054117	0.010308587922283884
10.209394837076797	0.010207121957458355
10.232929922807546	0.01010656088153385
10.256519262514079	0.01000689969813367
10.280162981264736	0.009908133281144102
10.303861204416158	0.009810256373276937
10.32761405761398	0.009713263584619112
10.351421666793442	0.009617149391169855
10.375284158180126	0.009521908133364456
10.39920165829059	0.009427534014585496
10.423174293933046	0.009334021099660793
10.447202192208003	0.009241363313348315
10.471285480508996	0.009149554438807484
10.495424286523221	0.009058588116057378
10.519618738232236	0.008968457840421305
10.543868963912592	0.00887915696095787
10.568175092136585	0.008790678678878047
10.592537251772887	0.008703016045948711
10.616955571987253	0.00861616196288208
10.641430182243164	0.008530109177711269
10.665961212302578	0.008444850284151328
10.690548792226577	0.008360377719946374
10.71519305237607	0.008276683765202157
10.739894123412451	0.008193760540704248
10.76465213629835	0.008111600006221343
10.789467222298287	0.008030193958794138
10.814339512979387	0.00794953403100916
10.83926914021204	0.007868765287598832
10.864256236170656	0.00778662485877862
10.889300933334333	0.007705193187684344
10.91440336448757	0.007624468329554816
10.939563662720943	0.007544448265086657
10.964781961431852	0.007465130899567853
10.990058394325208	0.007386514062003692
11.015393095414156	0.007308595504234758
11.040786199020735	0.00723137290004724
11.066237839776663	0.00715484384427485
11.091748152624008	0.007079005851893184
11.117317272815919	0.007003856357105643
11.142945335917304	0.006929392712421498
11.168632477805613	0.006855612187725369
11.194378834671515	0.006782511969338749
11.220184543019629	0.006710089159072998
11.24604973966927	0.006638340773273923
11.271974561755105	0.006567263741858052
11.297959146727976	0.006496854907339988
11.324003632355566	0.0064271110238514895
11.350108156723154	0.006358028756151681
11.37627285823431	0.006289604678628603
11.402497875611685	0.0062218352742917675
11.428783347897712	0.006154716933755955
11.45512941445536	0.0060882459542159675
11.481536214968829	0.0060224185384124855
11.508003889444357	0.005957230793588488
11.534532578210918	0.005892678730436803
11.561122421920993	0.005828758262038184
11.587773561551263	0.005765465202790291
11.614486138403427	0.005702795267326893
11.641260294104908	0.005640744069427923
11.66809617060963	0.005579307120919779
11.694993910198711	0.0055184798305661625
11.721953655481304	0.005458257502948932
11.748975549395292	0.005398635337339419
11.776059735208078	0.005339608426559737
11.803206356517299	0.005281171755834283
11.830415557251646	0.005223320201630973
11.857687481671597	0.005166048530492607
11.88502227437019	0.005109351397857914
11.91242008027375	0.005053223346872482
11.93988104464273	0.004997658807189053
11.967405313072431	0.0049426520937577165
11.994993031493793	0.004888197405605365
12.02264434617413	0.004834288824604745
12.050359403717973	0.004780920314232562
12.078138351067798	0.004728085718317096
12.10598133550483	0.004675778759774808
12.133888504649775	0.004623993039336138
12.161860006463678	0.004572060863918031
12.189895989248662	0.004518995887041162
12.217996601648723	0.004466423412178457
12.246161992650489	0.004414342083009295
12.274392311584071	0.004362750491642499
12.30268770812381	0.004311647178017908
12.331048332289097	0.0042610306293023245
12.359474334445107	0.004210899279280352
12.387965865303691	0.0041612515077393535
12.416523075924106	0.004112085639849342
12.445146117713856	0.004063399945537008
12.473835142429433	0.004015192638854439
12.5025903021772	0.003967461877341895
12.531411749414156	0.00392020576138514
12.560299636948754	0.0038734223335669784
12.589254117941675	0.0038271095780130567
12.618275345906707	0.0037812654197317322
12.64736347471151	0.0037358877239482132
12.67651865857846	0.003690974295432732
12.705741052085418	0.0036465228778228115
12.735030810166617	0.003602531152939411
12.764388088113435	0.0035589967400971576
12.793813041575252	0.003515917195408388
12.823305826560219	0.003473290011081132
12.852866599436155	0.0034311126147107663
12.882495516931336	0.003389382368565545
12.912192736135347	0.003348096568865749
12.941958414499863	0.003307252445056627
12.971792709839558	0.003266847159074711
13.001695780332899	0.0032268778046078837
13.031667784523	0.0031873414063488723
13.061708881318419	0.003148234919242239
13.09181922999407	0.003109555227724647
13.121998990192028	0.0030712991449585985
13.15224832192239	0.0030334634120594223
13.182567385564074	0.0029960446973155423
13.212956341865752	0.0029590395954017957
13.243415351946643	0.0029224446265860536
13.273944577297401	0.0028862562359287963
13.304544179780914	0.0028504707924758405
13.33521432163324	0.0028150845884438364
13.365955165464419	0.002780093838398871
13.396766874259358	0.002745494678427817
13.427649611378643	0.0027112831653025673
13.458603540559483	0.002677455275636867
13.489628825916533	0.002644006905035985
13.52072563194278	0.0026109338672389236
13.551894123510364	0.0025782318932532724
13.583134465871542	0.0025458966304824364
13.614446824659497	0.002513923641845471
13.645831365889252	0.002481858495663011
13.677288255958494	0.002449029923538619
13.708817661648537	0.0024165438155809337
13.740419750125149	0.002384399160811537
13.772094688939474	0.002352594911752443
13.803842646028853	0.0023211299840050527
13.83566378971781	0.002290003255825205
13.867558288718882	0.002259213567694559
13.89952631213354	0.0022287597218880774
13.931568029453036	0.0021986404820377135
13.963683610559377	0.002168854572692104
13.995873225726179	0.0021394006788724254
14.028137045619589	0.0021102774456242643
14.060475241299143	0.002081483477565564
14.092887984218748	0.0020530173384304034
14.12537544622754	0.002024877550608904
14.157937799570824	0.0019970625946829287
14.190575216890926	0.0019695709089577627
14.223287871228198	0.0019424008889895495
14.25607593602188	0.0019155508871086173
14.288939585111036	0.0018890192119385657
14.321878992735439	0.0018628041279111546
14.35489433353656	0.0018369038547768016
14.387985782558452	0.001811316567110872
14.421153515248696	0.001786040393815579
14.45439770745928	0.001761073417617523
14.487718535447618	0.00173641367456075
14.52111617587742	0.0017120591534954227
14.554590805819668	0.0016880077955619766
14.58814260275349	0.0016642574936707873
14.621771744567184	0.0016408060919771818
14.655478409559112	0.0016176513853519712
14.689262776438676	0.0015947911188472505
14.723125024327194	0.001572222987157642
14.757065332758946	0.0015499446340766884
14.791083881682072	0.0015279536519486223
14.825180851459544	0.0015062475811152862
14.859356422870075	0.0014848239093583012
14.893610777109155	0.0014636800713362721
14.92794409578996	0.0014428134480171991
14.962356560944343	0.0014222213661058858
14.99684835502374	0.00140190109746645
15.031419660900225	0.0013818498585397106
15.066070661867418	0.0013620648097556279
15.100801541641477	0.0013425430549405845
15.135612484362087	0.001323281640719563
15.170503674593368	0.001304277555913168
15.205475297324954	0.0012855277309293668
15.240527537972907	0.0012670290371500467
15.275660582380732	0.0012487782863122349
15.310874616820303	0.0012304764733942445
15.346169827992941	0.0012116820473959619
15.381546403030342	0.0011931217024378625
15.4170045294956	0.001174794485633643
15.452544395384141	0.0011566994157901679
15.488166189124811	0.0011388354830884065
15.523870099580817	0.001121201648761626
15.55965631605075	0.0011037968447706885
15.595525028269538	0.0010866199734765158
15.631476426409538	0.001069669907309573
15.667510701081484	0.001052945488436515
15.70362804333553	0.0010364455284238413
15.739828644662197	0.0010201688078986218
15.776112696993485	0.0010041140762061646
15.812480392703826	0.0009882800510647332
15.848931924611142	0.0009726654182171868
15.88546748597779	0.0009572688310795994
15.9220872705117	0.0009420889103867075
15.95879147236732	0.0009271242438343409
15.995580286146694	0.0009123733857186417
16.032453906900418	0.0008978348565721892
16.069412530128773	0.0008835071427968587
16.106456351782697	0.0008693886962935276
16.143585568264868	0.0008554779340885135
16.18080037643066	0.0008417732379567855
16.218100973589298	0.0008282729540418202
16.255487557504836	0.0008149753924722012
16.292960326397232	0.0008018788269748463
16.330519478943348	0.0007889814944848946
16.368165214278086	0.0007762815947521467
16.40589773199539	0.0007637772899441336
16.443717232149325	0.0007514667042457083
16.481623915255085	0.0007393479234551907
16.51961798229015	0.000727418994576952
16.557699634695275	0.0007156779254105295
16.595869074375614	0.0007041226841361386
16.634126503701697	0.0006927511988966385
16.672472125510627	0.0006815613573758256
16.71090614310707	0.0006705510063731313
16.749428760264383	0.0006597179513746237
16.788040181225607	0.0006490599561203304
16.82674061070467	0.0006385747421677814
16.865530253887407	0.0006282599884518446
16.90440931643265	0.000618113330840742
16.94337800447329	0.0006081323616882634
16.982436524617444	0.0005983146293821008
17.0215850839495	0.0005886576378883337
17.060823890031244	0.0005791588462919843
17.10015315090288	0.0005698156683336571
17.139573075084254	0.0005606254719421569
17.179083871575877	0.0005513337482554434
17.21868574986008	0.0005415646185669996
17.25837891990204	0.000531936945780566
17.298163592151013	0.0005224500217060895
17.338039977541374	0.0005131031193311793
17.378008287493763	0.0005038954926123032
17.418068733916144	0.000494826376264164
17.458221529205037	0.0004858949855471806
17.498466886246565	0.0004771005160531433
17.53880501841762	0.000468442143488953
17.579236139586932	0.00045991902345848384
17.619760464116293	0.0004515302912424998
17.66037820686164	0.00044327506157666404
17.70108958317422	0.0004351524284275938
17.741894808901662	0.000427161464766966
17.78279410038923	0.0004193012223436146
17.82378767448089	0.000411570731453666
17.864875748520518	0.0004039690007086501
17.906058540352948	0.00039649501680160353
17.947336268325266	0.00038914774427109707
17.988709151287875	0.0003819261252632437
18.030177408595698	0.000374829079291612
18.071741260109274	0.00036785550299506633
18.113400926196025	0.00036100426989347373
18.15515662773135	0.00035427423014131786
18.197008586099845	0.0003476642102791512
18.238957023196384	0.00034117301298291667
18.281002161427427	0.0003347994168110556
18.323144223712113	0.00032854217594946574
18.365383433483473	0.00032240001995422575
18.407720014689563	0.0003163716534921125
18.450154191794738	0.0003104557560788529
18.492686189780777	0.00030465098181513695
18.535316234148123	0.0002989559591203365
18.57804455091699	0.0002933692904639478
18.620871366628677	0.0002878895520946897
18.663796908346693	0.0002825152937672982
18.706821403658015	0.00027724503846694883
18.74994508067419	0.00027207728213133264
18.793168168032686	0.0002670104933703132
18.836490894898002	0.0002620431131832048
18.879913490962945	0.0002571735546736085
18.92343618644976	0.0002524002027618173
18.967059212111465	0.0002477214138947361
19.010782799232995	0.00024313551575334044
19.054607179632484	0.00023864080695761713
19.098532585662387	0.00023423555676899883
19.14255925021086	0.00022991800479023176
19.18668740670289	0.0002256863606627048
19.230917289101594	0.00022153880376118412
19.275249131909366	0.00021730003638979346
19.31968317016924	0.00021271116954304513
19.364219639466068	0.00020819843686035764
19.408858775927794	0.00020376134808918666
19.453600816226633	0.00019939940138462983
19.498445997580454	0.00019511208318317858
19.543394557753942	0.00019089886807538864
19.58844673505991	0.00018675921867742113
19.633602768360475	0.00018269258550147492
19.67886289706845	0.00017869840682506593
19.724227361148536	0.0001747761085591846
19.76969640111862	0.0001709251041152962
19.81527025805099	0.00016714479427118624
19.860949173573715	0.00016343456703562614
19.906733389871864	0.00015979379751187499
19.952623149688808	0.00015622184775998806
19.998618696327448	0.00015271806665793482
20.044720273651613	0.00014928178976149827
20.090928126087277	0.00014591233916297475
20.137242498623895	0.000142609023348639
20.183663636815616	0.00013937113705498412
20.23019178678272	0.00013619796112370342
20.276827195212817	0.0001330887623554325
20.32357010936221	0.00013004279336221945
20.37042077705719	0.00012705929241872387
20.417379446695296	0.0001241374833121367
20.46444636724674	0.00012127657519079339
20.511621788255646	0.00011847576241149711
20.558905959841425	0.00011573422438551866
20.606299132700006	0.00011305112542328054
20.65380155810529	0.00011042561457769321
20.701413487910415	0.00010785682548615691
20.749135174549107	0.0001053438762112026
20.79696687103696	0.0001028858690797707
20.844908830972887	0.00010048189052110276
20.892961308540386	0.00009813101090325433
20.941124558508935	0.0000958322843682045
20.989398836235246	0.00009358474866555946
21.03778439766475	0.0000913874249848255
21.086281499332888	0.00008923931778625951
21.134890398366476	0.00008713941463027102
21.183611352485023	0.00008508668600537304
21.23244462000219	0.00008308008515466008
21.28139045982711	0.00008111854790081461
21.330449131465773	0.0000792009924696218
21.379620895022324	0.00007732631931198663
21.428906011200585	0.00007549341092442994
21.47830474130533	0.00007370113166807025
21.527817347243737	0.00007194832758606118
21.57744409152667	0.00007023382621948853
21.6271852372702	0.00006855643642169705
21.67704104819694	0.00006691494817105255
21.727011788637455	0.00006530813238211552
21.77709772353159	0.0000637347407152208
21.827299118430012	0.00006219350538444082
21.87761623949552	0.00006068313896393435
21.9280493535045	0.000059202334192654764
21.978598727848254	0.00005774976377741607
22.02926463053456	0.00005632408019429117
22.080047330188993	0.00005492391548834315
22.13094709605639	0.00005354788107166763
22.181964198002195	0.00005219456751973743
22.23309890651403	0.00005086254436603
22.28435149270303	0.00004955035989493393
22.335722228305325	0.000048256540932913534
22.3872113856834	0.000046979592637922323
22.438819237827662	0.000045717998287045954
22.490546058357804	0.00004447021906236974
22.542392121524305	0.0000432346938350486
22.59435770220978	0.000042009838947572996
22.646443075930595	0.000040794047994206546
22.698648518838212	0.00003958569159959393
22.750974307720718	0.000038383117195514484
22.803420720004187	0.000037184648795774756
22.8559880337543	0.00003598858676921623
22.908676527677724	0.000034793207610835096
22.961486481123632	0.00003359676371099039
23.01441817408509	0.0000323974831226921
23.06747188720069	0.00003119356932694636
23.12064790175594	0.000029983200996152347
23.173946499684796	0.00002876453175552908
23.227367963571073	0.000027535689942560894
23.280912576650078	0.000026294778364440165
23.33458062281002	0.000025039874053500525
23.38837238659356	0.00002376902802061784
23.442288153199225	0.000022480265006569262
23.49632820848307	0.000021171583231325263
23.55049283896009	0.0000198409541412713
23.604782331805783	0.000018486322154332144
23.65919697485759	0.000017105604402991715
23.71373705661655	0.00001569669047518096
23.76840286624876	0.000014257442153030271
23.823194693586913	0.000012785693149460538
23.878112829131783	0.000011279248842602731
23.933157564053875	9.73588600802015e-6
23.9883291901949	8.153352548727826e-6
24.043628000069347	6.529367222983993e-6
24.099054286865954	4.861619369842192e-6
24.154608344449404	3.1477686324368914e-6
24.210290467361776	1.38544467899982e-6