0.1	6.314532681008125
0.10023052380778996	6.310272487514019
0.10046157902783952	6.306006708665081
0.10069316688518042	6.301735348959521
0.10092528860766845	6.29745841297103
0.10115794542598985	6.293175905349152
0.10139113857366794	6.288887830819649
0.10162486928706957	6.284594830531806
0.1018591388054117	6.280297026012392
0.102093948370768	6.275993673955334
0.10232929922807542	6.271684776043467
0.10256519262514076	6.267370333991124
0.10280162981264736	6.263050349544052
0.10303861204416162	6.258724824479337
0.10327614057613975	6.254393760605339
0.10351421666793438	6.250057159761596
0.10375284158180126	6.245715023818757
0.10399201658290592	6.241367354678483
0.10423174293933042	6.2370141542733695
0.10447202192208001	6.232655424566846
0.10471285480508996	6.22829116755309
0.10495424286523224	6.223921385256925
0.1051961873823223	6.219546079733717
0.1054386896391259	6.215165253069286
0.10568175092136585	6.21077890737978
0.10592537251772889	6.206387044811577
0.10616955571987247	6.201989667541173
0.10641430182243161	6.197586777775063
0.10665961212302578	6.193178377749623
0.1069054879222658	6.188764469730989
0.10715193052376065	6.1843450560149265
0.10739894123412448	6.179920138926708
0.1076465213629835	6.1754897208209805
0.10789467222298288	6.171053804081627
0.1081433951297938	6.166612391121625
0.10839269140212036	6.162165484382912
0.10864256236170655	6.157713086336236
0.10889300933334335	6.153255199481003
0.10914403364487565	6.148791826345125
0.10939563662720939	6.144322969484871
0.1096478196143185	6.139848631484692
0.10990058394325211	6.135368814957073
0.11015393095414151	6.130883522542356
0.11040786199020733	6.12639275690857
0.11066237839776664	6.121896520751252
0.11091748152624012	6.117394816793279
0.11117317272815914	6.112887647784677
0.11142945335917301	6.108375016502429
0.11168632477805612	6.103856925750295
0.11194378834671516	6.099333378358612
0.11220184543019636	6.094804377184092
0.11246049739669266	6.090269925109626
0.11271974561755105	6.085730025044067
0.11297959146727979	6.081184679922031
0.11324003632355571	6.076633892703669
0.11350108156723152	6.072077666374453
0.1137627285823431	6.067516003944952
0.11402497875611688	6.0629487121901375
0.11428783347897718	6.058375758193981
0.11455129414455358	6.053797375818189
0.1148153621496883	6.049213569205059
0.11508003889444356	6.04462434253516
0.11534532578210924	6.040029700027236
0.11561122421920987	6.035429645938077
0.11587773561551262	6.030824184562407
0.11614486138403426	6.02621332023276
0.11641260294104915	6.021597057319345
0.11668096170609624	6.016975400229928
0.11694993910198712	6.012348353409681
0.11721953655481303	6.007715921341064
0.11748975549395298	6.003078108543664
0.11776059735208072	5.998434919574062
0.11803206356517298	5.993786359025675
0.11830415557251646	5.989132431528612
0.118576874816716	5.9844731417495005
0.11885022274370183	5.979808494391345
0.11912420080273747	5.975138494193345
0.1193988104464273	5.970463145930737
0.11967405313072434	5.965782454414609
0.11994993031493788	5.961096424491733
0.12022644346174129	5.956405061044375
0.12050359403717974	5.9517083689901185
0.120781383510678	5.947006353281661
0.12105981335504823	5.942299018906628
0.12133888504649772	5.93758637088737
0.12161860006463679	5.932868414280763
0.12189895989248664	5.928145154177989
0.12217996601648717	5.923416595704337
0.12246161992650487	5.9186827440189775
0.12274392311584072	5.913943604314738
0.12302687708123815	5.909199181817884
0.1233104833228909	5.904449481787881
0.12359474334445104	5.899694509517159
0.1238796586530369	5.894934270330877
0.1241652307592411	5.8901687695866665
0.1244514611771385	5.885398012674389
0.12473835142429429	5.880622005015876
0.125025903021772	5.875840752064672
0.1253141174941416	5.871054259305761
0.1256029963694875	5.866262532255302
0.12589254117941673	5.8614655764603505
0.12618275345906707	5.856663397498572
0.12647363474711512	5.851856000977965
0.12676518658578456	5.847043392536556
0.12705741052085415	5.842225577842113
0.12735030810166617	5.837402562591833
0.12764388088113438	5.832574352512045
0.12793813041575247	5.827740002410535
0.12823305826560213	5.822899343754726
0.12852866599436155	5.818053500549063
0.1288249551693134	5.813202483641653
0.12912192736135342	5.8083463039777445
0.1294195841449986	5.803484972600047
0.12971792709839558	5.798618500649059
0.13001695780332903	5.793746899363403
0.13031667784522993	5.788870180080141
0.13061708881318415	5.7839883542351105
0.1309181922999407	5.7791014333632384
0.13121998990192033	5.77420942909888
0.13152248321922383	5.769312353176128
0.1318256738556407	5.764410217429147
0.1321295634186575	5.759503033792498
0.13243415351946647	5.7545908143014515
0.13273944577297395	5.74967357109232
0.1330454417978091	5.744751316402775
0.1333521432163324	5.739824062572168
0.13365955165464422	5.734891822041855
0.1339676687425935	5.729954607355513
0.1342764961137864	5.72501243115946
0.13458603540559483	5.720065306202971
0.13489628825916536	5.715113245338611
0.13520725631942773	5.710156261522525
0.1355189412351036	5.705194367814786
0.1358313446587154	5.700227577379682
0.136144468246595	5.695255903486054
0.13645831365889247	5.690279359507603
0.13677288255958492	5.685297958923191
0.13708817661648537	5.680311715317176
0.13740419750125152	5.675320642379708
0.13772094688939465	5.670324753907045
0.1380384264602885	5.665324063801864
0.1383566378971781	5.66031858607357
0.13867558288718884	5.655308334838602
0.13899526312133534	5.650293324320746
0.13931568029453031	5.645273568851433
0.13963683610559377	5.640249082870054
0.13995873225726183	5.635219880924255
0.14028137045619582	5.630185977670248
0.1406047524129914	5.625147387873112
0.14092887984218747	5.620104126407087
0.14125375446227545	5.615056208255884
0.14157937799570816	5.610003648512979
0.14190575216890922	5.604946462381908
0.142232878712282	5.599884665176571
0.14256075936021884	5.594818272321518
0.1428893958511103	5.589747299352253
0.14321878992735435	5.584671761915519
0.1435489433353656	5.579592344907734
0.14387985782558455	5.5745091868573375
0.14421153515248689	5.569421516925514
0.14454397707459277	5.564329347682635
0.14487718535447616	5.559232691762746
0.14521116175877424	5.554131561863388
0.14554590805819662	5.549025970745401
0.14588142602753484	5.543915931232729
0.14621771744567183	5.538801456212216
0.14655478409559117	5.533682558633393
0.1468926277643867	5.528559251508264
0.1472312502432719	5.523431547911089
0.14757065332758945	5.518299460978158
0.14791083881682077	5.513163003907544
0.14825180851459538	5.50802218995889
0.1485935642287007	5.502877032453144
0.14893610777109154	5.4977275447723155
0.14927944095789963	5.492573740359221
0.14962356560944334	5.487415632717223
0.1499684835502373	5.482253235409952
0.15031419660900225	5.4770865620610465
0.15066070661867417	5.471915626353857
0.15100801541641484	5.466740442031166
0.1513561248436208	5.461561022894897
0.1517050367459337	5.4563773828058
0.15205475297324955	5.451189535683166
0.15240527537972914	5.445997495504489
0.15275660582380723	5.440801276305165
0.15310874616820302	5.435600892178151
0.15346169827992942	5.430396357273638
0.1538154640303035	5.425187685798709
0.15417004529495593	5.419974892016985
0.1545254439538414	5.4147579902482725
0.1548816618912481	5.409536994868208
0.15523870099580825	5.404311920307872
0.15559656316050743	5.399082781053429
0.15595525028269538	5.393849591645728
0.15631476426409538	5.388612366679921
0.15667510701081494	5.383371120805055
0.15703628043335524	5.378125868723671
0.15739828644662196	5.372876625191383
0.15776112696993486	5.36762340501646
0.15812480392703834	5.36236622305939
0.15848931924611134	5.357105094232447
0.15885467485977792	5.351840033499237
0.159220872705117	5.34657105587425
0.15958791472367329	5.341298176422389
0.15995580286146688	5.336021410258506
0.16032453906900418	5.330740772546916
0.1606941253012877	5.325456278500912
0.16106456351782708	5.32016878484379
0.16143585568264862	5.314878461131886
0.16180800376430657	5.309584333271081
0.16218100973589297	5.304286412233678
0.16255487557504839	5.298984708976752
0.16292960326397224	5.293679234441028
0.16330519478943342	5.2883699995497295
0.16368165214278085	5.283057015207408
0.16405897731995392	5.277740292298778
0.16443717232149316	5.272419841687517
0.1648162391525508	5.267095674215061
0.1651961798229015	5.26176780069939
0.1655769963469528	5.256436231933784
0.16595869074375605	5.251100978685577
0.16634126503701693	5.245762051694894
0.16672472125510626	5.240419461673364
0.16710906143107074	5.235073219302828
0.16749428760264373	5.22972333523403
0.16788040181225602	5.2243698200852835
0.16826740610704674	5.219012684441134
0.16865530253887412	5.213651938850997
0.16904409316432642	5.208287593827786
0.16943378004473283	5.20291965984652
0.16982436524617442	5.197548147342913
0.17021585083949506	5.192173066711955
0.17060823890031235	5.186794428306471
0.17100153150902875	5.181412242435661
0.17139573075084252	5.176026519363624
0.17179083871575881	5.170637269307874
0.1721868574986007	5.165244502437825
0.17258378919902034	5.159848228873264
0.17298163592151014	5.154448458682813
0.17338039977541378	5.149045201882366
0.17378008287493754	5.143638468433503
0.17418068733916142	5.138228268241903
0.17458221529205037	5.132814611155724
0.1749846688624657	5.127397506963963
0.1753880501841761	5.121976965394814
0.17579236139586926	5.1165529961139935
0.1761976046411629	5.111125608723045
0.17660378206861643	5.105694812757635
0.17701089583174212	5.1002606176858265
0.17741894808901656	5.09482303290633
0.1778279410038923	5.08938206774673
0.17823787674480895	5.083937731461706
0.17864875748520506	5.078490033231228
0.17906058540352943	5.073038982158717
0.17947336268325265	5.067584587269214
0.1798870915128788	5.062126857507498
0.1803017740859569	5.05666580173621
0.1807174126010927	5.05120029076665
0.18113400926196024	5.04573012469298
0.18155156627731356	5.040256650224101
0.18197008586099836	5.034779881868275
0.18238957023196378	5.029299834125199
0.1828100216142743	5.023816521484799
0.18323144223712115	5.018329958425999
0.18365383433483465	5.012840159415476
0.18407720014689558	5.007347138906406
0.18450154191794738	5.001850911337184
0.18492686189780783	4.9963514911301345
0.18535316234148114	4.990848892690208
0.18578044550916986	4.985343130403654
0.18620871366628675	4.979834218636688
0.186637969083467	4.974322171734128
0.18706821403658005	4.96880700401803
0.18749945080674188	4.963288729786297
0.18793168168032684	4.957767363311272
0.18836490894898006	4.952242918838318
0.18879913490962935	4.94671541058438
0.18923436186449755	4.941184852736523
0.18967059212111465	4.935651259450464
0.19010782799233	4.9301146448490725
0.19054607179632474	4.92457502302087
0.1909853258566238	4.919032408018494
0.19142559250210858	4.913486813857161
0.19186687406702896	4.907938254513092
0.19230917289101584	4.90238674392194
0.1927524913190936	4.896832295977184
0.1931968317016924	4.891274924528508
0.19364219639466074	4.885714643380168
0.19408858775927784	4.880151466289327
0.19453600816226624	4.874585406964384
0.19498445997580455	4.869016479063274
0.19543394557753943	4.863444696191754
0.195884467350599	4.857870071901663
0.19633602768360464	4.852292619689173
0.1967886289706845	4.846712352993005
0.19724227361148533	4.8411292851926415
0.19769696401118608	4.835543429606497
0.1981527025805098	4.829954799490096
0.19860949173573716	4.824363408034198
0.19906733389871864	4.818769268362935
0.19952623149688797	4.813172393531893
0.1999861869632744	4.807572796526205
0.20044720273651614	4.8019704902585945
0.2009092812608728	4.796365487567423
0.20137242498623883	4.790757801214684
0.20183663636815607	4.785147443884015
0.2023019178678272	4.779534428178644
0.20276827195212818	4.773917693723021
0.20323570109362218	4.768297056282965
0.2037042077705718	4.7626737897971845
0.20417379446695297	4.757047912177309
0.20464446367246739	4.751419441322632
0.20511621788255657	4.745788395118695
0.20558905959841414	4.74015479143587
0.20606299132700007	4.7345186481278905
0.20653801558105292	4.7288799830303985
0.20701413487910425	4.723238813959448
0.20749135174549097	4.717595158710012
0.2079696687103696	4.711949035054449
0.20844908830972886	4.706300460740971
0.20892961308540398	4.700649453492077
0.20941124558508925	4.694996031002978
0.20989398836235246	4.689340210939998
0.21037784397664752	4.6836820109389645
0.21086281499332898	4.678021448603559
0.21134890398366465	4.672358541503668
0.2118361135248502	4.666693307173709
0.21232444620002192	4.661025763110939
0.21281390459827124	4.655355926773725
0.21330449131465762	4.649683815579824
0.21379620895022325	4.644009446904613
0.21428906011200585	4.638332838079325
0.21478304741305343	4.632654006389239
0.21527817347243727	4.626972969071869
0.21577444091526668	4.621289743315122
0.21627185237270202	4.615604346255437
0.21677041048196952	4.609916794975897
0.21727011788637443	4.604227106504332
0.2177709772353159	4.598535297811385
0.21827299118430013	4.59284138580857
0.2187761623949553	4.587145387346292
0.21928049353504486	4.581447319211863
0.21978598727848253	4.575747198127471
0.2202926463053456	4.570045040748156
0.22080047330189004	4.564340863659736
0.22130947096056375	4.558634683376726
0.22181964198002194	4.552926516340223
0.2223309890651403	4.5472163789157785
0.22284351492703042	4.541504287391233
0.22335722228305316	4.53579025797454
0.223872113856834	4.530074306791556
0.22438819237827662	4.52435644988381
0.2249054605835781	4.518636703206247
0.22542392121524293	4.512915082624948
0.22594357702209775	4.507191603914818
0.22646443075930595	4.501466282757267
0.2269864851883822	4.495739134737829
0.22750974307720706	4.490009250535389
0.2280342072000418	4.484276476011848
0.22855988033754301	4.478541913907372
0.2290867652767773	4.472805584270766
0.2296148648112362	4.467067507110513
0.23014418174085083	4.461327702392913
0.2306747188720069	4.455586190040191
0.23120647901755947	4.449842989928592
0.23173946499684786	4.444098121886442
0.2322736796357107	4.4383516056922
0.23280912576650079	4.432603461072476
0.23334580622810028	4.426853707700033
0.23388372386593548	4.421102365191763
0.2344228815319922	4.415349453106638
0.23496328208483072	4.40959499094364
0.23550492838960096	4.403838998139668
0.2360478233180577	4.398081494067416
0.23659196974857583	4.392322498033234
0.23713737056616552	4.386562029274957
0.23768402866248767	4.380800106959714
0.23823194693586902	4.375036750181713
0.23878112829131776	4.369271977959994
0.23933157564053875	4.363505809236166
0.23988329190194904	4.357738262872113
0.24043628000069334	4.35196935764767
0.24099054286865948	4.346199112258285
0.24154608344449405	4.340427545312642
0.2421029046736178	4.334654675330269
0.24266100950824154	4.328880520739104
0.24322040090738153	4.323105099873054
0.24378108183687525	4.31732843096951
0.2443430552693972	4.311550532166838
0.24490632418447456	4.305771421501853
0.24547089156850305	4.29999111690725
0.24603676041476275	4.294209636209017
0.24660393372343392	4.288426997123818
0.24717241450161304	4.282643217256338
0.24774220576332856	4.276858314096614
0.24831331052955705	4.271072305017331
0.2488857318282391	4.26528520727108
0.24945947269429547	4.259497037987594
0.25003453616964316	4.253707814170962
0.2506109253032114	4.247917552696793
0.251188643150958	4.242126270309367
0.25176769277588557	4.236333983618746
0.25234807724805747	4.230540709097863
0.2529297996446145	4.22474646307956
0.25351286304979076	4.218951261753626
0.25409727055493053	4.213155121163766
0.2546830252585041	4.207358057204572
0.2552701302661247	4.201558866884254
0.2558585886905646	4.195757342386238
0.25644840365177174	4.189954932214969
0.2570395782768864	4.184151658056348
0.25763211570025757	4.178347541520696
0.25822601906345966	4.1725426041403795
0.2588212915153092	4.166736867367384
0.2594179362118814	4.160930352570893
0.2600159563165272	4.155123081034811
0.2606153549998896	4.1493150739552815
0.26121613543992067	4.143506352438154
0.2618183008218985	4.137696937496443
0.26242185433844417	4.131886850047752
0.26302679918953814	4.126076110911662
0.263633138582538	4.120264740807096
0.2642408757321946	4.114452760349664
0.2648500138606701	4.108640190048957
0.2654605561975539	4.102827050305831
0.26607250597988097	4.097013361409651
0.2666858664521479	4.091199143535512
0.26730064086633115	4.0853844167414115
0.2679168324819031	4.079569200965427
0.26853444456585074	4.073753516022814
0.26915348039269155	4.067937381603118
0.26977394324449205	4.062120817267224
0.2703958364108843	4.056303842444399
0.2710191631890843	4.050486476429267
0.2716439268839082	4.0446687383788005
0.2722701308077913	4.038850647309224
0.272897778280804	4.03303222209294
0.27352687263067127	4.027898503314561
0.27415741719278824	4.024289558168491
0.2747894153102397	4.020679004661664
0.2754228703338166	4.017066789675068
0.27605778562203465	4.0134528591819425
0.27669416454115114	4.009837158238193
0.2773320104651841	4.006219630972736
0.27797132677592884	4.002600220577745
0.2786121168629771	3.998978869298813
0.27925438412373377	3.9953555184250567
0.2798981319634363	3.991730108279085
0.2805433637951713	3.9881025782069304
0.28119008303989407	3.984472866567858
0.28183829312644537	3.9808409107241074
0.2824879974915708	3.9772066470305334
0.2831391995799379	3.973570010824162
0.2837919028441557	3.9699309364136597
0.28444611074479154	3.966289357068702
0.285101826750391	3.962645205009258
0.28575905433749466	3.958998411394789
0.2864177969906581	3.9553393980200595
0.28707805820246907	3.9516663509449725
0.28773984147356696	3.9479903786205583
0.28840315031266056	3.9443114579329173
0.2890679882365476	3.9406295653485084
0.28973435877013226	3.9369446769094836
0.2904022654464451	3.933256768228962
0.2910717118066605	3.929565814486281
0.29174270140011677	3.9258717904221885
0.29241523778433354	3.922174670334007
0.2930893245250321	3.918474428070735
0.2937649651961531	3.9147710370281326
0.29444216337987617	3.911064470143733
0.29512092266663853	3.907354699891829
0.29580124665515467	3.903641698278415
0.2964831389524342	3.899925436836072
0.29716660317380267	3.8962058866188154
0.29785164294291894	3.8924830181969017
0.298538261891796	3.888756801651574
0.2992264636608189	3.8850272065697764
0.29991625189876514	3.8812942020388164
0.30060763026282306	3.8775577566409765
0.3013006024186122	3.873817838448078
0.3019951720402016	3.87007441501601
0.30269134281013055	3.8663274533791854
0.30338911841942706	3.8625769200449795
0.3040885025676279	3.8588227809880893
0.3047894989627983	3.85506500164486
0.3054921113215513	3.851303546907563
0.3061963433690677	3.8475383811186146
0.30690219883911574	3.8437694680647487
0.3076096814740708	3.8399967709711404
0.3083187950249354	3.836220252495473
0.30902954325135906	3.8324398747219575
0.309741929921658	3.8286555991553004
0.31045595881283555	3.8248673867146086
0.31117163371060175	3.82107519772726
0.3118889584093937	3.817278991922701
0.3126079367123955	3.8134787284262024
0.31332857243155854	3.809674365752556
0.3140508693876217	3.8058658617997208
0.3147748314101316	3.802053173842401
0.31550046233746265	3.798236258525592
0.31622776601683794	3.794415071858043
0.3169567463043491	3.7905895692056846
0.31768740706497706	3.7867597052849846
0.3184197521726125	3.7829254341562564
0.31915378551007617	3.7790867092169074
0.3198895109691398	3.775243483194618
0.3206269324505466	3.771395708140481
0.3213660538640317	3.767525088148816
0.32210687912834346	3.7636282290264806
0.32284941217126356	3.7597265372165842
0.32359365692962827	3.7558200580994403
0.32433961734934924	3.751908837679857
0.3250872973854344	3.74799292259276
0.3258367010020088	3.7440723601088814
0.32658783217233583	3.7401471981404755
0.3273406948788382	3.736217485247095
0.328095293113119	3.732283270641407
0.32885163087598307	3.728344604195047
0.32960971217745777	3.7244015364445366
0.3303695410368148	3.7204541185972344
0.3311311214825911	3.716502402537336
0.3318944575526104	3.7125464408319306
0.33265955329400454	3.7085862867370913
0.333426412763235	3.704621994204026
0.3341950400261143	3.7006536178852705
0.33496543915782767	3.6966812131409346
0.3357376142429547	3.6927048360449897
0.33651156937549076	3.6887245433916176
0.3372873086588689	3.6847403927016
0.3380648362059816	3.6807524422287643
0.33884415613920255	3.6767607509664737
0.3396252725904084	3.672765378654177
0.3404081897010009	3.668766385784005
0.34119291162192855	3.6647638336074166
0.3419794425137089	3.6607577841419054
0.3427677865464504	3.656748300177751
0.34355794789987465	3.6527354452848213
0.34434993076333853	3.6487192838194464
0.3451437393358563	3.644699880931322
0.345939377826122	3.640677302570485
0.34673685045253166	3.6366516154943334
0.34753616144320587	3.6326228872747097
0.34833731503601184	3.628591186305036
0.34914031547858615	3.6245565818075014
0.3499451670283573	3.620519143840311
0.350751873952568	3.6164789433049958
0.35156044052829816	3.6124360519537624
0.35237087104248715	3.6083905423969234
0.353183169791957	3.6043424881103716
0.3539973410834347	3.600291963443115
0.35481338923357547	3.596239043624871
0.3556313185689854	3.5921838047737236
0.3564511334262443	3.588126323903836
0.35727283815192895	3.5840666789332287
0.35809643710263606	3.580004948691608
0.35892193464500527	3.575941212928272
0.35974933515574237	3.5718755523200625
0.36057864302164244	3.5678178684046795
0.36140986263961333	3.563770043808529
0.36224299841669866	3.5597206150610816
0.3630780547701014	3.5556696149102094
0.36391503612720716	3.5516170763529034
0.36475394692560786	3.5475630326366856
0.36559479161312497	3.5435075172610353
0.36643757464783333	3.5394505639788143
0.3672823004980847	3.5353922067977006
0.3681289736425315	3.531332479981631
0.3689775985701504	3.5272714180522553
0.3698281797802663	3.5232090557903937
0.37068072178257605	3.5191454282374988
0.37153522909717257	3.51508057069713
0.3723917062545686	3.5110145187364394
0.3732501577957206	3.5069473081876548
0.3741105882720534	3.502878975149578
0.3749730022454836	3.498809555989092
0.3758374042884442	3.49473908734267
0.37670379898390893	3.490667606117893
0.377572190925416	3.4865951494949856
0.37844258471709324	3.482521754928347
0.3793149849736819	3.4784474601480935
0.38018939632056115	3.4743723031616165
0.381065823393773	3.4702963222551353
0.3819442708400465	3.4662195559952726
0.38282474331682265	3.4621420432306267
0.38370724549227875	3.4580638230933554
0.38459178204535355	3.4539849350007743
0.38547835766577176	3.4499054186569547
0.38636697705406914	3.4458253140543307
0.3872576449216172	3.441744661475322
0.3881503659906482	3.43766350149396
0.38904514499428056	3.433581874977521
0.3899419866765434	3.4294998230881673
0.390840895792402	3.425417387284608
0.3917418771077831	3.4213346093237473
0.3926449353995998	3.4172515312623677
0.3935500754557774	3.4131681954587973
0.3944573020752784	3.4090846445746
0.3953666200681279	3.4050009215762764
0.39627803425543945	3.4009170697369577
0.3971915494694403	3.3968331326381294
0.3981071705534972	3.3927491541713493
0.39902490236214205	3.3886651785399766
0.39994474976109745	3.384581250260916
0.4008667176273028	3.3804974141663657
0.4017908108489399	3.376413715405575
0.4027170343254591	3.372330199446615
0.40364539296760493	3.368246912078152
0.4045758916974427	3.3641745122494844
0.40550853544838383	3.3601149918134334
0.40644332916521275	3.3560559181884257
0.40738027780411273	3.351997282567329
0.4083193863326921	3.347939075695408
0.40926065973001086	3.343881287864664
0.4102041029866068	3.3398239089081407
0.41114972110452225	3.3357669281941558
0.4120975190973302	3.331710334620498
0.4130475019901614	3.327654116608559
0.41399967481973043	3.3235982620974167
0.4149540426343629	3.3195427585378585
0.41591061049402206	3.315487592886353
0.4168693834703354	3.3114327515989634
0.41783036664662176	3.307378220625209
0.4187935651179184	3.303323985401866
0.41975898399100753	3.2992700308467087
0.4207266283844441	3.295216341352197
0.4216965034285822	3.2911629007791148
0.422668614265603	3.287109692450125
0.4236429660495411	3.283056699143292
0.4246195639463129	3.279003903085531
0.4255984131337431	3.2749512859459955
0.42657951880159267	3.270898828829412
0.4275628861515862	3.2668465122693524
0.4285485203974395	3.2627943162214383
0.4295364267648873	3.2587422200564866
0.43052661049171065	3.2546902025536024
0.43151907682776525	3.250638241893187
0.43251383103500873	3.246586315649909
0.4335108783875289	3.2425344007855883
0.43451022417157154	3.2384824736420277
0.4355118736855686	3.2344305099337802
0.436515832240166	3.2303784847408443
0.4375221051582521	3.2263263725012967
0.4385306977749857	3.2222741470038567
0.4395416154378245	3.21822178138039
0.4405548635065533	3.214169248098331
0.4415704473533125	3.2101165189530523
0.44258837236262655	3.2060635650601568
0.44360864393143257	3.202010356847697
0.4446312674691087	3.1979568640483382
0.4456562483975033	3.1939030556914325
0.44668359215096315	3.1898489000950376
0.44771330417636257	3.185794364857857
0.4487453899331322	3.1817394168511064
0.449779854893288	3.1776840222103138
0.45081670454146017	3.173628146327036
0.4518559443749224	3.169571753840513
0.4528975799036208	3.165514808629239
0.4539416166502032	3.16144789145958
0.4549880601500486	3.157369244804947
0.4560369159512962	3.1532898626476236
0.4570881896148751	3.149209755152659
0.4581418867145335	3.145128932368208
0.4591980128368686	3.141047404223249
0.4602565735813561	3.1369651805252987
0.4613175745603794	3.1328822709580915
0.46238102139926035	3.128798685079238
0.46344691973628804	3.124714432317861
0.46451527522274944	3.120629521972202
0.465586093522959	3.116543963207207
0.46665938031428866	3.112457765052085
0.46773514128719823	3.108370936397845
0.46881338214526524	3.104283485994798
0.46989410860521547	3.1001954224500494
0.47097732639695294	3.096106754224944
0.47206304126359055	3.0920174896325077
0.4731512589614805	3.0879276368348427
0.4742419852602447	3.083837203840512
0.47533522594280536	3.079746198501885
0.47643098680541573	3.075654628512464
0.47752927365769093	3.071562501404177
0.4786300923226384	3.067469824544652
0.47973344863668915	3.063376605134453
0.4808393484497286	3.0592828502042932
0.4819477976251274	3.0551885666122223
0.4830588020397727	3.0510937610407787
0.48417236758409943	3.046998439994121
0.4852885001621211	3.0429026097951226
0.4864072056914617	3.038806276582443
0.4875284901033864	3.0347094463075655
0.48865235934283363	3.030612124731809
0.48977881936844625	3.0265143174233056
0.4909078761526032	3.0224160297539515
0.492039535681451	3.0183172668963265
0.49317380395493593	3.014218033820579
0.4943106869868355	3.010118335291289
0.4954501908047903	3.0060181758642868
0.49659232145033616	3.0019175598834544
0.49773708497893604	2.9978164914774816
0.4988844874600123	2.993714974556602
0.5000345349769786	2.9896130128092877
0.5011872336272724	2.985510609698915
0.5023425895223872	2.981407768460399
0.5035006087879049	2.977304492096791
0.5046612975635284	2.9732007833758454
0.505824662003114	2.96909664482655
0.5069907082747043	2.964992078735626
0.5081594425605604	2.960887087143994
0.5093308710571953	2.9567767582320728
0.5105049999754062	2.952660192834461
0.5116818355403077	2.948543170012437
0.5128613839913648	2.944425716666859
0.514043651582426	2.9403078597944243
0.5152286445817564	2.936189626487386
0.5164163692720709	2.9320710439332602
0.5176068319505677	2.927952139414532
0.5188000389289611	2.9238329403083445
0.5199959965335159	2.919713474086193
0.5211947111050804	2.915593768313594
0.5223961889991198	2.9114738506497626
0.5236004365857502	2.9073537488472736
0.5248074602497725	2.9032334907517123
0.5260172663907061	2.899113104301328
0.5272298614228227	2.894992617526662
0.5284452517751804	2.8908720585501864
0.5296634438916578	2.886751455585919
0.5308844442309884	2.8826308369390383
0.5321082592667942	2.8785102310054875
0.5333348954876209	2.874389666271567
0.5345643593969717	2.8702691713135233
0.5357966575133416	2.8661487747971237
0.5370317963702527	2.8620285054772294
0.5382697825162883	2.857908392197345
0.5395106225151276	2.85378846388918
0.5407543229455808	2.849668749572181
0.5420008904016238	2.845549278353065
0.5432503314924332	2.841430079425343
0.5445026528424212	2.83731118206883
0.5457578610912709	2.833192615649146
0.5470159628939716	2.829074409617213
0.5482769649208538	2.824956593508733
0.5495408738576245	2.8208391969436644
0.5508076964054034	2.816722249625679
0.5520774392807574	2.8126057813416234
0.5533501092157367	2.808489821960951
0.5546257129579107	2.8043744014351586
0.5559042572704036	2.8002595497972083
0.5571857489319298	2.7961452971609373
0.5584701947368308	2.7920316737204534
0.5597576014951101	2.7879187097495315
0.5610479760324705	2.783806435600984
0.5623413251903491	2.7796948817060327
0.5636376558259545	2.775584078573663
0.5649369748123025	2.7714740567899665
0.5662392890382533	2.7673648470174768
0.5675446054085471	2.763256479994488
0.5688529308438415	2.759148986534369
0.5701642722807475	2.755042397524857
0.571478636671867	2.75094211709214
0.5727960309858292	2.7468491612143486
0.5741164622073276	2.7427572428422256
0.5754399373371569	2.7386663648541254
0.5767664633922508	2.7345765298055777
0.5780960474057181	2.7304877399247305
0.5794286964268811	2.7263999971077326
0.580764417521312	2.7223133029140905
0.5821032177708715	2.7182276585619616
0.5834451042737447	2.7141430649234213
0.5847900841444807	2.7100595225196646
0.5861381645140288	2.7059770315161806
0.5874893525297767	2.701895591717866
0.588843655355589	2.6978152025641
0.5902010801718444	2.6937358631237704
0.591561634175474	2.6896575720902507
0.5929253245799998	2.685580327776331
0.5942921586155727	2.681504128109098
0.5956621435290105	2.6774289706247716
0.5970352865838369	2.6733548524634867
0.5984115950603197	2.6692817703640266
0.5997910762555094	2.6652097206585124
0.6011737374832781	2.6611386992670316
0.6025595860743578	2.6570687016922263
0.6039486293763798	2.652999723013822
0.6053408747539136	2.6489317578831133
0.6067363295885054	2.6448648005173876
0.6081350012787179	2.6407988446943063
0.6095368972401692	2.6367338837462233
0.610942024905572	2.632669910554462
0.6123503917247736	2.6286069175435243
0.6137620051647943	2.624544896675261
0.6151768727098682	2.6204838394429726
0.6165950018614822	2.616423736865468
0.618016400138416	2.6123645794810564
0.6194410750767815	2.608306357341493
0.6208690342300636	2.6042490600058623
0.6223002851691596	2.600192676534404
0.6237348354824193	2.5961371954822887
0.6251726927756859	2.5920826048933248
0.6266138646723355	2.588028892293618
0.628058358813318	2.583976044685164
0.6295061828571976	2.579924048539385
0.6309573444801934	2.5758728897906087
0.6324118513762195	2.571822553829484
0.633869711256927	2.5677730254963365
0.6353309318517437	2.5637242890744614
0.6367955209079159	2.559676328283359
0.6382634861905487	2.5556291262719046
0.6397348354826482	2.5515826656114564
0.6412095765851616	2.547530799291697
0.6426877173170197	2.5434723852141263
0.6441692655151774	2.5394146110937514
0.6456542290346556	2.535357489402128
0.6471426157485832	2.531301032446729
0.6486344335482385	2.5272452523679907
0.6501296903430908	2.523190161136327
0.6516283940608427	2.519135770549108
0.6531305526474724	2.5150820922276123
0.654636174067275	2.511029137613949
0.6561452663029055	2.506976917967944
0.6576578373554206	2.5029254443639983
0.6591738952443215	2.498874727687911
0.6606934480075961	2.494824778633673
0.662216503701762	2.4907756077002277
0.6637430704019089	2.486727225188194
0.6652731562017414	2.482679641196567
0.6668067692136223	2.4786328656193715
0.6683439175686147	2.4745869081422947
0.6698846094165265	2.4705417782392733
0.6714288529259524	2.4664974851690586
0.6729766562843179	2.4624540379717357
0.6745280276979221	2.4584114454652144
0.6760829753919819	2.454369716241683
0.6776415076106752	2.4503288586640277
0.6792036326171846	2.4462888808622147
0.6807693586937414	2.4422497907296368
0.6823386941416696	2.4382115959194266
0.6839116472814293	2.434174303840727
0.6854882264526615	2.43013792165493
0.6870684400142321	2.4261024562718765
0.688652296344276	2.4220679143460164
0.6902398038402419	2.418034302272538
0.6918309709189364	2.4140016261834467
0.6934258060165691	2.4099698919436183
0.6950243175887968	2.405939105146807
0.6966265141107687	2.401909271111611
0.6982324040771714	2.3978803948774066
0.6998419960022735	2.3938524812002364
0.7014552984199712	2.3898255345486605
0.7030723198838335	2.3857995590995644
0.7046930689671469	2.381774558733929
0.7063175542629619	2.377750537032556
0.7079457843841379	2.373727497271757
0.7095777679633888	2.3697054424189936
0.711213513653329	2.3656843751284846
0.7128530301265195	2.3616642977367577
0.7144963260755133	2.357645212258172
0.716143410212902	2.3536271203803896
0.7177942912713617	2.349610023459802
0.7194489780036994	2.3455897861143744
0.7211074791828996	2.3415656507886142
0.7227698036021702	2.337542481698519
0.72443596007499	2.333520300614591
0.7261059574351547	2.32949912925547
0.727779804536824	2.325478989286014
0.7294575102545687	2.3214599023153495
0.7311390834834174	2.317441889894906
0.732824533138904	2.313424973516427
0.734513868157115	2.309409174609956
0.7362070974947361	2.305394514541802
0.737904230129101	2.301381014612483
0.7396052750582378	2.29736869605464
0.7413102413009175	2.293357580030938
0.7430191378967014	2.289347687631934
0.744731973905989	2.2853390398739246
0.7464487584100665	2.2813316576967733
0.7481695005111544	2.277325561961705
0.7498942093324559	2.273320773449085
0.7516228940182055	2.269317312856168
0.7533555637337174	2.2653152007948245
0.7550922276654339	2.2613144577892403
0.7568328950209744	2.2573151042735895
0.7585775750291838	2.2533171605896904
0.7603262769401818	2.2493206469846223
0.762079010025412	2.245325583608327
0.7638357835776907	2.2413319905111795
0.7655966069112563	2.2373398876415362
0.7673614893618189	2.2333492948432454
0.7691304402866096	2.2293602318531476
0.7709034690644301	2.2253727182985354
0.7726805850957024	2.221386773694591
0.7744617978025188	2.2174024174417952
0.7762471166286917	2.213419668823311
0.7780365510398041	2.2094385470023346
0.7798301105232588	2.20545907101942
0.7816278045883297	2.2014812597897793
0.7834296427662119	2.1975051321005457
0.7852356346100718	2.193530706608015
0.7870457896950986	2.1895580018348535
0.7888601176185545	2.1855870361672767
0.7906786279998251	2.181617827852202
0.7925013304804718	2.1776503949943637
0.7943282347242815	2.1736847555534067
0.7961593504173188	2.169720927340941
0.7979946872679766	2.165758928017573
0.7998342550070284	2.161798775089899
0.8016780633876791	2.157840485907472
0.8035261221856173	2.153884077659734
0.8053784411990667	2.1499295673729164
0.8072350302488382	2.1459760961309655
0.8090958991783823	2.1420235200875806
0.8109610578538409	2.1380728855611433
0.8128305161640993	2.1341242135059884
0.8147042840208396	2.130177524761389
0.8165823713585925	2.126232840048888
0.81846478813479	2.1222901799695846
0.8203515443298183	2.1183495650014
0.8222426499470712	2.114411015496312
0.8241381150130024	2.110474551677554
0.8260379495771788	2.1065401936367985
0.8279421637123342	2.102607961331294
0.8298507675144225	2.0986778745809818
0.8317637711026711	2.0947499530655795
0.8336811846196344	2.090824216321634
0.835603018231248	2.086900683739541
0.8375292821268826	2.082979374560537
0.8394599865193975	2.079060307873658
0.8413951416451951	2.0751435026126623
0.8433347577642755	2.07122897755293
0.84527884516029	2.0673167513083186
0.8472274141405965	2.063406842327997
0.8491804750363139	2.0594992688932394
0.8511380382023765	2.055594049114185
0.8531001140175896	2.0516912009265704
0.8550667128846834	2.047790742088425
0.8570378452303697	2.0438926901767243
0.8590135215053958	2.0399970625840274
0.8609937521846007	2.0361038765150585
0.8629785477669704	2.0322131489832658
0.8649679187756933	2.028324896807346
0.8669618757582167	2.024439136607722
0.8689604292863019	2.020555884803002
0.8709635899560808	2.0166751576063784
0.8729713683881117	2.0127969710220173
0.8749837752274362	2.0089213408413893
0.8770008211436349	2.005048282639575
0.8790225168308845	2.001177811771526
0.8810488730080143	1.9973099433682944
0.8830799004185629	1.993444692333218
0.8851156098308356	1.9895820733380738
0.887156012037961	1.9857221008191819
0.8892011178579485	1.981864788973486
0.8912509381337457	1.9780101517545758
0.8933054837332954	1.9741582028686864
0.895364765549594	1.9703089557706448
0.8974287945007486	1.9664624236597865
0.8994975815300353	1.9626186194758202
0.9015711376059571	1.9587775558946607
0.9036494737223016	1.954939245324215
0.9057326008982003	1.951104003788925
0.9078205301781859	1.9472718988531086
0.9099132726322517	1.9434425847605288
0.9120108393559097	1.9396160712035595
0.9141132414702502	1.9357923675626125
0.9162204901219997	1.931971482901456
0.9183325964835808	1.9281534259624822
0.9204495717531712	1.9243382051619333
0.9225714271547631	1.9205258285850781
0.9246981739382225	1.9167163039813424
0.9268298233793492	1.9129096387593911
0.9289663867799363	1.9091058399821657
0.9311078754678302	1.905304914361869
0.933254300796991	1.901506868254904
0.9354056741475518	1.897711707656762
0.9375620069258802	1.8939194381968663
0.9397233105646378	1.8901300651333564
0.9418895965228413	1.8863435933478327
0.9440608762859233	1.8825600273400407
0.946237161365793	1.8787793712225138
0.9484184633008971	1.8750016287151554
0.9506047936562815	1.8712268031397754
0.9527961640236519	1.8674548974145726
0.9549925860214359	1.8636859140485609
0.9571940712948444	1.859919855135948
0.9594006315159331	1.8561567223504556
0.9616122783836646	1.8523965169395904
0.9638290236239705	1.8486392397188534
0.9660508789898133	1.844884891065899
0.9682778562612491	1.8411334709146416
0.9705099672454897	1.8373849787492968
0.9727472237769651	1.833639413598377
0.9749896377173869	1.8298967740286198
0.9772372209558107	1.826157058138869
0.9794899854086988	1.8224202635538904
0.9817479430199844	1.81868638741813
0.9840111057611337	1.8149554263894192
0.9862794856312105	1.8112273766326135
0.9885530946569389	1.8075022338131772
0.9908319448927676	1.8037799930907015
0.9931160484209338	1.8000606491123687
0.995405417351527	1.796344196006353
0.9977000638225533	1.7926306273751555
1.	1.7889199362888815
1.0023052380778998	1.785212115278453
1.0046157902783952	1.7815071563287614
1.0069316688518044	1.777805050871748
1.0092528860766845	1.774105789779431
1.0115794542598988	1.7704093633568592
1.0139113857366795	1.7667157613350062
1.016248692870696	1.7630197592835375
1.0185913880541169	1.759320390073027
1.0209394837076802	1.7556237721733978
1.023292992280754	1.7519299204060046
1.0256519262514079	1.7482388493633951
1.0280162981264735	1.7445505734054798
1.0303861204416165	1.7408651066556529
1.0327614057613974	1.737182462996887
1.0351421666793441	1.733502656067771
1.0375284158180127	1.729825699258529
1.0399201658290596	1.7261516057069781
1.0423174293933042	1.7224803882944633
1.0447202192208003	1.7188120596417438
1.0471285480508996	1.715146632104837
1.0495424286523225	1.7114841177708242
1.051961873823223	1.707824528453615
1.0543868963912593	1.7041678756896694
1.0568175092136585	1.7005141707336737
1.0592537251772887	1.696863424554179
1.0616955571987248	1.6932156478291924
1.064143018224316	1.6895708509417322
1.066596121230258	1.6859290439753245
1.0690548792226577	1.6822902367094748
1.0715193052376064	1.6786544386150768
1.0739894123412446	1.6750216588497908
1.076465213629835	1.6713919062533664
1.0789467222298286	1.6677651893429282
1.081433951297938	1.664141516308205
1.0839269140212033	1.6605208950067243
1.0864256236170655	1.6569033329589506
1.0889300933334332	1.6532888373433834
1.0914403364487566	1.6496774149915996
1.0939563662720937	1.6460690723832574
1.096478196143185	1.6424638156410434
1.0990058394325208	1.6388616505255786
1.101539309541415	1.6352625824302656
1.104078619902073	1.6316666163760953
1.1066237839776665	1.628073757006399
1.1091748152624008	1.6244840085815535
1.1117317272815914	1.620897374973625
1.1142945335917298	1.6173138596609793
1.1168632477805611	1.613733465722824
1.1194378834671515	1.6101561958337063
1.1220184543019636	1.6065820522579572
1.1246049739669264	1.6030110368440844
1.1271974561755105	1.599443151019105
1.1297959146727976	1.5958783957828342
1.1324003632355573	1.5923167717021098
1.1350108156723149	1.5887582789049708
1.137627285823431	1.5852029170747715
1.1402497875611686	1.5816469608889883
1.1428783347897717	1.5780897263831668
1.1455129414455354	1.574535591472231
1.1481536214968828	1.5709845736175194
1.1508003889444356	1.5674366900782122
1.1534532578210923	1.563891957907725
1.1561122421920986	1.560350393950085
1.1587773561551262	1.5568120148362559
1.1614486138403426	1.553276836980438
1.1641260294104914	1.5497448765763173
1.1668096170609623	1.5462161495932891
1.1694993910198712	1.5426906717726339
1.1721953655481303	1.5391684586236634
1.1748975549395297	1.5356495254198164
1.1776059735208073	1.5321338871947283
1.1803206356517297	1.5286215587382503
1.1830415557251646	1.5251125545924364
1.1857687481671602	1.5216068890474828
1.1885022274370183	1.5181045761376353
1.1912420080273751	1.5146056296370474
1.193988104464273	1.511110063055604
1.1967405313072437	1.5076178896346975
1.1994993031493788	1.5041291223429682
1.2022644346174132	1.5006437738719955
1.2050359403717974	1.497161856631954
1.2078138351067804	1.4936833827472178
1.2105981335504823	1.490208364051932
1.2133888504649775	1.4867368120855264
1.2161860006463678	1.4832687380882048
1.2189895989248667	1.479804152996365
1.2217996601648717	1.4763430674380005
1.2246161992650488	1.472885491728031
1.2274392311584073	1.4694314358636102
1.2302687708123818	1.4659809095193712
1.233104833228909	1.4625339220426354
1.2359474334445106	1.4590904824485667
1.238796586530369	1.455650599415287
1.2416523075924113	1.452214281278936
1.244514611771385	1.448781536028692
1.2473835142429432	1.4453523713017318
1.2502590302177201	1.441926794378157
1.2531411749414163	1.4385048121758577
1.2560299636948749	1.435086431245335
1.2589254117941675	1.43167165776447
1.2618275345906707	1.4282604975332436
1.2647363474711515	1.4248529559684038
1.2676518658578455	1.421449038098086
1.270574105208542	1.4180487485563742
1.2735030810166617	1.4146520915778196
1.276438808811344	1.4112590709918964
1.2793813041575246	1.4078680243690578
1.2823305826560218	1.4044786493485577
1.2852866599436155	1.4010929073358633
1.2882495516931343	1.3977108092574546
1.2912192736135342	1.3943323657282385
1.2941958414499863	1.3909575870468571
1.297179270983956	1.3875864831909561
1.3001695780332907	1.3842190638124012
1.3031667784522993	1.3808553382324533
1.3061708881318417	1.3774953154368905
1.309181922999407	1.3741390040710908
1.3121998990192034	1.370786412435058
1.3152248321922384	1.367437548478406
1.3182567385564075	1.3640924197952926
1.3212956341865751	1.3607510336193023
1.324341535194665	1.3574133968182818
1.3273944577297394	1.3540795158891261
1.3304544179780915	1.3507493969525102
1.333521432163324	1.3474230457475789
1.3365955165464425	1.3441004676265724
1.3396766874259352	1.3407816675494146
1.3427649611378643	1.3374666500782375
1.3458603540559484	1.334155419371863
1.348962882591654	1.3308479791802206
1.3520725631942772	1.327544332838726
1.3551894123510364	1.3242444832625928
1.3583134465871542	1.3209484329410992
1.3614446824659503	1.3176561839317928
1.3645831365889245	1.3143677378546494
1.3677288255958495	1.311083095886165
1.3708817661648536	1.307802258753403
1.3740419750125157	1.3045252267279759
1.3772094688939465	1.3012519996199785
1.3803842646028852	1.297982576771852
1.383566378971781	1.2947169570522088
1.3867558288718889	1.291455138849575
1.3899526312133532	1.2881971200660975
1.3931568029453036	1.2849428981111732
1.3963683610559376	1.2816924698950347
1.3995873225726185	1.2784458318222585
1.4028137045619582	1.2752029797852293
1.4060475241299144	1.2719639091575288
1.4092887984218747	1.2687286147872765
1.4125375446227548	1.2654970909903926
1.4157937799570817	1.2622693315438152
1.4190575216890926	1.2590453296786366
1.4223287871228198	1.2558250780731939
1.425607593602188	1.2526085688460784
1.428893958511103	1.2493957935490925
1.432187899273543	1.2461867431601366
1.435489433353656	1.2429754766933205
1.4387985782558452	1.23976089668755
1.4421153515248688	1.2365499669044429
1.4454397707459272	1.2333427071934844
1.4487718535447618	1.2301391372280726
1.452111617587742	1.2269392765021916
1.455459080581966	1.2237431443270372
1.4588142602753482	1.2205507598276197
1.4621771744567182	1.2173621419393215
1.4655478409559113	1.2141773094044297
1.468926277643867	1.2109962807686219
1.4723125024327186	1.2078190743774277
1.4757065332758947	1.204645708372642
1.4791083881682072	1.2014762006887154
1.4825180851459536	1.198310569049092
1.4859356422870067	1.1951488309625267
1.4893610777109154	1.1919910037193495
1.492794409578996	1.1888371043877064
1.4962356560944337	1.1856871498097477
1.4996848355023733	1.1825411565977932
1.5031419660900225	1.1793991411304436
1.5066070661867417	1.176261119548667
1.5100801541641484	1.1731271077518322
1.513561248436208	1.169997121393716
1.5170503674593367	1.1668711758784578
1.5205475297324955	1.1637492863564842
1.5240527537972914	1.1606314677203848
1.5275660582380723	1.1575177346007544
1.5310874616820302	1.1544081013619847
1.5346169827992941	1.1513025820980256
1.5381546403030348	1.1482011906280916
1.5417004529495593	1.1451039404923389
1.545254439538414	1.1420108449474864
1.5488166189124812	1.138921916962407
1.5523870099580825	1.1358371692136615
1.5559656316050743	1.132756614081002
1.559552502826954	1.1296802636428203
1.5631476426409538	1.1266081296715584
1.5667510701081493	1.1235402236290688
1.5703628043335522	1.1204765566619361
1.5739828644662197	1.1174171395967445
1.5776112696993485	1.114361982935307
1.5812480392703834	1.1113110968498419
1.5848931924611134	1.1082644911781072
1.5885467485977791	1.1052221754184823
1.59220872705117	1.1021841587250096
1.5958791472367329	1.0991504499023776
1.5995580286146687	1.0961210574008684
1.6032453906900417	1.093095989311241
1.6069412530128773	1.0900752533595808
1.6106456351782708	1.0870573438865367
1.6143585568264862	1.084041990525392
1.6180800376430662	1.0810309789898662
1.6218100973589298	1.078024323463571
1.6255487557504842	1.0750220378497006
1.6292960326397223	1.0720241357666396
1.6330519478943346	1.0690306305435207
1.6368165214278085	1.0660415352157455
1.6405897731995396	1.0630568625204544
1.6443717232149315	1.0600766248919578
1.6481623915255086	1.0571008344571158
1.651961798229015	1.0541295030306823
1.6557699634695284	1.0511626421105922
1.6595869074375604	1.0482002628732119
1.6634126503701698	1.0452423761685359
1.6672472125510627	1.042288992515347
1.6710906143107078	1.0393401220963134
1.6749428760264373	1.0363957747530563
1.6788040181225607	1.0334559599811537
1.6826740610704674	1.0305206869251082
1.6865530253887415	1.0275899643732567
1.690440931643264	1.0246638007526383
1.6943378004473288	1.0217422041238051
1.6982436524617444	1.018825182175592
1.7021585083949509	1.0159127422198255
1.7060823890031234	1.0130048911859935
1.710015315090288	1.0101016356158512
1.7139573075084253	1.007202981657989
1.7179083871575884	1.004308935062333
1.721868574986007	1.0014195011746094
1.725837891990204	0.9985346849307395
1.7298163592151015	0.9956544908511958
1.7338039977541384	0.9927789230352938
1.7378008287493754	0.9899079851554363
1.7418068733916146	0.9870416804512961
1.7458221529205038	0.9841800117239533
1.7498466886246573	0.981322981329965
1.7538805018417611	0.9784705911753905
1.7579236139586931	0.9756228427097491
1.7619760464116292	0.9727797369199327
1.7660378206861649	0.9699412743240471
1.770108958317421	0.9671074549652082
1.7741894808901661	0.964278278405272
1.7782794100389228	0.9614537437185083
1.78237876744809	0.9586338494852125
1.7864875748520508	0.9558185937852635
1.7906058540352947	0.9530079741916124
1.7947336268325265	0.9502019877637197
1.7988709151287883	0.9474006310409209
1.803017740859569	0.9446039000357432
1.8071741260109275	0.9418102227292381
1.8113400926196026	0.9390193067251613
1.8155156627731361	0.9362329895922327
1.8197008586099834	0.9334512734233267
1.8238957023196385	0.930674159864897
1.8281002161427427	0.927901650111016
1.832314422371212	0.9251337448973433
1.8365383433483464	0.9223704444950516
1.8407720014689564	0.9196117487046823
1.8450154191794736	0.9168576568499571
1.8492686189780787	0.9141081677715164
1.8535316234148114	0.9113632798206128
1.857804455091699	0.9086229908527342
1.8620871366628675	0.9058872982211785
1.8663796908346704	0.9031561987705542
1.8706821403658007	0.9004296888302353
1.8749945080674193	0.8977077642077427
1.8793168168032686	0.8949904201820722
1.883649089489801	0.8922776514969545
1.8879913490962936	0.8895694523540588
1.892343618644976	0.8868658164061258
1.8967059212111463	0.8841667367500459
1.9010782799233006	0.8814722059198604
1.9054607179632472	0.8787822158797153
1.9098532585662378	0.8760967580167326
1.914255925021086	0.8734158231338269
1.9186687406702891	0.8707394014424533
1.9230917289101586	0.8680674825552841
1.9275249131909356	0.8654000554788256
1.9319683170169242	0.8627371086059575
1.936421963946607	0.860078629708415
1.9408858775927782	0.8574246059291905
1.9453600816226624	0.8547750237748761
1.9498445997580456	0.852129869107925
1.9543394557753944	0.8494891271388546
1.95884467350599	0.8468527824183656
1.9633602768360463	0.8442208188293993
1.967886289706845	0.8415932195791161
1.9724227361148534	0.8389699671908056
1.976969640111861	0.8363510434957161
1.9815270258050979	0.8337364296248206
1.9860949173573716	0.8311261060004947
1.9906733389871865	0.8285200523281329
1.9952623149688797	0.8259182475876751
1.9998618696327437	0.8233206700250689
2.0044720273651615	0.820727297143644
2.0090928126087277	0.8181381056954184
2.0137242498623884	0.8155530716723159
2.0183663636815607	0.8129721702973142
2.023019178678272	0.8103953760155044
2.0276827195212817	0.8078163345034499
2.032357010936222	0.8052338586540192
2.037042077705718	0.8026553614226937
2.0417379446695296	0.800080847380519
2.046444636724674	0.7975103207381851
2.0511621788255656	0.7949437853410546
2.0558905959841414	0.7923812446641529
2.0606299132700006	0.789822701807104
2.065380155810529	0.7872681594890233
2.0701413487910423	0.7847176200433563
2.0749135174549096	0.7821710854126764
2.079696687103696	0.7796285571434225
2.084490883097289	0.7770900363805981
2.0892961308540396	0.7745555238624118
2.0941124558508926	0.7720250199148722
2.0989398836235242	0.7694985244463287
2.1037784397664754	0.7669760369419646
2.1086281499332897	0.7644575564582333
2.1134890398366464	0.7619430816172472
2.1183611352485023	0.7594326106011098
2.123244462000219	0.7569261411462008
2.1281390459827123	0.7544236705373968
2.133044913146576	0.7519251956022531
2.1379620895022327	0.7494307127051141
2.1428906011200586	0.7469402177411858
2.1478304741305343	0.7444537061305375
2.1527817347243725	0.7419711728120618
2.157744409152667	0.7394926122373635
2.16271852372702	0.7370180183646097
2.167704104819695	0.7345473846523021
2.1727011788637443	0.7320807040530132
2.1777097723531593	0.7296179690070442
2.1827299118430012	0.7271591714360418
2.187761623949553	0.7247043027365417
2.1928049353504484	0.7222533537734639
2.197859872784825	0.719806314873539
2.202926463053456	0.7173631758186821
2.2080047330189	0.7149239258392982
2.2130947096056377	0.7124885536075317
2.2181964198002193	0.7100570472304506
2.223309890651403	0.7076293942431714
2.2284351492703043	0.705205581601916
2.2335722228305315	0.7027855956770125
2.23872113856834	0.7003694222458225
2.2438819237827663	0.6979570464856151
2.2490546058357817	0.6955484529663633
2.254239212152429	0.6931436256434884
2.259435770220978	0.6907425478505239
2.2646443075930596	0.688345202291727
2.2698648518838223	0.6859515710346115
2.2750974307720706	0.6835546852954747
2.2803420720004186	0.6811532518175202
2.28559880337543	0.6787554232685786
2.2908676527677736	0.6763612156988463
2.296148648112362	0.6739706449924359
2.301441817408509	0.6715837268643987
2.306747188720069	0.6692004768577211
2.312064790175595	0.6668209103402852
2.3173946499684783	0.6644450425018054
2.3227367963571073	0.6620728883507255
2.328091257665008	0.6597044627110932
2.3334580622810033	0.6573397802193955
2.338837238659355	0.6549788553213673
2.344228815319923	0.6526217022687656
2.3496328208483073	0.6502683351161129
2.35504928389601	0.6479187677174026
2.360478233180577	0.6455730137227816
2.365919697485759	0.6432310865751888
2.371373705661655	0.640892999506968
2.3768402866248772	0.6385587655364399
2.38231946935869	0.6362283974644509
2.3878112829131783	0.6339019078708715
2.3933157564053875	0.6315793091110783
2.3988329190194912	0.6292606133123834
2.4043628000069335	0.6269458323704447
2.4099054286865957	0.624634977945627
2.41546083444494	0.6223280614593368
2.421029046736179	0.620025094090315
2.4266100950824154	0.6177260867708981
2.432204009073816	0.6154310501832363
2.4378108183687526	0.6131399947554832
2.4434305526939726	0.6108529306579376
2.4490632418447453	0.6085698677991583
2.454708915685031	0.6062908158220316
2.4603676041476272	0.6040157840998084
2.46603933723434	0.6017447817320948
2.4717241450161302	0.5994778175408126
2.4774220576332864	0.5972149000661102
2.4831331052955705	0.5949560375622454
2.4888573182823914	0.5927012379934169
2.494594726942955	0.5904505090295644
2.500345361696432	0.5882038580421232
2.506109253032114	0.5859612920997392
2.511886431509581	0.5837228179639428
2.5176769277588558	0.5814884420847817
2.5234807724805757	0.5792581705964087
2.529297996446145	0.5770320093126329
2.5351286304979084	0.5748099637224217
2.540972705549305	0.5725920389853641
2.5468302525850417	0.5703782399270895
2.552701302661247	0.5681658757815882
2.5585858869056453	0.5659544566313455
2.5644840365177175	0.5637471555456584
2.5703957827688635	0.5615439901630943
2.5763211570025755	0.5593449779620749
2.582260190634596	0.5571501362579312
2.588212915153092	0.554959482199921
2.5941793621188136	0.5527730327682238
2.6001595631652723	0.5505908047708962
2.6061535499988953	0.5484128148408065
2.6121613543992064	0.5462390794325279
2.6181830082189848	0.5440696148192088
2.624218543384442	0.5419044370894046
2.6302679918953813	0.5397435621438837
2.6363313858253803	0.5375870056923945
2.642408757321946	0.5354347832504078
2.648500138606701	0.533286910135817
2.654605561975539	0.531143401465615
2.6607250597988097	0.5290042721525295
2.666858664521479	0.52686953690163
2.6730064086633116	0.5247392102068977
2.6791683248190314	0.5226133063477649
2.6853444456585076	0.5204918393856134
2.691534803926915	0.5183748231602461
2.6977394324449206	0.5162622712863162
2.703958364108843	0.514154197149728
2.7101916318908432	0.5120506139039934
2.7164392688390824	0.5099515344665637
2.7227013080779128	0.5078569715151119
2.7289777828080406	0.5057669374837909
2.7352687263067126	0.5036814445594453
2.741574171927882	0.501600504677793
2.7478941531023975	0.49952412951956193
2.7542287033381663	0.49745233050659887
2.7605778562203462	0.49538511879792824
2.7669416454115114	0.49332250528578303
2.773320104651841	0.4912645005915901
2.7797132677592886	0.48921111506192017
2.7861211686297707	0.4871623587643952
2.792543841237338	0.48511824148355936
2.798981319634363	0.4830787727167066
2.805433637951713	0.4810439616696715
2.811900830398941	0.4790138172525744
2.8183829312644537	0.4769883480755314
2.8248799749157074	0.4749675624443167
2.831391995799379	0.4729514683559891
2.8379190284415565	0.4709400734944703
2.8444611074479154	0.4689333852260871
2.85101826750391	0.4669314105950644
2.8575905433749464	0.4649341563189809
2.8641779699065815	0.462939327969394
2.8707805820246906	0.46094650983913704
2.8773984147356697	0.45895841310254964
2.8840315031266055	0.45697505524229975
2.8906798823654762	0.4549964535595073
2.897343587701323	0.45302262517056013
2.904022654464451	0.45105358700388415
2.910717118066605	0.44908935579669057
2.9174270140011673	0.44712994809168516
2.924152377843335	0.44517538023374803
2.9308932452503216	0.44322566836657545
2.9376496519615305	0.44128082842929334
2.9444216337987617	0.4393408761530318
2.9512092266663856	0.43740582705746905
2.9580124665515464	0.4354756964473398
2.9648313895243423	0.4335504994089071
2.971666031738027	0.4316302508064017
2.9785164294291895	0.42971496527842484
2.9853826189179604	0.4278046572343134
2.992264636608189	0.42589934085047415
2.9991625189876516	0.4239990300666749
3.0060763026282307	0.4221037385823062
3.013006024186122	0.4202134798525991
3.019951720402016	0.41832826708481224
3.0269134281013064	0.4164481132343751
3.0338911841942706	0.4145730310010001
3.04088502567628	0.41270303282474974
3.047894989627983	0.4108381308820708
3.054921113215514	0.40897833708178505
3.061963433690677	0.407123663061047
3.069021988391158	0.4052741201812538
3.076096814740708	0.40342971952392415
3.083187950249355	0.4015904718865293
3.0902954325135905	0.39975638777829003
3.097419299216581	0.39792747741592777
3.1045595881283554	0.3961037507193789
3.1117163371060186	0.39428521730746274
3.118889584093937	0.392471886493514
3.126079367123956	0.3906637672809652
3.1332857243155856	0.3888608683588954
3.1405086938762183	0.38706319809752715
3.1477483141013156	0.3852707645436887
3.1550046233746274	0.3834835754162247
3.1622776601683795	0.38170163810136976
3.169567463043492	0.379924959648073
3.1768740706497707	0.3781535467632802
3.1841975217261256	0.37638740580716956
3.1915378551007616	0.3746265427883452
3.198895109691399	0.37287096335897796
3.206269324505466	0.3711206728099099
3.213660538640318	0.3693741863322913
3.2210687912834346	0.36763123539943837
3.2284941217126364	0.3658935759246131
3.2359365692962827	0.3641612195495756
3.2433961734934935	0.36243417763864266
3.250872973854344	0.3607124612745556
3.2583670100200885	0.3589960812543018
3.265878321723358	0.35728504808490097
3.273406948788383	0.3555793719791463
3.2809529311311905	0.3538790628513083
3.2885163087598315	0.3521841303127932
3.2960971217745776	0.35049458366776354
3.303695410368149	0.34881043190871175
3.311311214825911	0.3471316837119973
3.3189445755261047	0.34545834743333426
3.326595532940045	0.3437904311032414
3.3342641276323506	0.3421279424224443
3.3419504002611427	0.34047088875723736
3.3496543915782775	0.33881927713479604
3.3573761424295467	0.337173114238452
3.365115693754908	0.33553240640291454
3.372873086588689	0.33389715960945515
3.380648362059817	0.3322673794810378
3.3884415613920256	0.33064307127741127
3.3962527259040853	0.3290242398901469
3.404081897010009	0.32741088983763694
3.4119291162192864	0.32580302526003835
3.4197944251370886	0.32420064991417596
3.4276778654645046	0.32260376716839
3.4355794789987466	0.3210123799973428
3.443499307633384	0.3194264909767697
3.451437393358563	0.3178461022781848
3.459393778261219	0.31627121566353666
3.4673685045253166	0.31470183247981054
3.4753616144320576	0.3131379536535856
3.483373150360118	0.3115795796855346
3.4914031547858606	0.3100267106448789
3.499451670283573	0.3084793461637851
3.5075187395256795	0.3069374854317158
3.5156044052829816	0.3054011271897215
3.523708710424871	0.30387026972468495
3.53183169791957	0.3023449108635075
3.5399734108343464	0.30082504796724513
3.548133892335755	0.29931067792518606
3.5563131856898527	0.29780179714887867
3.5645113342624426	0.296298401566098
3.5727283815192883	0.2948004866147626
3.5809643710263606	0.2933080472367897
3.5892193464500517	0.2918210778718989
3.5974933515574232	0.29033957245135333
3.6057864302164235	0.28886122967881356
3.6140986263961334	0.2873856218105344
3.6224299841669856	0.2859154395036143
3.630780547701014	0.2844506866776648
3.639150361272071	0.2829913668797413
3.6475394692560785	0.28153748327935185
3.6559479161312485	0.28008903866342116
3.664375746478333	0.2786460354312035
3.672823004980846	0.27720847558915235
3.681289736425315	0.27577636074573736
3.6897759857015027	0.2743496921062175
3.6982817978026628	0.2729284704673594
3.7068072178257596	0.2715126962121132
3.715352290971726	0.270102369304232
3.7239170625456848	0.2686974892828464
3.732501577957206	0.2672980552569845
3.741105882720533	0.265904065900044
3.7497300224548358	0.2645155194442104
3.758374042884441	0.26313241367482587
3.767037989839089	0.26175474592470194
3.77572190925416	0.2603825130683856
3.7844258471709336	0.25901571151636493
3.793149849736819	0.2576543372092284
3.801893963205613	0.2562983856117632
3.81065823393773	0.2549478517070065
3.8194427084004663	0.25360272999023437
3.8282474331682264	0.252263014462902
3.8370724549227884	0.2509286986265227
3.8459178204535354	0.24959977547649526
3.8547835766577188	0.24827623749587102
3.8636697705406915	0.24695807664906663
3.8725764492161727	0.24564528437551608
3.8815036599064823	0.2443378515832688
3.8904514499428067	0.24303576864252446
3.899419866765434	0.24173902537911357
3.908408957924021	0.24044761106791424
3.9174187710778305	0.2391615144262124
3.926449353995999	0.23788072360699902
3.9355007545577743	0.23660522619220867
3.944573020752785	0.23533500918589384
3.953666200681279	0.2340700590073409
3.9627803425543955	0.23281036148411982
3.971915494694403	0.2315559018450745
3.981071705534973	0.23030666471324623
3.9902490236214203	0.2290626340987368
3.9994474976109755	0.22782379339150302
4.008667176273028	0.22659012535409123
4.0179081084894	0.22536161211430084
4.027170343254591	0.22413823515778666
4.036453929676051	0.2229199753205911
4.045758916974426	0.22170258999173745
4.055085354483839	0.22048528461443354
4.0644332916521275	0.21927300349216086
4.073802778041128	0.2180657470272658
4.083193863326921	0.2168635152433895
4.09260659730011	0.2156663077805665
4.1020410298660686	0.2144741238902832
4.111497211045223	0.21328696243048376
4.120975190973302	0.21210482186053575
4.130475019901614	0.21092770023614418
4.139996748197304	0.20975559520422205
4.149540426343631	0.20858850399770984
4.1591061049402205	0.20742642343035173
4.168693834703355	0.2062693498914175
4.178303666466218	0.205117279340382
4.187935651179185	0.20397020730155016
4.1975898399100755	0.20282812885863702
4.207266283844442	0.20169103864929344
4.216965034285822	0.20055893085958598
4.226686142656031	0.19943179921842158
4.2364296604954115	0.1983096369919258
4.24619563946313	0.19719243697776495
4.2559841313374305	0.19608019149941996
4.265795188015928	0.19497289240040502
4.275628861515862	0.19387053103843613
4.285485203974396	0.19277309827954373
4.295364267648873	0.19168058449213346
4.3052661049171075	0.19059297954099233
4.3151907682776525	0.18951027278124036
4.325138310350088	0.18843245305222694
4.335108783875289	0.18735950867137216
4.345102241715717	0.18629142742795202
4.355118736855686	0.18522819657682804
4.365158322401661	0.18416980283211828
4.375221051582521	0.1831162323608137
4.385306977749858	0.18206747077633428
4.395416154378245	0.181023503132029
4.405548635065534	0.17998431391461606
4.4157044735331255	0.17894988703756406
4.425883723626267	0.17792020583441417
4.436086439314326	0.176895253052042
4.446312674691089	0.17587501084385831
4.456562483975033	0.17485946076295014
4.466835921509633	0.17384858375515805
4.477133041763626	0.1728423601520949
4.487453899331323	0.17184076966409786
4.49779854893288	0.17084379137312136
4.508167045414603	0.1698514037255636
4.518559443749224	0.16886358452503136
4.528975799036209	0.16788031092503738
4.539416166502032	0.1668965236796217
4.549880601500488	0.1659112755284171
4.560369159512962	0.16493046301986983
4.570881896148752	0.16395408715525825
4.581418867145335	0.1629821486170701
4.591980128368688	0.16201464776485222
4.6025657358135605	0.16105158463102584
4.613175745603796	0.16009295891666034
4.623810213992603	0.15913876998720966
4.634469197362879	0.15818901686820613
4.645152752227495	0.15724369824091752
4.6558609352295885	0.15630281243796282
4.666593803142887	0.15536635743888486
4.677351412871981	0.15443433086568678
4.688133821452653	0.15350672997832182
4.698941086052153	0.15258355167014684
4.709773263969529	0.1516647924633285
4.720630412635905	0.15075044850421224
4.731512589614805	0.1498405155586442
4.7424198526024455	0.14893498900725374
4.753352259428054	0.14803386384068934
4.7643098680541565	0.14713713465481415
4.775292736576909	0.14624479564585435
4.786300923226383	0.1453568406055053
4.797334486366892	0.14447326291599172
4.808393484497285	0.14359405554508353
4.819477976251274	0.142719211041065
4.830588020397726	0.14184872152766004
4.841723675840994	0.14098257869890848
4.8528850016212095	0.14012077381399876
4.864072056914616	0.13926329769205079
4.875284901033862	0.13841014070685398
4.886523593428336	0.137561292781555
4.897788193684462	0.1367167433833001
4.909078761526032	0.13587648151782605
4.920395356814509	0.13504049572400498
4.9317380395493595	0.13420877406833706
4.943106869868354	0.1333813041393964
4.954501908047903	0.13255807304222378
4.96592321450336	0.13173906739267224
4.97737084978936	0.13092427331169793
4.9888448746001215	0.13011367641960334
5.000345349769786	0.12930726183022573
5.011872336272722	0.1285050141450761
5.0234258952238715	0.1277069174474224
5.035006087879047	0.12691295529632363
5.046612975635284	0.12612311072060625
5.05824662003114	0.12533736621279107
5.0699070827470445	0.12455570372296136
5.081594425605605	0.123778104652581
5.093308710571955	0.12300101805298717
5.105049999754062	0.12222377680348835
5.116818355403078	0.12145051356233488
5.1286138399136485	0.12068122607496028
5.140436515824262	0.11991591176506952
5.152286445817564	0.11915456773060824
5.16416369272071	0.11839719073969354
5.176068319505676	0.11764377722650919
5.188000389289612	0.11689432328716086
5.199959965335159	0.1161488246754956
5.211947111050805	0.1154072767988807
5.223961889991197	0.11466967471394589
5.236004365857504	0.11393601312228462
5.248074602497725	0.11320628636611835
5.2601726639070625	0.11248048842391807
5.2722986142282275	0.11175861290598954
5.284452517751805	0.11104065305001487
5.296634438916578	0.11032660171655599
5.308844442309884	0.10961645138451531
5.321082592667942	0.10891019414655709
5.333348954876211	0.10820782170448477
5.345643593969716	0.10750932536457931
5.357966575133418	0.10681469603289188
5.370317963702527	0.10612392421049745
5.382697825162884	0.10543699998870214
5.3951062251512765	0.1047539130442103
5.4075432294558095	0.10407465263424506
5.420008904016238	0.10339920759162742
5.432503314924333	0.1027275663198089
5.445026528424211	0.10205971678786135
5.4575786109127105	0.1013956465254198
5.470159628939716	0.10073534261758167
5.482769649208539	0.10007879169975868
5.495408738576246	0.09942597995248383
5.508076964054036	0.09877689309617038
5.520774392807573	0.09813151638582608
5.533501092157368	0.0974898346057174
5.546257129579107	0.09685183206398874
5.559042572704037	0.09621749258723133
5.5718574893192985	0.09558679951500572
5.584701947368309	0.09495973569431351
5.597576014951102	0.09433628347402166
5.610479760324706	0.09371642469923543
5.623413251903491	0.09310014070562328
5.6363765582595455	0.09248741231368923
5.649369748123025	0.09187821982299653
5.6623928903825345	0.09127254300633804
5.675446054085471	0.09067036110385712
5.688529308438416	0.09007165281711435
5.701642722807475	0.08947639630310375
5.714786366718672	0.08888087702008472
5.727960309858292	0.08828439521765745
5.741164622073277	0.08769126887748
5.7543993733715695	0.08710149336332706
5.767664633922509	0.08651506373407493
5.780960474057181	0.08593197473999736
5.794286964268812	0.08535222081902707
5.807644175213121	0.08477579609298387
5.821032177708716	0.08420269436376755
5.834451042737448	0.0836329091095173
5.847900841444809	0.08306643348073478
5.861381645140288	0.0825032602963738
5.874893525297769	0.08194338203989253
5.88843655355589	0.08138679085527206
5.902010801718445	0.08083347854299686
5.91561634175474	0.08028343655600091
5.9292532458	0.0797366559955753
5.942921586155727	0.07919312760724075
5.956621435290106	0.07865284177658109
5.970352865838369	0.07811578852504125
5.984115950603199	0.07758195750568526
5.997910762555095	0.07705133799891817
6.011737374832782	0.07652391890816784
6.025595860743578	0.07599968875552943
6.0394862937638	0.07547863567736976
6.0534087475391365	0.07496074741989317
6.067363295885055	0.07444601133466662
6.08135001278718	0.0739344143741064
6.095368972401694	0.07342594308692273
6.109420249055721	0.07292058361352541
6.123503917247737	0.07241832168138694
6.137620051647943	0.07191914260036605
6.151768727098683	0.07142303125798774
6.165950018614822	0.07092997211468319
6.180164001384161	0.07043994919898587
6.1944107507678146	0.06995294610268649
6.208690342300634	0.06946894597594322
6.223002851691596	0.0689879315223503
6.237348354824191	0.06850988499396247
6.251726927756859	0.06803478818627437
6.266138646723353	0.06756262243315742
6.2805835881331795	0.06709336860175033
6.295061828571975	0.06662700708730579
6.309573444801933	0.06616351780799072
6.324118513762193	0.06570288019964192
6.33869711256927	0.06524507321047397
6.353309318517436	0.06479007529574264
6.367955209079159	0.06433786441235936
6.382634861905486	0.06388841801346032
6.397348354826482	0.06344171304292615
6.412095765851615	0.0629935269134611
6.4268771731701975	0.06254306582073002
6.441692655151772	0.06209524265465902
6.456542290346556	0.06165005438190228
6.471426157485831	0.06120749773924869
6.486344335482385	0.06076756923080874
6.501296903430906	0.060330265125178154
6.516283940608428	0.05989558145257324
6.531305526474723	0.05946351400194224
6.546361740672751	0.05903405831804853
6.561452663029053	0.05860720969852881
6.576578373554206	0.058182963190923156
6.591738952443213	0.05776131358967955
6.606934480075961	0.05734225543312964
6.622165037017619	0.05692578300043865
6.637430704019089	0.05651189030852608
6.652731562017413	0.05610057110896021
6.668067692136222	0.05569181888482299
6.6834391756861455	0.05528562684754773
6.698846094165265	0.05488198793372752
6.714288529259523	0.05448089480189564
6.729766562843179	0.05408233982927589
6.745280276979219	0.05368631510850499
6.760829753919819	0.05329281244432424
6.77641507610675	0.05290182335024274
6.792036326171846	0.052513339045169395
6.807693586937414	0.05212735045001577
6.823386941416698	0.05174384818426786
6.839116472814292	0.05136282256252783
6.8548822645266165	0.05098426359102391
6.870684400142321	0.05060816096409015
6.886522963442762	0.05023450406061398
6.902398038402419	0.049863281940452774
6.918309709189366	0.04949448334081765
6.934258060165691	0.04912809667262605
6.9502431758879695	0.04876411001682121
6.966265141107686	0.04840251112065928
6.982324040771715	0.048043287393963074
6.998419960022734	0.04768642590534359
7.014552984199714	0.04733191337838652
7.030723198838334	0.04697973618780665
7.046930689671471	0.04662988035556686
7.06317554262962	0.04628233154696406
7.07945784384138	0.04593707506667935
7.095777679633888	0.04559409585479451
7.112135136533292	0.04525337848277235
7.128530301265195	0.044914907149402605
7.1449632607551345	0.04457866567671123
7.16143410212902	0.044244637505834856
7.177942912713619	0.043912805692857555
7.194489780036995	0.043580215874646513
7.211074791828998	0.043246311943614425
7.227698036021702	0.0429145293476018
7.2443596007499025	0.04258486502899648
7.261059574351547	0.04225731573886135
7.277798045368242	0.04193187803461903
7.294575102545687	0.041608548277716546
7.311390834834176	0.04128732263126808
7.3282453313890406	0.04096819705767678
7.345138681571151	0.04065116731623437
7.362070974947361	0.04033622896069986
7.379042301291012	0.04002337733685527
7.396052750582378	0.03971260758004037
7.413102413009177	0.039403914612663904
7.430191378967014	0.03909729314169372
7.447319739059893	0.03879273765612264
7.464487584100665	0.03849024242441327
7.481695005111545	0.03818980149191799
7.498942093324558	0.03789140867827732
7.516228940182057	0.037595057574793735
7.533555637337174	0.03730074154178261
7.550922276654341	0.03700845370589892
7.568328950209744	0.03671818695744042
7.58577575029184	0.03642993394762609
7.603262769401819	0.03614368708585114
7.620790100254123	0.035859438536916186
7.638357835776907	0.03557718021823314
7.655966069112566	0.035296903797004765
7.67361489361819	0.0350186006873804
7.691304402866098	0.03474226204758498
7.709034690644301	0.034467878777024
7.726805850957025	0.0341954415133613
7.744617978025188	0.033924940629572096
7.76247116628692	0.03365636623096883
7.78036551039804	0.03338970815220158
7.798301105232589	0.03312495595423107
7.816278045883297	0.03286209892127566
7.83429642766212	0.03260112605773051
7.852356346100718	0.03234202608506034
7.870457896950989	0.03208478743866401
7.888601176185544	0.03182939826471219
7.906786279998253	0.03157584641695631
7.925013304804718	0.03132411945351031
7.943282347242818	0.03107420463360324
7.961593504173188	0.030826088914304026
7.979946872679768	0.03057975894721675
7.9983425500702845	0.03033520107514778
8.016780633876794	0.030092401328742673
8.035261221856173	0.029851345423094654
8.05378441199067	0.029612018754322327
8.072350302488383	0.02937198648993415
8.090958991783825	0.029130789789680128
8.109610578538408	0.02889125857263559
8.128305161640995	0.028653389669464565
8.147042840208396	0.02841717975151567
8.165823713585926	0.028182625328923492
8.1846478813479	0.027949722748693274
8.203515443298185	0.027718468192767874
8.222426499470712	0.027488857676077616
8.241381150130026	0.027260887044572066
8.260379495771788	0.027034551973234698
8.279421637123345	0.026809847964078933
8.298507675144226	0.026586770344126834
8.317637711026709	0.026365314263368963
8.336811846196344	0.026145474692706408
8.356030182312479	0.025927246421874238
8.375292821268827	0.025710624057345973
8.394599865193973	0.025495602020219856
8.413951416451951	0.025282174544085573
8.433347577642753	0.025070335672872483
8.452788451602899	0.024860079258678145
8.472274141405963	0.024651398959577804
8.491804750363139	0.024444288237414034
8.511380382023763	0.024238740355567005
8.531001140175896	0.024034748376704492
8.550667128846833	0.023832305160512438
8.570378452303697	0.023631403361404617
8.590135215053957	0.02343203542621264
8.609937521846007	0.02323419359185504
8.629785477669701	0.023037869882985916
8.649679187756934	0.02284305610962245
8.669618757582166	0.022649743864752
8.689604292863018	0.0224579245219173
8.709635899560805	0.022267589232780972
8.729713683881117	0.022078728924668098
8.74983775227436	0.021891334298087477
8.770008211436348	0.021705395824230596
8.790225168308842	0.021520903742449176
8.810488730080142	0.02133784805770985
8.830799004185627	0.021156218538027138
8.851156098308357	0.02097600471187327
8.871560120379607	0.020797195865565884
8.892011178579486	0.020619781040632088
8.912509381337454	0.020443749031150316
8.933054837332953	0.020269088381068074
8.953647655495937	0.02009578738149685
8.974287945007486	0.019923834067982926
8.994975815300352	0.019753216217754836
9.01571137605957	0.019583921346946243
9.036494737223014	0.01941593670779519
9.057326008982002	0.019247107102088927
9.078205301781857	0.019077026566471374
9.099132726322518	0.0189082004790038
9.120108393559097	0.01874062629038226
9.141132414702504	0.01857430132991419
9.162204901219997	0.018409222804079098
9.183325964835811	0.01824538779507571
9.204495717531712	0.01808279325935642
9.225714271547634	0.017921436026148093
9.246981739382225	0.017761312795960077
9.268298233793494	0.017602420139078066
9.289663867799362	0.017444754494045252
9.311078754678306	0.017288312166128944
9.33254300796991	0.017133089325774283
9.354056741475521	0.01697908200704324
9.375620069258803	0.01682628610604041
9.39723310564638	0.016674697379324026
9.418895965228414	0.016524311442303333
9.440608762859236	0.01637512376762114
9.462371613657929	0.016227129683522367
9.484184633008974	0.016080324372207605
9.506047936562814	0.01593470286817251
9.527961640236521	0.015790260056531766
9.549925860214358	0.015646990671328867
9.571940712948447	0.015504889293830088
9.594006315159332	0.015363950350804149
9.616122783836648	0.01522416811278577
9.638290236239705	0.015085536692324528
9.660508789898136	0.01494805004221766
9.68277856261249	0.014811701953727736
9.7050996724549	0.014676486054784006
9.727472237769652	0.014542395808168468
9.749896377173872	0.014409424509685295
9.772372209558107	0.014277565286314681
9.79489985408699	0.01414681109434997
9.817479430199844	0.014017154717518732
9.84011105761134	0.013888588765087011
9.862794856312105	0.013761105669947189
9.885530946569391	0.013634697686688731
9.908319448927676	0.013509356889652394
9.93116048420934	0.01338507517096693
9.954054173515269	0.01326184423856904
9.977000638225535	0.013139655614205574
10.	0.013018500631418605
10.023052380778994	0.012898370433512635
10.046157902783957	0.012779255971504139
10.069316688518045	0.012661148002053426
10.092528860766844	0.012544037085378
10.115794542598982	0.012427913583148141
10.1391138573668	0.012312767656363985
10.16248692870696	0.01219699666255871
10.18591388054117	0.01208029841859293
10.209394837076797	0.011964535165569128
10.232929922807546	0.011849704628182087
10.256519262514079	0.011735804436196103
10.280162981264736	0.011622832123331962
10.303861204416158	0.01151078512614444
10.32761405761398	0.011399660782889306
10.351421666793442	0.011289456332380564
10.375284158180126	0.011180168912836878
10.39920165829059	0.01107179556071809
10.423174293933046	0.010964333209551175
10.447202192208003	0.0108577786887458
10.471285480508996	0.010752128722398929
10.495424286523221	0.010647379928089184
10.519618738232236	0.01054352881566014
10.543868963912592	0.010440571785993082
10.568175092136585	0.010338505129768345
10.592537251772887	0.010237325026216064
10.616955571987253	0.01013702754185562
10.641430182243164	0.010037608629224041
10.665961212302578	0.00993906412559276
10.690548792226577	0.009841389751673332
10.71519305237607	0.009744581110311557
10.739894123412451	0.009648633685170164
10.76465213629835	0.009553542839399473
10.789467222298287	0.00945930381429673
10.814339512979387	0.009365911727953315
10.83926914021204	0.009273361573890318
10.864256236170656	0.009181648219681598
10.889300933334333	0.009090766405565187
10.91440336448757	0.009000710743042198
10.939563662720943	0.008911475713463608
10.964781961431852	0.008823055666604355
10.990058394325208	0.008735444819225108
11.015393095414156	0.008648637253621385
11.040786199020735	0.008562626916160058
11.066237839776663	0.0084774076158027
11.091748152624008	0.008392973022616377
11.117317272815919	0.008309316666271212
11.142945335917304	0.008226431934525009
11.168632477805613	0.00814431207169431
11.194378834671515	0.008062950177112473
11.220184543019629	0.0079823392035741
11.24604973966927	0.007902471955765955
11.271974561755105	0.007823341088684401
11.297959146727976	0.00774493910603869
11.324003632355566	0.007667258358640739
11.350108156723154	0.007590291042780773
11.37627285823431	0.007514029198588968
11.402497875611685	0.007437183948382357
11.428783347897712	0.007359512241512257
11.45512941445536	0.007282511649894111
11.481536214968829	0.007206180317907565
11.508003889444357	0.007130516319160761
11.534532578210918	0.007055517655668365
11.561122421920993	0.006981182257022012
11.587773561551263	0.006907507979553523
11.614486138403427	0.00683449260549029
11.641260294104908	0.006762133842103408
11.66809617060963	0.006690429320848061
11.694993910198711	0.006619376596496343
11.721953655481304	0.006548973146262087
11.748975549395292	0.00647921636891816
11.776059735208078	0.006410103583905759
11.803206356517299	0.006341632030435881
11.830415557251646	0.0062737988665826265
11.857687481671597	0.006206601168368602
11.88502227437019	0.006140035928842156
11.91242008027375	0.0060741000571465295
11.93988104464273	0.0060087903775804755
11.967405313072431	0.005944103628650895
11.994993031493793	0.005880036462116893
12.02264434617413	0.005816585442025533
12.050359403717973	0.005753747043738841
12.078138351067798	0.005691517652952484
12.10598133550483	0.005629893564705632
12.133888504649775	0.005568870982382263
12.161860006463678	0.005508446016703428
12.189895989248662	0.005448614684710877
12.217996601648723	0.005389372908741672
12.246161992650489	0.0053307165153938805
12.274392311584071	0.005272641234482982
12.30268770812381	0.005215142697989386
12.331048332289097	0.005158216438996568
12.359474334445107	0.005101857890620065
12.387965865303691	0.0050460623849268756
12.416523075924106	0.00499082515184566
12.445146117713856	0.004936141318067267
12.473835142429433	0.004882005905935856
12.5025903021772	0.004828413832330082
12.531411749414156	0.00477535990753478
12.560299636948754	0.004722838834102721
12.589254117941675	0.004670845205706589
12.618275345906707	0.004619373505980745
12.64736347471151	0.004568418107353204
12.67651865857846	0.0045179732698673114
12.705741052085418	0.004468033139993355
12.735030810166617	0.004418591749429683
12.764388088113435	0.004369643013893625
12.793813041575252	0.004320180800289728
12.823305826560219	0.004270015493292962
12.852866599436155	0.004220316445226999
12.882495516931336	0.004171082362064674
12.912192736135347	0.004122311900823355
12.941958414499863	0.004074003668997113
12.971792709839558	0.004026156223983579
13.001695780332899	0.003978768072505847
13.031667784523	0.003931837670029138
13.061708881318419	0.003885363420172317
13.09181922999407	0.0038393436741139745
13.121998990192028	0.003793776729993392
13.15224832192239	0.0037486608323060566
13.182567385564074	0.0037039941712939256
13.212956341865752	0.0036597748823300113
13.243415351946643	0.0036160010452977584
13.273944577297401	0.0035726706839647195
13.304544179780914	0.0035297817653508518
13.33521432163324	0.003487332199090962
13.365955165464419	0.0034453198367917237
13.396766874259358	0.003403742471382883
13.427649611378643	0.0033625978364628336
13.458603540559483	0.003321883605638204
13.489628825916533	0.003281597391857827
13.52072563194278	0.0032417367467407025
13.551894123510364	0.003202299159898154
13.583134465871542	0.0031632820582498064
13.614446824659497	0.003124682805333771
13.645831365889252	0.003086498700610613
13.677288255958494	0.003048726978761316
13.708817661648537	0.0030113648089789393
13.740419750125149	0.002974409294254186
13.772094688939474	0.002937857470654658
13.803842646028853	0.0029017063065978404
13.83566378971781	0.0028659527021176155
13.867558288718882	0.002830593488124489
13.89952631213354	0.0027956254256592717
13.931568029453036	0.002761045205140329
13.963683610559377	0.0027268494456041295
13.995873225726179	0.0026930346939393053
14.028137045619589	0.0026595974241139563
14.060475241299143	0.0026265340363963397
14.092887984218748	0.0025938408565686
14.12537544622754	0.002561514135133843
14.157937799570824	0.0025295500465162325
14.190575216890926	0.0024979446882542264
14.223287871228198	0.002466694080186667
14.25607593602188	0.0024357941636320023
14.288939585111036	0.0024052408005602773
14.321878992735439	0.002375029772758066
14.35489433353656	0.0023444763902223534
14.387985782558452	0.002313451550804255
14.421153515248696	0.0022827508433255215
14.45439770745928	0.002252373303852547
14.487718535447618	0.00222231793381141
14.52111617587742	0.0021925836995884637
14.554590805819668	0.00216316953212729
14.58814260275349	0.0021340743265221137
14.621771744567184	0.002105296941607469
14.655478409559112	0.0020768361995443228
14.689262776438676	0.002048690885402433
14.723125024327194	0.002020859746739075
14.757065332758946	0.0019933414931738746
14.791083881682072	0.001966134795960007
14.825180851459544	0.0019392382875514898
14.859356422870075	0.0019126505611667232
14.893610777109155	0.0018863701703480439
14.92794409578996	0.0018603956285174782
14.962356560944343	0.0018347254085285117
14.99684835502374	0.0018093579422139444
15.031419660900225	0.001784291619929658
15.066070661867418	0.0017595247900944536
15.100801541641477	0.001735055758725768
15.135612484362087	0.0017108827889713266
15.170503674593368	0.001687004100636691
15.205475297324954	0.0016634178697085666
15.240527537972907	0.0016401222278740175
15.275660582380732	0.001617115262035391
15.310874616820303	0.0015943950138210593
15.346169827992941	0.0015719594790917445
15.381546403030342	0.0015498066074426564
15.4170045294956	0.0015279343017011702
15.452544395384141	0.001506340417420203
15.488166189124811	0.0014850227623670424
15.523870099580817	0.0014639790960078122
15.55965631605075	0.001443207128987396
15.595525028269538	0.0014227045226048603
15.631476426409538	0.0014024688882842292
15.667510701081484	0.0013824977870407354
15.70362804333553	0.001362788728942386
15.739828644662197	0.0013433391725668833
15.776112696993485	0.0013241465244537543
15.812480392703826	0.0013052081385518117
15.848931924611142	0.001286521315661761
15.88546748597779	0.0012680833028740443
15.9220872705117	0.001249891293001717
15.95879147236732	0.001231942424008515
15.995580286146694	0.0012142337784319176
16.032453906900418	0.0011967623828012756
16.069412530128773	0.0011795252070508477
16.106456351782697	0.0011620719696765814
16.143585568264868	0.0011443175513813743
16.18080037643066	0.0011267845920856954
16.218100973589298	0.0011094721846736562
16.255487557504836	0.0010923793951731038
16.292960326397232	0.0010755052624530808
16.330519478943348	0.0010588487979186357
16.368165214278086	0.0010424089852028738
16.40589773199539	0.001026184779856335
16.443717232149325	0.0010101751090335945
16.481623915255085	0.0009943788711771289
16.51961798229015	0.0009787949356983151
16.557699634695275	0.0009634221426557004
16.595869074375614	0.0009482593024303743
16.634126503701697	0.0009333051953985371
16.672472125510627	0.0009185585716011116
16.71090614310707	0.0009040181504105178
16.749428760264383	0.0008896826201944793
16.788040181225607	0.0008755506379769183
16.82674061070467	0.0008616208290958097
16.865530253887407	0.0008478917868580983
16.90440931643265	0.0008343620721915688
16.94337800447329	0.0008210302132936804
16.982436524617444	0.0008078947052773021
17.0215850839495	0.0007949540098133864
17.060823890031244	0.0007822065547704992
17.10015315090288	0.0007696507338512455
17.139573075084254	0.0007572849062254564
17.179083871575877	0.0007451073961602521
17.21868574986008	0.0007331164926468373
17.25837891990204	0.0007213104490240999
17.298163592151013	0.0007096874825988718
17.338039977541374	0.0006982457742629569
17.378008287493763	0.0006869834681068007
17.418068733916144	0.0006758986710298387
17.458221529205037	0.0006649894523474251
17.498466886246565	0.0006542538433944116
17.53880501841762	0.0006436898371252569
17.579236139586932	0.0006332953877107227
17.619760464116293	0.0006230684101310308
17.66037820686164	0.0006130067797655601
17.70108958317422	0.0006031083319789796
17.741894808901662	0.0005933708617038379
17.78279410038923	0.0005837921230195217
17.82378767448089	0.0005743698287276275
17.864875748520518	0.0005651016499236656
17.906058540352948	0.0005559852155651041
17.947336268325266	0.0005470181120356645
17.988709151287875	0.0005381978827059257
18.030177408595698	0.0005295220274901299
18.071741260109274	0.0005206073215930387
18.113400926196025	0.0005113813948543979
18.15515662773135	0.0005022892461467557
18.197008586099845	0.0004933302020363073
18.238957023196384	0.000484503571238547
18.281002161427427	0.00047580864442030145
18.323144223712113	0.0004672446940000612
18.365383433483473	0.00045881097394652795
18.407720014689563	0.0004505067195754085
18.450154191794738	0.000442331147344392
18.492686189780777	0.00043428345464635343
18.535316234148123	0.0004263628196007249
18.57804455091699	0.00041856840084305555
18.620871366628677	0.00041089933731269215
18.663796908346693	0.00040335474803863914
18.706821403658015	0.0003959337319235132
18.74994508067419	0.00038863536752564167
18.793168168032686	0.0003814587128392128
18.836490894898002	0.0003744028050725504
18.879913490962945	0.00036746666042442256
18.92343618644976	0.00036064927385843056
18.967059212111465	0.00035394961887539353
19.010782799232995	0.00034736664728379074
19.054607179632484	0.00034089928896818063
19.098532585662387	0.00033454645165563484
19.14255925021086	0.00032830702068010575
19.18668740670289	0.0003221798587447873
19.230917289101594	0.00031616380568239385
19.275249131909366	0.0003102576782133778
19.31968317016924	0.00030446026970203284
19.364219639466068	0.00029877034991051047
19.408858775927794	0.0002931866647506954
19.453600816226633	0.00028770793603395374
19.498445997580454	0.00028233286121869753
19.543394557753942	0.000277060113155797
19.58844673505991	0.00027188833983178323
19.633602768360475	0.00026681616410985674
19.67886289706845	0.0002618421834686409
19.724227361148536	0.0002569649697387148
19.76969640111862	0.0002521830688368713
19.81527025805099	0.0002474950004980994
19.860949173573715	0.00024289925800525554
19.906733389871864	0.0002383943079164301
19.952623149688808	0.00023397858978997297
19.998618696327448	0.00022965051590717177
20.044720273651613	0.0002254084709925421
20.090928126087277	0.00022125081193174459
20.137242498623895	0.00021717586748708098
20.183663636815616	0.0002131819380105736
20.23019178678272	0.00020926729515457728
20.276827195212817	0.0002051680941441269
20.32357010936221	0.00020083450564442913
20.37042077705719	0.0001965728948102451
20.417379446695296	0.00019238279592489663
20.46444636724674	0.00018826373228168306
20.511621788255646	0.00018421521606425448
20.558905959841425	0.00018023674822592562
20.606299132700006	0.00017632781836794613
20.65380155810529	0.00017248790461668668
20.701413487910415	0.0001687164734997717
20.749135174549107	0.00016501297982112178
20.79696687103696	0.0001613768665349134
20.844908830972887	0.00015780756461842627
20.892961308540386	0.00015430449294380008
20.941124558508935	0.00015086705814866398
20.989398836235246	0.0001474946545056541
21.03778439766475	0.00014418666379077956
21.086281499332888	0.00014094245515066102
21.134890398366476	0.00013776138496861308
21.183611352485023	0.00013464279672956901
21.23244462000219	0.00013158602088382684
21.28139045982711	0.0001285903747096272
21.330449131465773	0.00012565516217453616
21.379620895022324	0.00012277967379563918
21.428906011200585	0.00011996318649851355
21.47830474130533	0.00011720496347499857
21.527817347243737	0.0001145042540397305
21.57744409152667	0.00011186029348545212
21.6271852372702	0.00010927230293706184
21.67704104819694	0.00010673948920442049
21.727011788637455	0.0001042610446338875
21.77709772353159	0.00010183614695858647
21.827299118430012	0.0000994639591473766
21.87761623949552	0.00009714362925253871
21.9280493535045	0.0000948742902561514
21.978598727848254	0.00009265505991515443
22.02926463053456	0.00009048504060508018
22.080047330188993	0.00008836331916245594
22.13094709605639	0.00008628896672585587
22.181964198002195	0.000084261038575599
22.23309890651403	0.000082278573972072
22.28435149270303	0.00008034059599268175
22.335722228305325	0.00007844611136741369
22.3872113856834	0.00007659411031299345
22.438819237827662	0.00007478356636563166
22.490546058357804	0.00007301343621235243
22.542392121524305	0.00007128265952088404
22.59435770220978	0.00006959015876811129
22.646443075930595	0.00006793483906706219
22.698648518838212	0.00006631558799243663
22.750974307720718	0.00006473127540465142
22.803420720004187	0.00006318075327239932
22.8559880337543	0.00006166285549369922
22.908676527677724	0.00006017639771544014
22.961486481123632	0.0000587201771513952
23.01441817408509	0.00005729297239870345
23.06747188720069	0.00005589354325279421
23.12064790175594	0.00005452063052075858
23.173946499684796	0.00005317295583314271
23.227367963571073	0.000051849221454159126
23.280912576650078	0.0000505481100902942
23.33458062281002	0.00004926828469731149
23.38837238659356	0.00004800838828562819
23.442288153199225	0.000046767043724060025
23.49632820848307	0.00004554285354191133
23.55049283896009	0.00004433439972941097
23.604782331805783	0.00004314024353647004
23.65919697485759	0.000041958925269756484
23.71373705661655	0.00004078896408806381
23.76840286624876	0.0000396288577959724
23.823194693586913	0.00003847708263578137
23.878112829131783	0.000037332093077702786
23.933157564053875	0.00003619232160829861
23.9883291901949	0.000035056178517154887
24.043628000069347	0.0000339220516817727
24.099054286865954	0.000032788306350667854
24.154608344449404	0.000031653284924657195
24.210290467361776	0.000030515306736327525
24.266100950824168	0.00002937266782766552
24.32204009073816	0.00002822364072583963
24.378108183687527	0.000027066474217112767
24.434305526939713	0.000025899393118880304
24.49063241844747	0.000024720598049811185
24.547089156850312	0.000023528265198084286
24.603676041476273	0.000022320546087696137
24.660393372343385	0.00002109556734283558
24.717241450161318	0.000019851430450302908
24.774220576332862	0.00001858621151996442
24.831331052955704	0.000017297961043217402
24.888573182823905	0.000015984703649463184
24.94594726942956	0.000014644437860562714
25.003453616964322	0.000013275135843265973
25.06109253032114	0.000011874743159591008
25.118864315095795	0.000010441178515148097
25.17676927758857	8.972333505383066e-6
25.234807724805755	7.466072359733053e-6
25.29297996446145	5.92023168366646e-6
25.35128630497907	4.332620198604421e-6
25.409727055493065	2.7010184796971626e-6
25.46830252585042	1.02317869144803e-6