0.1	5.5334776249248065
0.10023052380778996	5.530336142006185
0.10046157902783952	5.527189807519697
0.10069316688518042	5.52403852340698
0.10092528860766845	5.5208824363344915
0.10115794542598985	5.517721546134291
0.10139113857366794	5.514555852685207
0.10162486928706957	5.511385355913147
0.1018591388054117	5.508210055791395
0.102093948370768	5.505029952340921
0.10232929922807542	5.501845045630686
0.10256519262514076	5.498655335777961
0.10280162981264736	5.495460822948622
0.10303861204416162	5.4922615073574725
0.10327614057613975	5.489057389268562
0.10351421666793438	5.485848468995484
0.10375284158180126	5.482634746901715
0.10399201658290592	5.479416223400912
0.10423174293933042	5.476192898957247
0.10447202192208001	5.47296477408572
0.10471285480508996	5.469731849352488
0.10495424286523224	5.466494125375184
0.1051961873823223	5.463251602823242
0.1054386896391259	5.46000428241823
0.10568175092136585	5.456752164934176
0.10592537251772889	5.453495251197902
0.10616955571987247	5.4502335420893475
0.10641430182243161	5.44696703854191
0.10665961212302578	5.443695741542778
0.1069054879222658	5.440419652133272
0.10715193052376065	5.437138771409173
0.10739894123412448	5.433853100521074
0.1076465213629835	5.430562640674713
0.10789467222298288	5.427267393131319
0.1081433951297938	5.423967359207961
0.10839269140212036	5.4206625402778865
0.10864256236170655	5.417352937770872
0.10889300933334335	5.414038553173575
0.10914403364487565	5.410719388029886
0.10939563662720939	5.407395443941279
0.1096478196143185	5.404066722567165
0.10990058394325211	5.400733225625249
0.11015393095414151	5.397394954891889
0.11040786199020733	5.394051912202455
0.11066237839776664	5.39070409945169
0.11091748152624012	5.387351518594071
0.11117317272815914	5.383994171644175
0.11142945335917301	5.3806320606770495
0.11168632477805612	5.3772651878285735
0.11194378834671516	5.373893555295824
0.11220184543019636	5.370517165337464
0.11246049739669266	5.367136020274096
0.11271974561755105	5.363750217465646
0.11297959146727979	5.360359941344897
0.11324003632355571	5.35696491890565
0.11350108156723152	5.3535651518244665
0.1137627285823431	5.350160641829284
0.11402497875611688	5.346751390699674
0.11428783347897718	5.343337400267114
0.11455129414455358	5.339918672415247
0.1148153621496883	5.33649520908015
0.11508003889444356	5.333067012250598
0.11534532578210924	5.329634083968329
0.11561122421920987	5.3261964263283215
0.11587773561551262	5.322754041479052
0.11614486138403426	5.31930693162277
0.11641260294104915	5.315855099015767
0.11668096170609624	5.312398545968652
0.11694993910198712	5.308937274846608
0.11721953655481303	5.305471288069688
0.11748975549395298	5.302000588113063
0.11776059735208072	5.29852517750732
0.11803206356517298	5.2950450588387135
0.11830415557251646	5.291560234749461
0.118576874816716	5.288070707938003
0.11885022274370183	5.284576481159293
0.11912420080273747	5.281077557225065
0.1193988104464273	5.277573939004115
0.11967405313072434	5.274065629422585
0.11994993031493788	5.270552631464235
0.12022644346174129	5.267034948170727
0.12050359403717974	5.263512582641907
0.120781383510678	5.259985538036088
0.12105981335504823	5.256453817570327
0.12133888504649772	5.252917424520714
0.12161860006463679	5.249376362222653
0.12189895989248664	5.245830634071149
0.12217996601648717	5.242280243521094
0.12246161992650487	5.238725194087547
0.12274392311584072	5.235165489346029
0.12302687708123815	5.231601132932804
0.1233104833228909	5.228032128545174
0.12359474334445104	5.22445847994176
0.1238796586530369	5.220880190942802
0.1241652307592411	5.217297265430438
0.1244514611771385	5.2137097073489995
0.12473835142429429	5.21011752070531
0.125025903021772	5.2065207095689665
0.1253141174941416	5.20291927807264
0.1256029963694875	5.199313230412368
0.12589254117941673	5.195702570847844
0.12618275345906707	5.1920873037027215
0.12647363474711512	5.18846771570289
0.12676518658578456	5.184844352293739
0.12705741052085415	5.181216398969826
0.12735030810166617	5.177583857651232
0.12764388088113438	5.17394673028644
0.12793813041575247	5.170305018852255
0.12823305826560213	5.1666587253537575
0.12852866599436155	5.163007851824234
0.1288249551693134	5.159352400325119
0.12912192736135342	5.155692372945917
0.1294195841449986	5.1520277718041445
0.12971792709839558	5.148358599045249
0.13001695780332903	5.14468485684254
0.13031667784522993	5.141006547397112
0.13061708881318415	5.137323672937754
0.1309181922999407	5.133636235720887
0.13121998990192033	5.129944238030461
0.13152248321922383	5.1262476821778735
0.1318256738556407	5.122546570501886
0.1321295634186575	5.118840905368519
0.13243415351946647	5.1151306891709645
0.13273944577297395	5.11141592432949
0.1330454417978091	5.1076966132913295
0.1333521432163324	5.103972758530582
0.13365955165464422	5.100244362548109
0.1339676687425935	5.096511427871422
0.1342764961137864	5.092773957054568
0.13458603540559483	5.089031952678018
0.13489628825916536	5.085285417348544
0.13520725631942773	5.081534353699103
0.1355189412351036	5.077778764388707
0.1358313446587154	5.074018652102299
0.136144468246595	5.070254019550622
0.13645831365889247	5.066484869470085
0.13677288255958492	5.062711204622624
0.13708817661648537	5.058933027795564
0.13740419750125152	5.055150341801475
0.13772094688939465	5.051363149478027
0.1380384264602885	5.0475714536878336
0.1383566378971781	5.0437752573183126
0.13867558288718884	5.039974563281511
0.13899526312133534	5.036169374513959
0.13931568029453031	5.032359693976502
0.13963683610559377	5.028545524654128
0.13995873225726183	5.0247268695558125
0.14028137045619582	5.020903731714323
0.1406047524129914	5.017076114186057
0.14092887984218747	5.013244020050859
0.14125375446227545	5.009407452411829
0.14157937799570816	5.0055664143951395
0.14190575216890922	5.001720830603798
0.142232878712282	4.997870553706042
0.14256075936021884	4.994015814747087
0.1428893958511103	4.990156617684081
0.14321878992735435	4.986292966506556
0.1435489433353656	4.982424865236303
0.14387985782558455	4.978552317927268
0.14421153515248689	4.9746753286654215
0.14454397707459277	4.970793901568644
0.14487718535447616	4.966908040786602
0.14521116175877424	4.963017750500613
0.14554590805819662	4.959123034923514
0.14588142602753484	4.955223898299535
0.14621771744567183	4.951320344904147
0.14655478409559117	4.94741237904393
0.1468926277643867	4.943500005056425
0.1472312502432719	4.939583227309978
0.14757065332758945	4.9356620502035975
0.14791083881682077	4.931736478166789
0.14825180851459538	4.927806515659402
0.1485935642287007	4.92387216717146
0.14893610777109154	4.919933437222999
0.14927944095789963	4.915990330363886
0.14962356560944334	4.912042851173664
0.1499684835502373	4.9080910042613475
0.15031419660900225	4.904134794265257
0.15066070661867417	4.900174225852828
0.15100801541641484	4.89620930372042
0.1513561248436208	4.89224003259312
0.1517050367459337	4.888266417224546
0.15205475297324955	4.8842884623966425
0.15240527537972914	4.880306172919477
0.15275660582380723	4.876319553631025
0.15310874616820302	4.872328609396952
0.15346169827992942	4.868333345110405
0.1538154640303035	4.864333765691775
0.15417004529495593	4.86032987608848
0.1545254439538414	4.856321681274721
0.1548816618912481	4.852309186251261
0.15523870099580825	4.848292396045161
0.15559656316050743	4.844271315709555
0.15595525028269538	4.840245950323388
0.15631476426409538	4.836216304991166
0.15667510701081494	4.8321823848426835
0.15703628043335524	4.828144195032783
0.15739828644662196	4.824101740741057
0.15776112696993486	4.820055027171594
0.15812480392703834	4.816004059552691
0.15848931924611134	4.811948843136572
0.15885467485977792	4.807889383199098
0.159220872705117	4.803825256635639
0.15958791472367329	4.79975564789609
0.15995580286146688	4.7956818050646115
0.16032453906900418	4.7916037375483125
0.1606941253012877	4.787521454832639
0.16106456351782708	4.783434966481592
0.16143585568264862	4.7793442821379495
0.16180800376430657	4.775249411523487
0.16218100973589297	4.771150364439191
0.16255487557504839	4.767047150765486
0.16292960326397224	4.762939780462446
0.16330519478943342	4.7588282635700105
0.16368165214278085	4.754712610208202
0.16405897731995392	4.750592830577337
0.16443717232149316	4.746468934958243
0.1648162391525508	4.742340933712473
0.1651961798229015	4.738208837282504
0.1655769963469528	4.734072656191965
0.16595869074375605	4.729932401045835
0.16634126503701693	4.7257880825306495
0.16672472125510626	4.721639711414715
0.16710906143107074	4.717487298548313
0.16749428760264373	4.713330854863898
0.16788040181225602	4.70917039137631
0.16826740610704674	4.705005919182971
0.16865530253887412	4.700837449464089
0.16904409316432642	4.696664993482852
0.16943378004473283	4.692488562585639
0.16982436524617442	4.688308168202206
0.17021585083949506	4.684123821845881
0.17060823890031235	4.679935535113767
0.17100153150902875	4.675743319686934
0.17139573075084252	4.671547187330603
0.17179083871575881	4.667347149894347
0.1721868574986007	4.663143219312268
0.17258378919902034	4.658935407603199
0.17298163592151014	4.654723726870876
0.17338039977541378	4.650508189304134
0.17378008287493754	4.646288807177079
0.17418068733916142	4.642065592849285
0.17458221529205037	4.637838558765953
0.1749846688624657	4.633607717458112
0.1753880501841761	4.629373081542777
0.17579236139586926	4.625134663723133
0.1761976046411629	4.620892476788711
0.17660378206861643	4.61664653361555
0.17701089583174212	4.612396847166374
0.17741894808901656	4.608143430490761
0.1778279410038923	4.603886296725302
0.17823787674480895	4.599625459093775
0.17864875748520506	4.595361210405326
0.17906058540352943	4.591094099609821
0.17947336268325265	4.586823329409137
0.1798870915128788	4.582548910741818
0.1803017740859569	4.578270854597702
0.1807174126010927	4.573989172017727
0.18113400926196024	4.569703874093718
0.18155156627731356	4.565414971968183
0.18197008586099836	4.561122476834092
0.18238957023196378	4.556826399934664
0.1828100216142743	4.552526752563134
0.18323144223712115	4.5482235460625215
0.18365383433483465	4.5439167918254
0.18407720014689558	4.53960650129365
0.18450154191794738	4.535292685958216
0.18492686189780783	4.53097535735885
0.18535316234148114	4.526654527083855
0.18578044550916986	4.5223302067698175
0.18620871366628675	4.518002408101351
0.186637969083467	4.5136711428108
0.18706821403658005	4.509336422677979
0.18749945080674188	4.504998259529872
0.18793168168032684	4.500656665240347
0.18836490894898006	4.4963116517298545
0.18879913490962935	4.4919632309651245
0.18923436186449755	4.487611414958854
0.18967059212111465	4.483256215769394
0.19010782799233	4.47889764550042
0.19054607179632474	4.474535716300608
0.1909853258566238	4.4701704403632965
0.19142559250210858	4.4658018299261455
0.19186687406702896	4.461429897270791
0.19230917289101584	4.457054654722481
0.1927524913190936	4.452676114649721
0.1931968317016924	4.448294289463909
0.19364219639466074	4.443909191618951
0.19408858775927784	4.4395208336108825
0.19453600816226624	4.43512922797749
0.19498445997580455	4.430734387297896
0.19543394557753943	4.426336324192175
0.195884467350599	4.421935051320932
0.19633602768360464	4.417530581384894
0.1967886289706845	4.413122927124476
0.19724227361148533	4.408712101319359
0.19769696401118608	4.404298116788046
0.1981527025805098	4.39988098638742
0.19860949173573716	4.3954607230122855
0.19906733389871864	4.391037339594911
0.19952623149688797	4.3866108491045575
0.1999861869632744	4.382181264547005
0.20044720273651614	4.377748962120839
0.2009092812608728	4.373314650754702
0.20137242498623883	4.368877290094322
0.20183663636815607	4.364436889862184
0.2023019178678272	4.359993459767127
0.20276827195212818	4.355547009503365
0.20323570109362218	4.35109754874949
0.2037042077705718	4.346645087167464
0.20417379446695297	4.342189634401597
0.20464446367246739	4.337731200077521
0.20511621788255657	4.3332697938011275
0.20558905959841414	4.328805425157533
0.20606299132700007	4.324338103709988
0.20653801558105292	4.319867838998806
0.20701413487910425	4.315394640540256
0.20749135174549097	4.310918517825465
0.2079696687103696	4.306439480319284
0.20844908830972886	4.301957537459155
0.20892961308540398	4.297472698653964
0.20941124558508925	4.2929849732828735
0.20989398836235246	4.28849437069414
0.21037784397664752	4.284000900203941
0.21086281499332898	4.279504571095145
0.21134890398366465	4.2750053926161105
0.2118361135248502	4.270503373979443
0.21232444620002192	4.265998524360754
0.21281390459827124	4.261490852897387
0.21330449131465762	4.256980368687152
0.21379620895022325	4.25246708078703
0.21428906011200585	4.247950998211859
0.21478304741305343	4.243432129933021
0.21527817347243727	4.238910484877103
0.21577444091526668	4.234386071924536
0.21627185237270202	4.229858899908242
0.21677041048196952	4.225328977612238
0.21727011788637443	4.22079631377024
0.2177709772353159	4.216260917064249
0.21827299118430013	4.211722796123122
0.2187761623949553	4.20718195952112
0.21928049353504486	4.2026384157764465
0.21978598727848253	4.198092173349767
0.2202926463053456	4.193543240642717
0.22080047330189004	4.188991625996381
0.22130947096056375	4.184437337689763
0.22181964198002194	4.179880383938249
0.2223309890651403	4.1753207728920305
0.22284351492703042	4.170758512634528
0.22335722228305316	4.166193611180794
0.223872113856834	4.161626076475891
0.22438819237827662	4.15705591639326
0.2249054605835781	4.152482611441015
0.22542392121524293	4.14790515899051
0.22594357702209775	4.1433250962903125
0.22646443075930595	4.138742435882843
0.2269864851883822	4.134157190299659
0.22750974307720706	4.129569372060358
0.2280342072000418	4.124978993671504
0.22855988033754301	4.120386067625513
0.2290867652767773	4.115790606399538
0.2296148648112362	4.111192622454333
0.23014418174085083	4.106592128233107
0.2306747188720069	4.101989136160367
0.23120647901755947	4.0973836586407435
0.23173946499684786	4.092775708057797
0.2322736796357107	4.088165296772815
0.23280912576650079	4.083552437123603
0.23334580622810028	4.078937141423241
0.23388372386593548	4.074319421958846
0.2344228815319922	4.069699290990299
0.23496328208483072	4.0650767607489815
0.23550492838960096	4.060451843436469
0.2360478233180577	4.055824551223235
0.23659196974857583	4.051194896247326
0.23713737056616552	4.046562890613011
0.23768402866248767	4.041928546389443
0.23823194693586902	4.037291875609284
0.23878112829131776	4.032652890267311
0.23933157564053875	4.028011602319021
0.23988329190194904	4.023368023679209
0.24043628000069334	4.018722166220541
0.24099054286865948	4.014074041772084
0.24154608344449405	4.009423662117858
0.2421029046736178	4.004771038995337
0.24266100950824154	4.000116184093947
0.24322040090738153	3.995459109053556
0.24378108183687525	3.990799825462925
0.2443430552693972	3.9861383448581593
0.24490632418447456	3.981474678721136
0.24547089156850305	3.976808838477913
0.24603676041476275	3.972140835497118
0.24660393372343392	3.967470681088327
0.24717241450161304	3.9627983865004164
0.24774220576332856	3.9581239629198985
0.24831331052955705	3.9534474214692428
0.2488857318282391	3.948768773205175
0.24945947269429547	3.9440880291169544
0.25003453616964316	3.9394052001246367
0.2506109253032114	3.9347202970773156
0.251188643150958	3.930033330751348
0.25176769277588557	3.9253443118485514
0.25234807724805747	3.9206527370480773
0.2529297996446145	3.915957632115338
0.25351286304979076	3.911260498403437
0.25409727055493053	3.9065613511440045
0.2546830252585041	3.9018602055522975
0.2552701302661247	3.8971570768259176
0.2558585886905646	3.8924519801435413
0.25644840365177174	3.8877449306636063
0.2570395782768864	3.883035943523006
0.25763211570025757	3.8783250338357496
0.25822601906345966	3.8736122166916167
0.2588212915153092	3.868897507154793
0.2594179362118814	3.8641809202624917
0.2600159563165272	3.859462471023548
0.2606153549998896	3.854742174417017
0.26121613543992067	3.8500200453907336
0.2618183008218985	3.845296098859869
0.26242185433844417	3.8405703497054606
0.26302679918953814	3.83584281277294
0.263633138582538	3.8311135028706227
0.2642408757321946	3.8263824347681976
0.2648500138606701	3.8216496231951878
0.2654605561975539	3.8169150828394023
0.26607250597988097	3.812178828345359
0.2666858664521479	3.8074408743127033
0.26730064086633115	3.8027012352945917
0.2679168324819031	3.7979599257960737
0.26853444456585074	3.7932169602724426
0.26915348039269155	3.788472353127571
0.26977394324449205	3.783726118712231
0.2703958364108843	3.7789782713223925
0.2710191631890843	3.7742288251974974
0.2716439268839082	3.7694777945187212
0.2722701308077913	3.7647251934072146
0.272897778280804	3.7599710359223204
0.27352687263067127	3.7552153360597695
0.27415741719278824	3.7504581077498673
0.2747894153102397	3.7456993648556467
0.2754228703338166	3.7409391211710057
0.27605778562203465	3.736177390418827
0.27669416454115114	3.7314141862490775
0.2773320104651841	3.7266495222368685
0.27797132677592884	3.7218834118805293
0.2786121168629771	3.717115868599622
0.27925438412373377	3.712346905732966
0.2798981319634363	3.70757653653661
0.2805433637951713	3.702804774181814
0.28119008303989407	3.6980316317529804
0.28183829312644537	3.693257122245583
0.2824879974915708	3.6884812585640625
0.2831391995799379	3.683703577297723
0.2837919028441557	3.6789231786649594
0.28444611074479154	3.674141456737176
0.285101826750391	3.6693584285238066
0.28575905433749466	3.664574110994894
0.2864177969906581	3.6597885210794483
0.28707805820246907	3.655001675663786
0.28773984147356696	3.6502135915898477
0.28840315031266056	3.6454242856535073
0.2890679882365476	3.640633774602848
0.28973435877013226	3.635842075136429
0.2904022654464451	3.6310492039015196
0.2910717118066605	3.6262551774923337
0.29174270140011677	3.621460012448217
0.29241523778433354	3.6166637252518443
0.2930893245250321	3.6118663323273603
0.2937649651961531	3.607067850038537
0.29444216337987617	3.6022682946868803
0.29512092266663853	3.597467682509731
0.29580124665515467	3.5926660296783384
0.2964831389524342	3.58786335229592
0.29716660317380267	3.583059666395679
0.29785164294291894	3.578254987938832
0.298538261891796	3.573449332812581
0.2992264636608189	3.5686427168280894
0.29991625189876514	3.563835155718415
0.30060763026282306	3.5590266651364386
0.3013006024186122	3.5542172606527487
0.3019951720402016	3.5494069577535288
0.30269134281013055	3.544595771838391
0.30338911841942706	3.5397837182182146
0.3040885025676279	3.534970812112942
0.3047894989627983	3.5301570686493577
0.3054921113215513	3.525342502858841
0.3061963433690677	3.520527129675097
0.30690219883911574	3.5157109639318547
0.3076096814740708	3.5108940203605563
0.3083187950249354	3.506076313587999
0.30902954325135906	3.5012578581339766
0.309741929921658	3.496438668408869
0.31045595881283555	3.491618758711232
0.31117163371060175	3.486798143225338
0.3118889584093937	3.481976836018706
0.3126079367123955	3.4771548510395984
0.31332857243155854	3.4723322021144933
0.3140508693876217	3.467508902945528
0.3147748314101316	3.462684967107915
0.31550046233746265	3.457860408047334
0.31622776601683794	3.4530352390772916
0.3169567463043491	3.4482094733764583
0.31768740706497706	3.4433825034471304
0.3184197521726125	3.438553153164459
0.31915378551007617	3.4337232353821023
0.3198895109691398	3.428892768563612
0.3206269324505466	3.424061771105379
0.3213660538640317	3.4192302613345786
0.32210687912834346	3.41439825750709
0.32284941217126356	3.4095657778054025
0.32359365692962827	3.4047328403364823
0.32433961734934924	3.3998994631296284
0.3250872973854344	3.395065664134302
0.3258367010020088	3.3902314612179256
0.32658783217233583	3.3853968721636654
0.3273406948788382	3.380561914668185
0.328095293113119	3.3757266063393727
0.32885163087598307	3.3708909646940497
0.32960971217745777	3.366055007155647
0.3303695410368148	3.361218751051859
0.3311311214825911	3.3563822136122714
0.3318944575526104	3.3515454119659656
0.33265955329400454	3.34670836313909
0.333426412763235	3.341871084052415
0.3341950400261143	3.3370335915188503
0.33496543915782767	3.3321959022409446
0.3357376142429547	3.3273580328083505
0.33651156937549076	3.322519999695272
0.3372873086588689	3.3176818192578703
0.3380648362059816	3.3128435077316576
0.33884415613920255	3.308005081228849
0.3396252725904084	3.3031665557356944
0.3404081897010009	3.298953917228318
0.34119291162192855	3.295889822286725
0.3419794425137089	3.292824618209125
0.3427677865464504	3.2897582632540225
0.34355794789987465	3.286690714940699
0.34434993076333853	3.2836219300413494
0.3451437393358563	3.280551864573126
0.345939377826122	3.2774804737901357
0.34673685045253166	3.2744077121753494
0.34753616144320587	3.27133353343245
0.34833731503601184	3.268257890477611
0.34914031547858615	3.2651807354311924
0.3499451670283573	3.2621020196093795
0.350751873952568	3.259021693515738
0.35156044052829816	3.2559397068326956
0.35237087104248715	3.2528560084129614
0.353183169791957	3.2497705462708537
0.3539973410834347	3.24668326757357
0.35481338923357547	3.243594118632363
0.3556313185689854	3.2405030448936616
0.3564511334262443	3.2374056896476375
0.35727283815192895	3.2342937548187023
0.35809643710263606	3.2311796606193344
0.35892193464500527	3.228063389505774
0.35974933515574237	3.224944923588274
0.36057864302164244	3.2218242446271907
0.36140986263961333	3.218701334029007
0.36224299841669866	3.215576172842349
0.3630780547701014	3.2124487417539505
0.36391503612720716	3.2093190210845903
0.36475394692560786	3.206186990784984
0.36559479161312497	3.203052630431646
0.36643757464783333	3.1999159192227116
0.3672823004980847	3.196776835973723
0.3681289736425315	3.193635359113377
0.3689775985701504	3.1904914666792314
0.3698281797802663	3.1873451363133825
0.37068072178257605	3.184196345258088
0.37153522909717257	3.1810450703513724
0.3723917062545686	3.17789128802257
0.3732501577957206	3.1747349742878477
0.3741105882720534	3.1715761047456756
0.3749730022454836	3.168414654572264
0.3758374042884442	3.1652505985169546
0.37670379898390893	3.1620839108975782
0.377572190925416	3.158914565595764
0.37844258471709324	3.1557425360522062
0.3793149849736819	3.1525677952619033
0.38018939632056115	3.1493903157693346
0.381065823393773	3.146210069663608
0.3819442708400465	3.143027028573565
0.38282474331682265	3.1398411636628287
0.38370724549227875	3.136652445624829
0.38459178204535355	3.1334608446777694
0.38547835766577176	3.13026633055955
0.38636697705406914	3.1270688725226528
0.3872576449216172	3.123868439328977
0.3881503659906482	3.120664999244633
0.38904514499428056	3.117458520034685
0.3899419866765434	3.1142489689578525
0.390840895792402	3.1110363127611635
0.3917418771077831	3.1078205176745612
0.3926449353995998	3.1046015494054626
0.3935500754557774	3.101379373133273
0.3944573020752784	3.0981539535038465
0.3953666200681279	3.0949252546239046
0.39627803425543945	3.0916932400554047
0.3971915494694403	3.0884578728098515
0.3981071705534972	3.085219115342576
0.39902490236214205	3.0819769295469444
0.39994474976109745	3.078723060452042
0.4008667176273028	3.0754417254149593
0.4017908108489399	3.072156718926999
0.4027170343254591	3.0688680780516533
0.40364539296760493	3.0655758403390267
0.4045758916974427	3.062280043830134
0.40550853544838383	3.058980727061228
0.40644332916521275	3.0556779290681693
0.40738027780411273	3.052371689390822
0.4083193863326921	3.0490620480774893
0.40926065973001086	3.0457490456893823
0.4102041029866068	3.042432723305126
0.41114972110452225	3.0391131225252948
0.4120975190973302	3.0357902854769896
0.4130475019901614	3.0324642548184477
0.41399967481973043	3.02913507374369
0.4149540426343629	3.025802785987202
0.41591061049402206	3.022467435828655
0.4168693834703354	3.0191290680976635
0.41783036664662176	3.015787728178577
0.4187935651179184	3.01244346201531
0.41975898399100753	3.009096316116215
0.4207266283844441	3.0057463375589832
0.4216965034285822	3.002393573995598
0.422668614265603	2.9990380736573075
0.4236429660495411	2.995679885359657
0.4246195639463129	2.9923190585075443
0.4255984131337431	2.9889556431003244
0.42657951880159267	2.9855896897369485
0.4275628861515862	2.982221249621143
0.4285485203974395	2.9788503745666337
0.4295364267648873	2.9754771170024066
0.43052661049171065	2.9721015299780107
0.43151907682776525	2.9687236671688977
0.43251383103500873	2.9653435828818133
0.4335108783875289	2.961961332060221
0.43451022417157154	2.958576970289771
0.4355118736855686	2.955190553803814
0.436515832240166	2.9518021394889553
0.4375221051582521	2.9484117848906486
0.4385306977749857	2.945019548218842
0.4395416154378245	2.9416254883536603
0.4405548635065533	2.9382296648511326
0.4415704473533125	2.934832137948968
0.44258837236262655	2.93143296857237
0.44360864393143257	2.928032218339903
0.4446312674691087	2.9246299495694
0.4456562483975033	2.9212262252839114
0.44668359215096315	2.9178211092177095
0.44771330417636257	2.914414665822337
0.4487453899331322	2.911011252412367
0.449779854893288	2.907619159138919
0.45081670454146017	2.904226001749361
0.4518559443749224	2.9008318071523345
0.4528975799036208	2.897436602441424
0.4539416166502032	2.8940404148960623
0.4549880601500486	2.890643271982438
0.4560369159512962	2.887245201354415
0.4570881896148751	2.88384623085444
0.4581418867145335	2.880446388514476
0.4591980128368686	2.8770457025569165
0.4602565735813561	2.873644201395519
0.4613175745603794	2.8702419136363373
0.46238102139926035	2.8668388680786556
0.46344691973628804	2.8634350937159323
0.46451527522274944	2.8600306197367376
0.465586093522959	2.856625475525706
0.46665938031428866	2.8532196906644867
0.46773514128719823	2.849813294932699
0.46881338214526524	2.8464063183088877
0.46989410860521547	2.842998790971492
0.47097732639695294	2.839590743299808
0.47206304126359055	2.8361822058749615
0.4731512589614805	2.8327732094808793
0.4742419852602447	2.8293637851052735
0.47533522594280536	2.825953963940618
0.47643098680541573	2.8225437773851385
0.47752927365769093	2.8191332570438004
0.4786300923226384	2.8157224347293064
0.47973344863668915	2.8123113424630923
0.4808393484497286	2.8089000124763266
0.4819477976251274	2.8054884772109228
0.4830588020397727	2.802076769320547
0.48417236758409943	2.798664921671628
0.4852885001621211	2.795252967344383
0.4864072056914617	2.791840939633833
0.4875284901033864	2.7884288720508352
0.48865235934283363	2.7850167983231064
0.48977881936844625	2.7816047523962664
0.4909078761526032	2.7781927684348684
0.492039535681451	2.7747808808234455
0.49317380395493593	2.7713691241675575
0.4943106869868355	2.767957533294843
0.4954501908047903	2.764546143256069
0.49659232145033616	2.7611349893261985
0.49773708497893604	2.757724107005445
0.4988844874600123	2.754313532020347
0.5000345349769786	2.750903300324839
0.5011872336272724	2.74749344810132
0.5023425895223872	2.744084011761745
0.5035006087879049	2.740679664643039
0.5046612975635284	2.73728932807368
0.505824662003114	2.733899588763512
0.5069907082747043	2.730510440331179
0.5081594425605604	2.727121876021858
0.5093308710571953	2.7237338887025015
0.5105049999754062	2.7203464708570446
0.5116818355403077	2.716959614581555
0.5128613839913648	2.7135733115793417
0.514043651582426	2.7101875531560244
0.5152286445817564	2.706802330214551
0.5164163692720709	2.703417633250167
0.5176068319505677	2.7000334523453424
0.5188000389289611	2.696649777164652
0.5199959965335159	2.693266596949606
0.5211947111050804	2.689883900513431
0.5223961889991198	2.686501676235808
0.5236004365857502	2.6831199120575553
0.5248074602497725	2.6797385954752717
0.5260172663907061	2.676357713535918
0.5272298614228227	2.6729772528313585
0.5284452517751804	2.6695971994928485
0.5296634438916578	2.666217539185473
0.5308844442309884	2.6628382571025293
0.5321082592667942	2.659459337959866
0.5333348954876209	2.6560807659901613
0.5345643593969717	2.6527025249371587
0.5357966575133416	2.649324598049843
0.5370317963702527	2.64594696807656
0.5382697825162883	2.6425696172590962
0.5395106225151276	2.6391925273266894
0.5407543229455808	2.635815679489996
0.5420008904016238	2.632439054434993
0.5432503314924332	2.6290626323168365
0.5445026528424212	2.6256863927536545
0.5457578610912709	2.6223103148202886
0.5470159628939716	2.618934377041977
0.5482769649208538	2.615558557387981
0.5495408738576245	2.6121828332651567
0.5508076964054034	2.6088071815114597
0.5520774392807574	2.605431578389404
0.5533501092157367	2.602055999579451
0.5546257129579107	2.5986804201733444
0.5559042572704036	2.595304814667384
0.5571857489319298	2.591929156955639
0.5584701947368308	2.588553420323102
0.5597576014951101	2.5851775774387757
0.5610479760324705	2.581801600348706
0.5623413251903491	2.5784254604689454
0.5636376558259545	2.5750491285784594
0.5649369748123025	2.5716682761621756
0.5662392890382533	2.5682746359824655
0.5675446054085471	2.564880646641468
0.5688529308438415	2.5614863168323114
0.5701642722807475	2.55809165513871
0.571478636671867	2.5546966700329152
0.5727960309858292	2.5513013698736398
0.5741164622073276	2.5479057629039654
0.5754399373371569	2.5445098572492304
0.5767664633922508	2.5411136609148874
0.5780960474057181	2.5377171817843474
0.5794286964268811	2.5343204276167923
0.580764417521312	2.530923406044981
0.5821032177708715	2.52752612457301
0.5834451042737447	2.524128590574072
0.5847900841444807	2.52073081128818
0.5861381645140288	2.5173327938198713
0.5874893525297767	2.513934545135887
0.588843655355589	2.5105360720628305
0.5902010801718444	2.507137381284798
0.591561634175474	2.5037384793409907
0.5929253245799998	2.5003393726232934
0.5942921586155727	2.4969400673738416
0.5956621435290105	2.4935405696825512
0.5970352865838369	2.4901408854846308
0.5984115950603197	2.486741020558068
0.5997910762555094	2.4833409805210893
0.6011737374832781	2.4799407708295904
0.6025595860743578	2.4765403967745527
0.6039486293763798	2.473139863479418
0.6053408747539136	2.4697391758974487
0.6067363295885054	2.4663383388090603
0.6081350012787179	2.462937356819121
0.6095368972401692	2.459536234354228
0.610942024905572	2.4561349756599617
0.6123503917247736	2.452733584798102
0.6137620051647943	2.4493320656438295
0.6151768727098682	2.4459304218828852
0.6165950018614822	2.4425286570087157
0.618016400138416	2.439126774319579
0.6194410750767815	2.435724776915632
0.6208690342300636	2.432322667695978
0.6223002851691596	2.428920449355695
0.6237348354824193	2.425518124382832
0.6251726927756859	2.4221156950553686
0.6266138646723355	2.4187131634381607
0.628058358813318	2.4153105313798378
0.6295061828571976	2.4119078005096846
0.6309573444801934	2.408504972234483
0.6324118513762195	2.4051020477353307
0.633869711256927	2.4016967139451935
0.6353309318517437	2.3982845376498827
0.6367955209079159	2.394872231977903
0.6382634861905487	2.3914598189955196
0.6397348354826482	2.388047320830588
0.6412095765851616	2.3846347596721045
0.6426877173170197	2.381222157769749
0.6441692655151774	2.3778095374334183
0.6456542290346556	2.374396921032752
0.6471426157485832	2.370984330996648
0.6486344335482385	2.36757178981277
0.6501296903430908	2.3641593200270536
0.6516283940608427	2.360746944243187
0.6531305526474724	2.3573346851221033
0.654636174067275	2.353922565381447
0.6561452663029055	2.350510607795041
0.6576578373554206	2.3470988351923405
0.6591738952443215	2.343687270457883
0.6606934480075961	2.3402759365307184
0.662216503701762	2.3368648564038423
0.6637430704019089	2.3334540531236114
0.6652731562017414	2.330043549789152
0.6668067692136223	2.3266333695517605
0.6683439175686147	2.3232235356142894
0.6698846094165265	2.3198140712305313
0.6714288529259524	2.3164049997045835
0.6729766562843179	2.3129963443902097
0.6745280276979221	2.309588128690191
0.6760829753919819	2.3061803760556607
0.6776415076106752	2.3027731099854383
0.6792036326171846	2.2993663540253424
0.6807693586937414	2.295960131767502
0.6823386941416696	2.2925544668496554
0.6839116472814293	2.289149382954431
0.6854882264526615	2.285744903808629
0.6870684400142321	2.282341053182483
0.688652296344276	2.2789378548889134
0.6902398038402419	2.2755353327827725
0.6918309709189364	2.272133510760075
0.6934258060165691	2.2687324127572155
0.6950243175887968	2.2653320627501823
0.6966265141107687	2.2619324847537485
0.6982324040771714	2.258533702820661
0.6998419960022735	2.2551357410408146
0.7014552984199712	2.2517386235404118
0.7030723198838335	2.248342374481113
0.7046930689671469	2.2449470180591726
0.7063175542629619	2.2415525785045696
0.7079457843841379	2.238159080080113
0.7095777679633888	2.234766547080547
0.711213513653329	2.2313772946490524
0.7128530301265195	2.227995736618309
0.7144963260755133	2.2246152520346465
0.716143410212902	2.221235843709692
0.7177942912713617	2.2178575141816936
0.7194489780036994	2.2144802657116407
0.7211074791828996	2.2111041002793588
0.7227698036021702	2.20772901957956
0.72443596007499	2.2043550250178554
0.7261059574351547	2.2009821177067352
0.727779804536824	2.1976102984615005
0.7294575102545687	2.194239567796165
0.7311390834834174	2.190869925919313
0.732824533138904	2.187501372729918
0.734513868157115	2.184133907813122
0.7362070974947361	2.1807675304359733
0.737904230129101	2.177402239543127
0.7396052750582378	2.1740380337525003
0.7413102413009175	2.170674911350889
0.7430191378967014	2.1673128702895417
0.744731973905989	2.1639519081796927
0.7464487584100665	2.160592022288049
0.7481695005111544	2.157233209532242
0.7498942093324559	2.153875466476228
0.7516228940182055	2.1505187893256505
0.7533555637337174	2.1471631739231576
0.7550922276654339	2.1438086157436715
0.7568328950209744	2.140455109889623
0.7585775750291838	2.1371026510861277
0.7603262769401818	2.133751233676131
0.762079010025412	2.1304008516154957
0.7638357835776907	2.1270514984680515
0.7655966069112563	2.123703167400595
0.7673614893618189	2.120355851177841
0.7691304402866096	2.1170095421573336
0.7709034690644301	2.1136642322843002
0.7726805850957024	2.1103199130864665
0.7744617978025188	2.1069765756688175
0.7762471166286917	2.1036342107083117
0.7780365510398041	2.1002928084485477
0.7798301105232588	2.0969523586943755
0.7816278045883297	2.09361285080647
0.7834296427662119	2.090274273695839
0.7852356346100718	2.086936615818293
0.7870457896950986	2.0835998651688548
0.7888601176185545	2.0802640092761253
0.7906786279998251	2.076929035196593
0.7925013304804718	2.0735949295088902
0.7943282347242815	2.0702616783079977
0.7961593504173188	2.066929267199401
0.7979946872679766	2.063594844885843
0.7998342550070284	2.060252961084474
0.8016780633876791	2.0569118279148926
0.8035261221856173	2.0535714557113542
0.8053784411990667	2.0502318546607854
0.8072350302488382	2.046893034800198
0.8090958991783823	2.043555006014068
0.8109610578538409	2.040217778031691
0.8128305161640993	2.0368813604245117
0.8147042840208396	2.033545762603427
0.8165823713585925	2.030210993816057
0.81846478813479	2.026877063143992
0.8203515443298183	2.0235439795000123
0.8222426499470712	2.0202117516252787
0.8241381150130024	2.016880388086491
0.8260379495771788	2.0135498972730264
0.8279421637123342	2.01022028739404
0.8298507675144225	2.0068915664755447
0.8317637711026711	2.00356374235745
0.8336811846196344	2.000236822690587
0.835603018231248	1.9969108149336892
0.8375292821268826	1.9935857263503531
0.8394599865193975	1.9902615640059602
0.8413951416451951	1.9869383347645764
0.8433347577642755	1.9836160452858151
0.84527884516029	1.980294702021673
0.8472274141405965	1.9769743112133293
0.8491804750363139	1.9736548788879185
0.8511380382023765	1.970336410855269
0.8531001140175896	1.9670189127046096
0.8550667128846834	1.963702389801244
0.8570378452303697	1.9603868472831933
0.8590135215053958	1.9570722900578015
0.8609937521846007	1.9537587227983126
0.8629785477669704	1.9504461499404153
0.8649679187756933	1.947134575678745
0.8669618757582167	1.9438240039633623
0.8689604292863019	1.9405144384961905
0.8709635899560808	1.9372058827274214
0.8729713683881117	1.933898339851884
0.8749837752274362	1.9305918128053778
0.8770008211436349	1.927286304260977
0.8790225168308845	1.9239818166252862
0.8810488730080143	1.9206783520346742
0.8830799004185629	1.9173759123514593
0.8851156098308356	1.9140744991600673
0.887156012037961	1.9107741137631449
0.8892011178579485	1.9074747571776407
0.8912509381337457	1.9041764301308466
0.8933054837332954	1.9008791330564012
0.895364765549594	1.8975809047606953
0.8974287945007486	1.8942779869387518
0.8994975815300353	1.8909760686597277
0.9015711376059571	1.887675167636563
0.9036494737223016	1.8843753015253712
0.9057326008982003	1.8810764879236859
0.9078205301781859	1.8777787443686913
0.9099132726322517	1.8744820883354287
0.9120108393559097	1.87118653723499
0.9141132414702502	1.8678921084126778
0.9162204901219997	1.8645988191461642
0.9183325964835808	1.8613066866436103
0.9204495717531712	1.8580157280417793
0.9225714271547631	1.854725960404117
0.9246981739382225	1.8514374007188235
0.9268298233793492	1.8481500658968915
0.9289663867799363	1.8448639727701335
0.9311078754678302	1.8415791380891782
0.933254300796991	1.8382955785214539
0.9354056741475518	1.835013310649143
0.9375620069258802	1.8317323509671188
0.9397233105646378	1.8284527158808557
0.9418895965228413	1.8251744217043215
0.9440608762859233	1.821897484657843
0.946237161365793	1.8186219208659535
0.9484184633008971	1.8153477463552086
0.9506047936562815	1.812074977051988
0.9527961640236519	1.8088036287802698
0.9549925860214359	1.8055337172593782
0.9571940712948444	1.8022652581017111
0.9594006315159331	1.798998266810443
0.9616122783836646	1.795732758777203
0.9638290236239705	1.7924687492797278
0.9660508789898133	1.789206253479487
0.9682778562612491	1.7859452864192915
0.9705099672454897	1.7826858630208688
0.9727472237769651	1.7794279980824153
0.9749896377173869	1.7761717062761235
0.9772372209558107	1.7729170021456848
0.9794899854086988	1.7696639001037608
0.9817479430199844	1.7664124144294346
0.9840111057611337	1.7631625592656326
0.9862794856312105	1.7599143486165179
0.9885530946569389	1.756667796344859
0.9908319448927676	1.7534229161693715
0.9931160484209338	1.7501797216620298
0.995405417351527	1.7469382262453546
0.9977000638225533	1.7436984431896656
1.	1.7404603856103193
1.0023052380778998	1.737224066464899
1.0046157902783952	1.7339889976239649
1.0069316688518044	1.730754231886827
1.0092528860766845	1.7275212348377165
1.0115794542598988	1.7242900234981404
1.0139113857366795	1.721060614783142
1.016248692870696	1.717833025498958
1.0185913880541169	1.7146072723406591
1.0209394837076802	1.7113833718897469
1.023292992280754	1.7081613406117466
1.0256519262514079	1.7049411948537567
1.0280162981264735	1.7017229508419853
1.0303861204416165	1.6985066246792482
1.0327614057613974	1.695292232342457
1.0351421666793441	1.6920797896800615
1.0375284158180127	1.6888693124094851
1.0399201658290596	1.6856608161145126
1.0423174293933042	1.6824543162426722
1.0447202192208003	1.67924982810257
1.0471285480508996	1.676047366861214
1.0495424286523225	1.672846947541296
1.051961873823223	1.6696485850184588
1.0543868963912593	1.66645229401852
1.0568175092136585	1.6632580891146835
1.0592537251772887	1.660065984724706
1.0616955571987248	1.6568759951080487
1.064143018224316	1.6536881343629901
1.066596121230258	1.6505024164237116
1.0690548792226577	1.647318855057357
1.0715193052376064	1.6441374638610555
1.0739894123412446	1.6409582562589207
1.076465213629835	1.6377812454990124
1.0789467222298286	1.6346064446502742
1.081433951297938	1.631433866599435
1.0839269140212033	1.628263524047883
1.0864256236170655	1.6250954295085014
1.0889300933334332	1.6219295953024813
1.0914403364487566	1.6187660335560945
1.0939563662720937	1.615604756197441
1.096478196143185	1.6124457749531533
1.0990058394325208	1.6092891013450814
1.101539309541415	1.6061347466869285
1.104078619902073	1.6029827220808717
1.1066237839776665	1.599833038414129
1.1091748152624008	1.596685706355511
1.1117317272815914	1.5935407363519207
1.1142945335917298	1.590398138624833
1.1168632477805611	1.5872579231667288
1.1194378834671515	1.5841200997375011
1.1220184543019636	1.5809846778608203
1.1246049739669264	1.577851666820467
1.1271974561755105	1.574721109619535
1.1297959146727976	1.5715930801278233
1.1324003632355573	1.5684674883654404
1.1350108156723149	1.5653443422989304
1.137627285823431	1.5622236496315924
1.1402497875611686	1.559105417799556
1.1428783347897717	1.5559896539677982
1.1455129414455354	1.5528763650261437
1.1481536214968828	1.5497655575852027
1.1508003889444356	1.5466572379722927
1.1534532578210923	1.5435514122273013
1.1561122421920986	1.5404480860985217
1.1587773561551262	1.5373472650384374
1.1614486138403426	1.5342489541994777
1.1641260294104914	1.5311531584297207
1.1668096170609623	1.5280598822685634
1.1694993910198712	1.5249691299423436
1.1721953655481303	1.5218809053599263
1.1748975549395297	1.5187952121082398
1.1776059735208073	1.5157120534477777
1.1803206356517297	1.5126314323080479
1.1830415557251646	1.509553351282988
1.1857687481671602	1.5064778126263272
1.1885022274370183	1.5034048182469144
1.1912420080273751	1.50033436970399
1.193988104464273	1.4972664682024242
1.1967405313072437	1.4942011145878968
1.1994993031493788	1.4911383093420476
1.2022644346174132	1.4880780525775643
1.2050359403717974	1.4850203440332368
1.2078138351067804	1.481965183068952
1.2105981335504823	1.4789125686606588
1.2133888504649775	1.4758624993952634
1.2161860006463678	1.4728149734654965
1.2189895989248667	1.4697699886647184
1.2217996601648717	1.466727542381685
1.2246161992650488	1.4636876315952543
1.2274392311584073	1.4606502528690537
1.2302687708123818	1.4576154023460892
1.233104833228909	1.4545830757433094
1.2359474334445106	1.4515532683461116
1.238796586530369	1.4485259750028088
1.2416523075924113	1.4455011901190291
1.244514611771385	1.4424789076520794
1.2473835142429432	1.4394591211052394
1.2502590302177201	1.43644182352202
1.2531411749414163	1.4334270074803515
1.2560299636948749	1.4304146650867342
1.2589254117941675	1.4274047879703182
1.2618275345906707	1.4243973672769439
1.2647363474711515	1.421389971244792
1.2676518658578455	1.4183779483952448
1.270574105208542	1.4153683154822445
1.2735030810166617	1.4123610845001526
1.276438808811344	1.4093562672472393
1.2793813041575246	1.4063538753224476
1.2823305826560218	1.4033539201221124
1.2852866599436155	1.4003564128366552
1.2882495516931343	1.3973613644472407
1.2912192736135342	1.3943687857224036
1.2941958414499863	1.3913786872146374
1.297179270983956	1.388391079256955
1.3001695780332907	1.3854059719594072
1.3031667784522993	1.3824233752055792
1.3061708881318417	1.379443298649035
1.309181922999407	1.3764657517097436
1.3121998990192034	1.3734907435704584
1.3152248321922384	1.3705182831730665
1.3182567385564075	1.3675483792149001
1.3212956341865751	1.3645810401450118
1.324341535194665	1.3616162741604123
1.3273944577297394	1.3586540892022752
1.3304544179780915	1.3556944929520969
1.333521432163324	1.3527374928278295
1.3365955165464425	1.349783095979965
1.3396766874259352	1.3468313092875905
1.3427649611378643	1.3438821393543963
1.3458603540559484	1.3409355925046555
1.348962882591654	1.337991674779152
1.3520725631942772	1.3350503919310828
1.3551894123510364	1.3321117494219068
1.3583134465871542	1.3291757524171661
1.3614446824659503	1.3262424057822562
1.3645831365889245	1.3233117140781636
1.3677288255958495	1.3203836815571555
1.3708817661648536	1.3174583121584362
1.3740419750125157	1.3145356095037508
1.3772094688939465	1.3116155768929587
1.3803842646028852	1.308698217299553
1.383566378971781	1.305783533366149
1.3867558288718889	1.3028715273999163
1.3899526312133532	1.299962201367982
1.3931568029453036	1.2970555568927742
1.3963683610559376	1.2941515952473366
1.3995873225726185	1.2912503173505856
1.4028137045619582	1.2883517237625304
1.4060475241299144	1.2854558146794455
1.4092887984218747	1.2825625899289967
1.4125375446227548	1.2796720489653184
1.4157937799570817	1.2767841908640538
1.4190575216890926	1.2738972603605554
1.4223287871228198	1.2710078949699728
1.425607593602188	1.2681211805837982
1.428893958511103	1.26523713125228
1.432187899273543	1.2623557608518066
1.435489433353656	1.2594770830818636
1.4387985782558452	1.2566011114619722
1.4421153515248688	1.2537278593285854
1.4454397707459272	1.250857339831964
1.4487718535447618	1.2479895659330074
1.452111617587742	1.2451245504000694
1.455459080581966	1.2422623058057254
1.4588142602753482	1.2394028445235183
1.4621771744567182	1.2365461787246663
1.4655478409559113	1.233692320374741
1.468926277643867	1.2308412812303071
1.4723125024327186	1.2279930728355368
1.4757065332758947	1.2251477065187792
1.4791083881682072	1.22230519338911
1.4825180851459536	1.2194655443328302
1.4859356422870067	1.216628770009945
1.4893610777109154	1.213794880850598
1.492794409578996	1.2109638870514747
1.4962356560944337	1.2081357985721677
1.4996848355023733	1.2053106251315104
1.5031419660900225	1.2024883762038674
1.5066070661867417	1.1996690610153982
1.5100801541641484	1.1968526885402708
1.513561248436208	1.1940392674968536
1.5170503674593367	1.191228806343858
1.5205475297324955	1.1884213132764485
1.5240527537972914	1.1856167962223134
1.5275660582380723	1.1828152628376978
1.5310874616820302	1.1800167205033971
1.5346169827992941	1.1772211763207139
1.5381546403030348	1.1744286371073709
1.5417004529495593	1.171639109393388
1.545254439538414	1.1688525994169203
1.5488166189124812	1.1660691131200511
1.5523870099580825	1.1632886561445475
1.5559656316050743	1.1605112338275774
1.559552502826954	1.1577368511973762
1.5631476426409538	1.1549655129688858
1.5667510701081493	1.1521972235393365
1.5703628043335522	1.1494319869837983
1.5739828644662197	1.1466698070506822
1.5776112696993485	1.1439106871572042
1.5812480392703834	1.1411546303847988
1.5848931924611134	1.1384016394744954
1.5885467485977791	1.1356517168222475
1.59220872705117	1.1329040369883012
1.5958791472367329	1.1301570161034848
1.5995580286146687	1.127413055920162
1.6032453906900417	1.1246721652092813
1.6069412530128773	1.121934352481281
1.6106456351782708	1.1191996259821897
1.6143585568264862	1.1164679936896944
1.6180800376430662	1.1137394633091622
1.6218100973589298	1.111014042269633
1.6255487557504842	1.1082917377197634
1.6292960326397223	1.1055725565237402
1.6330519478943346	1.1028565052571468
1.6368165214278085	1.1001435902027956
1.6405897731995396	1.097433817346514
1.6443717232149315	1.0947271923728963
1.6481623915255086	1.0920237206610086
1.651961798229015	1.0893234072800573
1.6557699634695284	1.0866262569850111
1.6595869074375604	1.0839322742121855
1.6634126503701698	1.0812414630747809
1.6672472125510627	1.078553827358383
1.6710906143107078	1.075869370516413
1.6749428760264373	1.0731880956655417
1.6788040181225607	1.0705100055810526
1.6826740610704674	1.0678351026921702
1.6865530253887415	1.0651633890773313
1.690440931643264	1.0624948664594245
1.6943378004473288	1.0598295362009729
1.6982436524617444	1.0571673992992814
1.7021585083949509	1.0545084563815275
1.7060823890031234	1.0518527076998154
1.710015315090288	1.0492001531261772
1.7139573075084253	1.0465507921475283
1.7179083871575884	1.0439046238605765
1.721868574986007	1.0412616469666822
1.725837891990204	1.038621859766669
1.7298163592151015	1.0359852601555892
1.7338039977541384	1.0333518456174342
1.7378008287493754	1.0307216132198034
1.7418068733916146	1.0280945596085131
1.7458221529205038	1.0254706810021676
1.7498466886246573	1.022849973186664
1.7538805018417611	1.020232431509662
1.7579236139586931	1.017618050874988
1.7619760464116292	1.0150068257369989
1.7660378206861649	1.012398750094883
1.770108958317421	1.0097938174869174
1.7741894808901661	1.0071920209846625
1.7782794100389228	1.004593353187114
1.78237876744809	1.0019978062147878
1.7864875748520508	0.9994026453028332
1.7906058540352947	0.9968026374905681
1.7947336268325265	0.9942056823322183
1.7988709151287883	0.9916117956832128
1.803017740859569	0.9890209932479258
1.8071741260109275	0.9864332905768746
1.8113400926196026	0.9838487030638996
1.8155156627731361	0.9812672459433047
1.8197008586099834	0.9786889342869789
1.8238957023196385	0.9761137830014772
1.8281002161427427	0.9735418068250841
1.832314422371212	0.9709730203248348
1.8365383433483464	0.9684074378935179
1.8407720014689564	0.9658450737466365
1.8450154191794736	0.9632859419193492
1.8492686189780787	0.9607300562633692
1.8535316234148114	0.9581774304438444
1.857804455091699	0.9556280779361924
1.8620871366628675	0.9530820120229172
1.8663796908346704	0.9505392457903823
1.8706821403658007	0.9479997921255604
1.8749945080674193	0.9454636637127423
1.8793168168032686	0.9429308730302233
1.883649089489801	0.9404014323469433
1.8879913490962936	0.9378753537191069
1.892343618644976	0.9353526489867587
1.8967059212111463	0.9328333297703335
1.9010782799233006	0.9303174074671634
1.9054607179632472	0.92780489324796
1.9098532585662378	0.9252957980532518
1.914255925021086	0.9227901325897949
1.9186687406702891	0.920287907326944
1.9230917289101586	0.9177891324929869
1.9275249131909356	0.9152938180714463
1.9319683170169242	0.9128019737973406
1.936421963946607	0.9103136091534156
1.9408858775927782	0.9078287333663283
1.9453600816226624	0.9053473554028048
1.9498445997580456	0.9028694839657514
1.9543394557753944	0.9003951274903359
1.95884467350599	0.8979242941400215
1.9633602768360463	0.8954569918025722
1.967886289706845	0.8929932280860098
1.9724227361148534	0.8905330103145408
1.976969640111861	0.8880763455244345
1.9815270258050979	0.885623240459871
1.9860949173573716	0.8831737015687393
1.9906733389871865	0.8807277349984032
1.9952623149688797	0.8782853465914209
1.9998618696327437	0.8758465418812259
2.0044720273651615	0.8734105769676466
2.0090928126087277	0.8709760213500886
2.0137242498623884	0.86854505270024
2.0183663636815607	0.8661176823349425
2.023019178678272	0.863693921337993
2.0276827195212817	0.861273780556518
2.032357010936222	0.8588572705973075
2.037042077705718	0.8564444018231202
2.0417379446695296	0.8540351843489448
2.046444636724674	0.8516296280382307
2.0511621788255656	0.849227742499077
2.0558905959841414	0.8468295370803889
2.0606299132700006	0.8444350208679904
2.065380155810529	0.8420442026807073
2.0701413487910423	0.839657091066403
2.0749135174549096	0.8372736942979838
2.079696687103696	0.8348940203693572
2.084490883097289	0.8325180769913623
2.0892961308540396	0.8301458715876465
2.0941124558508926	0.8277774112905152
2.0989398836235242	0.8254127029367324
2.1037784397664754	0.8230517530632879
2.1086281499332897	0.8206945679031157
2.1134890398366464	0.8183411533807804
2.1183611352485023	0.815991515108112
2.123244462000219	0.8136456583798102
2.1281390459827123	0.8113035881689935
2.133044913146576	0.8089653091227204
2.1379620895022327	0.8066308255574518
2.1428906011200586	0.804300141454486
2.1478304741305343	0.8019732604553358
2.1527817347243725	0.7996501858570735
2.157744409152667	0.7973309206076209
2.16271852372702	0.7950154673010067
2.167704104819695	0.7927038281725641
2.1727011788637443	0.7903960050940985
2.1777097723531593	0.7880919995689952
2.1827299118430012	0.7857918127272928
2.187761623949553	0.7834954453207003
2.1928049353504484	0.7812028977175751
2.197859872784825	0.7789141698978471
2.202926463053456	0.7766292614479007
2.2080047330189	0.7743481715554041
2.2130947096056377	0.7720708990040934
2.2181964198002193	0.7697974421685044
2.223309890651403	0.7675277990086605
2.2284351492703043	0.7652619670647025
2.2335722228305315	0.7629999434514783
2.23872113856834	0.7607417248530721
2.2438819237827663	0.758487307517292
2.2490546058357817	0.756235925214115
2.254239212152429	0.7539861131510599
2.259435770220978	0.7517400767925463
2.2646443075930596	0.7494978177707953
2.2698648518838223	0.7472593373533881
2.2750974307720706	0.7450246364383986
2.2803420720004186	0.7427937155494779
2.28559880337543	0.7405665748308947
2.2908676527677736	0.7383432140425266
2.296148648112362	0.7361236325548078
2.301441817408509	0.7339078293436233
2.306747188720069	0.7316958029851649
2.312064790175595	0.7294875516507258
2.3173946499684783	0.7272830731014609
2.3227367963571073	0.7250823646830853
2.328091257665008	0.7228854233205335
2.3334580622810033	0.7206922455125612
2.338837238659355	0.7185028273263013
2.344228815319923	0.7163171643917673
2.3496328208483073	0.7141352518963068
2.35504928389601	0.7119570845790016
2.360478233180577	0.7097826567250194
2.365919697485759	0.7076119621599066
2.371373705661655	0.7054449942438387
2.3768402866248772	0.7032817458658043
2.38231946935869	0.7011222094377493
2.3878112829131783	0.6989663768886544
2.3933157564053875	0.6968142396585679
2.3988329190194912	0.6946657886925773
2.4043628000069335	0.6925210144347296
2.4099054286865957	0.6903799068218908
2.41546083444494	0.6882424552775557
2.421029046736179	0.6861086487055942
2.4266100950824154	0.6839784754839465
2.432204009073816	0.681851923458254
2.4378108183687526	0.6797289799354396
2.4434305526939726	0.6776096316772212
2.4490632418447453	0.675493864893575
2.454708915685031	0.6733816652361293
2.4603676041476272	0.6712730177915083
2.46603933723434	0.6691679070746058
2.4717241450161302	0.6670663170218069
2.4774220576332864	0.6649682309841394
2.4831331052955705	0.6628736317203727
2.4888573182823914	0.6607825013900426
2.494594726942955	0.6586948215464244
2.500345361696432	0.6566105731294354
2.506109253032114	0.6545297364584761
2.511886431509581	0.6524522912252043
2.5176769277588558	0.6503782164862484
2.5234807724805757	0.6483046117355349
2.529297996446145	0.6462259383860384
2.5351286304979084	0.644150524887291
2.540972705549305	0.642078374828792
2.5468302525850417	0.6400094915053737
2.552701302661247	0.6379438779131497
2.5585858869056453	0.6358815367454246
2.5644840365177175	0.6338224703885643
2.5703957827688635	0.631766680917829
2.5763211570025755	0.6297141700931617
2.582260190634596	0.6276649393549443
2.588212915153092	0.625618989819705
2.5941793621188136	0.6235763222757937
2.6001595631652723	0.6215369371790083
2.6061535499988953	0.6195008346481875
2.6121613543992064	0.6174680144607553
2.6181830082189848	0.6154384760482285
2.624218543384442	0.6134122184916788
2.6302679918953813	0.6113892405171553
2.6363313858253803	0.6093695404910604
2.642408757321946	0.6073531164154863
2.648500138606701	0.6053399659235041
2.654605561975539	0.6033300862744126
2.6607250597988097	0.601323474348939
2.666858664521479	0.599320126644399
2.6730064086633116	0.5973200392698063
2.6791683248190314	0.5953232079409447
2.6853444456585076	0.5933296279753839
2.691534803926915	0.5913392942874605
2.6977394324449206	0.5893522013832015
2.703958364108843	0.5873683433552106
2.7101916318908432	0.5853877138774981
2.7164392688390824	0.5834103062002729
2.7227013080779128	0.5814361131446754
2.7289777828080406	0.5794651270974721
2.7352687263067126	0.5774973400056936
2.741574171927882	0.575532743371229
2.7478941531023975	0.5735713282453654
2.7542287033381663	0.571613085223283
2.7605778562203462	0.5696580044384928
2.7669416454115114	0.5677060755572313
2.773320104651841	0.5657572877727961
2.7797132677592886	0.5638116297998368
2.7861211686297707	0.5618690898685866
2.792543841237338	0.5599296557190483
2.798981319634363	0.5579933145951219
2.805433637951713	0.5560600532386825
2.811900830398941	0.5541298578836003
2.8183829312644537	0.5522027142497119
2.8248799749157074	0.5502786075367297
2.831391995799379	0.5483543730831685
2.8379190284415565	0.546423960532191
2.8444611074479154	0.5444964892631936
2.85101826750391	0.5425719720305433
2.8575905433749464	0.5406504214505091
2.8641779699065815	0.5387318499988138
2.8707805820246906	0.5368162700081691
2.8773984147356697	0.5349036936657793
2.8840315031266055	0.5329941330108245
2.8906798823654762	0.5310875999319143
2.897343587701323	0.5291841061645209
2.904022654464451	0.5272836632883795
2.910717118066605	0.5253862827248702
2.9174270140011673	0.5234919757343655
2.924152377843335	0.5216007534135605
2.9308932452503216	0.5197126266927667
2.9376496519615305	0.5178276063331871
2.9444216337987617	0.515945702924157
2.9512092266663856	0.5140669268803639
2.9580124665515464	0.5121912884390344
2.9648313895243423	0.5103187976570969
2.971666031738027	0.5084494644083123
2.9785164294291895	0.5065832983803819
2.9853826189179604	0.5047203090720197
2.992264636608189	0.5028605057900035
2.9991625189876516	0.5010038976461881
3.0060763026282307	0.49915049355449903
3.013006024186122	0.497300302227887
3.019951720402016	0.4954533321752607
3.0269134281013064	0.49360959169838264
3.0338911841942706	0.4917690888887412
3.04088502567628	0.4899318316243854
3.047894989627983	0.4880978275667355
3.054921113215514	0.4862670841573547
3.061963433690677	0.48443960861469987
3.069021988391158	0.4826154079308281
3.076096814740708	0.48079448886808346
3.083187950249355	0.4789768579557418
3.0902954325135905	0.4771625214866307
3.097419299216581	0.4753514855137104
3.1045595881283554	0.47354375584662745
3.1117163371060186	0.471739338048229
3.118889584093937	0.469938237431051
3.126079367123956	0.4681404590537643
3.1332857243155856	0.4663460077175947
3.1405086938762183	0.464554887962701
3.1477483141013156	0.4627671040645259
3.1550046233746274	0.46098266003010463
3.1622776601683795	0.4592015595943453
3.169567463043492	0.4574238062162672
3.1768740706497707	0.4556481609469524
3.1841975217261256	0.45387224661773096
3.1915378551007616	0.45209966907619376
3.198895109691399	0.45033044235233716
3.206269324505466	0.44856458034394275
3.213660538640318	0.44680209681416566
3.2210687912834346	0.4450430053891053
3.2284941217126364	0.4432873195553459
3.2359365692962827	0.4415350526574769
3.2433961734934935	0.43978621789558225
3.250872973854344	0.43804082832271146
3.2583670100200885	0.43629889684231715
3.265878321723358	0.43456043620567497
3.273406948788383	0.43282545900926883
3.2809529311311905	0.4310939776921593
3.2885163087598315	0.4293660045333149
3.2960971217745776	0.42764155164892836
3.303695410368149	0.4259206309896937
3.311311214825911	0.42420325433806727
3.3189445755261047	0.42248943330549255
3.326595532940045	0.42077917932960446
3.3342641276323506	0.4190725036713991
3.3419504002611427	0.41736941741238176
3.3496543915782775	0.4156699314516804
3.3573761424295467	0.4139740565031369
3.365115693754908	0.4122818030923631
3.372873086588689	0.41059318155377367
3.380648362059817	0.4089082020275842
3.3884415613920256	0.40722687445678546
3.3962527259040853	0.4055492085840811
3.404081897010009	0.40387521394880294
3.4119291162192864	0.4022048998837881
3.4197944251370886	0.4005382755122335
3.4276778654645046	0.39887534974451083
3.4355794789987466	0.39721613127495997
3.443499307633384	0.3955606285786424
3.451437393358563	0.3939088499080682
3.459393778261219	0.3922608032898908
3.4673685045253166	0.3906164965215666
3.4753616144320576	0.3889759371679861
3.483373150360118	0.3873391325580685
3.4914031547858606	0.38570608978132703
3.499451670283573	0.38407681568439794
3.5075187395256795	0.38245131686753914
3.5156044052829816	0.3808295996810914
3.523708710424871	0.37921167022190855
3.53183169791957	0.3775975343297515
3.5399734108343464	0.37598719758365023
3.548133892335755	0.37438066529822533
3.5563131856898527	0.37277794251998286
3.5645113342624426	0.37117797382847667
3.5727283815192883	0.3695787322636588
3.5809643710263606	0.3679832975217057
3.5892193464500517	0.36639168353610807
3.5974933515574232	0.36480390409228103
3.6057864302164235	0.3632199728249798
3.6140986263961334	0.3616399032156845
3.6224299841669856	0.36006370858996184
3.630780547701014	0.35849140211479763
3.639150361272071	0.3569229967959054
3.6475394692560785	0.3553585054750041
3.6559479161312485	0.3537979408270736
3.664375746478333	0.35224131535757697
3.672823004980846	0.35068864139966066
3.681289736425315	0.3491399311113214
3.6897759857015027	0.3475951964725506
3.6982817978026628	0.34605444928244394
3.7068072178257596	0.34451770115628916
3.715352290971726	0.34298496352261737
3.7239170625456848	0.3414562476202339
3.732501577957206	0.3399315644952107
3.741105882720533	0.33841092499785735
3.7497300224548358	0.3368943397796545
3.758374042884441	0.3353818192901655
3.767037989839089	0.3338733737739086
3.77572190925416	0.3323690132672069
3.7844258471709336	0.33086874759500073
3.793149849736819	0.32937258636763417
3.801893963205613	0.32788053897760505
3.81065823393773	0.3263926145962888
3.8194427084004663	0.3249088221706249
3.8282474331682264	0.3234291704197758
3.8370724549227884	0.3219536678317493
3.8459178204535354	0.320482322659992
3.8547835766577188	0.31901514291994615
3.8636697705406915	0.31755213638557683
3.8725764492161727	0.31609331058586115
3.8815036599064823	0.31463867280124913
3.8904514499428067	0.31318823006008395
3.899419866765434	0.3117419891349949
3.908408957924021	0.3102999565392483
3.9174187710778305	0.30886213852307043
3.926449353995999	0.30742854106992906
3.9355007545577743	0.3059991698927844
3.944573020752785	0.3045740304302999
3.953666200681279	0.30315312784302123
3.9627803425543955	0.30173646700951384
3.971915494694403	0.30032405252246935
3.981071705534973	0.29891588868476926
3.9902490236214203	0.29751197950551594
3.9994474976109755	0.29611163903636295
4.008667176273028	0.29471354921739923
4.0179081084894	0.2933197137577297
4.027170343254591	0.29193014195411665
4.036453929676051	0.29054484287962135
4.045758916974426	0.28916382538027446
4.055085354483839	0.2877870980717123
4.0644332916521275	0.286414669335784
4.073802778041128	0.285046547317121
4.083193863326921	0.2836827399196788
4.09260659730011	0.28232325480324033
4.1020410298660686	0.2809680993798901
4.111497211045223	0.27961728081044984
4.120975190973302	0.27827080600088416
4.130475019901614	0.27692868159866757
4.139996748197304	0.2755909139891218
4.149540426343631	0.27425750929171155
4.1591061049402205	0.2729284733563115
4.168693834703355	0.2716038117594312
4.178303666466218	0.27028352980041037
4.187935651179185	0.2689676324975719
4.1975898399100755	0.26765612458434335
4.207266283844442	0.2663490105053368
4.216965034285822	0.2650462944123971
4.226686142656031	0.2637479801606054
4.2364296604954115	0.26245407130425363
4.24619563946313	0.2611645710927715
4.2559841313374305	0.25987948246662346
4.265795188015928	0.2585988080531604
4.275628861515862	0.25732255016243716
4.285485203974396	0.25605071078298663
4.295364267648873	0.2547832915775576
4.3052661049171075	0.2535202938788094
4.3151907682776525	0.2522617186849694
4.325138310350088	0.2510075666554463
4.335108783875289	0.24975783810640612
4.345102241715717	0.24851253300630302
4.355118736855686	0.24727165097137166
4.365158322401661	0.24603519126107526
4.375221051582521	0.24480315277351294
4.385306977749858	0.24357553404078233
4.395416154378245	0.24235233322430155
4.405548635065534	0.2411335481100851
4.4157044735331255	0.23991917610397856
4.425883723626267	0.2387092142268466
4.436086439314326	0.23750365910971902
4.446312674691089	0.236302506988889
4.456562483975033	0.2351057537009697
4.466835921509633	0.23391339467790082
4.477133041763626	0.2327254249419142
4.487453899331323	0.23154079846403355
4.49779854893288	0.23035751544945648
4.508167045414603	0.22917858840028207
4.518559443749224	0.22800402046143795
4.528975799036209	0.2268338144788174
4.539416166502032	0.22566797299527686
4.549880601500488	0.22450649824658983
4.560369159512962	0.22334939215736832
4.570881896148752	0.2221966563369407
4.581418867145335	0.2210482920751959
4.591980128368688	0.21990430033838412
4.6025657358135605	0.21876468176488179
4.613175745603796	0.21762943666091417
4.623810213992603	0.21649856499624084
4.634469197362879	0.21537206639979745
4.645152752227495	0.21424994015529986
4.6558609352295885	0.2131321851968068
4.666593803142887	0.2120188001042386
4.677351412871981	0.21090978309885958
4.688133821452653	0.20980513203871157
4.698941086052153	0.20870484441401235
4.709773263969529	0.2076089173425053
4.720630412635905	0.20651734756477091
4.731512589614805	0.20543013143949088
4.7424198526024455	0.2043472649386725
4.753352259428054	0.20326874364282455
4.7643098680541565	0.20219456273609415
4.775292736576909	0.20112471700135293
4.786300923226383	0.2000592008152433
4.797334486366892	0.1989980081431758
4.808393484497285	0.19794113253428253
4.819477976251274	0.19688856711632252
4.830588020397726	0.19584030459054325
4.841723675840994	0.19479633722649184
4.8528850016212095	0.19375665685678198
4.864072056914616	0.1927212548718102
4.875284901033862	0.19169012221442727
4.886523593428336	0.19066324937455753
4.897788193684462	0.18964062638377271
4.909078761526032	0.18862224280981346
4.920395356814509	0.1876080877510637
4.9317380395493595	0.1865981498309723
4.943106869868354	0.1855924171924277
4.954501908047903	0.18459087749207673
4.96592321450336	0.18359351789459805
4.97737084978936	0.18260032506691812
4.9888448746001215	0.1816112851723792
5.000345349769786	0.18062638386485208
5.011872336272722	0.17964560628279833
5.0234258952238715	0.17866893704327547
5.035006087879047	0.17769446441795111
5.046612975635284	0.17671853935172002
5.05824662003114	0.17574664436179507
5.0699070827470445	0.17477877979550976
5.081594425605605	0.1738149456968074
5.093308710571955	0.1728551418023134
5.105049999754062	0.17189936753737436
5.116818355403078	0.17094762201205713
5.1286138399136485	0.16999990401711393
5.140436515824262	0.1690562120199067
5.152286445817564	0.16811654416029706
5.16416369272071	0.16718089824649437
5.176068319505676	0.16624927175086956
5.188000389289612	0.1653216618057265
5.199959965335159	0.1643980651990371
5.211947111050805	0.16347847837013468
5.223961889991197	0.1625628974053705
5.236004365857504	0.16165131803372712
5.248074602497725	0.16074373562239447
5.2601726639070625	0.1598401451723024
5.2722986142282275	0.15894054131361515
5.284452517751805	0.15804491830118167
5.296634438916578	0.1571532700099471
5.308844442309884	0.15626558993031925
5.321082592667942	0.15538187116349614
5.333348954876211	0.1545021064167473
5.345643593969716	0.15362628799865566
5.357966575133418	0.15275440781431235
5.370317963702527	0.15188645736047196
5.382697825162884	0.15102242772065905
5.3951062251512765	0.15016230956023505
5.4075432294558095	0.14930609312141607
5.420008904016238	0.1484537682182492
5.432503314924333	0.14760532423154016
5.445026528424211	0.1467607501037379
5.4575786109127105	0.14592003433377043
5.470159628939716	0.14508316497183643
5.482769649208539	0.14425012961414746
5.495408738576246	0.14342091539762533
5.508076964054036	0.14259550899454912
5.520774392807573	0.1417738966071567
5.533501092157368	0.14095606396219496
5.546257129579107	0.1401419963054243
5.559042572704037	0.13933167839607016
5.5718574893192985	0.13852509450122885
5.584701947368309	0.13772222839021958
5.597576014951102	0.13692306332888857
5.610479760324706	0.1361275820738609
5.623413251903491	0.13533576686674215
5.6363765582595455	0.13454759942826666
5.649369748123025	0.13376080675869337
5.6623928903825345	0.1329710502177925
5.675446054085471	0.132184849026528
5.688529308438416	0.13140220401884972
5.701642722807475	0.13062311577361482
5.714786366718672	0.12984758461126636
5.727960309858292	0.12907561059048317
5.741164622073277	0.12830719350479594
5.7543993733715695	0.1275423328791744
5.767664633922509	0.1267810279665804
5.780960474057181	0.12602327774449082
5.794286964268812	0.12526908091138692
5.807644175213121	0.12451843588321222
5.821032177708716	0.12377134078979649
5.834451042737448	0.12302779347124786
5.847900841444809	0.1222877914743102
5.861381645140288	0.1215513320486887
5.874893525297769	0.12081841214333924
5.88843655355589	0.1200890284027264
5.902010801718445	0.11936317716304391
5.91561634175474	0.11864085444840383
5.9292532458	0.11792205596698727
5.942921586155727	0.1172067771071627
5.956621435290106	0.11649501293356651
5.970352865838369	0.11578675818314965
5.984115950603199	0.1150820072611864
5.997910762555095	0.11438075423724818
6.011737374832782	0.11368299284113903
6.025595860743578	0.11298871645879603
6.0394862937638	0.11229791812815032
6.0534087475391365	0.11161059053495236
6.067363295885055	0.11092672600855763
6.08135001278718	0.11024631651767558
6.095368972401694	0.10956935366607856
6.109420249055721	0.10889582868827347
6.123503917247737	0.10822573244513244
6.137620051647943	0.10755905541948602
6.151768727098683	0.10689578771167456
6.165950018614822	0.1062359190350614
6.180164001384161	0.10557943871150355
6.1944107507678146	0.10492633566678379
6.208690342300634	0.1042765984259997
6.223002851691596	0.10363021510891243
6.237348354824191	0.10298717342525396
6.251726927756859	0.10234746066999036
6.266138646723353	0.10171106371854553
6.2805835881331795	0.10107796902197906
6.295061828571975	0.10044816260212378
6.309573444801933	0.09982163004667742
6.324118513762193	0.09919835650425264
6.33869711256927	0.09857674745316987
6.353309318517436	0.09795376116483868
6.367955209079159	0.09733396255329671
6.382634861905486	0.09671734985196295
6.397348354826482	0.0961039210369898
6.412095765851615	0.0954936738240389
6.4268771731701975	0.09488660566502521
6.441692655151772	0.09428271374483323
6.456542290346556	0.0936819949780008
6.471426157485831	0.09308444600537462
6.486344335482385	0.09249006319073311
6.501296903430906	0.09189884261738
6.516283940608428	0.09131078008470496
6.531305526474723	0.09072587110471499
6.546361740672751	0.09014411089853147
6.561452663029053	0.08956549439285785
6.576578373554206	0.08899001621641285
6.591738952443213	0.08841767069633305
6.606934480075961	0.087848451854541
6.622165037017619	0.08728235340408214
6.637430704019089	0.08671936874542645
6.652731562017413	0.08615949096273842
6.668067692136222	0.08560271282011171
6.6834391756861455	0.085049026757771
6.698846094165265	0.08449842488823793
6.714288529259523	0.08395089899246429
6.729766562843179	0.08340644051592826
6.745280276979219	0.08286504056469732
6.760829753919819	0.082326689901454
6.77641507610675	0.08179137894148744
6.792036326171846	0.08125909774864713
6.807693586937414	0.08072983603126234
6.823386941416698	0.08020358313802266
6.839116472814292	0.07968032805382386
6.8548822645266165	0.07916005939557423
6.870684400142321	0.07864276540796575
6.886522963442762	0.07812843395920499
6.902398038402419	0.07761705253670827
6.918309709189366	0.07710860824275599
6.934258060165691	0.07660308779011056
6.9502431758879695	0.07610047749759312
6.966265141107686	0.0756007632856227
6.982324040771715	0.07510393067171377
6.998419960022734	0.07460996476593625
7.014552984199714	0.07411885026633243
7.030723198838334	0.07363057145429562
7.046930689671471	0.07314511218990596
7.06317554262962	0.07266245590722659
7.07945784384138	0.07218258560955654
7.095777679633888	0.07170548386464312
7.112135136533292	0.0712294834875984
7.128530301265195	0.0707514058833935
7.1449632607551345	0.07027601670653352
7.16143410212902	0.06980331228625873
7.177942912713619	0.06933328870811625
7.194489780036995	0.06886594181099849
7.211074791828998	0.06840126718415293
7.227698036021702	0.06793926016416642
7.2443596007499025	0.06747991583192009
7.261059574351547	0.06702322900951871
7.277798045368242	0.0665691942571898
7.294575102545687	0.0661178058701571
7.311390834834176	0.06566905787548313
7.3282453313890406	0.06522294402888555
7.345138681571151	0.0647794578115227
7.362070974947361	0.06433859242675175
7.379042301291012	0.06390034079685598
7.396052750582378	0.06346469555974418
7.413102413009177	0.0630316490656186
7.430191378967014	0.06260119337361464
7.447319739059893	0.06217332024840851
7.464487584100665	0.06174802115679613
7.481695005111545	0.061325287264239754
7.498942093324558	0.060905109431385065
7.516228940182057	0.06048747821054552
7.533555637337174	0.06007238384215697
7.550922276654341	0.05965981625119856
7.568328950209744	0.059249765043583674
7.58577575029184	0.05884221950251684
7.603262769401819	0.0584371685848197
7.620790100254123	0.05803460091722275
7.638357835776907	0.05763450479262547
7.655966069112566	0.05723686816632193
7.67361489361819	0.05684167865219393
7.691304402866098	0.05644892351886926
7.709034690644301	0.05605858968584698
7.726805850957025	0.055670663719587225
7.744617978025188	0.05528513182956755
7.76247116628692	0.05490197986430297
7.78036551039804	0.05452119330733247
7.798301105232589	0.05414275727316823
7.816278045883297	0.05376665650321097
7.83429642766212	0.053392875361627457
7.852356346100718	0.05302139783119329
7.870457896950989	0.05265220750909764
7.888601176185544	0.052285287602712414
7.906786279998253	0.051920620925323034
7.925013304804718	0.05155818989182278
7.943282347242818	0.051197976514368276
7.961593504173188	0.050839962397998116
7.979946872679768	0.05048225467703375
7.9983425500702845	0.05012124321017605
8.016780633876794	0.049762344736178674
8.035261221856173	0.04940555685873285
8.05378441199067	0.04905087699785475
8.072350302488383	0.048698302387637935
8.090958991783825	0.04834783007398401
8.109610578538408	0.047999456912314026
8.128305161640995	0.04765317956525757
8.147042840208396	0.047308994500322034
8.165823713585926	0.046966897987539516
8.1846478813479	0.046626886097093506
8.203515443298185	0.04628895469692276
8.222426499470712	0.04595309945030469
8.241381150130026	0.04561931581341558
8.260379495771788	0.04528759903286994
8.279421637123345	0.04495794414323635
8.298507675144226	0.04463034596453216
8.317637711026709	0.04430479909969412
8.336811846196344	0.04398129793202741
8.356030182312479	0.04365983662263128
8.375292821268827	0.043340409107800876
8.394599865193973	0.043023009096407
8.413951416451951	0.042707630067250646
8.433347577642753	0.04239426526639551
8.452788451602899	0.04208290770447516
8.472274141405963	0.04177355015397694
8.491804750363139	0.04146618514650102
8.511380382023763	0.0411608049699955
8.531001140175896	0.04085740166596582
8.550667128846833	0.04055596702666069
8.570378452303697	0.0402564925922313
8.590135215053957	0.039958969647866625
8.609937521846007	0.039663389220902075
8.629785477669701	0.03936974207790336
8.649679187756934	0.03907801872172354
8.669618757582166	0.038788209388534986
8.689604292863018	0.038500304044833664
8.709635899560805	0.038214292384418244
8.729713683881117	0.03793016382534128
8.74983775227436	0.037647907506834416
8.770008211436348	0.037367512286205315
8.790225168308842	0.0370889667357083
8.810488730080142	0.036812259139386336
8.830799004185627	0.03653737748988605
8.851156098308357	0.036264309485243895
8.871560120379607	0.035993042525644704
8.892011178579486	0.03572356371015102
8.912509381337454	0.035455859833404484
8.933054837332953	0.035189917382297334
8.953647655495937	0.034924411963600584
8.974287945007486	0.034656818233533344
8.994975815300352	0.034390923511622255
9.01571137605957	0.0341267253781
9.036494737223014	0.0338642212603555
9.057326008982002	0.03360340843108329
9.078205301781857	0.03334428400641689
9.099132726322518	0.03308684494404448
9.120108393559097	0.032831088041308173
9.141132414702504	0.032577009933285155
9.162204901219997	0.03232460709085242
9.183325964835811	0.03207387581873302
9.204495717531712	0.03182481225352544
9.225714271547634	0.03157741236171434
9.246981739382225	0.03133167193766438
9.268298233793494	0.031087586601594608
9.289663867799362	0.03084515179753591
9.311078754678306	0.03060436279126893
9.33254300796991	0.030365214668244482
9.354056741475521	0.030127702331484162
9.375620069258803	0.029891820499463182
9.39723310564638	0.029657563703973197
9.418895965228414	0.02942492628796699
9.440608762859236	0.029193902403382776
9.462371613657929	0.028964486008950085
9.484184633008974	0.028736670867975052
9.506047936562814	0.028510450546106864
9.527961640236521	0.028285818409083296
9.549925860214358	0.028062767620457223
9.571940712948447	0.027841291139301665
9.594006315159332	0.027621381717895688
9.616122783836648	0.027403031899388555
9.638290236239705	0.027186234015444035
9.660508789898136	0.0269709801838631
9.68277856261249	0.026757262306186236
9.7050996724549	0.026545072065273664
9.727472237769652	0.026334400922865094
9.749896377173872	0.026125240117116953
9.772372209558107	0.02591758066011869
9.79489985408699	0.02571141333538639
9.817479430199844	0.025506728695334942
9.84011105761134	0.025303517058727423
9.862794856312105	0.02510176850810238
9.885530946569391	0.024901472887178047
9.908319448927676	0.024702619798234342
9.93116048420934	0.024505198599471156
9.954054173515269	0.02430919840234411
9.977000638225535	0.024114608068876397
10.	0.023921416208947572
10.023052380778994	0.023729611177558087
10.046157902783957	0.023538101573210665
10.069316688518045	0.02334480678549135
10.092528860766844	0.023152845862275683
10.115794542598982	0.022962216290509298
10.1391138573668	0.022772915429884272
10.16248692870696	0.022584940511322392
10.18591388054117	0.02239828863544368
10.209394837076797	0.022212956771022103
10.232929922807546	0.022028941753426654
10.256519262514079	0.02184624028304901
10.280162981264736	0.021664848923716
10.303861204416158	0.021484764101088755
10.32761405761398	0.021305982101046766
10.351421666793442	0.021128499068058106
10.375284158180126	0.02095231100353404
10.39920165829059	0.020777413764169667
10.423174293933046	0.020603803060269297
10.447202192208003	0.020431474454057165
10.471285480508996	0.020260423357972374
10.495424286523221	0.020090645032949245
10.519618738232236	0.019922134586681857
10.543868963912592	0.019754886971873616
10.568175092136585	0.019588896984470347
10.592537251772887	0.019424159261878442
10.616955571987253	0.019260668281166772
10.641430182243164	0.01909841835725285
10.665961212302578	0.018937403641072305
10.690548792226577	0.018777618117732747
10.71519305237607	0.01861905560465085
10.739894123412451	0.018461709749673306
10.76465213629835	0.018305574029180517
10.789467222298287	0.01815064174617404
10.814339512979387	0.017996906028346873
10.83926914021204	0.017844359826137
10.864256236170656	0.017692995910763128
10.889300933334333	0.017542806872243716
10.91440336448757	0.01739378511739823
10.939563662720943	0.017245922867831037
10.964781961431852	0.01709921215789716
10.990058394325208	0.01695364483265053
11.015393095414156	0.016809212545774006
11.040786199020735	0.016665906757491553
11.066237839776663	0.016523718732461463
11.091748152624008	0.016382639537651792
11.117317272815919	0.016242660040196817
11.142945335917304	0.01610377090523501
11.168632477805613	0.01596596259372771
11.194378834671515	0.015829225360259144
11.220184543019629	0.015693549250817063
11.24604973966927	0.015558924100553989
11.271974561755105	0.015424384258213207
11.297959146727976	0.015288088713945687
11.324003632355566	0.01515279777012793
11.350108156723154	0.0150185094036842
11.37627285823431	0.014885221494576807
11.402497875611685	0.014752931824655256
11.428783347897712	0.014621638076495472
11.45512941445536	0.01449133783222841
11.481536214968829	0.014362028572358205
11.508003889444357	0.014233707674569308
11.534532578210918	0.014106372412523245
11.561122421920993	0.013980019954644344
11.587773561551263	0.013854647362894837
11.614486138403427	0.013730251591538435
11.641260294104908	0.013606829485893285
11.66809617060963	0.01348437778107349
11.694993910198711	0.013362893100719685
11.721953655481304	0.013242371955717645
11.748975549395292	0.013122810742906053
11.776059735208078	0.013004205743772373
11.803206356517299	0.012886553123137339
11.830415557251646	0.012769848927827374
11.857687481671597	0.012654089085335433
11.88502227437019	0.0125392694024699
11.91242008027375	0.01242538556399158
11.93988104464273	0.01231243313123814
11.967405313072431	0.012200407540736858
11.994993031493793	0.012089304102804801
12.02264434617413	0.011979118000136766
12.050359403717973	0.011869844286380394
12.078138351067798	0.011761477884699056
12.10598133550483	0.011654013586321815
12.133888504649775	0.011547446049080796
12.161860006463678	0.011441769795935275
12.189895989248662	0.011336979213483157
12.217996601648723	0.011233068550459076
12.246161992650489	0.011130031916219606
12.274392311584071	0.011027863279214605
12.30268770812381	0.01092655646544568
12.331048332289097	0.0108261051569108
12.359474334445107	0.010726502890035527
12.387965865303691	0.010627743054090063
12.416523075924106	0.01052981888959295
12.445146117713856	0.010432723486700386
12.473835142429433	0.010336449783581893
12.5025903021772	0.010240990564781267
12.531411749414156	0.010146338459563633
12.560299636948754	0.010052485940247938
12.589254117941675	0.00995942532052504
12.618275345906707	0.009867148753760806
12.64736347471151	0.009774937961648793
12.67651865857846	0.00968142381121649
12.705741052085418	0.009588658356712994
12.735030810166617	0.009496639790534134
12.764388088113435	0.009405366229253689
12.793813041575252	0.009314835712734114
12.823305826560219	0.009225046203229533
12.852866599436155	0.0091359955844803
12.882495516931336	0.009047681660799724
12.912192736135347	0.008960102156152411
12.941958414499863	0.008873254713224617
12.971792709839558	0.008787136892485795
13.001695780332899	0.008701746171242185
13.031667784523	0.008617079942681669
13.061708881318419	0.008533135514910372
13.09181922999407	0.008449910109980228
13.121998990192028	0.008367400862908244
13.15224832192239	0.008285604820686887
13.182567385564074	0.008204518941285759
13.212956341865752	0.008124140092644103
13.243415351946643	0.008044465051654705
13.273944577297401	0.007965490503138528
13.304544179780914	0.007887213038810506
13.33521432163324	0.007809629156235752
13.365955165464419	0.007732735257776955
13.396766874259358	0.007656527649532182
13.427649611378643	0.0075810025402635395
13.458603540559483	0.00750615604031598
13.489628825916533	0.007431984160526972
13.52072563194278	0.007358482811126298
13.551894123510364	0.007285647800626373
13.583134465871542	0.007213474834702462
13.614446824659497	0.007141959515063399
13.645831365889252	0.007071097338312145
13.677288255958494	0.0070008836947965565
13.708817661648537	0.0069313138674497446
13.740419750125149	0.006862383030620581
13.772094688939474	0.006794086248893795
13.803842646028853	0.006726418475899879
13.83566378971781	0.006659374553114327
13.867558288718882	0.0065929492086466415
13.89952631213354	0.006527137056018651
13.931568029453036	0.006461932592932252
13.963683610559377	0.006397330200026202
13.995873225726179	0.006333324139622326
14.028137045619589	0.006269908554460647
14.060475241299143	0.006207077466423692
14.092887984218748	0.00614482477524942
14.12537544622754	0.006083144257233283
14.157937799570824	0.006022029563918788
14.190575216890926	0.005960902992405072
14.223287871228198	0.005898663399708504
14.25607593602188	0.005836961108206755
14.288939585111036	0.005775794643596791
14.321878992735439	0.005715162475068217
14.35489433353656	0.005655063014646399
14.387985782558452	0.005595494616529938
14.421153515248696	0.005536455576422051
14.45439770745928	0.005477944130856099
14.487718535447618	0.005419958456514861
14.52111617587742	0.005362496669543924
14.554590805819668	0.005305556824858844
14.58814260275349	0.005249136915446225
14.621771744567184	0.005193234871658352
14.655478409559112	0.00513784856050177
14.689262776438676	0.005082975784919366
14.723125024327194	0.005028614283066265
14.757065332758946	0.004974761727578997
14.791083881682072	0.004921415724838441
14.825180851459544	0.004868573814226093
14.859356422870075	0.004816233467373868
14.893610777109155	0.0047643920874070435
14.92794409578996	0.004713047008180718
14.962356560944343	0.004662195493509418
14.99684835502374	0.004611834736389993
15.031419660900225	0.004561961858217451
15.066070661867418	0.00451257390799413
15.100801541641477	0.004463667861531734
15.135612484362087	0.0044152406206464075
15.170503674593368	0.004367289012346789
15.205475297324954	0.004319809788014766
15.240527537972907	0.004272799622579192
15.275660582380732	0.004226255113682296
15.310874616820303	0.004180172780838852
15.346169827992941	0.004134549064587816
15.381546403030342	0.004089380325636722
15.4170045294956	0.0040446628439985
15.452544395384141	0.004000392818120852
15.488166189124811	0.003956566364007845
15.523870099580817	0.003913179514334021
15.55965631605075	0.0038702282175506917
15.595525028269538	0.0038277083369845553
15.631476426409538	0.003785615649928279
15.667510701081484	0.0037439458467233657
15.70362804333553	0.003702694529834939
15.739828644662197	0.0036618572129186225
15.776112696993485	0.0036214293198791134
15.812480392703826	0.0035814061839208027
15.848931924611142	0.0035417830465900592
15.88546748597779	0.0035025550568093286
15.9220872705117	0.0034632715181387645
15.95879147236732	0.003423073278277216
15.995580286146694	0.0033832482654866207
16.032453906900418	0.0033437954516482137
16.069412530128773	0.0033047137695594634
16.106456351782697	0.0032660021124805167
16.143585568264868	0.003227659333676457
16.18080037643066	0.0031896842459556043
16.218100973589298	0.0031520756212034774
16.255487557504836	0.003114832189912747
16.292960326397232	0.0030779526407089244
16.330519478943348	0.003041435619871889
16.368165214278086	0.0030052797308529906
16.40589773199539	0.0029694835337880053
16.443717232149325	0.0029340455450056683
16.481623915255085	0.0028989642365319273
16.51961798229015	0.0028642380355896157
16.557699634695275	0.00282986532409388
16.595869074375614	0.002795844438142981
16.634126503701697	0.002762173667504719
16.672472125510627	0.00272885125509814
16.71090614310707	0.002695875396470806
16.749428760264383	0.00266324423927136
16.788040181225607	0.0026309558827175127
16.82674061070467	0.0025990083770591962
16.865530253887407	0.002567399723037115
16.90440931643265	0.0025361278713364696
16.94337800447329	0.002505190722035901
16.982436524617444	0.002474586124051521
17.0215850839495	0.002444311874576128
17.060823890031244	0.0024143657185134518
17.10015315090288	0.0023847453479075155
17.139573075084254	0.0023554484013668412
17.179083871575877	0.0023264724634837705
17.21868574986008	0.0022978150642485942
17.25837891990204	0.0022694736784586583
17.298163592151013	0.0022414457251221744
17.338039977541374	0.002213728566856948
17.378008287493763	0.0021863195092837844
17.418068733916144	0.0021592158004146824
17.458221529205037	0.0021324146300355767
17.498466886246565	0.0021059131290838344
17.53880501841762	0.0020797083690202614
17.579236139586932	0.0020537973611957088
17.619760464116293	0.0020281770562120987
17.66037820686164	0.0020028443432779774
17.70108958317422	0.001977796049558455
17.741894808901662	0.0019530289395195387
17.78279410038923	0.0019285397142667212
17.82378767448089	0.0019043250108779267
17.864875748520518	0.0018800781149900306
17.906058540352948	0.0018552144003738222
17.947336268325266	0.0018306101000862046
17.988709151287875	0.0018062644481952968
18.030177408595698	0.00178217665111962
18.071741260109274	0.0017583458873091323
18.113400926196025	0.0017347713069233333
18.15515662773135	0.0017114520315065765
18.197008586099845	0.001688387153660414
18.238957023196384	0.0016655757367131018
18.281002161427427	0.0016430168143860308
18.323144223712113	0.001620709390457298
18.365383433483473	0.001598652438422237
18.407720014689563	0.001576844901150955
18.450154191794738	0.0015552856905427697
18.492686189780777	0.0015339736871776497
18.535316234148123	0.0015129077399645035
18.57804455091699	0.0014920866657864322
18.620871366628677	0.0014715092491427212
18.663796908346693	0.0014511742417877879
18.706821403658015	0.001431080362366839
18.74994508067419	0.0014112262960484176
18.793168168032686	0.0013916106941535779
18.836490894898002	0.0013722321737819042
18.879913490962945	0.0013530893174341628
18.92343618644976	0.001334180672631705
18.967059212111465	0.001315504751532429
19.010782799232995	0.0012970600305434515
19.054607179632484	0.0012788449499303225
19.098532585662387	0.0012608579134228868
19.14255925021086	0.0012430972878175763
19.18668740670289	0.0012255614025763293
19.230917289101594	0.0012082485494219327
19.275249131909366	0.0011911569819298862
19.31968317016924	0.0011742849151166177
19.364219639466068	0.001157630525024183
19.408858775927794	0.0011411919483012996
19.453600816226633	0.0011249672817807738
19.498445997580454	0.0011089545820531662
19.543394557753942	0.0010931518650368409
19.58844673505991	0.0010775571055442086
19.633602768360475	0.0010621682368442673
19.67886289706845	0.0010469831502212604
19.724227361148536	0.0010319996945295786
19.76969640111862	0.0010172156757447758
19.81527025805099	0.0010026288565107154
19.860949173573715	0.0009882369556827527
19.906733389871864	0.0009740376478670201
19.952623149688808	0.0009600285629556977
19.998618696327448	0.0009462072856583088
20.044720273651613	0.0009323720480488499
20.090928126087277	0.0009181384473276367
20.137242498623895	0.0009040820912835616
20.183663636815616	0.000890202258521554
20.23019178678272	0.0008764982062142773
20.276827195212817	0.0008629691698606224
20.32357010936221	0.0008496143630420222
20.37042077705719	0.0008364329771766008
20.417379446695296	0.0008234241812711851
20.46444636724674	0.0008105871216710532
20.511621788255646	0.0007979209218075392
20.558905959841425	0.0007854246819433618
20.606299132700006	0.0007730974789157491
20.65380155810529	0.0007609383658772404
20.701413487910415	0.0007489463720342544
20.749135174549107	0.0007371205023833286
20.79696687103696	0.0007254597374450705
20.844908830972887	0.0007139630329957121
20.892961308540386	0.0007026293197963685
20.941124558508935	0.0006914575033198812
20.989398836235246	0.0006804464634753042
21.03778439766475	0.0006695950543299231
21.086281499332888	0.0006589021038288889
21.134890398366476	0.0006483664135123781
21.183611352485023	0.0006379867582303
21.23244462000219	0.000627761885854475
21.28139045982711	0.0006176905169883399
21.330449131465773	0.0006077713446741069
21.379620895022324	0.000598003034097386
21.428906011200585	0.0005883842222892014
21.47830474130533	0.0005789135178254556
21.527817347243737	0.0005695895005237583
21.57744409152667	0.0005604107211376492
21.6271852372702	0.0005513757010481234
21.67704104819694	0.0005424829319525242
21.727011788637455	0.0005337308755507199
21.77709772353159	0.0005251179632285858
21.827299118430012	0.0005166425957387043
21.87761623949552	0.0005083031428783562
21.9280493535045	0.0005000979431646973
21.978598727848254	0.0004920253035071571
22.02926463053456	0.0004840834988769772
22.080047330188993	0.0004762707719739383
22.13094709605639	0.00046858533289019787
22.181964198002195	0.00046102535877124974
22.23309890651403	0.0004535889934739412
22.28435149270303	0.0004462743472215835
22.335722228305325	0.00043907949625608244
22.3872113856834	0.0004320024824870984
22.438819237827662	0.00042504131313817763
22.490546058357804	0.00041802433371137203
22.542392121524305	0.0004106244562272888
22.59435770220978	0.00040333164480309595
22.646443075930595	0.00039614536383831064
22.698648518838212	0.00038906506349150217
22.750974307720718	0.0003820901795223
22.803420720004187	0.00037522013313202787
22.8559880337543	0.00036845433080290226
22.908676527677724	0.000361792164135848
22.961486481123632	0.00035523300968686697
23.01441817408509	0.0003487762288019881
23.06747188720069	0.0003424211674507348
23.12064790175594	0.00033616715605816407
23.173946499684796	0.0003300135093354186
23.227367963571073	0.00032395952610879934
23.280912576650078	0.000318004489147329
23.33458062281002	0.00031214766498882467
23.38837238659356	0.0003063883037644392
23.442288153199225	0.0003007256390216834
23.49632820848307	0.0002951588875458803
23.55049283896009	0.0002896872491800883
23.604782331805783	0.0002843099066434383
23.65919697485759	0.0002790260253479093
23.71373705661655	0.000273834753213479
23.76840286624876	0.00026873522048169945
23.823194693586913	0.0002637265395276348
23.878112829131783	0.0002588078046701821
23.933157564053875	0.0002539780919807279
23.9883291901949	0.00024923645909016374
24.043628000069347	0.0002445819449942239
24.099054286865954	0.000240013569857148
24.154608344449404	0.00023553033481362685
24.210290467361776	0.00023113122176906
24.266100950824168	0.0002268151931980742
24.32204009073816	0.0002225811919413179
24.378108183687527	0.00021842814100048554
24.434305526939713	0.00021435494333159512
24.49063241844747	0.00021036048163647523
24.547089156850312	0.0002064436181524719
24.603676041476273	0.00020260319444032827
24.660393372343385	0.00019883803117026224
24.717241450161318	0.00019514692790619857
24.774220576332862	0.00019152866288816035
24.831331052955704	0.00018798199281277862
24.888573182823905	0.00018450565261194152
24.94594726942956	0.00018109835522953977
25.003453616964322	0.00017775879139630908
25.06109253032114	0.00017448562940274037
25.118864315095795	0.0001712775148700598
25.17676927758857	0.00016813307051925043
25.234807724805755	0.00016493415733459497
25.29297996446145	0.00016145566657903534
25.35128630497907	0.0001580347931155038
25.409727055493065	0.00015467116651862855
25.46830252585042	0.00015136440759786648
25.527013026612472	0.00014811412830203496
25.58585886905645	0.00014491993162302273
25.64484036517719	0.00014178141149864864
25.703957827688647	0.00013869815271468062
25.763211570025756	0.00013566973080598462
25.82260190634596	0.00013269571195682406
25.88212915153093	0.00012977565290028247
25.94179362118815	0.00012690910081681537
26.001595631652723	0.00012409559323190954
26.06153549998895	0.00012133465791286157
26.12161354399208	0.00011862581276465164
26.18183008218986	0.00011596856572492254
26.24218543384442	0.00011336241465803195
26.302679918953814	0.00011080684724820018
26.363313858253814	0.00010830134089172264
26.424087573219474	0.00010584536258825784
26.485001386067008	0.00010343836883116207
26.54605561975539	0.00010107980549688653
26.607250597988113	0.0000987691077334142
26.668586645214805	0.00009650569984773753
26.730064086633117	0.00009428899519235588
26.791683248190314	0.00009211839605080611
26.85344445658509	0.00008999329352219836
26.915348039269166	0.00008791306740476598
26.977394324449207	0.00008587708607840263
27.039583641088434	0.00008388470638620072
27.101916318908415	0.00008193527351496643
27.164392688390837	0.00008002812087470917
27.227013080779127	0.00007816256997710355
27.289777828080403	0.00007633793031289838
27.35268726306711	0.00007455349922828663
27.415741719278834	0.00007280856180021128
27.478941531023974	0.0000711023907106091
27.542287033381662	0.0000694342461195731
27.605778562203447	0.00006780337553743827
27.669416454115126	0.0000662090136957718
27.73320104651841	0.00006465038241726738
27.797132677592884	0.00006312669048452328
27.861211686297693	0.00006163713350771024
27.925438412373392	0.000060180893791108646
27.98981319634363	0.00005875714019851523
28.05433637951713	0.00005736502801749826
28.119008303989396	0.00005600369882250766
28.18382931264455	0.00005467228033681849
28.248799749157076	0.000053369886293307154
28.31391995799379	0.000052095616294042114
28.37919028441555	0.00005084855566869095
28.44461107447917	0.00004962777533172486
28.510182675039097	0.000048432331638419905
28.575905433749465	0.000047261266239633564
28.641779699065797	0.00004611360593536163
28.70780582024692	0.000044988362527054536
28.773984147356696	0.00004388453266869139
28.84031503126606	0.000042801097716592175
28.906798823654746	0.000041737023577971054
28.973435877013245	0.000040691260558209964
29.04022654464451	0.000039662743206850684
29.10717118066605	0.00003865039016228668
29.17427014001166	0.00003765310399515433
29.24152377843337	0.000036669771050406036
29.308932452503214	0.000035699261288060265
29.376496519615305	0.00003474042812261121
29.4442163379876	0.00003379210826109668
29.51209226666387	0.00003285312153980656
29.580124665515466	0.000031922270759626515
29.648313895243422	0.00003099834151999954
29.716660317380253	0.000030080102051503214
29.78516429429191	0.000029166303047025172
29.853826189179603	0.0000282556774915308
29.92264636608189	0.00002734694049040586
29.9916251898765	0.000026438789096370863
30.060763026282324	0.000025529902134950204
30.13006024186122	0.00002461894002848923
30.19951720402016	0.000023704544618701444
30.269134281013045	0.000022785338987743217
30.338911841942718	0.000021859927277797528
30.4088502567628	0.000020926894509160457
30.47894989627983	0.000019984806396812207
30.549211132155122	0.000019032209165468572
30.61963433690679	0.00001806762936309617
30.69021988391158	0.00001708957367288252
30.76096814740708	0.00001609652872364368
30.831879502493535	0.000015086960898665686
30.90295432513592	0.000014059316142960186
30.97419299216581	0.00001301201976892818
31.045595881283557	0.000011943476260412002
31.11716337106017	0.000010852069075131833
31.188895840939384	9.736160445487852e-6
31.260793671239558	8.594091177720365e-6
31.332857243155857	7.424180449407696e-6
31.405086938762164	6.224725605299204e-6
31.477483141013174	4.994001951461783e-6
31.550046233746276	3.7302625477345507e-6
31.622776601683793	2.431737998468575e-6
31.6956746304349	1.0966362415501041e-6